46765996.3436285108 3680672.6035156250
46673867.0996143073 3664054.6582031250
46872667.1264486387 3687491.5488281250
46755124.3442664891 3679800.3300781250
46708560.6589267477 3672387.4472656250
46709003.3760808036 3672419.7753906250
47050094.3609992787 3699846.6972656250
46990080.0561847016 3697772.6425781250
46825258.6263890266 3681424.6035156250
46666383.2267469764 3663479.3613281250
46853814.7540531904 3684090.2519531250
46619243.9951117113 3660141.2675781250
46983722.5926112458 3697676.4316406250
46616917.5138756409 3656089.6660156250
46894812.1605491117 3690333.6816406250
46894369.4433950707 3690301.3535156250
46984165.3097653016 3697708.7597656250
46825701.3435430750 3681456.9316406250
46549463.6019964293 3640197.1425781250
46676679.6798134744 3668426.4238281250
46839693.1794576049 3683500.3378906250
46649153.0021350384 3661631.7988281250
46926553.3756764606 3692375.4082031250
47149788.1278814450 3704934.4863281250
47050537.0781533346 3699879.0253906250
46529818.4978617132 3639915.0800781250
46592160.0345873311 3653378.9707031250
46947395.0310439765 3692407.7363281250
46626771.2497880906 3661004.4003906250
46978138.4561134502 3694196.9160156250
46676236.9626594260 3668394.0957031250
46518946.4984996989 3639042.8066406250
46552811.2962834835 3640517.3066406250
46707950.9202275798 3669841.0175781250
46618801.2779576704 3660108.9394531250
46591717.3174332827 3653346.6425781250
46836933.7586933151 3682016.1972656250
47321338.2732110247 3708068.3222656250
46569335.5650863349 3652719.2441406250
47250734.2370203286 3707254.1035156250
47049736.9868603572 3698266.6816406250
47643430.4781885073 3708963.9785156250
46562548.8047641292 3642339.8925781250
46655131.5203160048 3663093.1347656250
46671220.4116213843 3663832.1347656250
47454594.9346136823 3708120.2988281250
47209802.4326960221 3707008.5410156250
47601618.7030974627 3708357.8378906250
47113263.6673686057 3703607.8925781250
47173720.6893372312 3705805.7675781250
47250291.5198662803 3707221.7753906250
47173277.9721831903 3705772.7988281250
47532668.6511358172 3708128.4628906250
46755046.7700537816 3672506.6660156250
47210245.1498500779 3707048.9316406250
47156407.7696804926 3705120.4550781250
47192932.2301933318 3706070.1816406250
47038868.9473947436 3697804.9707031250
47234955.2408754975 3707169.7988281250
47451334.8408462703 3708088.9628906250
