444318816.2374152541 1325174.2303264660
444325832.9095101357 1328888.7258708996
447795531.9363232851 1481352.0308924152
476731625.4641131163 2164492.2226562500
440002451.4641471505 1079799.4661596802
439874922.7148044109 1072907.2768657855
441530213.4669136405 1179149.8804503542
443783823.1838020086 1304999.0521809631
467762643.7225534916 2016714.9049072266
439664828.7642582059 1057414.6328743901
446269452.4767237902 1426780.4596160557
447134348.0620051622 1460987.0934460456
437702142.4922887087 858766.9894053639
439088513.3523825407 1013255.9635762123
437738528.5369102359 864447.5455169126
437685781.6631984711 848872.9975198421
437702142.4922885895 858639.0551153851
442982620.8887911439 1268991.4529797537
447982997.2733082771 1488642.9138771428
443271750.2240259647 1278016.0914599223
443170093.1817314625 1276881.9985262675
443030607.9579474330 1269190.9014126761
477707416.2287251353 2186832.2250976562
477528890.1469140649 2184695.0136718750
437702142.4922885895 858621.7607723904
442664499.3140946627 1247861.6842845159
447768426.1593161225 1479522.7640467121
439037323.3535230160 1008703.1064369080
438803746.7147389054 988156.8591655937
440192537.1978629231 1093400.5024482510
440059900.3537555933 1086378.0992864009
442591355.0102762580 1244296.6291615365
456362398.5764208436 1727859.0000267029
478520072.4407413602 2198757.6136474609
439727955.8228087425 1060688.6085581046
439658859.3766039014 1052233.3194309198
439536373.4107254148 1045589.9770365483
440615696.2345576882 1119327.6618139830
442536462.5127013922 1237675.1594998462
442582321.5079367161 1244098.0492092965
438913320.4342066050 999848.6702007500
440141100.6028999090 1092634.1225501797
438590303.4411907196 969774.7990967727
439751937.4958029389 1062631.4508916340
440597414.1219059229 1118156.2681301322
440212894.3712921739 1095684.2420755413
443936117.5313357711 1311813.0754859024
447315472.1117073894 1466250.8903616774
448565348.1275163293 1506290.8606182970
438703423.8925452828 978060.3794631606
441775714.0098839402 1197524.6491543052
507861915.4025887847 2546641.1074218750
439922709.0390362740 1075651.5304037568
442428580.1630227566 1228760.6078178508
441312314.3315218091 1166269.4462790128
476066739.1232715249 2159780.2038574219
460337173.9380515218 1835845.7114868164
443898022.2524986267 1311472.9286343628
447996090.2458226681 1489764.3676844074
466397970.8191961050 1984713.3539428711
466177904.7087954283 1980680.9229736328
440312792.2970492244 1100267.3955479872
440678763.3366154432 1126788.5335631755
438316635.8228392005 940241.2052432218
454812943.5381712317 1700809.9128265381
441819197.4065040946 1203996.7790228946
458055696.4850380421 1787729.0449371338
442448467.6592361927 1236074.1058202309
443957181.9301221371 1313053.3031460815
440466542.2857869864 1110789.4202309859
441819197.4065040946 1204183.0652638299
440433600.5991880298 1110766.7518845212
455791558.6219463944 1721634.1756908894
510436282.6283888221 2550639.3271484375
437923863.7708107233 890608.3881887702
441963806.6380908489 1209080.2977164683
437727483.4115676880 859180.1878742111
442021559.8928730488 1215382.8220212085
467663231.8583087325 2015590.7142944336
439280851.4254592657 1026746.0410276628
442938017.3678984046 1266264.6569860762
467295432.2043349147 2008566.5371093750
442712372.0095256567 1254699.4761416835
446192195.8892086744 1423522.2082732823
458227630.8683575988 1793637.0048179626
478666685.1173017621 2204853.6384277344
443210240.5111732483 1277763.2382227702
519544963.6241785884 2612663.3535156250
439896408.9944912195 1074690.9413183755
440377120.8224077225 1103753.6668946815
442764353.7067221999 1256423.5742776913
446389410.5453878045 1430509.3246192057
441819197.4065040946 1204007.9958197696
438117002.2425466776 920577.0776571876
445651157.8180648685 1389946.8145567947
447795531.9363234043 1481466.8762903644
515771872.9903513789 2566732.7861328125
442434274.8130741715 1235236.3240573031
444348727.5253607631 1332026.0269044545
463029704.2601320744 1895348.5820007324
460503959.9032880664 1839923.4796447754
467224472.3663474917 2007623.3586425781
438244244.9952035546 935628.9230139501
447919257.7106503844 1483183.8381433918
464776484.7562696338 1941722.9436035156
467192266.0892560482 2006285.0944824219
438093924.7327634096 916628.8181585784
453082278.4320676923 1658974.5690520257
451003330.1663638353 1599127.3587382287
438854319.2346332669 988757.8553757055
447812216.3384739161 1482651.4011927082
438020630.1511808038 907060.3994578354
443425680.3369679451 1289380.8516839319
451208541.2416933775 1607630.1713602990
476117915.6814861894 2161537.4033203125
438685925.4034250975 977018.0985674359
453096451.3784906268 1659767.2592986077
438463231.2326030731 957107.8140141316
451393511.9052727222 1609696.5209315419
450659375.6466872692 1587746.9448524397
450318754.3083080649 1579619.2632118147
445677088.9591739774 1394213.2593199783
452944157.4551396966 1658206.4730742425
439751937.4958029389 1062552.3209556392
440728820.3714362979 1127465.8490513859
441522205.4807423353 1177020.9214030874
461429213.7803791165 1871030.8144836426
461255532.3135042787 1868841.1084289551
443528115.0272628665 1296289.8022901791
440656974.3809903264 1122816.7120712039
452691139.7347270846 1646716.5653593987
452687379.1765733361 1646531.4885771722
445432912.0866231322 1384142.1591612869
448194694.6130592823 1496571.0811291982
452687379.1765733361 1646518.7699492425
437907354.7645727992 890518.0347678573
448133257.5590785146 1490292.4350901081
474255104.9203549623 2132193.2225952148
438184927.7551028132 926402.3197004704
457932347.4323333502 1787044.2944450378
438055528.6635606289 909851.6964460921
446212719.9331548214 1423594.0647796299
440892730.1151477098 1136567.5623119473
440536025.0706320405 1115383.7464645144
447926157.4301979542 1487445.9666607003
445677088.9591738582 1394193.4181944900
441122787.8490446806 1154936.5339598295
516549718.0438117385 2571981.8300781250
508022472.6804186702 2547687.2114257812
447852264.4798923731 1483116.1613855793
476405712.6195448637 2162970.8270263672
440903521.0942876339 1138391.9971409736
443566432.1541958451 1296569.7707044808
446138444.0301511884 1418435.2890227940
478682307.9791829586 2205475.2208251953
464413730.9436839223 1935340.7662353516
475414519.5103295445 2147683.2581787109
439865259.0181570053 1067554.8670344562
445344889.3220767379 1378278.1640335545
462089365.8341419101 1886988.4590148926
511508268.4556904435 2557219.2929687500
445705529.0463507771 1397971.5648009353
478665906.9281808138 2202364.1219482422
463689013.0397741795 1906849.8528747559
478580452.6369196773 2199591.7117919922
461832167.0421772599 1882646.9689025879
478349934.4804622531 2194466.8431396484
445276795.1273245811 1376043.5942198806
475855700.3254933357 2155292.2407226562
446887865.9064995050 1451545.9505017097
445280617.7390893102 1377381.8583800369
463095437.2149774432 1906309.5232543945
461579626.3052039146 1875062.6598815918
445280617.7390893102 1377369.2117735916
457198610.9790500998 1767787.3365592957
519229571.6332479119 2610556.1867675781
449763119.4307975769 1551102.6562305372
457454365.4476885796 1773337.8570671082
476752107.0045807958 2170396.5687255859
468724018.2743406892 2031020.3289184570
483710007.5419267416 2217730.5501708984
449763119.4307975769 1551359.3980518263
457454365.4476885796 1773403.5973014832
449852335.9627794027 1556864.3153463285
477962861.8308632970 2189406.8387451172
449261985.2561010122 1535753.6205222085
448958792.8825451732 1524408.0619922560
473839377.5249328613 2110697.6892089844
457365650.5412890315 1769853.9305191040
469897772.6158994436 2049648.2195434570
457427929.2934588790 1772180.1661491394
451284191.0347086787 1608690.6087382287
445280617.7390893102 1377359.0253722244
496950281.7040165067 2371075.0401611328
454573066.0110867620 1695136.1937103271
519227611.8339114189 2610214.0319824219
448681193.2681789398 1510840.3729716092
448697877.6703295708 1512178.6371317655
464327627.1075061560 1929685.6510009766
445400855.3190655112 1384017.6008116775
519446480.2188558578 2612466.3391113281
475902215.4116649628 2155644.0960693359
445071192.1005424261 1365218.5903061018
445378521.8391049504 1380240.3900425727
445276656.4341527820 1375586.5322995898
493945628.4895682931 2357532.5802001953
467417704.6342259049 2012876.0577392578
446968175.9856500030 1453848.5003063972
467452299.1718739867 2015494.9060058594
469971638.7331759930 2051538.1829223633
467099099.7197191715 2005840.1384277344
447210375.4053674936 1465260.4033215339
494774773.4496889710 2370450.4393310547
507819472.0228408575 2539522.6547851562
450198762.1649644375 1568371.7512991130
468767415.0933434367 2033571.6116333008
498294231.5174666047 2407879.4523925781
497865834.9240741134 2406206.1403808594
517106315.5369509459 2609553.6184082031
446950455.6765038967 1453266.2078259285
449978921.2470650077 1561569.9190479200
505408991.0856273770 2514083.0444335938
452691139.7347270846 1646728.0774443597
498479445.4937602282 2410592.5905761719
451227477.5044046044 1607754.4989970177
450865422.3782245517 1592138.7818339318
467162304.8834951520 2006202.2757568359
514444384.5058457255 2564868.1860351562
502398613.8498627543 2492217.3215332031
497000169.8167713881 2378254.6761474609
492921851.9126674533 2347476.7589111328
441742766.6114996076 1193698.9240924590
464106656.7231896520 1925951.5661621094
503876222.9792453647 2506967.3579101562
465119825.7130531669 1945451.6563720703
507062054.9847428203 2528916.8056640625
470144130.3378273845 2052989.3086547852
445602564.4183245897 1387359.5153549300
471245177.3618183136 2060755.5305786133
469414437.4688156247 2040096.1411743164
468824438.8785966039 2034429.4849243164
448147003.5032671690 1493493.0474024250
451567348.3962060809 1614678.6825354546
462564414.6149355173 1888432.6770629883
462580090.9800808430 1892430.2503662109
478577828.7622869611 2199161.6219482422
452919608.8298913836 1657236.6477339715
507166630.9057291746 2537198.0107421875
498602688.1745015979 2420111.9180297852
452775644.2015453577 1650435.3212416619
460530706.5614705086 1842816.7568511963
451950839.1051039100 1627616.9109342913
473247991.5299672484 2105369.2548217773
463744354.1523346901 1918263.8048095703
454987163.7699774504 1711491.4761104584
498600344.8193746209 2413108.0889282227
463694392.1441943049 1913012.4975891113
454976631.0692001581 1707599.3394680023
455121012.0371465683 1712548.3865032196
470783251.3393907547 2056140.4822387695
444947661.1419717669 1356348.7080909167
456833221.7380492091 1754895.3939666748
489686223.0257607102 2293403.9548339844
466040161.6730657220 1969817.9557189941
497186060.4988235235 2389195.6111450195
474057922.0120148659 2130130.0305175781
456768269.9286803007 1754303.7041969299
466582670.2972252369 1987478.5093994141
466582670.2972253561 1987577.8792724609
478221866.3153954148 2190098.3988037109
500856844.4405069947 2425024.7956542969
502125874.5244020820 2465527.7805175781
482536693.4132880569 2211469.5819091797
472707347.5065621138 2089404.9302978516
474885933.4276742935 2144003.6986083984
517101788.8606851101 2575944.3955078125
501703743.3775659204 2451542.9085083008
474522534.8902645707 2137421.5614013672
483735828.7214508057 2244224.0512695312
486302684.1919966340 2257219.1674804688
459350475.2291935086 1808924.3234634399
458864711.0223094821 1795667.4972305298
490323646.2881069779 2330343.5114746094
487918491.1727978587 2262192.6212158203
458878261.5332414508 1795789.4546890259
472537696.1831093431 2080984.1340332031
472163596.8946456313 2068353.2507324219
456431225.6484609246 1738952.4412117004
453443686.9198126197 1666060.8663311005
459874523.7147444487 1823850.9928970337
459861300.8699423075 1823181.0910415649
454613499.5728468299 1695436.6593804359
455520210.7518059015 1721473.5634040833
453403981.3254089355 1665639.4388866425
454007462.7041446567 1673123.8654670715
454117201.1812277436 1676203.6276741028
488105861.6597192883 2280097.6307373047
473215744.2489957213 2095531.0341796875
471590507.7317684889 2061185.9082031250
472358261.4420634508 2072944.8199462891
