402530080.9339028597 316359.0865994692
386089249.4537843466 212750.7329703585
388477535.1694544554 240356.3985705450
385591630.1239520311 203873.7484853286
401632743.4173632264 313169.8881436586
399925969.2512658834 304404.8317957390
402715436.9292404056 318132.4668145645
401632743.4173632264 312986.0138760805
392585721.4272739291 269393.8818654045
404424394.7232564092 324997.8336053360
400412801.0698680282 307639.2074366082
402791891.6914001703 318221.5489678849
388829471.9849455953 242076.9541125372
403954099.8541623950 323043.2991509903
385376908.9683975577 198413.3413045425
388795489.1853885055 242069.0575060919
402803105.7258162498 318611.1445680372
407587614.6060456038 337043.1507193446
387315993.6218576431 228140.5137295069
402538694.2891521454 317846.0546136368
403714830.8849359155 322547.8698297013
407346066.9986946583 336614.5849675387
386117327.5049497485 213343.0604291912
403297546.8776043057 320532.0214105118
394188975.9914985895 277955.9814096689
403078213.2814598083 320201.8064752091
404146315.8464107513 324646.5236077774
386835000.4150407314 219827.9613345877
400298722.4577473402 307545.1244693268
402987890.7198702097 318852.6277337540
394771224.4880845547 281144.7295938730
423893565.3057844043 372022.0864868164
400172584.9534760714 307462.9364920128
407480414.3375013471 337037.9509343356
388287510.0705970526 237485.4586218605
385903740.8919462562 209782.7844722476
394238130.5204236507 278894.7663675547
388296278.1108205318 238444.8666361580
387788890.7634848952 231284.2037983472
385997858.1299217939 212429.4152213351
401827728.9764427543 314498.9988275040
404228860.0367439389 324953.4992242325
385787799.5554153919 206946.9334981460
403814960.0219429731 323011.8549676407
387891054.4253380895 232060.4887998708
387127346.6961597800 224049.6139530482
385787799.5554153919 206946.9334981460
399619545.8474013209 304362.3606234305
423745507.5078428984 371893.4027709961
394338665.7880664468 279720.6426297426
398360886.7159494758 298989.2464295626
386548088.9388715029 217760.3522771196
406657320.2998532057 333710.6855839938
400495497.4526025653 307858.4622350447
401252615.5573614240 311897.3635831345
386430313.2745771408 217289.9418645855
385835159.2937167883 207540.3581111449
386500922.5764986873 217299.4529205914
400776997.3371963501 309527.3747302759
394079862.3804004192 277565.8131257296
396709005.1360333562 290531.8998175133
407164717.7015670538 335674.9801091403
400879921.4361324906 310533.9010587204
387988581.1662144065 232185.7063673146
394902073.6678807139 282613.0729657412
387842157.2569996119 231978.3477247365
398999482.7008330226 302127.0068970919
401535846.8209741116 312751.6228213776
407299966.1838721037 335952.8303899020
398128257.4899824858 297779.0993872881
385667306.9696524739 205370.4370381850
395135625.1708283424 282809.0766278505
394229560.0905606747 278128.2526532412
385449858.8702396750 202083.9306600112
400557196.9241205454 308375.4882693756
411035661.1843138337 347540.7864265442
400477846.5085604191 307818.5862002838
397614761.9962671995 295015.4795957804
385687423.3116125464 205377.3680684585
386308848.4426072240 215777.2989709135
400623479.0291925073 308700.4749026764
397805434.3778799772 296765.8061829805
385900068.4220967889 208349.7915218081
398050844.8551750779 296768.2481995821
401394578.0520660877 312718.7763858307
387169406.6803918481 225265.3467765914
406818105.3120036125 334557.6419892907
387538024.7628391385 228974.3546380930
386883145.2952805161 223957.4002510177
386816571.5064851046 219138.9870452227
424944694.1339709163 372098.3245239258
405698147.7746593952 329667.0513921576
398819250.5980394483 300681.7976194620
387229733.6698934436 227393.1789565764
411065861.4023984075 347549.7432708740
404002923.8868415952 323527.2413931517
406693192.5473394990 333973.1555390954
411899319.4690475464 349412.8679046631
398491717.7575559020 299385.6864234209
385508496.1010881662 202298.2841298599
387555287.1414445043 229478.7743081980
394415008.3573137522 280113.0641177297
390852021.6605830789 259909.4372765953
390649640.6331728697 258456.6753942901
387653137.0350242257 229761.2749097161
402196930.8191717863 315638.1128423084
404134638.6789565086 323937.8932564128
402796251.0854385495 318476.5007393230
401811781.2117819786 313221.1292269146
386572218.0705620050 217804.1784430424
425442390.1965141892 372257.4400024414
390395334.3571697474 256435.5342475176
390692209.1820129156 258689.7865731651
389515332.3682975769 248349.8283822471
391361712.2611542344 263126.7403174639
392891334.9817001820 271599.5633077761
389268497.1710550785 246202.6303941170
404761410.7879633307 327035.9048302043
393312379.8586737514 273872.8941038684
390203591.9915857911 254800.4746594364
396070927.1433267593 288013.9373415546
396926632.7628081441 292417.6809859816
394372657.8901364207 279767.2160411421
395986170.0850670934 286261.7364402357
395799697.3488427401 285589.8499274794
390397856.6248281002 256508.6384955645
394491350.8466184139 280308.7774272505
394087395.0285516977 277889.8522033528
404483844.3082263470 325747.5023456374
404483844.3082263470 325563.6280780593
390487540.7052657008 256884.2539283037
405774104.0130030513 330775.8345770836
404563425.4334400892 326175.3874275554
413891391.4935426712 356132.7599182129
389741254.8605350852 252096.0591561729
425475429.5398609638 372268.0982055664
386674284.3295161128 218218.2487555424
386852782.9219276905 220253.1757969603
388889717.7531790733 242960.7823563972
389057202.2323178053 244351.5388871590
386660454.8519071341 218215.3637457768
395989863.0602865219 286626.8478528736
390106820.2527741790 254536.0358407432
389075105.9658006430 244915.3258744637
390017200.0045882463 253147.1352162296
388242308.5677081347 235639.6684674555
396246121.1837515235 288480.4856226360
391012734.3040050268 260510.1583465175
402036610.2115284204 315180.0823767101
414818930.1966072917 357998.1658325195
391516265.7987703085 264092.3408592776
389422527.3324481249 246503.7266860232
396430417.2846633792 290430.3475341634
414004287.8671815395 356446.4043579102
391179873.2445243001 260833.9492183044
397104844.0393233299 293110.0809116201
390270699.5011153221 255176.5845467979
389502621.3990652561 247185.9784165779
414509146.0678185821 357745.1290893555
391227798.1066784263 261994.3639788399
392422754.2430691123 269139.6065529422
399318830.7937515974 303625.1693327343
391885549.7685865164 266671.4567879275
399318830.7937517762 303813.6019499218
398681908.1671083570 300306.7770254528
393566830.7878550887 275830.7967548207
416734894.3657574654 361014.9779510498
398620405.9410377741 299807.5111105358
400064669.3438458443 306298.9522631085
402316129.3653604984 316304.2392198956
399244182.4624800682 303157.9491636669
423727800.6386791468 371597.2633666992
397244885.7080636621 293611.7601318196
388056549.4715621471 234225.6013816940
397029373.6841273904 292490.3027038411
415955722.3704834580 360178.1266937256
390111409.2386469841 254702.7470223838
403030147.9605494142 319140.8051073467
415765365.2130848765 359943.2520751953
396710855.3082715273 290944.0876450376
416713711.0929467082 361014.2168426514
416149540.5694509149 360551.9164276123
416093652.7841055393 360245.1518402100
396017224.2341393828 287483.2997515118
392091469.7919075489 267711.1768692569
396429190.9672699571 289414.6845841245
389694509.2579407096 250138.5852707028
405051290.8863016367 327958.4878008282
393849115.0569971800 276845.3357753591
400635982.4551255703 308926.0925922231
393610290.5397858620 276023.5493182973
390395642.7272879481 256483.1387854815
398816655.2711350322 300447.8344314015
416137005.7330563068 360249.8472747803
405403238.4661043882 329095.4025347149
414616692.0518729091 357750.3507537842
405487621.2767963409 329166.4519731915
408658048.9908394217 339558.9751344025
414047364.6078627110 356811.9304809570
392629392.0570423603 270797.8256698684
392643404.9727593064 270806.5224529505
392248845.4877113104 268341.1422624588
391790444.6282963157 265807.8975876407
393860522.3767246008 277407.4816633463
391677979.0876884460 264842.2816631794
393860522.3767246008 277204.3470197916
415201678.3067119718 358497.0511322021
412531104.8087372780 351893.1009254456
415028040.1559406519 358307.8312225342
392308042.2316875458 268719.6613664627
406445595.2530242205 332499.7539341915
405920647.8967902660 331089.3563206661
391185533.9204279184 260864.0162650347
412059648.5059591532 350041.2993507385
390626194.8742445111 258146.6273490191
395174282.0060098171 283018.4699331522
395364103.3362392187 284711.2541986704
393117715.4790892005 273034.9086824656
392926729.2029507160 272045.2878938913
409251817.7149288058 341912.8163819611
397341508.4432042241 293861.8376531070
409187389.8558552861 341558.5423341095
397601292.5176392794 294936.5514401859
424354768.4946486950 372065.8132934570
393099294.5135328770 272545.2652803659
393113123.9911418557 272549.7463594675
413626023.1858528852 355185.7749176025
412913067.8665075302 352725.3224525452
412725032.5962234735 352700.6939125061
393423410.1559205055 274701.5850068331
414931091.1391389370 358064.1318969727
411082350.6643799543 347648.2970657349
395199443.7651904821 283511.3288534880
395643988.0556256175 285192.1859422922
425228541.9060430527 372212.5040893555
406325351.5250122547 332351.8457740545
413254957.1711189747 353644.4673004150
413931613.0046059489 356427.0366821289
409948872.2971616387 344122.6512513459
413320134.8682535887 354666.8811950684
412921717.6099108458 353097.0008049011
414110181.3657721281 357130.8723144531
421064363.4418867230 368908.5405120850
410603854.8419583440 345669.8467941284
425299783.8627797365 372221.0519409180
421294591.7036119699 369908.8588867188
410774672.7691193223 346429.7509579659
410211654.1755564213 345242.7931332588
417774332.9936589599 363220.3129882812
423475472.2681723237 371486.9302368164
410554725.4769185185 345611.8570981026
408936389.5401165485 341254.6046322584
415387487.9946056008 358676.2571411133
417323830.1662622094 362396.2340393066
412682271.6926340461 352027.2420387268
408840415.1489077210 340649.4427851439
408427274.0291500688 339210.2725437880
421318190.9867914915 370531.3096923828
408418003.2955936790 339189.9544018507
418704806.0215794444 364716.8444824219
418416611.5877953768 364396.1658325195
412427523.8499479890 351426.4233779907
408668853.2422328591 339797.5848339796
407882596.0521598458 337210.1460484266
411733873.2306814790 349063.1705093384
413727436.9365627766 355419.7360229492
412277549.7201306224 350739.6985855103
412070421.2927820683 350564.6129531860
412067405.4022442698 350325.2970352173
419027153.9203015566 365610.9846801758
418824879.2438215017 365349.1008911133
411397937.2470822334 348305.8972167969
419011369.7072728276 365539.5748291016
408062912.2328522205 337740.5090007186
418618270.4347557425 364494.3189086914
413302403.5302911401 353869.1011657715
422698665.7775647640 371303.4610595703
408171027.0753656626 338424.2394472361
407989073.9386614561 337485.6414247751
422420621.3871832490 370835.6592407227
405715549.6146314740 329880.8723645210
409795550.1180608869 343273.0950472355
417872493.3693705797 363289.8464965820
416859951.2189265490 361360.4746704102
417892573.9508346319 363740.0355834961
416942846.9882337451 361823.7145690918
416916738.4445892572 361783.6245422363
416953271.8022948503 361881.5217590332
409826247.6689577103 343501.1214939356
409239110.2929921150 341852.6586643457
409425029.5180695057 342398.5617405176
411362401.7649512291 347713.2870254517
420821062.9910736680 368762.1585693359
419980041.8339812160 367171.8745117188
420616997.9995326400 368490.9608154297
420775619.0585436821 368559.7641601562
420227880.4403104782 367617.0083618164
420347783.7143334150 367937.1551513672
420180059.0103074312 367426.2819213867
419630139.3028344512 365866.0302124023
