179999545.8539058566 970135.7074584961
179630756.9490164220 897961.5244140625
180202338.3236393332 1001867.6072387695
180421829.7994931638 1033118.2530517578
180417627.3460423350 1031382.0391235352
208727999.7815279365 1566724.8251953125
179370421.0762923956 838798.0432128906
180020344.3087412417 975342.4867553711
184649805.4901036620 1376163.4736328125
181165631.1724535227 1129282.7729492188
181332432.8316520452 1143805.1924438477
184020973.6831392944 1346944.3984375000
180187355.9164291322 1001843.6033325195
179426658.6417946815 850361.4646606445
180541940.4485841095 1046383.4140014648
181178272.4504074454 1135729.5909423828
179873695.7525446117 944648.9064331055
179828474.5469815731 936741.7632446289
184072407.6182453036 1351104.2529296875
181189194.0410871506 1135875.3979492188
179868021.0555170476 943302.9985961914
181238496.7119945586 1135949.2622070312
180264733.6102182865 1011514.4441528320
180221442.1583727896 1005437.0823364258
181127995.1478786767 1127148.0561523438
182260373.1847435236 1236007.4370117188
179896115.4318839908 950051.8204956055
180029407.8460748494 976230.0482788086
179927717.7980476916 956087.2492065430
179966081.0176970959 960688.8595581055
208966202.8399216235 1569309.1992187500
179430521.9234607220 852396.5706176758
180571673.0963742435 1053699.1051635742
179911321.8222957253 951323.6511840820
180066878.1277941167 982245.9047241211
181602867.8318281174 1176639.7947998047
181650964.4507340789 1182384.7292480469
181541003.3068742752 1174731.6643066406
179367285.7409651875 836813.9255981445
179328092.0033401251 827174.6620483398
179310135.9578167200 821843.4161987305
179339305.4591049254 830455.1452636719
182067585.0192877352 1220882.7113037109
179354103.0938853621 833326.3909301758
187541256.2703095973 1434679.3359375000
187424609.1779078543 1433275.5771484375
180609207.8152902126 1056042.1244506836
201455613.1999941766 1537750.7724609375
197285323.3692103028 1503295.1826171875
183765777.4185353518 1333524.7382812500
180028078.1664848030 976043.8060913086
179590927.6575811207 888486.3032226562
180531986.5553887188 1045814.6234741211
184598371.5549976528 1372573.4882812500
180170975.0402127206 1000421.6951293945
180464719.1886825562 1035640.1683959961
179509135.7440705895 867553.1040039062
180593185.4485971928 1054250.7318725586
181907840.6461496353 1207351.5568847656
179328068.9279243946 826698.5172729492
181080142.1686703861 1117872.7343750000
179784592.9484075010 926545.5044555664
180699412.9169438481 1068159.5780639648
184598371.5549976528 1372451.0722656250
179685930.1233592331 909167.8417968750
188868545.3605663180 1453118.0336914062
190745927.6573944688 1479625.1196289062
179460794.0393206775 858316.9326782227
181337830.1785048842 1146872.4063110352
179299144.0551111102 816321.1129760742
179540251.3612580299 877012.2211914062
182424179.6298207343 1250961.5267333984
181812704.7673105896 1201240.9748535156
179643523.8458671272 902303.4536132812
180125506.5799825788 991014.3456420898
182031808.8887245655 1216762.3671875000
180125339.2840188742 991009.8362426758
180094546.3636035919 987411.8547973633
182439614.5344294906 1253138.0999755859
179797949.0904130638 931060.7964477539
181672763.9502617717 1186319.5056152344
182332464.7744156122 1241913.3338623047
179568038.9656652510 882466.9394531250
179879719.4561319947 945247.7459106445
181782288.1934956014 1196550.5808105469
182448226.7862095237 1253227.5277099609
209104204.9198973477 1571593.4931640625
181404276.7223603725 1152249.0980224609
208715460.8840840757 1566334.4208984375
183346639.8751868308 1310770.7524414062
179675126.2120307982 908338.9428710938
181410345.1958580613 1154502.0887451172
179738294.1709457338 919033.3444824219
179774080.8771326840 923600.0842895508
203491952.5422914028 1545897.2934570312
203576661.6644847691 1546041.3608398438
179280452.8798048794 811465.7208862305
180117970.4139901102 989443.6956176758
180011682.1907328963 971097.5717163086
183467661.8170218170 1317383.5576171875
208932602.1739197969 1568016.9560546875
179980079.8245691359 965062.3148803711
181107888.2800778747 1123318.1684570312
181487526.1530739069 1165999.6512451172
183625829.9922374487 1325658.4313964844
179346024.9734477699 832029.7631225586
179559812.0403936207 879027.1860351562
179760792.7992837429 923153.0358276367
179561646.8118861616 879940.0893554688
179408923.7190022767 846367.0111083984
179486721.2235985100 863976.3574218750
179502743.5902915597 865026.2539062500
180208201.2323422730 1004247.3933715820
182464249.1529024839 1255549.7034912109
179377140.5906352103 841488.8729858398
181666946.5147414804 1185910.4372558594
179415490.8269326687 848720.8223266602
180149572.7801538408 995478.9524536133
179299167.1305269301 816796.9667358398
180632145.5502376556 1057985.1229858398
179824994.9489605129 934502.5493774414
184278103.9049818516 1356928.7221679688
180160243.2651641667 996869.9548950195
179968336.8024437129 961280.6572875977
184498373.8772665560 1367462.6665039062
181889915.4558937252 1204076.9287109375
180101614.8129757643 988101.5139770508
183841285.5582664311 1341526.0366210938
180760611.8101523519 1076595.6864624023
180948785.8953101039 1102059.1875000000
179456449.1077386439 858055.9953613281
179531090.4901463091 873652.7704467773
183644070.0182245672 1327937.6958007812
180812486.7204415202 1083719.4032592773
182285007.8032165170 1238419.0405273438
179576393.7025342882 883248.8807983398
179593639.9885236025 889054.9746093750
179790673.1073769927 928281.9821777344
182150773.2573961616 1224645.4394531250
179615176.9495455027 892975.9531250000
206463981.7094568610 1561521.5869140625
189022789.0410850346 1459658.5288085938
179599154.5828525424 891926.0566406250
199814154.6719088256 1524065.7255859375
183979834.0710302591 1346291.1503906250
208704413.9922206700 1564474.1787109375
198083433.0626252890 1512590.3154296875
179771341.1859170198 923485.8938598633
179760056.0133436620 922494.8909301758
181463944.1445665956 1160485.3248291016
182534406.5330542326 1262927.1419677734
181721121.8308858275 1190226.4216308594
182518384.1663612723 1260604.9661865234
182921897.8002980649 1283319.0476074219
180013011.8703228533 971283.8139038086
181009984.7885185778 1110495.2958984375
181992065.4684702754 1212445.4013671875
204994380.2689741850 1546963.7207031250
179618527.4948816001 894282.4096069336
182189549.0503597260 1226338.2343750000
181096164.5353633463 1120194.9101562500
182394439.7214196622 1248431.5589599609
182828270.4536436498 1276098.3398437500
182464249.1529024839 1255160.0472412109
182937920.1669910252 1285641.2233886719
182362229.8891492188 1245039.4739990234
181960072.8360453844 1210960.3105468750
182966103.7578667402 1286573.3698730469
179585798.4408469498 887397.6010742188
180290912.4777737856 1013319.7207641602
181960072.8360453844 1211454.3671875000
180988068.3665463328 1105782.9454956055
181065480.6836761236 1114830.9341430664
183131338.4128399193 1299835.3051757812
179513192.0556177497 867997.9794311523
181927629.6975470781 1209374.9487304688
182165164.0780526400 1224677.2613525391
183112039.9133566320 1296587.8876953125
182123680.1197063625 1221810.0240478516
181493343.5885941982 1166408.7196044922
182123680.1197063029 1221301.9801025391
180273010.2673188150 1011641.2710571289
181688099.3363152742 1187282.9504394531
203150757.3714520037 1538466.2011718750
182123680.1197063029 1221686.8746337891
208230826.6858013868 1562911.6914062500
182133171.4456277788 1223686.2271728516
182924994.3235040307 1283438.4218750000
180768270.6498963833 1076778.2919921875
183765777.4185353518 1334126.0117187500
180645417.4787209928 1060078.5587158203
180821311.8383115232 1084966.3803710938
182785928.9798095226 1274113.6005859375
180738486.5797978640 1072778.7534179688
189129296.9813244343 1462360.7543945312
180554043.2146992981 1048457.3629150391
180934385.6418091357 1100526.2055664062
186503868.8957862556 1418193.1259765625
182865273.0851514041 1281471.3935546875
180306054.4527525008 1015348.3933715820
180979227.4008212090 1105624.1958007812
180918363.2751161754 1098204.0297851562
180306054.4527523518 1015238.4129028320
180459675.5018616021 1035178.8994750977
180402546.6099742949 1028539.5894165039
180467334.4958279729 1035806.3830566406
183434662.8650081158 1316091.3071289062
188401947.4076522291 1452660.4746093750
186300043.1061194539 1415579.8852539062
188122391.4095957875 1450457.5024414062
180360354.3653858304 1022987.9277954102
183523048.0763896108 1321637.1894531250
181245368.1046594679 1141466.1060791016
180873685.6136499643 1092155.5116577148
180365958.3639979661 1024216.1934204102
185991101.3800916672 1408992.0932617188
181326593.0867881477 1143127.6059570312
180298690.9972918630 1014179.4024047852
180699051.8086238205 1067123.1335449219
181525651.7271231413 1167290.1077880859
180851560.3832955360 1088511.9721679688
180889707.9803429544 1094477.6874389648
181387563.1830812991 1151920.9945068359
180790860.3551363051 1080904.3490600586
180672934.9885835648 1066732.1773681641
188338025.8174135089 1451202.1855468750
180569617.5875413120 1050689.2425537109
179862511.8519677818 940276.5645751953
181611510.9007011056 1177135.7947998047
181611510.9007011056 1177225.5643310547
187360267.3018053770 1432809.8710937500
181613194.1578492224 1178223.1531982422
196853574.2044571638 1490944.9682617188
184555131.4408930838 1370240.9321289062
183794079.1700039804 1336963.9833984375
193218817.9559239447 1485906.2622070312
184398103.4854219556 1363965.4946289062
189330093.1307211816 1462604.6616210938
181326591.3195341825 1141928.4898681641
189381288.7948443294 1463929.4331054688
182762933.3254080713 1273731.4296875000
181898311.8942910731 1204993.5994873047
189406531.7879469395 1471197.6328125000
184239974.2255516648 1355195.2597656250
183925264.3112480044 1343870.8046875000
186836635.5230927169 1431812.7373046875
183950313.1391730011 1345198.8520507812
199742472.4204401970 1521028.4082031250
182684360.2530340850 1268100.7048339844
186977039.6919392645 1432742.0068359375
186715944.5415823162 1427929.8691406250
187545887.3982440531 1436351.2460937500
196527742.4048503637 1490000.1625976562
187717330.3661563396 1437121.6088867188
183268946.4595611393 1304975.0283203125
184229318.7738185525 1354330.2675781250
189039792.3006499410 1459879.5170898438
185496324.4625340998 1400738.5644531250
181402128.5930518210 1152245.3443603516
187799121.6893007457 1438463.0751953125
185912285.7976732552 1401810.4038085938
184981197.3854238093 1382902.6206054688
183492555.5615883470 1319692.3432617188
185121444.1483550072 1386822.5952148438
199777598.0802502334 1521657.9208984375
199337032.1800509393 1517190.9619140625
185121444.1483550072 1386461.3852539062
184981197.3854237795 1382890.0229492188
185314919.6641297042 1396339.7978515625
186254663.1371344328 1411543.3549804688
185176152.0790837705 1392954.6499023438
183765777.4185353518 1333882.5830078125
187808434.5951932669 1439862.5893554688
183245756.1841943264 1303562.0615234375
187795131.3440804780 1438137.9750976562
185121444.1483550370 1387075.1411132812
201063197.5282721817 1526787.7656250000
197280865.3236061037 1492756.6665039062
184229318.7738185525 1354317.6699218750
184343175.2903937101 1359232.0810546875
184343175.2903937101 1359755.1015625000
186561925.9252730012 1425955.4628906250
186525388.4184607267 1420228.0468750000
186645680.8143982887 1427720.8652343750
200019570.4264668822 1526625.3320312500
188871922.5959832370 1455585.6772460938
188910718.4034736156 1456694.5024414062
199273804.9144650102 1515784.7832031250
186525388.4184607565 1420805.6455078125
186299845.9082380533 1412521.6772460938
183329384.9393705130 1309976.1875000000
205653787.2313567996 1547590.2080078125
205971658.2204167545 1548904.6044921875
184731933.0777913034 1376461.5151367188
196313879.8948223591 1486312.7739257812
183286886.7476147413 1307157.3896484375
183026964.3536884487 1294206.6997070312
183323031.5788965821 1308081.9575195312
183205682.0437662005 1302305.3725585938
183205682.0437662005 1302347.7495117188
