7.823810216e-001
5.383278210e-001
1.211753216e-002
1.029148091e+000
9.480148402e-001
9.494944226e-001
1.029160764e+000
9.910156079e-001
1.026780375e+000
7.837916612e-001
1.030067018e+000
1.029909799e+000
1.011296541e+000
1.029130085e+000
7.866680263e-001
9.888038730e-001
1.026665947e+000
7.856601639e-001
9.909293832e-001
8.525664356e-001

8.025863976e-001
5.952559063e-001
1.377202422e-001
1.045226540e+000
9.563007186e-001
9.601983428e-001
1.040413313e+000
1.001201602e+000
1.041035090e+000
8.117154346e-001
1.043657136e+000
1.043314570e+000
1.024153873e+000
1.044344285e+000
8.139710181e-001
9.991416534e-001
1.040181388e+000
8.151482858e-001
1.000680949e+000
8.687658925e-001

