177606986.3470866680 57649.6956882477
179949885.1904734969 62208.2252673712
176649804.6420570016 55037.1864772830
177713803.4424413443 57809.0395298004
175473645.7877486646 49536.4086900745
175101001.7824091017 48921.6704088245
177140379.0349227190 56401.7302198410
178573486.1019417644 59495.4310932159
175565351.2630035877 50458.1002737675
178261809.5086198449 58945.5530910492
176805059.1306209266 55513.6383014712
178227349.8185242116 58814.0946903229
178193099.6506957412 58736.6005725861
179513961.4811346233 61303.3994731903
178481948.5666875243 59433.2291088104
177037140.7557763755 56290.9787244797
178630548.0622282028 59513.2072582245
183195622.5668611526 66328.8377990723
182086915.8410323858 64771.0108654499
175453226.6403048337 48970.6313406620
181251608.2098673582 63671.1681888103
183132661.9217216074 65990.0573577881
177455970.5984107256 57239.2133669853
181456228.3110003769 63879.0962078571
178429398.4980474412 59262.8320751190
177722783.6760456562 57856.8473720551
178867554.8876160383 59966.6647395696
175790955.8165305257 51644.0174556766
181929073.9908029139 64501.7866122723
181977956.9150730371 64534.8625373840
180566943.0675216019 62739.6642016973
180345680.5624207854 62348.2801494207
178400316.7688961029 59029.2492008209
179319525.9523081481 60987.6864146795
181530918.2352519631 64020.5463931561
179698261.1781454980 61651.5764026251
178937769.1613857746 60086.6302013006
178419194.3372081816 59115.6141910553
176521835.5593279600 54822.0136257205
182166010.3095058203 64843.7132883072
176386011.6595269740 54618.2544780765
177025583.3687174916 55830.4891920090
176103708.2074153721 53779.6121517215
177521958.9237574041 57507.5200290680
178945802.9795000851 60142.9563669767
176964120.4712639749 55734.9735639095
176748444.1150039732 55418.0291896854
179423404.8909095824 61149.1033539381
178095086.7763710320 58531.4560794830
178010059.3530417085 58389.2804203033
177292232.5727289617 56974.4327840805
176559706.7335993052 54829.2537380252
182352139.1792612970 65286.2999734879
177436290.7827398479 57231.4837198257
177965207.3098626435 58234.3002071381
176867594.4660324752 55653.2204738650
182678392.9860725701 65525.6663980484
176283693.7271859050 54068.5577693973
180559606.4065105021 62647.7631816473
180812930.5896731913 63070.6386219263
176354246.5699003637 54504.7346416507
180340371.1581215858 62347.2156284669
176492828.7548816502 54777.5983196292
175530754.2980267107 50447.9749685917
177760296.4152194858 58059.6744136810
175763894.8370278776 51413.3411594424
177182360.6695662141 56627.4663228989
181894660.1408379376 64353.8989422321
179699912.4035540819 61746.5169353094
176745523.5184596181 55223.8688264880
179592086.7229605019 61382.1797771063
176265273.4697336257 53969.6725688968
181831997.6088888943 64320.1177837849
179318728.4361117780 60726.2111420240
178764335.3709257245 59883.9626946058
179168415.8996986151 60706.3283312526
178645993.5643635094 59533.5567569733
180989270.7383036017 63205.6775751114
177712245.8893602788 57683.0058078766
178341087.5236721039 59000.8721561432
184187010.2739793360 66337.9191894531
176603003.8472085595 55021.7043605838
177354369.9343298078 57190.2410449982
177253200.7496400177 56838.5385417938
175989970.5022675693 53552.3695369754
176186269.7735137939 53869.6301494632
176200427.1800017953 53937.9196773563
177084276.8794046044 56383.1589498520
177168785.4548045993 56509.9062442780
181502864.4135696888 63904.5778362751
176660417.7443092465 55094.8773036990
179794594.2729463875 61871.8163623419
177477106.8805782795 57352.5398159027
182590411.5094031394 65336.0612678528
178951421.1325174570 60224.5019762721
179572530.1169759929 61323.3869533148
178950808.7905261815 60217.9395144658
178932312.1122642756 60058.2622928228
177852663.1425541043 58154.0032444000
176582310.9307731092 54935.3817287479
180863344.6669666469 63124.0714217046
176327659.0377418995 54265.1663490329
182757877.0439810455 65916.3482818604
179041485.4669439495 60579.5815050807
178258702.9337005317 58844.6201066971
178703785.5753334463 59766.9878978729
178061193.7588008046 58463.1201267242
181688760.0854814053 64299.3398907185
181419955.1248319149 63825.7461750507
180909980.7695360482 63147.9269514898
176327807.6884200871 54309.7906108890
175806423.8378602266 52978.7632626686
175567134.9624322057 51398.6885143314
180754315.0583421588 62801.7018338442
184654088.9477719665 66690.2769165039
176676469.6188350022 55132.6018825565
176710717.8252470195 55144.6342311893
181940315.9102561474 64522.1232919693
179764669.6282022595 61838.1144885626
183024888.6649108529 65922.4879608154
182324226.3947018683 65150.9294624329
180300725.4733010530 62230.8769208193
182281424.5068541765 64844.0723037720
180278233.4412999451 62229.5641766787
180418814.5321768224 62417.6868429998
182722382.1502528191 65665.8336029053
183181955.0534068346 66038.0317687988
180508437.3923171759 62482.3982039312
181617565.1520826817 64152.1717838049
180336772.4161307514 62343.1128293276
177975942.3814246953 58277.3845272064
180533257.2477821410 62641.7367230654
180569304.1906117797 62753.9726315737
180738365.1920094490 62766.0174992979
180775515.0234144628 62854.9908893922
182531217.9158038795 65310.0520033836
180747969.1401711702 62799.3650730470
181057027.2783949673 63356.9688328126
182661056.2708455920 65339.8753814697
181412746.7615932226 63757.6763869146
181093074.2212247550 63469.2822712282
181155684.2582372725 63612.9244490484
184541974.3626091480 66560.2517700195
181373168.2068622410 63747.6607654909
180514511.2571029067 62544.8421085695
181326532.1042929590 63723.8052357057
