274295677.7946688533 11966.0036074519
271916674.3762292266 10991.4794089198
271658671.7208795547 10836.8784414850
270400136.0032584667 10151.1832187885
268742964.0166659951 8814.9199333137
270499152.5721322298 10210.7337788831
269135318.3779760003 9252.1174665116
272078309.6951835155 11104.8294618726
270891846.1329201460 10433.8272832300
271819968.1838656664 10921.9266631476
270413213.9829880595 10152.4390780799
269479627.0955756903 9474.8395027914
271620864.6891999841 10821.8997095227
271075811.1779345870 10543.2874272730
277000418.2004063725 13004.1632125378
276198393.7112334967 12726.5846259594
268741821.1955183744 8764.4195905350
273718574.9440944791 11730.8746245205
269839144.6574071646 9757.8206503264
273696653.0563030243 11721.1484206021
270212354.6162819266 9999.8728879563
273227520.5517130494 11532.9934273362
278076164.7676269412 13319.8780326843
271408246.3239017725 10732.9872585855
278410294.6716771722 13408.9045372009
271100420.9013221264 10547.0401581194
278621835.3115804791 13451.9209556580
268513085.0164726973 8550.6832560622
274466923.5226988196 12031.8860889822
270612029.5103281140 10270.0355095569
273240352.9731767774 11574.7048477083
276423736.5225588679 12781.7338814735
278158833.6869114041 13338.7178299427
268585271.8524239659 8654.7313140951
271075292.2452930212 10539.1632283594
271601569.2723658085 10812.8380447946
270942978.1589797735 10482.5772974811
268444972.7461748123 8546.7722164616
272204089.0845560431 11169.9902409166
278585912.8249072433 13446.0057029724
277207369.2203148603 13032.5912978649
272271632.6436475515 11184.6802480817
272804771.8780812621 11397.8484099805
271512103.8254829645 10789.4411818556
272973153.1979162097 11475.8101018816
271422844.3484916687 10741.3226462923
272501882.0464918613 11273.2262666821
268383027.6013474166 8003.4390437082
268828196.2422522902 8866.4709982001
279656772.8562360406 13623.3374671936
271682666.1070432663 10851.4521184824
285860477.4335173965 13906.8267745972
270372662.0647692084 10140.3357608191
272492072.4753752947 11262.5164364427
272932601.2796974182 11463.7067846209
269896669.9671680331 9765.6717418213
289503801.2655391693 13982.6221313477
268533318.8374899030 8629.4173428044
272100231.5829748511 11113.5363176465
270276128.2322262526 10071.8415419928
268403186.6193369925 8180.6216133685
268678291.8774198890 8757.0108541571
268888999.9422113299 8920.4917675501
270817588.4875441194 10425.2389829868
268956090.4134905934 8973.8408880853
272633370.8174085617 11326.7044795454
277841125.7791969776 13253.5487022400
277680754.9409758449 13207.1200408936
278541737.3365850449 13414.9981193542
269720755.7534804940 9736.7906051282
271893332.0495545268 10974.7592638135
277413555.1657153964 13108.2252950668
269066713.3875690699 9077.0642843865
268970038.5086974502 8980.1399880074
276854544.6915593147 12937.4450232983
277954480.4263632298 13259.0041923523
271167546.3475595117 10610.4801795356
270994229.6693568826 10534.3276589626
270093693.3331994414 9940.3898419478
271001553.5325585604 10534.6991270297
268846036.2880235314 8878.0743237160
279118027.6231696010 13527.3304061890
272764549.5249737501 11389.9299858212
278899470.2500174642 13506.8689880371
270438002.0507991314 10163.1118782276
271876898.2192536592 10956.6949012571
270133038.0520894527 9972.3564423827
272436124.1959186792 11233.1191089749
271594245.4091641903 10812.4665767274
271194876.4810225964 10614.5499132389
269484013.8903691173 9480.4339124208
270343421.8575256467 10077.3090428838
278997657.8755035996 13523.0717239380
277369189.0451989174 13106.3656134605
271726365.2023133039 10894.0240863801
271139430.4065319300 10553.0284550899
289404328.6599482298 13979.4032669067
271197434.3621052504 10627.2253225559
278311398.4229485989 13363.2279071808
273305029.8670174479 11593.3875606060
271728280.8198432922 10899.0326765180
288151151.0611763597 13954.1358184814
278071458.8424583673 13311.3437557220
273313544.3559261560 11603.8615825176
269384073.9308069348 9418.7255677321
269788729.3344897628 9749.6344061029
270692996.3221354485 10338.1194007270
270298742.5548384190 10075.5942728393
273120221.4074622393 11528.9459464550
271455953.1745209098 10743.6396606978
268443942.3388754129 8440.9755761717
288123131.9448280931 13951.1184387207
272762633.9074437618 11384.5731214525
271346606.1407450438 10713.7251197420
277554954.4665225744 13135.7878913879
278913702.3089778423 13518.2502861023
269688457.2484917641 9632.8846300415
289492026.5413622856 13981.5115509033
272284185.2782119513 11189.2174156308
269523068.6898260117 9519.8574958464
271002950.2174469233 10535.5835182540
268649293.6389178634 8750.0337577485
276147505.6851823330 12720.2160756588
272410141.5491038561 11220.4225566983
271306055.2530158758 10646.2224881522
278625744.7646301985 13454.9848365784
270724649.2292489409 10349.2785689704
272293554.5314389467 11193.3871038556
270658641.4998472333 10312.8614819743
270247272.1991701722 10070.5856827014
269914979.1880918145 9845.7379737032
276663436.1948137283 12865.7319428921
279252506.6989880800 13535.9296112061
271103772.7157822847 10551.2751266829
269655758.4855970144 9629.9574981336
269086259.5220975876 9232.9762817865
271914279.9051057100 10978.5119946599
273005725.4409086704 11493.7274503054
270656315.1152216196 10293.9669146411
272335301.6975831985 11217.4275005460
277215868.2933593392 13050.7843339443
273076208.0016891360 11511.8823741376
272814318.1099745631 11419.2092593610
276254230.0165230036 12744.1550471783
276260423.8303405046 12744.1951854229
272555290.3085110188 11309.9322803617
272526709.0285173059 11292.2696966173
272830254.3779732585 11419.3561786115
274533436.4489162564 12082.2567834556
270575127.9255064130 10256.8906319850
273007641.0584386587 11499.0600455701
273203727.9705736637 11532.7494460521
270438042.1747446656 10176.2930958980
273023577.3264372945 11499.2069648206
269548574.8692421913 9532.8875659704
270218861.6624878645 10062.4454514497
269934244.5294299126 9851.4433565271
269275166.9459220767 9365.1851397161
270034754.9766454697 9919.0857301131
272013786.7297394276 11064.4935100675
270509024.1875744462 10229.1397715681
271674324.9085643291 10839.8520215154
270062651.0405257940 9928.4611825087
286081385.4538790584 13907.3183670044
270093733.4571450353 9953.5710596183
269313314.0462977290 9405.9649513998
277590177.2979919314 13166.0601148605
269599924.9523607492 9570.5737176336
276564239.8659355640 12838.9149854183
269718193.8869827986 9672.4433738686
276909627.1997370124 12951.8895881176
270140409.4252248406 9995.5030672256
281747999.5493968129 13772.0154457092
269178759.9722263217 9297.1354595667
269248193.0149350166 9317.9193270807
269073141.6215844750 9106.8775027398
269638101.7743902206 9609.2160112358
269260698.2694032788 9322.0256308033
276962164.5771736503 12967.5515019894
269082792.3669936657 9120.7841912993
278387936.1503312588 13368.2624931335
285004497.6145116687 13897.9381103516
277325174.7450222969 13069.7539029121
277062947.9515766501 13007.4708676338
276552440.3643320203 12833.5739591122
277047011.6835778952 13007.1085095406
276506614.8352638483 12830.3528306484
274360729.4118582606 12013.3563661277
278789392.4959143400 13471.1875724792
276608618.8073216677 12851.1706464291
268913006.9096296430 8930.4510781522
276699937.7837278843 12905.2684667110
269015895.0670378804 9040.0043717717
273989156.3229060173 11874.2561987340
271859101.2966516614 10934.9974665882
284304573.2122099400 13874.8452301025
273926051.2798469067 11866.3089669612
275881977.0265563130 12627.3275220394
273842897.6185998917 11823.7274181154
275746279.1087640524 12560.9716908932
273384435.9239135385 11633.5107056107
269036878.7695850134 9067.8787705655
274488908.6127096415 12075.2283014953
274618349.4411396384 12124.1398096085
276503480.1309407949 12829.9904725552
288794001.7917976379 13961.4336776733
273390546.8686723709 11639.5348030534
274974035.9698597193 12284.4563608170
274021312.4020371437 11911.0686485078
274838338.0520675182 12218.1005296707
274830952.5751569867 12203.2494652271
274754047.3589319587 12190.5293779373
284481544.8974826336 13878.4716110229
284499708.8659545183 13884.7781295776
276940608.1008208394 12957.1526181698
280089790.7166842222 13677.4838218689
274179075.8024227023 11949.7134394348
285373377.3681237698 13900.9088973999
286697345.5563837886 13919.8684844971
274388544.9320781827 12015.5956889894
275103868.5434578061 12319.6054634750
276422571.0850340128 12767.8885800838
285548931.4834433794 13904.1344604492
275306940.7874006033 12391.2377684116
273921438.9801058173 11848.0387069490
275822493.4182766676 12604.4156532288
275838428.1904745102 12610.9390966594
275141202.6152708530 12349.3553867340
276081519.7239392996 12710.6968953609
273909004.4669180512 11843.7896453645
275157138.8832694888 12349.7177448273
276012331.1924015880 12662.8232481182
284686594.1989238262 13893.6750183105
275897913.2945549488 12627.6898801327
284768749.1156139374 13896.5059204102
275622949.2250927687 12518.0505430400
275704590.3460909128 12552.7742440701
275417191.7634409666 12438.8858453929
275622027.1194634438 12506.9997518063
281027890.6073686481 13718.8609199524
281537229.7333312631 13745.0732269287
281035661.5136072040 13719.0807914734
279756671.7154415846 13652.7665290833
280831742.8636118770 13711.8921470642
276856698.0525348783 12947.9957959652
279273433.6745693088 13559.3831825256
280918610.3829943538 13712.9406089783
277138113.0755215287 13015.6990995407
281615749.9363251328 13760.2982559204
274795393.8283436894 12194.5993208587
277557920.3124184608 13150.5790510178
288629811.6564685106 13961.0428009033
278036988.3625761271 13276.3631982803
274589636.3666917682 12115.4346232116
280541151.8677821159 13702.1920509338
289206267.5988747478 13962.8625946045
281197310.0150398612 13732.1227378845
279440034.4852761030 13584.9591560364
274569110.1120505333 12090.7081379592
275421415.2305148840 12440.4507939816
281434016.3593873382 13743.5505142212
281193457.9011526108 13721.4932632446
280238351.9073471427 13678.2061729431
280242551.3009862900 13678.4260444641
280720908.9874396920 13705.6288414001
280290201.8171579838 13696.0984687805
284533977.9837701917 13891.2260208130
279407031.7873030305 13563.9905414581
285119219.0873987079 13898.6237182617
275295521.3039939404 12379.8626110256
286215820.2630415559 13912.8921508789
285548360.4122008681 13902.2802963257
284048939.1614583731 13872.9657135010
280001463.3003973365 13675.1707649231
273753219.6629378200 11786.9173887339
279586020.9677371383 13594.4355430603
282082512.6912580132 13784.6255798340
282874054.1670045853 13824.0380020142
282054368.7394776940 13772.1488723755
273518149.5483293533 11683.0262058345
289202856.3628072739 13962.8347320557
273537520.9592685103 11694.3911932078
282076532.3171879649 13773.3108520508
282249702.5937992930 13801.9872207642
283620641.6278963089 13825.5074768066
284041920.2894554734 13848.1929244995
287327530.1351610422 13942.9609146118
283707392.9885122180 13831.0372695923
286774110.0795048475 13921.0434494019
288244266.2446284890 13958.8446350098
286781433.9427064657 13921.6899795532
287181680.6833003759 13938.6978225708
284012877.6219943166 13840.4733352661
286799470.6649360657 13922.2746124268
286552544.0184171796 13915.8458557129
283794663.9061960578 13838.3000869751
287863689.9849038124 13944.4800491333
286801573.5405000448 13922.9274749756
287179040.9494968653 13927.3297729492
287895623.5714929700 13950.9088058472
