586894021.1969287395 181376.4019888137
598538329.7617039680 219829.7047267817
587589060.8339521885 183958.7910237928
589959881.2383066416 192529.6164871119
597569320.5484467745 216851.1866372861
588187962.3269881010 185320.3719961010
592172109.6723111868 200484.6792089269
609319191.8764939308 239989.1286117483
615192751.9295941591 248858.4653085659
606977888.8700276613 236129.9200088431
599509828.8751646280 222241.1767188832
590326199.7711780071 195298.6810796745
591238927.6455533504 198221.1052380465
615689704.1863347292 250305.3321486900
603703407.3160403967 230945.7374659874
616122141.4419499636 250539.3586267421
610285388.9240586758 241602.3430383578
625709288.6831963062 262883.1274337769
599452306.4006360769 222067.9785658680
587650950.1825776100 184026.9535169362
613264644.7238304615 246281.7202066372
613444689.1458879709 247118.8356215805
610184640.8526011705 241436.5617225021
588259760.3052289486 186141.0862730239
607840146.2962118387 237901.1199734756
618227762.4354221821 252942.8676376343
613871504.2846995592 247406.0822555247
587418323.8133289814 183143.1511438583
600741258.3481173515 225643.7634450644
587583242.0791338682 183361.8550413345
587282165.4347381592 183115.0236509536
587687528.6846821308 184602.7024610733
586830347.3100278378 181180.7655752395
597240842.7051321268 215827.6739637218
597337632.3855063915 216732.8634444154
614187166.1392663717 247925.3913680735
596020702.3513451815 212230.4677461050
591805291.4112832546 199209.1568509005
587014986.1605728865 182302.1708753799
598617181.8369225264 220182.8847457692
614307053.6076418161 248449.4035231918
598994913.2904894352 221505.0974975489
606720939.3382885456 235909.1017354543
611335634.0283460617 243202.1981704086
611069599.1634304523 243049.4031264633
596156838.9070684910 212844.6499403394
598964306.6144739389 220969.5072318837
607692404.3089947701 237737.8324703261
606720939.3382885456 235918.7397969777
589976939.1865931749 193272.5784237869
608328471.4337446690 238592.8476387658
600891752.8516215086 226048.4207759649
596688643.6412230730 214185.2332035862
606720939.3382885456 235911.2706502492
595635163.7547341585 210194.6713448055
601767530.9117298126 227584.3479495794
596801357.8652498722 214210.2811161838
601641574.1477309465 227377.5185123235
589086255.4450615644 189955.9854621328
612660812.0459277630 245503.3577188442
598731100.5782465935 220504.9977018684
615630456.5880910158 249821.6518243740
595504205.1175656319 209787.5207145736
605171431.8194053173 233522.6237422326
595604551.4486055374 209788.6786125228
615434790.6584668159 249756.6522439907
613299008.6085362434 247058.5903060287
622031569.4632855654 258845.1217269897
621766411.7154494524 258218.8691177368
605313790.3968051672 233552.2568184533
601836623.3428989649 227926.6085086614
589258612.9135363102 190026.8306491338
590195661.4605253935 194892.3845541961
621873440.2398458719 258476.8945541382
619520133.4115492105 255310.5027084351
610269985.8268187046 241470.7511908859
639398882.0377722979 268339.5965881348
639382735.0066559315 268303.8058776855
643163593.5622104406 269495.4645080566
620988725.7131998539 257155.2222671509
597474176.8015245199 216752.9254976176
625352328.7962899208 262695.9585189819
590008464.0782494545 193385.8428738602
613717380.1253044605 247206.7923176289
590103574.9014883041 194315.9227469452
621668369.6057763100 258117.5733718872
598922483.4133416414 220949.9858712181
642909932.6659687757 269457.4241027832
642174851.3897532225 269311.0697326660
601426931.5871590376 226982.5462080725
639398882.0377728939 268351.1253967285
589000017.5620172024 189134.3462316357
602478996.1400772333 229394.9785648137
603231591.7314522266 230514.9575282433
597267196.5167750120 215889.4684663676
603790044.9152476788 231080.0732399621
608432329.0783191919 238644.1485569651
594622382.3774901628 206834.6587598473
594000580.5422680378 206154.6354638003
597598894.3492391109 216995.0271058939
640432945.6759077311 268405.7391357422
598150828.6088874340 219261.5681339167
598329975.8481976986 219467.8955036066
603145697.0351636410 230302.0781589299
601212309.8883745670 226746.0647731572
597688089.2720313072 217678.6142002009
597648512.4369395971 217008.1454807185
597680403.7145340443 217600.0035587214
638630947.6129672527 268296.5528259277
589960764.0296021700 192923.4373820312
591003722.4112563133 197432.9436603449
588544952.8529462814 188347.2766622193
590736090.8056179285 196279.0293772705
590749552.5465766191 196842.2945629023
601444144.9859849215 227083.0385051519
589369368.8084291220 190184.3278389722
605051097.5878791809 233222.9858568530
638630947.6129667759 268285.0240173340
602971046.7046750784 229795.5743747503
619844954.1294642687 255777.1851522923
589442646.7997523546 190984.8469353467
588750231.9558331966 188786.8921884187
622987746.5054583549 259672.4048870802
588354591.6835945845 187849.1035150178
591088484.5937756300 197581.0773555562
588609710.6003408432 188674.8747933991
620210239.8104503155 256568.4175283909
620424472.6897997856 257075.7790597677
597125013.9618421793 215497.5292039774
620210239.8104510307 256577.0697195530
597011523.2720564604 215183.3647301681
620059187.0088135004 256247.8581460714
590604061.0055122375 196253.1493361481
592659872.1583966017 201963.9618478343
600061565.3348711729 223515.4753383995
588925832.7914714813 189039.8748544343
591123825.3787038326 197642.6783458516
596870844.0971624851 214920.5473314188
613286263.6344323158 246852.5932712896
599739879.3917348385 223178.9657737538
617175712.1133326292 251895.8850435019
600192101.5547436476 223964.5488627441
602945634.5997031927 229586.8570899293
591686095.0946984291 198806.3339448497
600701469.0364651680 225097.6577130258
618284246.8589156866 253211.1883413792
618343897.7937951088 253488.3308981657
592192767.3011884689 200492.1594898552
600851408.3103097677 225687.9196148813
592253375.0350257158 201745.8611814827
598010679.5038690567 217963.5095083565
598037980.3505909443 218337.5392324775
592933776.7855480909 203368.6312161908
599690920.2012383938 222425.9868706800
593394209.6229313612 203806.9483983070
603049981.8471720219 230020.5779225677
593136815.4471098185 203454.1204171181
592705984.2944998741 202701.0256263539
599253721.1779848337 222065.3710891530
599489493.4469077587 222184.6645484827
600428104.7201668024 224305.4172932655
591842524.9907617569 199851.8802711293
620040808.7979969978 256165.6761850119
618585201.8019142151 254058.0088293552
618533701.6336214542 254024.2627356052
593703201.9469157457 204457.8752400428
593529658.3533257246 204187.6324830353
616061372.6421601772 250314.6836446859
593933507.0000905991 204914.2347165048
592438903.4249430895 201930.8571111485
600183083.7705169916 223758.7026855275
618518138.5495264530 253835.8349504471
595085511.1165000200 207783.9229433388
611672628.9250478745 243937.1963444997
609778704.8877902031 240808.8672617208
591965190.3600485325 200367.3281051442
591458402.3651713133 198498.4854518697
592205875.1969902515 200600.5934965461
604138159.1448996067 231749.4468149766
614689671.2106076479 248720.0360973291
614839822.0156127214 248812.9484508447
605479795.5159606934 233898.6653977185
604485810.9840285778 232331.0096054822
604581677.9642664194 232873.1795273572
595753348.1526987553 210706.3877681121
595029786.1088546515 207620.3565072417
617270971.3123610020 252000.1719841063
616487290.2916795015 250722.5905981511
603579143.6574381590 230777.7352925241
604235959.1206105947 232130.4309567809
595928868.9382712841 211031.4255657047
595902326.3559855223 210988.9480266422
603958272.9482192993 231427.0825706422
640910452.9606533051 268792.7904663086
609052517.1026068926 239739.1713254377
608586203.1474546194 239031.0683846780
605160205.5377686024 233454.5904727504
595152233.6533241272 208244.2718575746
635633373.3574645519 267644.2221374512
608125360.5999038219 238427.6009818188
641784248.4485251904 269129.8034362793
608873946.5162855387 239624.0897889531
635314309.6382079124 267615.0139465332
609884941.5118623972 240972.0121721420
607141441.6791152954 237007.5211472905
607349655.7373224497 237459.4670276080
594778488.1581358910 207521.5260334760
610349099.9713727236 242012.6805303165
608482877.7074979544 238823.7587514230
595404600.3971245289 208858.5836208537
611383010.8115941286 243811.4098369179
610769218.4276671410 242799.3687721166
605885371.7630096674 234523.6242585576
606265828.5013262033 235460.4193025029
638464289.1731016636 268034.7601928711
609981929.4886763096 241345.8230949315
605893459.9967815876 234561.2540343031
606002030.4462891817 234876.4935515150
623989823.7400406599 261181.3534317017
607863268.4940756559 238118.3061811927
606456545.2080514431 235590.9443571791
636144336.2259633541 267879.4625244141
605807633.1263300180 234304.6563922688
606077687.1762101650 235148.0096637532
635924558.7779920101 267841.3434143066
634723968.1664607525 267313.7243347168
634309440.7637331486 267236.6298522949
641744595.3133740425 268895.4950866699
611792850.0356361866 244027.7207996317
641638698.4131588936 268804.0725402832
640622708.5724171400 268575.9963378906
636160432.0412523746 267951.7917480469
617737207.8904531002 252895.2004963532
609695183.9568516016 240482.3635327359
636923808.7088907957 267982.8614807129
629200237.0089955330 265349.2512130737
629081573.5632630587 265096.1050109863
626264147.9572876692 263387.3143920898
612160842.6247801781 245082.7049504705
612481363.2170730829 245367.0061131902
623589877.0336437225 260710.2676162720
624487265.1604067087 262016.3653640747
612053739.6082363129 244651.7511979155
624209700.8520513773 261937.9968948364
623457054.4910933971 260588.3896255493
624123785.4796454906 261860.0722122192
621317325.9794090986 257913.2934052125
623493017.1466469765 260641.8696212769
611803008.1478917599 244416.6374242668
610420966.1579012871 242121.6357176118
619913091.1267083883 255829.8741394654
622423732.7427917719 259300.4650821686
628881861.2810099125 264894.5227203369
628009739.6924171448 264600.1845703125
613168977.9613415003 246035.3224850949
628311605.3742567301 264755.1999969482
612829146.9762980938 245958.7524930295
627898667.9939689636 264277.9018554688
627898667.9939695597 264282.2469482422
634082046.6911764145 267051.6580505371
635142328.7353205681 267407.0488891602
609658542.1284364462 240473.9169767126
609517904.0984485149 240379.7684781775
611477519.6564275026 243861.6671460159
633645048.1258928776 266742.0527648926
619724619.4371582270 255522.7922739163
630306332.3404861689 265591.0256042480
631417365.5445269346 266135.8391723633
633820973.8507536650 266893.2116699219
630567233.2717170715 265627.3526916504
631087327.6362363100 266039.8137512207
632771340.6657607555 266676.1553039551
632771340.6657606363 266645.9730529785
632452427.5165644884 266601.1149902344
632771340.6657605171 266644.8340759277
632311621.3390476704 266566.4030456543
631972254.3698855639 266497.5915222168
632311621.3390480280 266566.9679870605
631625325.8085715771 266443.0555725098
615231034.4259127378 249510.9389392361
630797387.5532556772 265742.8969726562
627123982.5767265558 263634.9431133270
627439090.9169185162 263759.7316417694
626770834.0627101660 263555.6368465424
627269651.3172171116 263709.1214962006
626770834.0627101660 263577.6759395599
624889978.2026119232 262262.2741985321
621183433.4997959137 257677.6363487244
623998637.5683832169 261322.7844085693
616757523.2245513201 251363.7489958405
618498585.0581160784 253615.4755411148
618453799.7135634422 253582.2543497086
616998176.3107186556 251628.5244510509
623020123.9873013496 260300.7959957123
619206379.7895895243 255101.2776308060
616964035.0097562075 251623.7096011974
616558331.1582653522 251144.4884403087
617449959.9358865023 252237.1109137535
615603519.2132674456 249773.5870242384
615603519.2132674456 249763.1786380080
