79596422.3317802995 46798.7269669250
77197162.3925815672 34571.0264715442
78958900.0617020726 43910.3958502898
77164573.6428477913 34131.2727499270
76952311.3544287235 32878.0020912719
79143794.5595734715 44810.1574941352
76634060.5428080261 30194.5933502653
81693900.6913964003 54152.2255249023
81172347.6851241440 52530.9435272217
79405030.6202361286 45818.4416880608
79130280.9441761971 44747.4865473974
76861681.7054532766 32111.4018666038
79304595.1404382586 45638.3676071838
77220513.8217905462 34779.5139300117
76979303.3096199334 32999.5257332755
76584173.6071620286 29470.8812246212
77777418.6899131984 38307.1319052477
77775955.3262302428 38288.1005675096
81069374.7650207430 52000.3107910156
76483324.0437425524 28284.8369097185
79285532.4428189397 45489.8808980659
81958732.9312908053 54869.7805023193
79777494.8896786422 47428.2996516377
80523465.4066367745 50347.5379249603
78447221.0983005315 41796.0440535117
78016459.1882865280 39450.7114696745
78200055.6569561213 40580.2673983816
82113640.3189756125 54994.8054809570
80820698.8899872154 51348.6206312180
77142178.7704434544 34029.5412533862
79918912.2052314728 47923.6934272796
81839711.6576961130 54757.7382202148
80483888.8209867477 50298.1871253997
81488034.3876857460 53522.5166168213
78467443.1035319120 41915.3744978476
77770148.4562349170 37986.8521049117
78524070.8582283407 42254.5328861848
81601016.1902659535 54032.8950805664
76883794.2427695394 32283.2443430909
76991656.5607805550 33117.6116879565
79076903.3413506001 44544.4703573752
81420369.3795363903 53399.1564636230
81515906.5751747936 53585.0535278320
78914545.1167048514 43863.9206904639
76475842.7089002728 26946.1794236877
78970574.6135193706 43964.4868216086
81196459.1333088577 52626.7526092529
83728792.6837308258 56015.2960510254
77665351.2729514837 37438.2218059615
77484203.9261710793 36441.6916013260
77420092.7510436773 35837.7650509820
78694673.1330669671 42944.3211116064
81914937.3783038408 54813.4427337646
79412228.6908823848 45932.2652351409
76871798.9078228474 32152.6989502200
77614169.9850712270 37353.0812851686
81942724.3747874498 54838.0338897705
77052182.0167159289 33218.6123164856
78990965.6916289777 44168.2592201903
78619571.4035856277 42346.5643803254
80644147.1290844083 50668.8972272873
80663722.2510910481 50743.3199123144
78662944.1718205512 42878.8216467985
79358598.3407159299 45724.4834061339
80907541.4476850331 51577.6333669424
80666016.6724290252 50770.7842525244
79237042.4891933203 45121.2922539973
77345521.9687510282 35530.5587174792
77691029.5867125541 37594.8061874453
82138275.9947133064 55537.3478698730
77424607.6041574627 35839.7202721042
78500824.8389557898 42154.7930180207
77302044.3892082721 35055.4180717730
78990080.0394093096 44142.9553652480
79239649.5749283433 45191.2310516387
79471024.1999066621 46111.6940338165
81318541.3891041279 52927.5735120773
77492077.6845487356 36712.2683297098
77359133.7921682149 35793.3771248758
80300270.5601896346 49509.3666048190
78702725.2322162241 43073.9655033723
78890038.4088621736 43828.6164302099
79517647.3195376098 46404.2068100646
81942860.8584496677 54857.6244659424
79054205.5578471273 44494.2932948340
77295785.5944193602 35042.3354493046
80367844.2501720786 49649.4061269760
81365787.8119160682 53260.0177307129
77271692.3386369199 34935.1943569583
77557551.4965379983 36758.6113853854
78077346.1897629797 40154.4276368935
78118171.0781391859 40191.1336264182
76685504.2946594357 31113.7187775114
78630399.5860595852 42834.5164219514
80506406.8526422083 50329.1295309067
78430943.9990418106 41575.6117283478
78935632.5550772548 43864.7469534446
79414306.1329855919 45981.6160347015
78830019.5187067389 43624.0445155371
77939896.0379374027 39424.2036619727
77198344.7682699710 34612.5502946276
81977297.3542425185 54873.6222076416
78882816.1554583907 43798.2051001677
79573355.1118073016 46661.3394386321
82021116.6962275207 54988.9798583984
76787143.2289945781 31330.9571889976
77083456.1842038184 33876.7431402990
81804594.9671482891 54315.6052246094
81343472.5296285450 53120.0709419250
77073717.9325088114 33756.9807099600
78574996.8492969126 42274.1234623566
78328318.1171153933 41209.4704351667
77830188.3164340705 38513.9087570254
81721927.5023419857 54295.0621795654
81583407.2633497715 53843.8318061829
80567154.2157371491 50373.2274206877
77451955.4534868002 35929.1127834320
78017058.9365141839 39633.1712980811
78956540.6407672465 43875.4546320736
79538734.7579100132 46558.4316635802
78332029.6171575487 41261.2623477224
77237324.6465854198 34820.9546983142
79873674.6266692430 47823.9535591155
80953058.8107860833 51799.3979797363
84257709.5903051496 56029.4641418457
78224723.4022865295 40730.3763653934
83723154.3887799978 56013.2094421387
78850271.5696974695 43753.8811070099
78743942.8418662101 43173.8975712433
78418744.0472003073 41575.4277989045
80592908.9213002324 50567.1057857275
81148057.3933649063 52440.3475379944
76837030.1646405607 32054.9259265942
77059868.3566281050 33658.6577908296
76632647.3752098233 29601.0734394502
78867027.4167429358 43760.9312872812
81843825.8321617842 54759.2671508789
78359119.9378197938 41493.3058354035
81071043.2992201149 52028.1255073547
78523560.4586658180 42156.0610233918
80933287.9929372519 51798.8583831787
83050103.1830169559 55910.7638244629
77038231.4636341631 33212.6180563235
81347380.1054405719 53251.4591369629
81079273.5704310238 52198.1056318283
78486414.2243103385 42043.6539816428
79085489.1109158844 44673.9437901154
77270298.4507617354 34912.2818235645
80657431.3186649829 50686.5151319504
77424641.8567885756 35853.0119122666
79767345.8988379985 47243.9700233489
77571074.7364875227 36764.0094204349
76965359.6817460656 32948.0768194982
78263627.9136171639 40965.8273214865
80113563.1478173733 48745.9431831390
79619388.3618944287 46798.9749061614
84274457.4989032000 56076.5545349121
84084751.6944977194 56026.3774108887
79636908.4596666545 46919.6969215423
78860261.8946721554 43754.3678318635
80026576.1967564076 48503.6769630462
81174582.8475206792 52580.2943267822
79276529.9358901531 45266.5883705169
80390308.6682379395 49699.6952810287
78397656.6088278890 41574.8094822541
83143206.7967752963 55917.9186096191
80639898.7056851983 50641.8284692764
78150184.9965943545 40335.1044526342
80270833.2915444970 49425.6665870696
78342608.8546661288 41409.5005566776
79696532.5690471679 47001.8188850433
77891814.3541131914 38790.1908445898
82784219.9375786930 55872.2088928223
81408475.9621769190 53353.1716766357
82129286.5654128194 55059.7135009766
80920722.9398233294 51722.7752838135
79785341.1991061717 47532.4516212493
79906700.1057554483 47840.4200642845
81088208.3005556315 52204.8332929611
78626585.2638497502 42411.4611821845
81327260.9893378019 53107.0584703684
78046117.6885575652 39709.1671324316
78154377.1599729359 40343.1799498145
78205615.3677571118 40627.2495303396
79802861.2968784124 47581.8024208099
78122320.3316438049 40206.2226439063
80408278.3899666518 49763.6920389682
80379270.3435077071 49660.7416591644
77466377.0755301714 36430.3475027580
81530722.5379465967 53615.3387756348
81249032.6047867090 52718.0435180664
82000010.1034119129 54949.6180419922
78181452.3502436429 40490.4543338064
81458951.5382480472 53429.4417114258
79908392.6101661921 47855.3666677475
78297365.2660992444 41027.1744871680
79715621.5916988850 47168.6751120090
78599231.1808910966 42340.6130137444
79968844.4921374023 48042.7307927161
78586047.2156726569 42320.2642283440
82687311.6932164878 55862.4075622559
80985436.5808648020 51840.1647186279
78300006.1947868019 41125.6477537695
80416845.4787732065 49809.5595009923
78286504.3443603814 40994.8750181738
80719423.8573604822 51000.3458251953
79284254.3950358331 45327.0995504856
79692552.3065881878 46956.0256910324
81122511.3371769041 52402.4986877441
77809564.8929767460 38321.0934987849
83510553.6998854280 55997.3974914551
81153495.4091482759 52493.8037567139
80579086.2138945460 50554.5597041845
79466193.6498985887 46085.2796555236
82413126.3909738511 55702.9613037109
82965871.5273054987 55899.6995544434
77716993.0342633873 37621.1052358931
77882795.9413225651 38653.5560789648
78192082.1018526554 40491.6349363867
84407292.3784003258 56084.3286437988
77265023.2096724659 34857.4210609821
80423207.0305332094 49887.3823817968
77680311.2992052585 37567.3788321514
81097580.1097553968 52313.7255249023
81296829.4232903421 52842.7932128906
83329012.1917179972 55989.6233825684
77588411.0361998826 36813.4206646943
81640485.7997888029 54109.1651153564
79228228.9201421440 45103.2683525681
78462177.5223438293 41885.0171713401
78326831.1367040575 41205.2937674094
78966142.1023888290 43926.9425512031
80913110.9347082078 51692.8487548828
80849909.6100324988 51545.3971252441
81201292.2276519388 52656.8769836426
80733873.9079159051 51013.1253509521
79837579.2803753763 47613.2978129594
81016260.1354617476 51947.0292053223
79479316.4327656031 46122.8737518340
81115279.7222963423 52315.1139831543
79220262.5294241160 45057.9659500793
80670672.5832402110 50865.6737213135
80162219.7146331817 48790.3903161287
80225759.6490769833 48965.5415573260
80155231.4634634405 48779.6770971417
80912306.2412703037 51605.4255218506
80204110.0930028707 48964.2630599387
82342360.0543016046 55584.9453125000
80480740.2021056414 49889.6658095866
82324660.4417606294 55583.6308593750
79938127.2132092416 47965.0585357696
78958672.6528083086 43891.0006319657
79703570.4321756959 47043.3751556426
80379652.3032798022 49662.3884414084
79985742.4174000621 48103.2049518377
80626529.0755976588 50587.7911910564
79204010.6981309056 45009.0496567973
80010820.2432444394 48181.4009910226
82404893.7295584381 55616.0792541504
82233581.4558003992 55579.8837890625
79988226.5455054194 48122.2735553533
80083252.4203239530 48590.6925727874
77588757.2041343749 36813.8532513642
79051039.7768362463 44378.6606674865
80130876.6692316532 48772.0353089571
82509923.9253017902 55739.3300476074
79157368.5046675056 44958.6442032531
77283331.8658520728 34970.5354153404
80139057.8421933055 48777.0982108712
79959621.2030164003 48041.8613469154
80395746.6840213090 49699.7361198068
78975954.7992521524 43970.5984069595
77433487.8976358026 35867.5053202186
82620832.2274269760 55775.5255126953
80354488.2869749367 49526.4231514931
79084302.6067705303 44606.6659551337
79912911.8770983070 47922.5309025794
80162250.0024790168 48846.2111129900
79593825.8047452420 46677.2591171935
80365572.4813010842 49540.3511515246
80327951.4764396399 49524.6560195334
77731641.5704618096 37731.0556744599
82624145.0119250715 55858.6604919434
78576140.7969155908 42304.7114783898
81487224.4099787772 53455.1851348877
78781786.9521723241 43252.0981665328
82536334.4672660083 55743.0771179199
79394062.7663165778 45759.7706505507
80780257.7601690292 51130.4229583740
82590092.7756132483 55746.4848327637
77826148.3276649117 38436.5697850922
79406642.8554270864 45902.6189141536
78439359.2608097047 41585.9902842009
79461434.8029813766 46005.3118057922
79495234.0376270413 46192.6080223769
79890446.9632546902 47825.2924676204
78983278.3139503896 44042.8711479568
79509857.9307816476 46224.2106957698
82388931.3751567304 55615.0061645508
82384495.7789992094 55585.1006164551
