569171140.1580979824 1382.9018607910
582849605.0980808735 2212.8970013290
679570095.3648113012 5806.4335694313
568758614.8917640448 1290.3190555032
568641199.9322025776 1221.5165200656
679879044.5205953121 5806.4763150215
568680654.3425922394 1248.7533728248
568649516.6273722649 1243.7347459243
568609725.8355190754 1181.0770288565
569066285.4929195642 1359.0677464636
568713697.0758297443 1269.7747749742
568961644.3248184919 1349.9897401004
568614301.0356180668 1204.6004979693
568700980.8385560513 1248.8455844743
568797478.6445410252 1304.4847576425
568959314.2620849609 1335.1418064085
593027651.8495228291 2723.9202669038
593411412.0483139753 2747.3533943378
568596692.4590537548 1166.0891716563
568587741.5025118589 1164.7197252144
568982027.9850270748 1356.9701057642
568867179.8667354584 1330.7442461221
568738388.3844807148 1272.2334027416
568865906.3704667091 1328.0508916496
568774406.6307655573 1292.4385731855
610201393.3657165766 3553.2544867541
569161639.9387806654 1375.8850063055
568705133.8689587116 1248.8983178264
568771771.4256864786 1291.8427793103
569112010.8836499453 1374.5847614167
568806626.3097573519 1315.1683369427
568818129.1766108274 1315.1778642255
568801687.5552183390 1312.3453681189
679367657.1863571405 5783.2776303291
679277036.9479488134 5779.5966734886
660346571.6081160307 5090.4743260525
660663443.9525991678 5101.5602339885
679563338.9072066545 5785.7075091600
669414353.3397706747 5330.4313285728
679082447.2816917896 5777.3379651308
679564253.5283688307 5791.4118872881
655252120.6689183712 4997.1603710667
659901510.8151519299 5063.5076550660
659623988.0069198608 5040.7810899434
609311234.4895039797 3459.0545665458
609372046.9554046392 3459.8995601372
648559553.1400157213 4767.2369225111
663428907.5715322495 5165.4583515850
678819353.5389342308 5749.9163247347
634911224.8066194057 4207.0479844542
678942747.8363567591 5758.8070183992
678626971.5814430714 5744.3828397989
679066551.6916953325 5758.8517876863
581284610.1604734659 2091.7885176382
617416087.7855672836 3737.7676219122
589091918.7682586908 2556.6498163754
588583174.1899939775 2533.3147314602
620543305.7473349571 3891.4772561754
587319885.5753262043 2326.1838122516
586933551.0083619356 2306.4350554148
661116570.1614094973 5113.9975893283
661333710.7456313372 5117.1419031406
668241311.2260342836 5294.8624261414
592207671.2642874718 2619.8902839876
591644167.3231035471 2596.4551033235
587865386.8922035694 2458.5526794484
666385448.6759666204 5234.5415186427
677364409.9109857082 5625.0807265639
678459681.8718156815 5688.3981095552
678580119.4346535206 5692.1308180094
653814743.2380137444 4837.4108708913
653976355.5662800074 4846.1790336186
579155911.5774420500 1947.7808623758
579020569.8296780586 1927.1510922564
675497087.1305173635 5468.3020442724
675073909.9687601328 5462.4222258329
672841316.7035477161 5415.3906613663
607945639.3857945204 3332.5451804683
571932272.7646896839 1399.9751968989
572265899.8086980581 1429.0102564908
592606108.3202131987 2630.6576544200
572195825.4154614210 1424.2642449794
572295068.4985743761 1434.7292031289
572260359.9887149334 1428.1702778349
572355507.0691257715 1449.4369162958
572282124.2329863310 1429.6877641160
572350613.1917111874 1442.2264685806
572349753.1681356430 1440.6265077766
572516281.8699734211 1485.0560780025
603135901.5910348892 3198.0366868599
572494804.0217449665 1479.6795398933
572437243.7470852137 1467.7224874484
572712652.6669421196 1508.1259529431
658611649.9135334492 5020.4863575769
572593756.2697534561 1497.6771522071
572637488.2553080320 1503.3334695572
572930883.9988560677 1523.0085899519
573053328.4236618280 1542.4594187425
572992918.9610065222 1536.8987023231
573196344.4037269354 1562.1675527970
572961887.1914806366 1523.4783029149
573072320.3734960556 1550.6446249365
573101032.1450372934 1557.0692630994
573146588.9584243298 1557.0829233576
573208476.9148896933 1564.4805152695
573083332.3021062613 1557.0692611898
597160412.7645841837 2937.0139455722
626323164.8803559542 4090.3827576280
573302426.0720244646 1565.3105947397
574537618.9375312328 1615.8370936313
574585759.4590106010 1618.1271692137
597909399.9078230858 3035.4406557214
598079267.5700511932 3041.2733993661
575221909.3931682110 1628.7998902441
575221591.4404443502 1628.6483109329
575230983.7669239044 1634.8616011537
575225962.3288184404 1631.6388955588
575374362.5203319788 1652.2420361433
600971765.3488297462 3155.9308206902
575838730.9593807459 1699.5076429286
576308439.3901221752 1702.3421138890
575441583.5404870510 1670.2679467162
575428278.6890901327 1668.2218582960
575422257.2551277876 1655.6710467280
575619040.8361061811 1693.4694817884
575490719.9932392836 1679.0061316432
575716977.1883183718 1697.7045522791
575519576.9912648201 1682.4100464361
635544664.6941953897 4267.8557784978
577362502.6738792658 1717.2244081625
577530610.5756083727 1726.9372282490
594838716.0656124353 2775.2960580940
577302520.2025232315 1706.8613185729
577245912.8204206228 1705.6120275925
577452060.1406518221 1723.8026703875
606486376.5477135181 3321.9246177044
605896642.8285090923 3298.1672022211
578027293.8410099745 1738.8788068282
578428310.2550747395 1741.5189222624
578623787.8051267862 1766.4315819777
578431866.5158103704 1746.6224445481
578542118.1767538786 1751.1790017831
578875819.3691827059 1789.5488054091
586486956.8051092625 2221.8494018177
604506207.0187194347 3255.8430648118
604460877.4311391115 3231.1180365354
604122736.3510264158 3212.0234299308
605064044.4572111368 3260.2313844643
608071975.4674582481 3349.9345879478
607973853.7594728470 3335.2237377090
608634886.6392476559 3356.7417832108
609133257.9057599306 3357.4042957013
612705826.8401273489 3563.8739432896
612200549.4418157339 3554.9314212407
609153167.4148863554 3384.1895839160
614131811.4796439409 3590.0899640265
613779550.4519728422 3566.6492400769
614128120.2641203403 3584.8985576633
614562830.1394103765 3609.1510063353
615603219.8101688623 3634.5954468342
615541986.9313009977 3626.6486375424
614011061.1511843204 3579.3297269585
615787472.8020139933 3643.9808864536
616941408.3382780552 3692.4724876786
616044855.5776137114 3662.4289117418
616135853.0037420988 3671.2745671235
615985121.2331691980 3654.3538702689
616753243.7781015635 3675.1689570770
619609478.7256646156 3748.5918595138
619416673.2021265030 3747.0459019485
619700669.3812519312 3758.7876027170
619698958.1103506088 3749.8613459411
622985092.4553130865 3909.3250771704
624220053.3942960501 3942.2693644706
624610510.9688923359 3957.6745372954
623999895.8268181086 3940.3511344138
624066482.0541635752 3940.6818038169
624607828.8538954258 3947.5710467044
624502034.5924820900 3943.6832398120
624527941.8321199417 3943.8544251862
625016367.0323415995 3979.4137904011
626094560.5524805784 3990.3108249511
625928289.4136146307 3981.6513114981
626097213.8582373857 4006.6561051421
627593685.5981048346 4147.1234535128
627360194.3960262537 4125.1191896610
627046382.3327283859 4107.8339563514
627112822.5604076385 4121.5836778785
626984725.3043419123 4102.8712831642
626897930.5570713282 4091.1260410453
628331378.2610257864 4173.8307382278
627443834.5216437578 4138.5245857649
627589322.9181957245 4138.7000229768
628236338.9057191610 4150.5688077621
628319201.0976371765 4150.6082677059
632383841.0521361828 4176.0247161090
632399537.3261809349 4184.6271007620
635521948.3973114491 4226.3089813590
635373664.0607763529 4216.2169519663
637114920.0988026857 4325.0602663085
636298796.6121593714 4280.7213607430
637082984.2963378429 4323.0331769511
637206126.5049992800 4327.9568337724
637436064.4023978710 4343.4061701819
638018756.2680512667 4356.8896763623
637487248.4269009829 4344.5999272391
638256663.3155437708 4372.4164815843
637975779.1070741415 4356.1723290980
637765624.0523215532 4346.9595743716
637809555.8690875769 4352.4381884634
638914475.9450203180 4513.6615265906
638672198.7774033546 4390.2760399282
638867123.0208705664 4449.2115786374
639773951.2922004461 4515.5294475257
639777483.2284799814 4558.5147075951
642142984.1139279604 4566.1579200029
642335161.7818081379 4616.2734841108
643031692.7764123678 4624.6829140186
643229865.3726960421 4632.8967682123
643348771.7666702271 4657.2464929819
643964476.4736540318 4660.4958319664
643979654.0591889620 4682.5043693781
644319265.6793651581 4683.2539237738
644326235.6747272015 4689.6963502169
644745817.4293714762 4707.0416638255
644589064.3475095034 4704.2002893686
644453429.8771835566 4693.1398154497
645708473.5298382044 4711.3272978067
647219265.0324735641 4729.7633095384
645734452.7158656120 4717.3892952204
646843368.3967857361 4720.6585741043
648195777.5282027721 4733.4058657885
647169903.2625212669 4721.5504639149
647192559.7983663082 4721.9271519184
652415583.3842844963 4777.2491207123
653336339.2405197620 4818.4231920391
652674619.2222063541 4779.2290604115
652810398.5888071060 4790.7060689926
652764045.3040879965 4787.8272581100
653692228.8803156614 4829.7590671778
