115940804.0105856806 1329254.8916015625
119069827.2831739336 1453297.1640625000
117318847.9598220140 1396909.9755859375
117471306.6460311860 1403573.8105468750
116099967.3848489374 1336239.5458984375
115737194.8191431016 1301507.5234375000
115678287.1604678631 1294530.2915039062
115374769.9105612189 1269105.1284179688
118458755.0673507154 1437153.3261718750
116560248.1311862916 1361083.7470703125
118057649.8873397410 1427948.3212890625
118384427.2272414714 1436111.2968750000
116655596.5519211143 1367134.8056640625
116207078.9588234574 1341695.9008789062
116047787.9658219069 1331175.8203125000
118091733.0391094238 1428783.2763671875
118475560.9506335407 1441185.1748046875
118127749.0589210391 1429105.3046875000
120623536.8814428747 1474463.6972656250
118811030.8320862651 1446520.6279296875
116073494.5584581643 1335253.7065429688
115992355.4402228296 1329961.8237304688
117401207.4744498581 1402416.8271484375
115237610.5205231160 1259946.4941406250
116958162.2117831409 1380925.3730468750
119734196.9528417587 1463087.5410156250
119014749.4939182401 1449804.8076171875
118337852.4908109158 1435922.7177734375
115540565.1312516928 1284926.3271484375
118865472.0543162078 1449221.6113281250
115331109.3488864750 1265453.7578125000
116949235.4541067332 1380599.1176757812
116136908.1874630004 1338373.2700195312
123280479.5578620434 1482936.3769531250
118122844.4779492468 1429102.3613281250
117567141.5256414413 1410905.5859375000
116331914.7591180503 1351182.0058593750
117458293.9321821779 1403325.6718750000
115498161.2731042951 1284514.1635742188
115169941.2942734659 1253913.9433593750
117296994.6554123759 1396172.3066406250
115779635.9559726566 1317715.0771484375
119803409.2542006671 1463673.7880859375
116321278.6928228289 1347420.7797851562
116264034.1943988949 1346793.5209960938
115364778.2411866933 1266674.5507812500
117640117.8687368780 1412508.6494140625
118217808.1588115543 1434006.2539062500
118630546.6789429933 1443250.7382812500
117953437.0683022141 1421974.0878906250
119392488.4140417725 1460372.0341796875
118212635.6156491935 1430013.8847656250
117789611.0275275707 1420255.7548828125
122419724.1865430921 1481343.5507812500
119221419.9099019319 1455174.1640625000
118229441.4989320338 1434045.7333984375
118372793.8871210068 1436071.8173828125
116833477.9058362544 1375571.1474609375
119813299.6784579605 1466997.1640625000
122425876.7504759431 1481671.0234375000
121635132.0645139962 1479844.4384765625
115398778.5751361251 1271031.6171875000
117423060.7788595557 1403203.5644531250
117003169.0114905387 1384730.9838867188
115074753.3555881530 1241381.4550781250
116183191.2451551408 1338672.6049804688
118801216.9895783961 1446482.8789062500
120526631.6943176389 1472166.6777343750
120291098.0151576102 1471557.4531250000
115699081.2221757919 1296979.9594726562
116685101.7702934891 1369690.7392578125
117493159.9504408687 1404311.4794921875
115926534.2989834994 1326065.2207031250
115130720.5937284231 1244365.2949218750
119540949.2613204569 1462329.4736328125
115294565.7560985684 1265044.1142578125
115718052.9623748511 1297872.7294921875
116321505.1286511868 1348714.4497070312
115133397.7014855593 1253504.2998046875
115332067.8950153887 1266381.1469726562
119018723.2333547026 1449875.8681640625
116956266.4972221851 1380809.9975585938
116732178.3642294556 1371362.1958007812
121172120.7315714061 1477612.4033203125
115406807.9791283607 1276654.1762695312
118969512.7905272990 1449485.2021484375
118764176.8626616746 1445138.5078125000
114910912.0404702127 1223646.1679687500
116757288.9919321090 1372209.6191406250
116414111.1230323911 1355870.2441406250
117276785.1492547840 1394347.3100585938
115625287.2800402194 1293209.4877929688
115574074.3414302915 1288191.0678710938
118464518.4352411777 1438465.2324218750
116901476.5714795440 1379654.9086914062
116583409.3302824646 1364627.0136718750
117081073.9070500135 1387513.5087890625
117291920.9403202385 1395380.5952148438
119454427.9331209362 1460808.6396484375
117175092.7092438340 1389283.5844726562
121747991.4292303771 1479988.5625000000
117265131.7971765250 1393932.7524414062
118757933.4591244161 1444070.3310546875
118319244.9302960634 1434245.0722656250
119058353.6310068518 1450385.2011718750
115725002.3844864666 1298579.7958984375
116661294.4243684411 1367689.7275390625
123910680.3076998293 1483231.9023437500
116582101.4355959743 1362196.6123046875
119153280.2140066773 1454624.5898437500
118561400.4454506934 1442757.9296875000
117001248.6929371208 1382852.7866210938
117104993.5376624912 1388175.6694335938
116615056.6994411200 1364711.4550781250
115869223.0526846498 1321049.7236328125
119543191.3176893294 1462661.0263671875
121641284.6284468919 1479905.3193359375
116168555.5566216558 1338457.7114257812
117237580.6203195304 1392589.8315429688
117657312.6997351348 1414009.9423828125
119248744.0277560502 1455511.4882812500
115610735.9026121497 1288804.9755859375
121515011.6619408876 1479417.0468750000
119538286.7367175370 1462325.7734375000
116028226.7389944792 1331128.9462890625
117754388.1380760223 1414119.2109375000
117538746.0496094674 1406626.8852539062
121377796.9754970968 1479319.9960937500
119843690.9724193364 1467433.7695312500
115608863.7456174344 1288651.2773437500
116095026.8462265432 1335580.5458984375
117911644.7417953014 1420646.5107421875
117923278.0819157958 1421149.3837890625
117243278.4927668422 1393133.6655273438
117550379.3897300065 1406677.3168945312
118651536.9269461483 1443618.4785156250
120779539.0191312581 1474766.1064453125
117346867.5505118519 1400221.2797851562
115861777.9651861489 1319724.8876953125
118838660.0299041718 1448007.2246093750
121230978.1434126347 1478675.9462890625
117284611.0259361714 1394811.3110351562
119346559.4695063382 1457047.4970703125
116238726.3279820830 1341780.3422851562
116762986.8643794209 1372753.4531250000
120932862.7429286689 1476833.7734375000
117164193.4802469611 1388924.4121093750
118789583.6494578868 1446443.3994140625
118436857.2140737027 1436186.6386718750
116716749.1394521147 1369775.1806640625
116262828.6151918024 1345546.5136718750
119308265.9423161298 1456690.1533203125
118663170.2670666724 1443657.9580078125
116777173.2332597077 1372874.2280273438
115363085.3452995420 1266504.0712890625
116016593.3988740295 1331078.5146484375
116059033.3157632053 1332363.7060546875
122787494.7841588259 1482250.2070312500
116960005.7030674219 1382602.3310546875
116899822.3897376060 1376854.3935546875
119148375.6330348998 1454621.6464843750
123070669.5297137797 1482682.1083984375
116199425.8686816841 1340744.5903320312
117774601.9648865014 1414404.1562500000
119987215.6388101429 1469029.0527343750
127215330.8320578933 1484896.1699218750
116672122.1044818908 1368949.0859375000
122424519.5697915852 1481517.3017578125
116248090.7590631992 1344384.2543945312
119331616.4626545757 1457045.4726562500
116583400.2862257957 1363801.1440429688
116294328.4839905202 1347362.5268554688
117518659.1621041745 1406392.9204101562
121956749.0681779683 1480665.7001953125
122777300.1187209785 1482228.2392578125
122546648.9082045704 1481815.6044921875
117343036.9032202363 1397359.5922851562
121389430.3156176060 1479333.8037109375
119064051.5034541786 1450929.6142578125
116832280.3759537041 1374995.8027343750
127203664.5833954960 1484883.0400390625
117496314.1098892540 1404786.1362304688
116108056.1588888168 1336801.7470703125
117168787.5991637707 1388958.2211914062
117970589.3254763484 1422979.6093750000
116399230.5347836912 1354269.7163085938
120939015.3068615496 1476894.6542968750
119143247.9176993519 1453333.0937500000
115665798.4399397075 1294182.7504882812
116475001.9630338103 1356681.7836914062
116500922.9747947007 1359247.1264648438
116489289.6346741766 1359208.5180664062
117182878.6317484379 1391238.3833007812
116521671.5605170429 1359947.5117187500
120872636.4291181266 1475314.1328125000
116454685.2498673946 1356268.8540039062
122291398.2165753692 1481052.7666015625
117514791.7360416800 1405166.9926757812
116443051.9097468704 1356230.2456054688
116486276.7300033122 1357023.1157226562
117782756.5060535669 1414810.3964843750
116851270.3660297096 1375763.6630859375
117136640.9068211168 1388260.1108398438
116533099.4197482467 1360536.4106445312
116537205.3394690454 1360558.9111328125
116623158.5196387172 1365475.2124023438
116352992.8098563850 1351291.4438476562
122171798.6522349119 1480791.7490234375
117060544.3338051289 1385056.6127929688
116625884.3795545846 1365970.8134765625
116396217.6301128119 1352084.3139648438
121068001.3097435087 1477595.4375000000
125856523.9719966650 1484104.2724609375
116578378.7963314950 1361084.2934570312
116821202.7389674336 1373137.1274414062
116189269.1222229749 1340254.5976562500
121808605.2376917452 1480025.5644531250
127280292.0668519139 1484951.2929687500
127226964.1721783876 1484909.9726562500
121936952.3117714673 1480356.4316406250
124984098.3949768096 1483649.8623046875
122012808.2899641693 1480733.5781250000
121577601.1862675101 1479589.9472656250
122185684.8224741220 1480952.7216796875
122270168.0944138318 1481052.2275390625
121943104.8757043779 1480417.3125000000
126060068.9205215871 1484130.5126953125
121831307.0488568842 1480228.8769531250
116389066.7024816275 1351342.3881835938
121224662.7475419194 1478257.5273437500
127302575.9124750793 1484963.3974609375
116395165.0101705641 1351352.8891601562
126261668.3867549449 1484164.8232421875
121607499.9527779073 1479822.5185546875
116893442.5663438886 1375825.1083984375
126242121.0676214099 1484139.0214843750
120861003.0889976174 1475300.3251953125
124483316.3750997782 1483298.2988281250
120290317.2338849902 1469150.8935546875
125523688.8309417814 1483969.8544921875
120284676.4095356166 1469123.5800781250
124670673.7654040605 1483488.0742187500
121079634.6498640031 1477609.2451171875
124648933.1605113149 1483418.9873046875
127199140.6480524242 1484844.6962890625
126273301.7268754691 1484175.5888671875
126621855.8404677212 1484586.2451171875
125007890.8175394684 1483771.4208984375
126697467.5807644129 1484639.6699218750
120903953.6484375298 1475335.3095703125
126520185.2163199335 1484523.3564453125
125054771.0931628793 1483828.4619140625
124926158.3058376759 1483611.7998046875
126503729.7779786885 1484269.9072265625
125043137.7530423701 1483814.6591796875
