628701232.3482078314 759282.8358220462
636750784.5758125782 851309.5588450733
647805453.7238943577 943120.4286289215
632715499.5437504053 813715.4673649868
625606587.4021612406 713068.8067336677
703478377.9178081751 1165510.0171670914
623836730.9799326658 667325.8243270515
715215467.3784894943 1182788.9230346680
623804873.7627038956 663203.0713973640
624030475.9826115370 671336.3726668953
629114407.8659065962 767169.3042973879
641326633.8550957441 894122.7481545884
677285213.1426184177 1083147.2733075619
651410835.9448745251 964048.6107423017
639214538.3359080553 880334.5912213674
643247505.1293430328 908864.2324172547
640722452.0459145308 889700.0930829396
639812495.0526139736 888952.0948579687
632446172.0115853548 807862.8788022365
640649434.3048918247 889692.7070660939
724943031.0013810396 1194663.9299316406
638912306.0470573902 875279.1574139943
649600554.6585786343 955248.9673783779
715164656.6925350428 1182643.4325561523
703892576.0971225500 1168554.4807291031
638923969.9877347946 875461.7037396779
630111869.9413925409 778442.4122248435
623680198.7413796186 661875.8138900398
724674367.5723625422 1194256.6491699219
639481449.2479872704 881977.3122223545
625060942.6288269758 687558.0802479609
638989144.2000026703 878618.4274335256
650067494.5749771595 955464.2760948126
624708721.2157505751 683693.5251273512
633518571.1365860701 823913.3305443348
638682772.5918033123 874748.7108350148
639103411.6230930090 878964.4747510304
624205020.5936145782 671745.6600150465
651248528.1480039358 963442.9426053814
677458663.4218817949 1083747.8559287786
708300654.2419481277 1176011.8048257828
638113683.5674343109 860933.7595500639
637314152.7529599667 858689.7553482357
636753430.5912255049 854406.5485301319
652520056.2228822708 969134.2158950726
631762566.0060377121 803842.4747615311
631319830.7769060135 796464.5131175820
630447446.2334836721 783993.1898331348
669095184.1325316429 1049889.9646666823
629442209.4808933735 768754.1036350190
627772161.7899336815 745525.5227176625
630860093.5851864815 793420.2736156288
627322476.4053775072 738186.5295298992
624520779.6327093840 679779.3093680738
723719626.3174207211 1193536.1002197266
629613528.5067232847 769973.0146588743
628850652.8044074774 766609.3538396064
630010436.0001111031 777897.8790869176
642155106.0264549255 904531.5012566153
629640478.8361053467 770342.9199499547
631214966.5712612867 795879.6253883317
627909061.7186932564 746587.8881233115
630822659.3565859795 790638.6495606493
649966086.2737833261 955452.5138451150
639497021.7865813971 882613.0021034781
624290300.0642093420 674941.0764579176
626926362.9940968752 729222.3791095911
638958587.0755158663 877417.8050834242
631705361.6645183563 799046.7424543354
655029579.4264708757 982783.8004923565
653123965.5815100670 973357.3830291191
627517010.1506311893 739830.1027486249
652650009.3618533611 971220.2215393791
654646051.7010055780 981930.9786893884
652418978.5958920717 967486.1465636650
636553443.1120609045 850912.3363508735
653247418.5328012705 975984.3792020837
624655139.2585880756 683380.2873315139
642535052.3914880753 907778.9011331735
642301469.8185180426 905610.2024027047
636348075.1088252068 850787.3747976128
627766928.5796867609 743339.1739345713
640899552.7331646681 893366.9543712878
625478582.6106693745 696050.5734032913
641542782.0987035036 897790.9772630868
707079178.2344667912 1173872.4218912125
654374647.8386027813 981237.7981425030
635997096.8512588739 848299.8409933153
627872846.8464035988 746057.6350703548
627350597.2835898399 739325.3005025311
644153797.0344974995 914547.6590372262
643145718.3734225035 908407.9630904775
626710893.5499308109 726838.2567804380
630528043.2717067003 784390.4463316276
641643120.3507848978 899857.5704971472
638292782.3067089319 871144.0740958754
624325988.9166239500 678754.1069115921
707854514.9102797508 1175803.5908365250
638665795.6802412271 873539.3653556410
644041184.5767266750 914036.9678229851
632668957.9291368723 812163.1542074525
629652749.4498972893 773596.0179224138
705748120.6776221991 1170708.6301431656
628692693.4682086706 755953.7993723893
643291412.8716626167 909300.5608405633
643332370.2081609964 912377.3406257195
642860021.6663531065 908033.7719001336
632698272.1977014542 812340.9648062184
626206652.8578616381 719010.1971948667
628429721.2077773809 752208.7387581313
632601129.6239770651 811997.6820394838
707618154.0198347569 1175424.5688638687
644175056.2540712357 918684.9763939213
626428357.6247936487 719491.7866156622
627016322.3669036627 734251.4806060119
639750850.1213765144 883811.0650703752
637867846.7555377483 860446.3304146075
627309279.7611320019 735607.8601363226
644963029.1560559273 926326.8603813481
638208581.4568740129 864754.7455360735
644408638.8270411491 920853.6751243901
625452909.3876345158 693046.2340295835
705561972.8571299314 1169268.4684000015
645837438.9217580557 930884.9598952662
649187745.0528779030 953688.6228491124
646107295.4500839710 934534.7969161402
646340125.1043050289 934659.2056075465
626707281.8599444628 726475.9959868713
648565840.0046697855 949088.9678418429
648101619.7703142166 948718.0706250460
630260802.6985614300 782518.6829345481
645977091.3708130121 931975.9319259059
625123889.7230703831 690897.7133675142
651853496.5798636675 966402.9579791483
647549355.5930641890 941674.9403149874
633579348.7546645403 824703.2453548753
634009431.9854296446 828618.0733578050
626463700.0880994797 722733.1760100647
641480513.7366914749 896235.8546658898
626478395.2807036638 722734.6872385069
645704016.3164564371 929978.3936841281
648662199.9595271349 950695.5666967686
626510432.3627229929 723041.8676202818
635108861.3744710684 836628.6406185472
634332835.7760000229 832243.4206478441
648074696.5500038862 943887.1241123449
635905418.6186987162 844353.7757074399
625516332.2931032181 697945.1795251890
696080499.2708718777 1147317.1112833023
661373781.3606601954 1017583.6737886935
630661851.0285416842 786793.8838954273
634585955.3137538433 833194.7482845628
658231426.3327319622 1004190.3364086002
658324702.1320505142 1005578.9873512536
635807139.7991553545 842643.9203288261
635632485.7279772758 841220.0818278495
712489144.1546350718 1180915.2904663086
659176671.6874178648 1008354.5071628839
658713969.2661629915 1008268.1863621026
633779532.3649848700 825049.8562180701
633196531.9848458767 820805.9010178748
711719774.1147739887 1179715.0286254883
632790221.0216224194 814041.5606487514
633117929.8485546112 818867.1372639838
632521343.2636960745 811584.7302545238
643770481.9001226425 913807.2224528561
659200004.6367796659 1011405.0090073049
723165947.6401429176 1193265.8813476562
660134549.9097276926 1013974.0811371803
650384050.0226150751 959950.0120736607
650313311.9462981224 959860.9737435826
651016848.6094113588 961555.9758798131
665534767.4197007418 1037564.9104639068
717502749.8082669973 1183010.3732910156
709791876.4236282110 1176820.0718994141
710835136.3911310434 1179530.0430908203
710215314.9466949701 1177064.5279541016
717802398.5694530010 1183161.3187255859
709635722.1488964558 1176412.4095458984
658092826.1422373056 1001686.0575839153
717688241.4119473696 1183128.0498046875
665096772.6647310257 1035169.2395957292
655298168.2251806259 985996.4210537041
655562744.3262339830 987548.0782802666
655508363.4842329025 986574.5012403599
663696090.4637911320 1030481.8380619404
663831134.9534268379 1031353.4431509268
721455685.6065639257 1191637.2700805664
659988653.9463033676 1013580.0067424092
646707420.4196332693 935461.3119479365
721122023.3536137342 1188787.0650634766
718819224.3801399469 1188421.4829101562
722315841.8051238060 1193168.5750732422
717856682.7594505548 1184181.5421142578
718204140.5153632164 1184837.3900146484
721559891.5908735991 1192663.4986572266
711225281.3506160975 1179557.5327148438
710233919.3868980408 1178363.0836181641
710285298.4324582815 1179504.4918212891
711729342.8444100618 1180592.2966308594
711398302.4935314655 1179708.3161621094
709898795.7402149439 1176875.6889648438
663068504.7235095501 1029036.1236699820
722251717.7154996395 1193142.8973388672
654138400.1191694736 979139.1198985251
663981079.7870109081 1031781.5550416708
663312989.8540147543 1030333.8924440145
709328766.2190828323 1176059.8886718750
661377867.8588012457 1019694.9227202570
656857457.2243986130 995131.8774219763
657331651.5019757748 998057.0055586111
660731466.1315164566 1017167.1228763111
660526700.6441084146 1015260.3520022876
655228931.2143115997 985355.1829033643
655279148.6541348696 985440.7225321471
667600639.0872293711 1045059.8582419753
657778692.7608748674 999385.5478470093
702315515.2709226608 1165140.4739379883
721327728.8693491220 1190619.4517822266
712831599.3834908009 1181725.4181518555
703490169.5351209641 1166352.9788208008
701544271.1296217442 1164488.8632202148
693290760.1846873760 1143845.2845458984
696920738.8761751652 1151747.3127441406
698448465.5036225319 1157396.1135864258
704515004.3746966124 1168635.0265502930
699349998.3644504547 1160265.6742553711
697407603.8890453577 1155642.9024047852
716878750.6623709202 1182940.0924072266
697951914.0113912821 1155936.1553344727
706406181.1158182621 1171515.9334106445
706158720.8140405416 1171482.4852905273
693377687.4765267372 1144791.3995361328
699954332.5406382084 1161097.7749633789
698887329.2484213114 1160151.0046997070
698872742.1609961987 1158396.8328247070
694665456.0735847950 1147252.5362548828
694328825.4389581680 1147188.6302490234
693950990.9495710135 1146103.8685302734
693667686.8993211985 1145925.5463867188
701401016.5258494616 1163900.5423583984
665959395.6687594652 1039902.1204555687
700373647.4733083248 1161392.9241333008
700609059.9453548193 1162214.1983032227
664661903.2548843622 1033715.5872521172
662056844.4319007397 1021630.2006814053
662173461.9689460993 1022219.7075173426
669253950.5993735790 1055138.3683358254
669427769.7581428289 1057729.4441350824
691459119.2572515011 1138706.9299468994
690649936.9549335241 1137161.5815429688
667014204.8150768280 1044832.7363451892
666679314.2908681631 1042344.3034028285
666795232.3732829094 1043150.7326020473
690409426.5821571350 1135304.1872558594
668018291.8943997622 1049263.5837185979
674528409.0857875347 1077950.3682356775
674982871.7584656477 1080418.7570296228
675459967.4745615721 1082609.2710677087
675359628.1959644556 1081584.4740706384
680897164.0669349432 1102207.0472716093
680674145.0467886925 1099731.9154356718
681355464.6708449125 1102637.5256651640
680669231.1395304203 1099318.8544005156
680892250.1596770287 1101793.9862364531
688120676.9360829592 1126639.5513610840
684057395.0795760155 1112928.2645797729
689280734.1776117086 1130291.4660949707
688574595.4571403265 1127756.8490600586
689446345.2092448473 1130292.5591125488
677593771.9981395006 1089660.5805200255
673180094.8794139624 1071756.9777685590
678535500.9600946903 1094301.0253442442
673693891.6926455498 1074638.4275976606
677509092.8399454355 1089326.8219751036
678808626.8946337700 1094479.7992700255
677804449.0382093191 1090858.8283227598
678828379.0754984617 1094521.7636254942
686529665.5241506100 1120465.5100097656
673246816.7495412827 1072229.4819679447
673614242.8724814653 1073995.3316993900
682669516.8853065968 1105593.3451461792
670189534.6712251902 1060880.6021112874
689508324.2647696733 1130707.3691253662
688002641.6953433752 1125705.6458129883
669753416.7302935123 1059102.8681024984
669299828.0198074579 1055448.8121012524
679930803.8316006660 1098073.6645628419
679827077.4922220707 1097061.1009642091
671022903.2628294230 1064537.3521200418
671697273.1322227716 1065896.2484627217
671308544.5671956539 1065262.8734823465
671720396.8587505817 1066445.2868015021
670654130.8889118433 1063532.2326132059
689929637.2317943573 1131490.5582199097
683904998.1596169472 1111708.4347152710
683904998.1596169472 1111688.2093734741
684618875.6339170933 1113305.0055465698
684614727.5745996237 1113304.1703414917
683912223.9414901733 1111748.8246765137
