499001881.4967243671 17255.4085672796
433978609.5596164465 3636.9829075685
434792735.7115121484 4349.5118081423
433613668.5265446305 2729.1627153442
487943547.2266602516 15685.9454093314
433624515.1091635823 2825.1911446062
433496646.0602779984 2266.8079578390
433724676.8172611594 3044.1700157189
433731477.6941351891 3044.3441580232
433551136.1421823502 2500.7646177339
514695352.1473468542 19756.7796688080
462299717.4987168312 10789.7896898742
461794807.3762924671 10767.1788176055
457840642.7397271991 9811.2681987164
457785834.7092272639 9782.5755183575
433534236.2402830720 2485.7134962728
433608353.3921089172 2729.0353571227
434072867.5865625739 3832.4048403751
482953105.7285308838 14992.4441505671
488462180.5838907957 15769.5589974392
433989210.6666386127 3658.9920683002
466474200.7139421105 11636.4313597287
499055721.0010914803 17283.7198196352
474907756.6412413716 13541.5443517839
474323187.2614046931 13437.7159936801
482052665.6400672793 14812.2275409135
433767986.2587456107 3153.5248807877
477215396.8816505075 13977.6396641266
515033536.3395189643 19805.7620906830
506047027.2452042103 18450.1293523908
433473761.1368333101 2061.4068564854
514732613.9899626970 19784.2668857574
470836794.9250778556 12530.9369908348
433492376.2530633807 2172.6520269297
434253833.7027369142 3953.9121468568
433515072.5380743146 2376.2533522298
486845493.1992117167 15569.9947600588
433463827.8354361057 1965.0473011106
433465135.6052992940 1965.0510562635
433800850.6394412518 3241.0811430732
474262773.9882071018 13401.9182217017
433504417.4773983955 2280.5642347021
433556769.7242079973 2510.6797529559
502885007.0174781680 17836.4647478842
479800629.8767566085 14496.4877239862
479900712.4904714227 14569.9481789269
488743868.4014042616 15805.9384110439
433468344.5742953420 2047.8876697531
433639563.8508220315 2838.4955011657
433713000.1681116223 3043.9366807410
471340587.2667197585 12915.5440849140
433482940.2571492791 2065.4730300680
433491552.2879034281 2171.1040906592
488756110.9615637064 15813.1655751038
433761266.6792180538 3153.3968247840
433583941.4705867767 2621.6771001252
499246484.1335299611 17336.9890881479
433919518.7684646249 3548.4947868487
433659676.3674996495 2934.4172558891
458502313.2527583241 9881.5767459375
433529856.0198228359 2392.2680551179
450752505.6388929486 8391.1723156469
434071916.0797590613 3823.2526349675
494090603.3569860458 16581.1097532474
493742195.6787981391 16574.1646026857
453068916.7681707740 8627.7795877464
476021063.5885948539 13679.2433359157
479397414.5152637959 14191.6050522039
434177676.5163786411 3941.0995196465
434851788.1174471974 4349.6255082714
510454534.8777135015 19224.8763658785
433587158.2768428922 2702.6396329292
465599624.0883561969 11521.4650231841
465022082.8583031297 11476.5755654815
491140378.9701797366 16221.6775701660
433676712.8843591809 2934.5460096750
434251727.8449359536 3945.0588775601
471224770.3066993356 12868.7753598765
493826888.9997476935 16576.5826744325
455290092.3879263997 9479.7844886954
455056691.9077378511 9456.9066289539
465997440.2301486731 11565.1254075970
475452309.2953675985 13646.3696690705
462883473.3281798363 10965.0983956847
460048879.5910419226 10244.5889639286
497361711.2930151820 17062.6706335545
497842275.4796136022 17072.9852468967
471564858.1817978024 12997.1649665833
471071635.0475271940 12692.2335002199
434924795.0022735596 4366.5297078716
435068365.5598510504 4518.7629015523
494758377.2285054326 16684.4913285747
433553359.8269820213 2508.8909353858
488897931.8201842904 15950.8318100274
492994441.9664466977 16555.6135360897
433505825.1805937886 2282.1121709726
433514064.4005287290 2284.5496400066
473886102.4289361238 13398.7247247452
433930608.7899598479 3549.2985892794
433533228.1027373672 2394.0097840496
494929796.1162167192 16742.3537305370
434316630.9614815116 4051.3634661201
433688561.2502902150 2947.9556452087
433566017.0816888213 2604.8209342131
436023654.3630586863 4715.9931036013
467214427.8375473619 12004.4973963989
466813445.4409306645 11903.3158625855
435812274.9575855732 4606.5329595583
433521578.9855763316 2389.7834974455
433556147.2071222067 2510.4929464983
492209679.3650106788 16361.0871886313
491894048.5858668685 16272.6858643591
434743983.2971580625 4240.0516640993
433918516.1898639202 3502.4441511918
433524988.8828024864 2391.5723150156
433567517.4649651647 2606.7171804237
496570534.4234323502 16925.7902096510
433477523.6946115494 2063.1918828867
488440796.5859516263 15742.6450916863
488051567.1826626658 15736.6713633313
434607003.3770349026 4217.0455191948
444090755.7851216793 6663.8017242609
443866274.1951110363 6598.9622040766
497017171.8574929833 16973.8341200352
473387388.8002183437 13176.7457549833
468937200.6055358052 12224.4508614535
433476115.9914159775 2061.6439466162
433959102.7286877632 3636.1791051379
508221021.2394711971 18805.1336916387
433581176.4691768289 2618.3517772109
433483855.5268883109 2157.3478137960
435151054.2745764256 4561.6884650119
514355192.1661182046 19700.5809869766
514691021.3059144616 19723.4168872833
497219832.2506094575 16986.1978502274
514395542.7778794169 19715.6538715363
490516344.3933537006 16102.6286034361
490646968.1287127733 16107.5330986753
454961753.0456691384 9100.1091343043
454747233.3463225961 9087.6495861029
454476765.0049143434 9087.5227593397
433724487.6533731222 3044.0647367447
433616177.7621267438 2824.9571118461
459044835.0493763089 10236.6212506667
460900458.8008798957 10307.9441281584
460491137.7141540647 10291.0399285582
476037671.2045339942 13932.0327160457
434197183.3473071456 3941.9033220771
433544910.1650034189 2499.2443392707
433665416.5697179437 2934.4765366981
505937218.2755967975 18387.5849944353
504361977.9425994158 18134.0922726095
433742464.3129814863 3059.1527877305
433636785.6328301430 2838.4948033835
433684393.7730718255 2947.9549474265
433572523.5291905403 2618.3510794287
484256841.0650161505 15388.1651564091
484542732.9948308468 15454.3110218495
434020087.9592117667 3722.9446963321
433540742.6877850294 2499.2436414885
433599700.4521222115 2729.0346593405
513764895.1589740515 19629.4004154205
434755802.5430087447 4240.1653642284
471103380.8065221906 12791.2308967188
470881221.5305524468 12621.7354438752
451104584.1136819720 8498.3279400365
450843551.3629613519 8401.5111446874
451543687.4529770613 8585.2519905815
502673928.1795380712 17769.5473434709
470828225.9422422051 12528.9404823482
481883188.5644454360 14736.6290735602
445810014.7869960666 6917.4325527070
462786217.4999239445 10876.3533738646
462838555.0259728432 10928.1730302367
478213198.4767937064 13991.9175985362
434004497.6041014194 3722.1408939015
433956889.4638597369 3612.6807498585
451393516.2452783585 8509.8034813652
498310989.1548119187 17105.0720496595
443207773.1600399017 6326.1560418467
435017910.1305041313 4475.9898519146
508647849.8855941892 18827.0531461239
492471503.6841906309 16483.0499776304
492368630.4958703518 16444.3598560989
460924173.5227023363 10592.1383173990
503628253.0545901060 17945.6712288857
463596119.8744955659 11163.5055551621
443279829.1855711341 6389.0086161952
442815267.5436382890 6279.5484721522
460349983.7224661708 10279.7183648375
481664209.9049439430 14660.8405219219
478443493.0122890472 13991.9278686408
441890601.1512857080 5950.0412400957
441667258.8516892195 5855.8904527422
433592164.3410682082 2714.2735319343
433929044.2471218109 3549.2400062525
433560383.4996626377 2595.1660939940
437376207.7371255159 5044.3735357302
447873136.6177285910 7808.2838282861
480697616.5109990835 14607.3748064064
494318358.0539628267 16609.9966700599
498280934.5696368217 17082.0318808407
498457938.0228945017 17118.9490904659
433591476.8984128833 2705.8496739058
492828678.2949985266 16500.9843129963
509254985.5851793885 18877.6301141679
508681377.2191792130 18835.3410831392
507388394.2903715968 18487.1092380434
502188370.9626748562 17559.5827244669
502244492.8538689613 17592.5478333384
494647403.0497809052 16637.6437694132
510363863.6949123144 19105.6656114839
442334261.3788990974 6256.9742424135
441921998.8671656847 6169.1293641786
501190125.7541614175 17408.2893015184
498981978.8429041505 17156.0682222694
433988980.5559564829 3657.9549308917
438845328.0099171400 5226.9628634367
512771702.4214983582 19469.6972064972
512689346.4222954512 19435.3063144684
482794344.9093481302 14858.4766737223
448252236.8742081523 7917.7483768294
433463157.6953763962 1856.2828971699
434277406.2661765814 4042.4744363788
439482321.4994857311 5508.3727114576
439202604.8431857824 5437.7737810987
508106957.8639742732 18674.5589188039
434999315.3281887770 4383.0867528545
487734371.8414967656 15645.2581335213
487671453.6065194607 15626.3121229317
435000073.2555372715 4392.7350091564
434148413.0473188758 3853.6869958196
433460560.1234200597 1843.1835075303
483730292.5557936430 15001.9044232965
433918868.1246282458 3525.1394722457
481646393.4574559331 14649.8558317728
434060241.3476283550 3744.0597603316
433829500.1614297628 3330.5753343175
434359615.8594241142 4108.4011030231
433768585.3335707784 3220.1136569376
433750722.5928463340 3111.7142582316
433878037.3328151703 3440.0354783605
433678753.1139260530 2939.6315553555
508002823.4270271063 18514.8307321072
433782000.8635615706 3221.1151902746
458801888.0881231427 10045.7956902807
458524339.4855034947 9948.2822320287
453686789.2890223861 8941.2599073102
511947030.9035294056 19255.4088678360
434344222.6164687276 4072.2130806211
453347195.9131236076 8876.3768096566
433847909.8054443002 3350.3446196909
478618873.7721465826 14190.9823443196
496375599.2490379810 16767.3306233883
433876408.3560885787 3439.3764711465
453333808.8274456859 8654.5849821463
457091439.2919154763 9598.3960228478
450670730.3434805274 8093.8553986494
450577490.8129147887 8086.3662571156
433736348.0679684877 3049.0916993985
433879409.6182517409 3441.3395987843
433797850.9945802689 3222.3393515418
478608754.8393736482 14180.0455152295
443457184.7960544825 6524.6429000872
443646370.2872886062 6579.4911056536
433750815.1994588375 3140.3593047915
475698459.7706309557 13646.4563915828
433889380.8904171586 3452.5082746540
450678403.7702178359 8268.4261136273
433752222.9026540518 3141.6469460590
434045958.2500454783 3743.8234694812
433870447.0784349442 3439.0346428058
449029893.0841951966 8039.5910880348
448834316.2955798507 8032.9781400940
473281811.1257230043 13039.1675654426
464928818.9816368818 11325.4534364743
433864621.8028243780 3439.0339450236
443438736.0549005270 6464.8402032968
436743723.1589264274 4808.4369312343
434579233.9068468809 4138.5112293032
466754722.4513347745 11713.9056268446
469574572.2792924047 12368.6895550489
469998797.8176860809 12522.0915718079
433855142.6746479869 3352.1846732493
434989629.8231540918 4380.4765224126
447563336.1515765786 7693.0765252428
447516884.5172742009 7681.1813416796
464224705.3006508946 11179.5063039621
433908433.9003204107 3461.6455150744
447040645.7322865129 7502.6435626825
446964407.3693647385 7413.3708242258
433860731.1534556150 3352.1853710315
433736748.5309455395 3054.7983720669
434964621.0167958140 4369.6102389958
471083695.9971399903 12721.3352383450
440964971.0063166618 5711.1156857808
468644257.3530123830 12048.5363181233
446498151.2566924691 7079.7698454819
446673591.6615267396 7118.2889447494
446757197.8599015474 7243.7687747476
