1511066398.8844523430 15143395.8046875000
1522882058.3695921898 15437438.5878906250
1509209091.7221798897 15001520.1455078125
1518585512.3334257603 15351354.2724609375
1509071224.4584534168 14973013.2832031250
1515304306.5155906677 15286165.0878906250
1509006508.0538146496 14967838.4199218750
1516275910.7789862156 15305601.8808593750
1515229726.4701981544 15282364.9824218750
1510973099.4192368984 15131465.2343750000
1514294098.2088420391 15236739.1103515625
1519427865.5134012699 15368510.0380859375
1513693498.8019468784 15221503.8544921875
1529982891.5488266945 15553507.4785156250
1538263983.9698550701 15676069.6152343750
1517292907.3005821705 15328126.6611328125
1518822290.3062665462 15357104.5380859375
1514458598.3121495247 15237986.8994140625
1518838967.3513972759 15362483.5556640625
1514337984.9994902611 15237968.0634765625
1528091419.8812909126 15516566.6943359375
1539486465.8762931824 15695296.9589843750
1509686196.4301180840 15069266.9042968750
1525936385.1476743221 15490352.8388671875
1542288154.0206606388 15715081.5937500000
1515919985.0717527866 15299570.9199218750
1515426033.9353249073 15287786.7500000000
1517942039.0640769005 15344279.9453125000
1515609325.3102698326 15294299.6386718750
1517666996.5922341347 15339268.4804687500
1544325421.8373227119 15731570.0175781250
1552186668.2552156448 15791616.3222656250
1509137566.5580947399 14999609.2626953125
1533456031.8094861507 15604175.5605468750
1541663892.3813240528 15712191.0273437500
1532944427.7865200043 15602767.3808593750
1519147099.3927168846 15365844.7353515625
1550895625.6638596058 15774356.1679687500
1529077094.0699634552 15536563.8701171875
1541777913.5167748928 15713880.3457031250
1510566230.6911501884 15117932.1601562500
1510712433.4056329727 15119683.6054687500
1538761260.9721291065 15677381.6621093750
1521796717.8963999748 15413877.0488281250
1522105103.3111286163 15423780.5273437500
1518467996.6108629704 15351267.9589843750
1517279054.0541250706 15326451.2138671875
1509586836.0596203804 15015107.9306640625
1555503486.8972339630 15804584.0566406250
1531577497.1677606106 15577475.6972656250
1515094179.8189921379 15250052.9814453125
1513898613.3811602592 15223188.9873046875
1513176726.5045466423 15212726.3642578125
1509843878.9697127342 15071180.1093750000
1517616757.7344727516 15334062.3408203125
1541791709.3363831043 15714347.7929687500
1538957294.8888981342 15681296.6757812500
1542700532.6266901493 15723396.7226562500
1551964050.7183363438 15787277.4824218750
1546570635.7514758110 15756529.2050781250
1529755445.8892414570 15548273.6171875000
1540610024.5466656685 15704390.4238281250
1551953609.0344324112 15784482.2714843750
1509327362.2325561047 15008992.3779296875
1511435275.7861657143 15164930.5400390625
1522913062.5798106194 15437827.4804687500
1552184471.4707112312 15790857.2812500000
1515981242.6209414005 15302408.7460937500
1552794390.5353860855 15795902.3945312500
1514044726.7434921265 15231640.5136718750
1523670992.6871170998 15448864.7470703125
1554076658.6484017372 15797846.1914062500
1515604302.3306868076 15288681.9648437500
1512804088.3589243889 15199558.7685546875
1522949589.6457471848 15440639.8574218750
1514678937.2261548042 15245804.2314453125
1517083166.3498525620 15321724.2998046875
1550460859.1372015476 15771543.5273437500
1548875180.8983964920 15769634.8476562500
1523054359.6303553581 15443097.6875000000
1540339752.2113468647 15703277.5097656250
1509103209.9832072258 14977416.6230468750
1522217952.6615018845 15425875.2031250000
1510372416.5659377575 15087595.5107421875
1509718142.4582142830 15069705.7363281250
1513693498.8019471169 15221504.9912109375
1544858336.0145804882 15737352.2949218750
1514822223.0423693657 15247459.6337890625
1513416586.4610750675 15217638.5224609375
1517134586.6954536438 15324273.1767578125
1522406000.4559514523 15428763.2148437500
1531019655.3506767750 15574293.3476562500
1516685735.0788097382 15313446.6328125000
1541357160.1847193241 15710336.7167968750
1545775721.0145933628 15754654.7324218750
1542412107.1716287136 15720618.5859375000
1513610768.4181723595 15219795.7148437500
1546229876.2823030949 15755550.2753906250
1509576977.6933701038 15009864.7236328125
1544894507.1255965233 15739308.5917968750
1509611066.3468058109 15021028.6923828125
1540183966.3011608124 15698168.3320312500
1513324463.9043893814 15215143.9980468750
1539884756.8518614769 15696411.7636718750
1510435744.7419075966 15096846.1318359375
1541139162.7915892601 15707872.8652343750
1540285969.7770442963 15699549.0722656250
1531483837.1327865124 15576745.7089843750
1523676716.9404268265 15449606.0058593750
1539129696.9546253681 15688853.3476562500
1553869104.9910900593 15797242.1386718750
1522534344.8919200897 15433234.8085937500
1519738497.3042545319 15375479.7939453125
1516869620.4215128422 15319346.9355468750
1521697612.3108441830 15411313.4980468750
1543750193.2784709930 15730208.4355468750
1543479597.5870144367 15729946.8867187500
1524245636.5381391048 15460668.6416015625
1523483919.4936039448 15448482.6835937500
1516802225.4735295773 15315286.5585937500
1517470606.3472726345 15328390.6787109375
1521959563.3667051792 15420908.2871093750
1524249215.1617579460 15464873.1396484375
1512791294.7435250282 15196367.1220703125
1530008475.8398373127 15560419.3750000000
1552525199.6138584614 15794578.7792968750
1523806263.5542349815 15452930.3525390625
1539463546.6156063080 15690913.3535156250
1521658203.6667916775 15407297.8515625000
1544544723.4569163322 15735720.2226562500
1512998626.4971170425 15207297.8847656250
1553946441.5044970512 15797667.4941406250
1544348867.3407430649 15733966.4179687500
1538895878.5154025555 15681235.5371093750
1540013255.1516892910 15696963.0722656250
1537986869.3646218777 15666624.5371093750
1516607409.4912021160 15311391.8320312500
1545271988.2580211163 15742530.5683593750
1545325550.6228075027 15750511.8515625000
1520418242.6561865807 15384415.4443359375
1540650719.0579102039 15706511.1093750000
1529526043.8142466545 15547866.8408203125
1512595968.2715463638 15193385.3515625000
1520742771.7990343571 15389142.2197265625
1510109855.0650830269 15085343.2363281250
1512923716.2595286369 15206688.1503906250
1539114392.8847513199 15682157.2968750000
1525011405.4138193130 15478142.1669921875
1537664978.4709782600 15665805.5312500000
1524919000.3626847267 15474703.6884765625
1513606510.0488333702 15219108.5898437500
1548479220.5080864429 15769538.6621093750
1512762602.7494084835 15194242.6445312500
1512461271.3760564327 15188236.7285156250
1512018006.1166687012 15173164.5156250000
1512169095.9280784130 15178433.7109375000
1510225002.2095043659 15085705.9042968750
1525363299.4394071102 15484133.9062500000
1513910814.7982485294 15227784.4335937500
1514867673.0030312538 15248929.5166015625
1516493192.9049086571 15308795.8242187500
1516559986.6683511734 15309757.8867187500
1509849799.7955427170 15080553.5488281250
1520016462.3073132038 15379147.2822265625
1520177233.4431402683 15383405.5400390625
1516218525.7670493126 15302483.6406250000
1516453145.0845596790 15308134.1855468750
1530884218.5913794041 15572510.6074218750
1547571015.4208774567 15763974.0292968750
1535354883.7785286903 15633599.2382812500
1521634689.4822340012 15406474.7773437500
1520053819.4100208282 15381563.2246093750
1520849123.2755103111 15394167.2626953125
1523330311.2795786858 15445958.3798828125
1523305065.6357932091 15445431.1718750000
1523219130.4636533260 15444638.2363281250
1521773847.8611667156 15411964.3144531250
1536100137.3031647205 15644117.9121093750
1514750866.3291141987 15245997.6640625000
1511909983.5229425430 15172269.9980468750
1535717066.2108838558 15640483.8867187500
1513814745.4305691719 15221670.5117187500
1524866857.8638060093 15472750.5595703125
1514527304.0729219913 15242743.9121093750
1522277829.6315779686 15427059.7558593750
1548406543.3871431351 15767385.7343750000
1510392491.2880785465 15089587.9101562500
1519303719.5041615963 15366921.0585937500
1523424127.2633051872 15447447.8164062500
1509242361.8545880318 15003669.7724609375
1522820134.0791606903 15435926.2607421875
1535530555.1339447498 15636288.4824218750
1512264575.8977386951 15184131.3945312500
1548417153.3685712814 15768292.2421875000
1520907236.3038625717 15396096.0527343750
1514902875.6565651894 15249879.0322265625
1523872169.4005310535 15454603.4902343750
1525265396.7341766357 15483616.8964843750
1526086225.5631871223 15491603.7578125000
1530289088.0368301868 15562644.9472656250
1512071184.7166297436 15177047.2871093750
1522928534.4731991291 15438775.1484375000
1555023613.4793028831 15798956.9140625000
1535255400.8641216755 15628692.9355468750
1522612652.8256177902 15434494.9072265625
1519508612.5546119213 15370197.3144531250
1525548342.0029795170 15487444.0224609375
1512393270.5973808765 15185942.5566406250
1519824263.4569125175 15378732.6044921875
1521298406.8834762573 15406414.8300781250
1548050716.4998569489 15767244.1992187500
1527078901.8124516010 15510101.1679687500
1529802496.5097618103 15550458.7910156250
1537984440.0763628483 15666055.3437500000
1521107045.1416113377 15397273.0712890625
1520769254.8506696224 15392095.3876953125
1524140917.9972486496 15457902.2753906250
1554697581.5958619118 15798508.2421875000
1514480955.4357025623 15241306.3564453125
1538785198.3050613403 15678550.0722656250
1521132015.7410411835 15398443.0527343750
1543450502.3331770897 15724176.9921875000
1530796153.8030948639 15568731.1113281250
1545106640.0475151539 15740737.1308593750
1527539483.7829916477 15515448.2529296875
1529995430.4231207371 15558270.9589843750
1519607262.8962259293 15370947.1992187500
1520450342.9235954285 15384787.8212890625
1545047564.5883727074 15740293.7617187500
1528935568.6283335686 15533496.9101562500
1526488144.3352682590 15503196.0400390625
1526195851.8091773987 15496695.5712890625
1517510440.3163204193 15331201.9589843750
1537878734.7941055298 15665888.5761718750
1526221825.4714882374 15501224.7919921875
1526093476.3369188309 15493708.2412109375
1535044941.8198821545 15628596.9375000000
1527048318.7594311237 15508780.3134765625
1524606023.8486900330 15467074.1787109375
1535497583.2819414139 15633804.2441406250
1544933513.3354601860 15739756.6933593750
1530710010.3388366699 15568416.2890625000
1524782992.8072261810 15469040.7646484375
1525028394.6474859715 15482072.4023437500
1535304260.8689026833 15632951.1367187500
1537088754.1304466724 15654370.6640625000
1530863017.3134212494 15571257.0839843750
1520542593.8833777905 15387097.5019531250
1536451851.8324744701 15651066.6210937500
1530604830.8333618641 15567442.4453125000
1530325743.4472165108 15565737.1132812500
1525844018.1160008907 15489802.1669921875
1531746395.6552512646 15583714.0097656250
1536361881.7884490490 15647573.7148437500
1535980958.7945599556 15642515.1894531250
1526833384.2436015606 15504689.0302734375
1534536214.3745374680 15621511.9316406250
1534984354.9238429070 15626696.6875000000
1526883162.5518605709 15506577.9775390625
1526673253.7564749718 15504336.6533203125
1525699338.0865664482 15489398.0898437500
1530775485.4812150002 15568673.5507812500
1537243860.0301494598 15658821.7519531250
1532651596.7873914242 15598555.7460937500
1531889418.1306853294 15586747.0332031250
1532187775.8746912479 15592382.3593750000
1536233032.2278370857 15644342.5214843750
1531914287.2258241177 15588120.4882812500
1534391784.6819941998 15617534.1855468750
1532634789.9097590446 15596973.2207031250
1532461032.0626664162 15595955.3808593750
1534535587.1443002224 15619605.4453125000
1533866359.3075218201 15608698.5878906250
1537115303.4616527557 15655011.9238281250
1532255083.4610652924 15594677.9921875000
1528315327.6407327652 15524524.7304687500
1533867073.3916821480 15609459.3320312500
1533579540.9509961605 15607892.8710937500
1533750065.5681622028 15607955.0546875000
1536835293.6031963825 15653549.4101562500
1531769853.6543498039 15585514.8105468750
1537548700.7407836914 15661153.9218750000
1534090664.1003620625 15611282.7226562500
1544204229.5663783550 15731092.6757812500
1528744179.7735426426 15531304.5546875000
1532433504.4032068253 15595001.3457031250
1528708936.2487983704 15531173.6718750000
1528211694.0934052467 15523340.6250000000
1528393281.1101727486 15529232.2949218750
1536723500.2961945534 15652706.6015625000
1528543627.0834867954 15529635.4199218750
1528378051.8125529289 15526822.8593750000
1529349180.9038696289 15543038.7246093750
1529093666.8243694305 15537325.2753906250
1528953930.7522740364 15533516.0917968750
1528144997.7446992397 15522599.6093750000
1529744679.0895285606 15548022.4628906250
