453891225.1674805284 433276.1422594190
453684488.9293414950 419617.3329345062
453331342.7991052866 410516.9246684387
452556116.0270964503 396635.7495297933
453470405.6986013055 415982.7684004563
460477248.1395230889 562100.5280331373
455435311.3643051982 464794.3791733365
453222784.1644792557 406974.5100310105
465525993.8252500892 620275.8616436720
491318845.1281280518 805728.1524658203
457053079.7480724454 502545.6392812729
475660540.4111761451 715982.1998764724
463583894.6659922004 601058.4214905500
453996176.3156220317 439052.9766100049
454914178.2747090459 455778.4896812666
452814593.8402401209 397102.3953098798
453131148.1291934848 403282.6703300257
452406332.1757227778 393774.8112973714
464221187.5732406378 606797.2614239454
452712815.1586943269 396944.5464372182
456889473.7294110060 495978.5646278560
455659966.0743995309 473673.7695356607
455770598.3125959039 477878.5067182779
453756427.1977361441 420519.3306444813
461461373.3437581658 575542.8938091993
455317815.0165479183 461601.2083956003
456951674.9850968122 501581.0085219145
457377412.9599847794 507050.5569380522
463094550.5120463967 595762.5707272291
461035807.3338361382 570698.4747189283
491404449.0047321320 805875.5933837891
491181895.9654858708 805539.8770751953
453527780.8135882020 418270.2593095903
452912158.2016844749 401615.4835667157
455096399.9996960759 458617.7182832956
462163958.8542430401 584296.1163486242
458055350.1156421304 520491.6665652990
455513850.9269581437 465327.6364611387
455006374.1788861156 457605.2231539488
457960439.7450985909 516049.8331187963
455354588.6797024012 464348.3326187361
491466816.4318604469 808280.6682128906
455509809.6375122070 464984.1305618513
455000203.4101724625 457356.9088782072
456108916.5177803040 482145.9624649286
492102695.2810608745 809425.1746826172
495705903.6393446922 811333.1580810547
454964148.9712435603 457218.1229912043
457293314.4444161057 506780.8317803144
461123570.3867588639 571658.3804196119
455999750.1324260831 478376.2060934462
459154241.8467587233 543571.1232193708
462129337.0953543782 584118.8121823072
457838921.8897903562 515801.0281752348
460570857.3487256169 564925.2023953199
471697442.3711658120 684071.6746288985
457848370.2637231946 515930.4812697172
462375506.3697281480 586358.2074249983
457982175.5135932565 517358.0288923979
461633004.7549285889 577918.2519305944
455516533.5832991600 467809.3869705427
455547417.0389343500 470237.6262588728
459199958.6885136366 546356.6710098982
471222190.0083023310 679836.9968945235
454831416.4046589136 454581.3301788568
461729508.0958698392 579936.8416012526
461312527.3714553118 574758.4697049856
457649065.4830770493 515268.5530461594
460234285.8071854115 560223.8682264090
462377251.1303291321 588886.9833248854
454782390.4508864284 453405.6456450224
456378603.5325127840 486606.3699797392
454610001.3878070712 451597.8400665522
455560262.3643045425 471066.8253822484
454543236.5290713310 448272.2983185053
457406681.5554756522 512640.5965355635
456336672.4601641297 485381.4826124907
458542403.8372454047 528328.7488736436
460775491.1259664893 567901.1687330008
454170330.1371784210 441240.3377262354
462341386.8689213395 586354.4126461744
462323507.8673691154 584828.5603836775
454507205.7040225863 445574.8893717527
461546724.0918855071 577332.9808377028
454476112.5954083204 444581.5350776911
457288120.7428235412 505210.5870140791
457054471.8464446068 502711.8976124525
460991355.4763955474 569002.4051254988
460233333.3131901622 558616.1705349684
457157400.3221703768 504908.8290548325
460804861.8624824882 568838.0867623091
458859107.5316288471 531265.2847403288
458043640.9377554059 518666.0101858906
463054888.4153662920 594465.6672180891
456032533.9476603270 480566.6158589767
462689763.1869449615 591107.8680847883
459957257.4889284372 557285.7026394606
463831736.5554538369 604416.8989075422
489083385.7671840787 797995.0776367188
459903430.9770057797 556626.7226284742
463196782.3848109841 597941.5241364241
463605572.7566322088 602375.2636536360
455317311.8079582453 461536.6743514538
454391745.1540302634 444223.8278385401
461140153.4035381675 571756.1356934309
454377557.7631256580 443593.7175709009
454336900.2418364286 441835.0766178370
456768599.2444036007 494585.8556083441
456689789.8578373790 492600.7997244596
453819212.4925968051 426869.5712692887
462000334.4253678918 581273.7792996168
462028478.9839244485 581840.3886593580
456218303.7134349346 483194.5594328642
458354643.0294476748 528079.4725324444
456481325.5544216633 489091.7611751221
458217763.5477143526 524332.2442747883
456633013.7848135233 491857.6048977532
456191951.0143605471 482782.7293147705
456368017.3661807775 485974.6913235345
458740856.4214974046 530800.6540266804
453837750.8237663507 427715.9909145981
456449534.7372004986 487610.2666972369
463395504.8831819892 600143.8677954674
458774417.7044396996 531188.1763121418
459623717.8204961419 551003.4707075886
459808192.5180711746 552367.5487105183
475745911.2063864470 716121.4320547348
471609773.2995548844 683672.0956494063
461159741.3048758507 572078.6943544149
459769442.8060554266 552112.9154707722
475444366.1076935530 715575.8561880356
460308011.9053426981 560471.4563948445
462562644.9014381766 590319.0503739119
463962857.8992165327 606313.8647989563
464979482.5064896345 615685.3820970319
458976938.2840299606 538620.4455305866
458863132.9213054776 536125.5549055866
472850427.1862761378 693065.8647777801
464782816.6915729046 615311.9626634382
495671388.9068486691 810647.9934082031
486289388.1769227386 792982.4852371216
458702730.1690135598 528502.9806673015
464735701.7184178829 613127.9836595319
464410224.0653609633 611128.8232591413
473842479.8496773243 701511.4400112396
483696954.1497674584 774267.7200775146
459576645.8823148608 546379.4977914661
489974172.2384214997 802137.0971755981
483686792.9204459786 772909.7540740967
489659370.5829490423 800051.7399978638
471609492.5392635465 683094.8568432098
483400934.4001196623 770732.7142639160
484236875.4187362194 779566.7104949951
483856270.4355633259 774839.8602752686
485832356.9708384275 790298.3967361450
485689979.2171170115 788427.7569656372
492748699.3545823097 809476.3857421875
495438074.1840151548 810181.1508789062
483595472.6415166259 772129.7395095825
487285256.1868382692 795872.9526443481
487235062.2660856843 793248.6705017090
483472940.7332721353 770938.4967498779
484370807.8457905054 780502.7608642578
485994020.7490679622 791455.6917800903
484958316.0361894965 785567.1283340454
483955554.2169578671 776780.0386123657
486175806.3521479964 791728.1870193481
482739918.7562537789 767322.9481582642
483480889.3080645800 771100.5281753540
495569202.6677764654 810402.3964843750
492772211.2412890792 809656.3151855469
483641146.9303868413 772905.9728164673
487912860.8691940308 797514.4497070312
487300735.5188173056 795940.6617431641
487599728.9204915762 797245.4060058594
483143693.4370160699 768362.5080261230
485711494.1388775110 788799.2805480957
465879097.0463077426 626499.7359460592
466745028.4517855644 633988.9174508154
466164759.3724106550 630028.3023523092
485466837.4005724788 787951.0224914551
465553469.5179376602 622752.4313375950
465993436.6872103214 628474.8148034811
465556607.8166642189 622801.9854147434
490366679.2613522410 805404.0321044922
466419180.4055211544 631392.5858169794
465727244.6610193253 624165.6118085906
485575507.5738142729 788105.9026184082
467337150.3549579382 639198.0086685419
472971873.0289759040 694064.3867022237
481140980.3165698051 755683.6709694006
475963291.9581258893 719733.3060354679
484767555.2391807437 783457.8259887695
473230072.8099152446 696642.6456319778
477192363.9345031381 728541.3575538732
479164963.8849877715 743385.8131603338
479404231.6739117503 747446.1564463712
478663720.1469343901 740932.6805309393
477278194.8867196441 730141.3097423650
479171663.1436401010 746251.1263927557
477222182.4084199071 729882.3068126775
478985536.2187799811 742677.2571543790
476846556.5126405954 727549.2939462075
464574358.3483797908 612153.5292322859
481557771.6999881268 760655.8607807159
480573832.0252565145 754926.8505896665
464231670.5465914607 609189.4357264265
479670781.9732984900 749157.6339854337
475863989.4776893258 719174.1201180825
482642299.2684814334 766952.0812801570
473430877.9250900745 701063.5853379359
489478996.3021249175 799151.1662597656
479813339.9942979813 749551.3899668790
482488199.1747429371 766531.9667782038
464399349.7260188460 609549.4461730169
462882743.2361914515 592780.7279436076
480520018.8307022452 754421.3515662290
462082654.3587523699 582030.1150419200
476558254.3904097080 725174.0680382838
481454393.0976270437 760384.8219013214
474142458.8044083118 706232.8680527797
465287553.0870298743 619939.1514922418
476088146.6580129862 721004.9075032724
471035768.1050769091 679796.1702988734
481830983.1637054086 762595.8706684113
476677157.8490788341 727227.7822591318
481354790.7993991375 758586.8208026886
479838965.3386542797 751219.1254157163
473393065.5320550799 698558.8501084438
465090046.4826617241 617277.1553984918
470584357.7697494626 675889.2790134735
480291986.8104330301 753111.8177127838
471296344.2567465901 682752.8463242641
473338411.4630662799 698475.5837510219
481161316.1309086680 758359.9662723541
480300317.1187619567 753321.4013861753
470483148.0343148708 675000.4569689287
481608807.1921967864 761788.5784931183
464564377.8672651649 611422.0213981271
470303269.6578467488 674056.0164731136
472085320.6863693595 688991.0454467786
471852762.7414686680 686541.2728637708
473021390.0486005545 696441.7287477506
472569880.3447541595 692882.9156373991
480697323.0351088047 755194.0848026276
471921721.9479590654 688030.1079555147
479735173.6338190436 749216.1083134301
471903097.8354945183 687617.6223598116
469594365.5402338505 666735.9430282898
469631027.8193227649 668209.6681259461
469080754.8893479109 661374.0387619324
469770681.0112101436 668926.2951095887
469465283.4854379892 665362.0037277527
468661171.0325545073 655678.8852159036
469707714.4137804508 668783.8625534363
472154786.7422949672 690633.2312770479
468880666.7541108727 660442.0830166927
469128805.5544032454 663338.5629318543
472421872.3003641963 692153.2998805635
470030003.6701247096 669859.9070480652
474692351.6299572587 711084.9484213928
468714862.9525541067 656683.5694549866
466930698.8329885006 636161.0411942042
475413496.8952448964 714654.8311833031
465588870.0480285287 622974.0758157969
482302099.5671880841 763845.3556632996
482200027.8602723479 763158.0241203308
478056751.7925871015 736429.9695805199
477719476.8576982617 733914.3433140405
478257670.0578206182 739417.3134831078
477514043.6109426022 732370.5131138451
478246533.6433255672 738310.4122739621
477396144.1576651335 731697.2273014672
476095363.3562291861 722155.4217594750
470797687.9161313176 677580.1925310234
476197688.5277408361 722542.7858952172
478685001.5399350524 741851.6843021996
477787554.1630936265 735787.6605290063
478233491.8360887170 738244.4319828637
468536875.8136892915 654321.3024257421
471035042.0499783754 678818.8093523125
475752012.3066877127 716743.9772099145
467952029.8332081437 647918.4076713324
467643602.6147924066 645894.6258720160
466617779.9516289234 633013.3860649309
467341072.2953482866 641344.3823955870
467417992.9944961667 641998.1980694152
466999653.9225519896 637111.6608757220
473334649.8731077313 698157.6540906916
467870708.6692574620 647729.2417858348
467861325.2591353655 646764.5785473094
468181616.8955351710 651253.1411957250
468007605.3964447975 649330.7220367894
467478683.1191011667 642971.4935558543
474659350.1599882245 709056.0341138134
474403637.1637783051 708167.3796461115
474994505.7377210855 711547.3770717273
474392994.3230272532 707278.5595777521
475085435.1723378301 711895.4392739683
