375763049.4070153832 5820881.3642578125
376547012.8801171184 5957805.3447265625
377365844.6405193806 6081797.7812500000
378446089.9097616076 6233150.0498046875
379415939.4833581448 6358006.5937500000
417426997.8553040624 8117615.9482421875
374880550.4226576686 5625398.0751953125
376157218.2197932601 5890894.4228515625
377440724.1971828341 6094947.6699218750
378767540.1155045629 6263280.6992187500
380593316.4401160479 6501875.8701171875
382924970.7467902303 6737362.0986328125
388464869.7256569266 7170828.0048828125
387499768.0613947511 7102872.7324218750
382613154.6211492419 6703359.6259765625
375162866.8028767109 5695572.7001953125
378128286.8773547411 6183854.2011718750
378777504.7038425803 6268528.7578125000
380324753.2533065081 6465339.6699218750
406371189.7746128440 7901418.3115234375
375275998.6934929490 5724793.3691406250
399990958.8817021251 7752556.7802734375
382613154.6211492419 6703396.4853515625
392517750.5393222570 7413111.6757812500
387662532.3072562218 7122584.5605468750
374976553.5204594731 5645771.4716796875
374976553.5204592943 5645750.4365234375
391618224.2278353572 7368613.7500000000
377971138.1263227463 6169117.3359375000
395661507.6216859221 7572724.5556640625
380078395.5006553531 6434511.7089843750
379587679.6811276674 6379913.5615234375
385658255.2457389235 6952770.1914062500
412015938.8511495590 7975257.6416015625
412073621.5346728563 7977085.3955078125
377414312.5173881650 6092253.6826171875
377286044.7861015201 6074701.6318359375
375215220.1538861394 5709163.0224609375
378862763.1110333204 6285873.8652343750
388239959.3948222399 7161722.3291015625
387814806.3409899473 7136816.3837890625
380068878.2809023261 6424943.4101562500
375122673.6680549979 5690209.7236328125
377474873.2166538835 6102063.4150390625
377499046.7629211545 6103010.3427734375
395398484.2592259049 7566085.4462890625
398445584.9114512205 7694470.5429687500
396314584.3330684900 7602939.0458984375
394913976.8639464974 7545018.1132812500
392321281.9067853689 7397240.5820312500
377385727.9334372878 6090078.4599609375
378905007.1381469369 6292935.1357421875
377385727.9334372878 6090067.2333984375
406765853.3526446223 7913959.4052734375
376954556.7710262537 6027543.1865234375
384952377.5432912707 6907961.9150390625
374906375.3820731044 5629461.2255859375
376157218.2197932601 5890893.9814453125
377004754.9867943525 6034389.2880859375
377048120.7468866706 6041534.7294921875
378291410.4986802936 6212925.5507812500
381208877.6820048094 6567960.9082031250
384937980.3003759980 6907334.6376953125
374906375.3820730448 5629449.5810546875
378662818.2784856558 6262736.3994140625
405305014.0863213539 7869543.9306640625
380087136.1275027990 6435689.1308593750
380087136.1275027990 6435687.8613281250
382361569.8257414699 6679430.4160156250
392952940.2654388547 7437651.4003906250
375327347.6825824976 5730659.6835937500
393055526.4984599948 7440314.3750000000
378212463.3868612051 6199686.2636718750
379748365.4170987010 6397227.4599609375
398083487.6921649575 7671223.8925781250
406655560.4511011839 7908910.1923828125
376952218.5606786609 6027511.9326171875
386172619.7728424072 7015938.9697265625
381896174.8188778162 6635411.0634765625
375979643.9600436687 5861329.1123046875
384442962.9496386051 6866566.2138671875
377374564.3205813766 6082702.9277343750
386748116.5767958164 7071189.0585937500
417335299.9342799187 8106082.2568359375
382268791.8164477944 6671381.4013671875
375680978.5367498398 5805451.3720703125
377551873.7631015182 6109099.2802734375
381622358.2298396230 6606520.4199218750
377551873.7631015182 6109098.1513671875
383937979.3458781242 6823567.3154296875
381257909.1752912402 6574039.4941406250
384192272.6741654277 6851169.1445312500
377541768.9050668478 6107009.2929687500
379245066.9374397993 6331230.4394531250
381461507.3442431688 6593090.0703125000
379945320.7002704144 6419458.9560546875
384965190.7765598297 6916190.7851562500
398667596.5392039418 7705415.8193359375
376396237.1851333380 5937708.7939453125
385190213.2321819067 6937604.0859375000
397105285.7760209441 7643381.5439453125
377105779.8786095977 6046979.8876953125
379288432.6975321174 6338405.8886718750
379862249.1928269267 6413522.5751953125
376830039.0567601323 6009119.7744140625
384035443.9955806732 6838092.9560546875
406547749.3170517087 7904509.6240234375
405634892.6284928918 7886125.1669921875
405256261.4388481379 7855761.5507812500
377456828.1225158572 6095492.0410156250
379557038.2287374139 6375376.5498046875
384999800.8179158568 6918785.5283203125
392829961.1669561267 7430073.0380859375
376093599.2086399794 5883240.5693359375
392360391.3292253017 7404501.8710937500
456288858.7416418195 8540267.7490234375
381254648.2496232390 6573164.6132812500
390080426.2465052009 7267466.5478515625
409655167.8019084334 7941773.7480468750
376550593.1174492240 5961441.3408203125
408950028.7928449512 7935044.7558593750
376644576.2189699411 5977463.9638671875
382062566.6625298262 6652597.0488281250
389569935.2554111481 7237705.9716796875
455870626.8625048995 8536439.2177734375
441948887.2984808087 8387003.9355468750
444717304.8054806590 8428283.7021484375
441551223.3086369634 8386998.7519531250
445027380.5746425986 8432005.2646484375
405975549.2532018423 7894333.7177734375
385203424.4759742022 6937803.7656250000
376507227.3573569655 5954311.3447265625
381005279.5130527020 6548898.5742187500
413602924.2978613377 8022318.5976562500
375627635.0835761428 5794775.8037109375
398432072.0055021048 7678196.6796875000
396394771.0654923916 7608669.7392578125
384455192.3372192383 6874518.4326171875
389256349.5476160645 7225014.5966796875
376475840.9015104175 5947831.6220703125
379676805.8428190351 6388322.6835937500
382361569.8257414699 6679455.1972656250
385731795.6618440747 6974466.9345703125
392906140.1285100579 7437628.3574218750
382819011.4259110689 6723222.0917968750
406055026.8398437500 7896843.4638671875
392863887.4006415009 7430670.6035156250
406395122.4813069701 7903601.5556640625
393853048.8856603503 7486054.2617187500
396637571.4413787127 7617963.1328125000
456122534.9339963794 8539363.3154296875
456265007.1623741984 8539482.7294921875
382731876.7313608527 6713702.1054687500
406319789.2469193339 7900813.3994140625
383119589.1738197207 6753227.7011718750
385031439.1652041078 6935969.1718750000
406958247.3630508184 7916432.1455078125
383165640.0255483985 6763997.8291015625
382851994.7791757584 6728192.3828125000
426031984.4724628925 8224720.2587890625
384286286.1915401816 6860005.2656250000
397349360.1050553322 7653179.9492187500
430090090.8310143948 8289381.4599609375
425918087.8299813867 8220445.5449218750
402600040.4940770864 7828754.7275390625
382205807.3069686294 6663761.9179687500
382509416.1795575023 6697761.0722656250
382630927.9618458152 6706285.1044921875
375868730.0931047797 5840023.7392578125
375670449.2250642180 5801868.7998046875
420971426.4257565737 8126675.3359375000
375537762.0246594548 5773548.2568359375
414847238.6016681790 8049618.8076171875
382824834.3231435418 6723478.5605468750
425949114.1646030545 8222500.7460937500
375392241.7829849124 5743330.3720703125
455427914.2867568135 8529725.8974609375
455938430.0439373255 8537442.5498046875
390272749.8371490836 7286357.9433593750
387720816.9793826342 7126324.6894531250
416823516.2129361629 8082856.5361328125
452918256.7482458949 8496999.0410156250
376227359.1439875364 5905429.5820312500
381251623.9135194421 6569264.2421875000
390651405.5858232379 7304244.1572265625
387512313.7456703186 7117293.1640625000
380305252.3260376453 6459512.0957031250
386522261.9052814245 7046904.8271484375
422792035.3369142413 8140094.6503906250
388610635.6659106612 7183993.3486328125
387055544.0087925792 7095036.8164062500
387866280.6029037237 7138808.4375000000
387258007.2154022455 7102226.9648437500
387512313.7456703186 7117321.5781250000
403209361.9326943755 7852523.7138671875
387976141.0066332221 7146389.1660156250
387512313.7456703186 7117281.0664062500
387512313.7456703186 7117320.8398437500
388469608.0943265557 7180697.6044921875
386870921.6319975853 7079894.2539062500
400726191.8134904504 7764098.7197265625
380305252.3260376453 6459523.6738281250
386327229.4330430627 7032063.5488281250
451339796.3610427380 8480211.7666015625
388936860.1410625577 7206085.3837890625
376175661.4424502850 5896359.9267578125
448926780.7006781101 8432673.1230468750
402029705.4270517230 7819322.6435546875
384695233.4199433327 6897045.0810546875
394682877.2867571115 7536897.9072265625
376091103.7201362252 5880534.3017578125
394227713.9952417016 7508797.0585937500
380305252.3260376453 6459533.6308593750
385321684.0651536584 6943078.9775390625
385329567.6683642864 6944285.8369140625
395267465.3767750263 7556265.9609375000
393495380.4303810596 7464960.6582031250
382200057.7255483270 6662204.2412109375
394554487.8352019787 7529083.8964843750
423722612.2075210810 8197142.2060546875
390941655.5307866931 7321838.2470703125
400584974.1329302788 7761430.6953125000
380115341.7882628441 6437942.1777343750
434013998.4637823701 8340496.8798828125
433754098.6744398475 8333305.3564453125
382804128.1556087732 6719098.0058593750
397009557.0003874898 7640919.5107421875
400682693.9280644059 7762571.6386718750
392623809.1958111525 7418402.0947265625
391919897.5343734026 7384598.5947265625
393344599.8953960538 7456408.3466796875
453145416.2757828832 8498388.8906250000
416063910.3153955340 8069280.8076171875
392639210.5728791952 7419625.3173828125
417117027.9714026451 8096054.3017578125
378339801.2640361786 6213192.3876953125
393142053.9358829260 7446743.0039062500
386678763.3927794695 7057872.9736328125
389115613.9297652245 7217818.6943359375
417267403.6609067321 8098545.1650390625
408488280.1333006024 7918010.2265625000
412810675.9835495949 7993318.9404296875
412148989.8104817867 7986599.1787109375
391080167.9069819450 7334989.2470703125
390788397.5221963525 7312164.3955078125
430013921.8409826159 8264201.0986328125
444120141.2555517554 8400265.9863281250
431916565.7153210044 8295503.2392578125
398268580.9460414052 7673114.9599609375
416394066.6525998712 8078661.4091796875
405318485.2201894522 7875584.7314453125
391080167.9069822431 7334991.8681640625
380391571.5904428959 6475096.8564453125
391240684.5382468700 7343200.8398437500
405785683.5894281268 7887250.7900390625
378339801.2640361786 6213213.7001953125
379081416.9037477374 6312198.9736328125
385941517.0128849149 6991459.6728515625
385941517.0128847957 6991431.6845703125
380223211.6986908913 6451513.7617187500
380170969.8385092616 6446863.5390625000
388638540.0329470634 7184735.2216796875
409933333.2175676227 7949772.6240234375
439634521.8967794180 8343033.6376953125
439341135.9753276110 8342510.1875000000
454141992.2096392512 8501387.2441406250
411037981.3059943318 7968475.2333984375
410580444.1043284535 7961486.0126953125
411748540.7550390959 7973659.0390625000
416391323.5529395938 8071972.1728515625
449026988.2451835871 8434702.4062500000
452595987.9756214619 8482641.2226562500
449041142.6994985342 8457012.7226562500
449703838.7050552964 8457724.8359375000
416855777.7929034233 8089435.5517578125
413677050.7438200116 8026958.4326171875
400363022.4555884600 7754638.7880859375
416511059.3639781475 8082544.3251953125
400852593.1020480990 7771232.7255859375
416062512.6056933999 8063388.2597656250
396082433.7826071382 7590079.9951171875
443695902.7521097064 8390933.1835937500
415489006.4794197083 8058577.0263671875
413702123.9670884609 8031986.6425781250
413749056.8196480274 8045208.3212890625
429738262.1825020313 8230426.1669921875
400815980.1109294295 7766749.6767578125
399167076.7250279188 7721513.9062500000
398983129.5188973546 7708304.4472656250
397628117.7175865769 7668728.0322265625
399257073.0683209300 7729524.1816406250
399725647.9177972674 7747053.7490234375
397247611.6245229840 7650823.3173828125
397247611.6245229840 7650807.3017578125
396925597.1625164151 7631389.9951171875
413134080.1853283048 8000144.7236328125
393489370.8464720249 7459588.1142578125
401033708.2924525142 7777193.4931640625
412605907.7962747216 7988431.2412109375
441148582.3102179170 8351224.6601562500
