293363804.5592215061 1692672.4552001953
293531962.8387928009 1724811.3925781250
294228562.1500311494 1838099.0419921875
294963844.7352178097 1930133.6525878906
295346266.0185689330 1974573.3337402344
296171928.8831831813 2060698.4516601562
297203185.7300983667 2143319.5354003906
305273274.6234492660 2454647.7104492188
293469141.7696297765 1708541.0307617188
293776540.0475808382 1777235.5927734375
293343226.4936512113 1677186.7336425781
293406824.2929992676 1701781.9310302734
298019115.2435373664 2208872.7314453125
293881013.1571323276 1793643.7733154297
294011179.4289306402 1809924.9615478516
294727171.2404883504 1903249.9133300781
294914994.4771823883 1925879.0446777344
296199534.5575468540 2063613.4338378906
345428335.0471216440 2625944.5234375000
298349887.8714233637 2238368.3632812500
293314543.1977408528 1674859.8836669922
293321661.3724792600 1676045.8414306641
293510948.6444802880 1721027.1040039062
294783647.4836270809 1910996.5288085938
295110486.6555840373 1948508.4794921875
301391271.0470111966 2373929.3513183594
293354347.3977711797 1687932.4227294922
297775370.0041306019 2185203.5700683594
307065306.6138490438 2490845.2695312500
307160727.9779273868 2491287.2153320312
293933231.6636543274 1800068.1451416016
293976411.7942191958 1805154.7664794922
294321644.7449271083 1847061.2651367188
296083853.0258373022 2051422.1464843750
298514151.1741893888 2241539.0009765625
293823990.7515567541 1782809.3608398438
293744945.8883698583 1771210.7216796875
293898464.0289428830 1795297.9500732422
299679438.8486347198 2300065.9916992188
293479163.7293437123 1714903.2553710938
293736271.5051276088 1770286.7338867188
293828758.5541027188 1783659.9645996094
294006607.8928483725 1808270.0709228516
295626914.5484151244 2003057.7678222656
345386403.2186565995 2625937.1835937500
293437727.1038879156 1706004.8759765625
306979538.4711630940 2485740.1938476562
293345446.0086293817 1679082.8286132812
293731699.9690451622 1768631.8432617188
297991246.4630770683 2207205.0344238281
298783144.9726350904 2257241.0236816406
298322019.0909631252 2236700.6662597656
306917034.3616489768 2484190.9926757812
293344266.3343042731 1677429.2270507812
293307626.7762897015 1662936.0195312500
293692203.7334986329 1761617.6359863281
298316258.2827079892 2231485.7600097656
299528949.1277251840 2293835.6025390625
293711310.0986532569 1764575.6921386719
294165954.4855642319 1832521.4272460938
294748879.8489156961 1906226.3337402344
298086776.5453759432 2214355.3684082031
337264260.7427002788 2579285.4951171875
298211162.9418936968 2220894.7556152344
294246530.8116244674 1840504.2902832031
294964229.1642243862 1930657.3740234375
293671884.3249291182 1756685.2917480469
294442487.7280720472 1863625.7250976562
294200785.1259195805 1836891.4077148438
294980109.1952976584 1931301.4064941406
298234127.9141683578 2224336.0517578125
294281298.4463357329 1845274.4853515625
296227403.3380070925 2065281.1308593750
296605960.9560248256 2091532.5314941406
301962075.1999498606 2386782.5632324219
300983406.1431828737 2358788.8750000000
295387346.8819118142 1979214.7465820312
298646421.4059752226 2253364.2609863281
301796931.1354749799 2384667.4240722656
293394111.8844845295 1695478.9543457031
298263660.7925930023 2228414.8830566406
293606145.3350415230 1742136.4128417969
293574953.6289944053 1736160.7304687500
296633515.1557760835 2098890.0429687500
299768431.7567107081 2306741.8188476562
293530058.4382216334 1723814.4711914062
293484406.7891722322 1719203.0471191406
296119189.1030961871 2054073.6748046875
294400722.1068119407 1857926.5427246094
295367753.0478334427 1977297.5415039062
293810079.8271276355 1781193.8165283203
293554186.0408031344 1731500.8320312500
293640290.1657181382 1750660.4206542969
295170703.2988570333 1952344.7746582031
295800961.2533404231 2021908.7829589844
293586530.1006126404 1738449.4912109375
299484738.8336875439 2290982.4770507812
293617963.3340038657 1744549.4084472656
294640848.6071218848 1890564.2080078125
294979198.8651639819 1931004.8994140625
301852861.6479989886 2386449.5266113281
298268067.5311585069 2230431.1767578125
295898352.3742502928 2035963.8476562500
293844777.5280327797 1787087.7716064453
296877355.9927194715 2117455.7829589844
300656927.6154919863 2341831.8308105469
295318828.3917624354 1973094.8945312500
295950658.8557686806 2040200.4150390625
294056909.8399303555 1814458.3560791016
295869088.8297432661 2031343.8500976562
342197810.7692453861 2607676.5888671875
341796424.1370786428 2605921.7119140625
296133449.9192187786 2054173.7307128906
297231054.5105586648 2144987.2324218750
297891576.5228739977 2192795.7866210938
294477255.3627833724 1868395.9201660156
295832700.8143160343 2026638.0444335938
294764378.8761380911 1908708.7314453125
295793146.5712884068 2020719.5891113281
297372238.4524715543 2157152.4521484375
294481826.8988657594 1870050.8107910156
295225224.1829947829 1961938.1811523438
297919445.3033342957 2194463.4836425781
297917057.7856832743 2194040.0256347656
293443786.8371603489 1707937.4809570312
294861715.1613559127 1919318.5637207031
294994736.5442216992 1936292.2524414062
300022450.1157979369 2319425.4838867188
293518136.8095552921 1721979.9028320312
294950571.9697109461 1929421.6860351562
302092449.2285217047 2401298.8564453125
293550480.8693649173 1728928.5620117188
294541815.4429620504 1876605.6230468750
294939183.4194747210 1927959.3937988281
294322859.8852969408 1852224.2033691406
297833505.0308774710 2192216.3393554688
297333570.8178750873 2154863.4580078125
294854845.4961860776 1918617.9338378906
300394255.2771204710 2335543.7199707031
296075809.9790405631 2048135.3901367188
297833499.8125940561 2192176.2143554688
297562422.1994952559 2165644.1589355469
295051095.3847734928 1940757.3862304688
293552281.6402319670 1730503.9106445312
297241377.3143936992 2146903.5541992188
294683325.5502197742 1897225.0422363281
294889613.1308974028 1923388.1289062500
295286183.0218083262 1967971.7382812500
295976591.3296407461 2041786.9907226562
303810712.6209170222 2434164.3134765625
301547935.8788555264 2379481.5390625000
295197326.2134531736 1957868.6159667969
296446811.6341661215 2083212.7302246094
295787325.0957094431 2020016.0334472656
298890137.7280617356 2261546.7487792969
296898206.0320648551 2121113.1826171875
295633662.2725982666 2008688.7946777344
295741702.8754904270 2019280.2023925781
295694008.8268527389 2012604.1958007812
298938224.1162378788 2261854.9831542969
294264503.9092912674 1844698.6645507812
297617404.7207012773 2168974.1518554688
294124787.7496535182 1826096.3415527344
294083016.9387146831 1818612.0456542969
302639383.1141429543 2413719.6738281250
295996794.2644358277 2044740.3779296875
303636046.9121264219 2433727.2001953125
295516581.8841222525 1993768.0000000000
336940419.5867610574 2573369.3652343750
294258860.1247696280 1842534.3625488281
296510995.4053376317 2088909.6518554688
301352544.0236680508 2372557.3493652344
302684202.3760138750 2414640.0712890625
296538686.7212840915 2089034.7006835938
296446806.4158824682 2083172.6052246094
299956262.5515175462 2317207.8981933594
295464907.5690039992 1987591.3310546875
296330771.9803614616 2073945.1552734375
294550893.4985193014 1877860.2990722656
295185305.2552881837 1954583.8261718750
320008827.6899982095 2514697.4995117188
298938218.8979544044 2261814.8581542969
300454486.1717951298 2338748.2463378906
299583010.1192648411 2298349.4440917969
301610669.6751642823 2379741.5671386719
294101063.6958351135 1822342.5288085938
297142565.8234525919 2141075.9599609375
295281031.7288131118 1965387.5783691406
294806213.5943202376 1911139.1982421875
294004962.4590150118 1806657.7028808594
295220072.8899994493 1959354.0212402344
298588585.1710112691 2247964.2458496094
294618348.6989335418 1887075.0004882812
294565158.3789312243 1880205.9165039062
294599926.0136424899 1884976.1115722656
295383337.5429784656 1978265.5278320312
301764419.8652278781 2380842.4165039062
294540025.3996363282 1875676.7075195312
296283878.9585748315 2069717.9501953125
296354670.0638083220 2076812.1181640625
294392701.9527938962 1856251.3037109375
301248837.2806765437 2367863.7802734375
344796549.4602562785 2619625.2480468750
311397217.0060912371 2497737.5551757812
311192800.0677481294 2497222.7949218750
298233062.1208072305 2222356.7009277344
303329755.9036849737 2430205.9487304688
302984017.0524024367 2419564.9340820312
299317076.3699519634 2289235.7822265625
299123206.7040687203 2282198.6357421875
327073684.5852134824 2537783.0541992188
344434712.1523655653 2611876.5126953125
344587743.8447495103 2617919.6074218750
296483076.7722778916 2087411.7680664062
295708472.6277924180 2012631.7526855469
299289202.3712082505 2287527.9602050781
297951207.2096565962 2198194.9086914062
303301705.3265848160 2426429.7622070312
301287255.6514931917 2369951.0251464844
303102830.7972254753 2422419.3710937500
300454835.2557595968 2340304.0878906250
335815862.0902349353 2562541.5205078125
302979190.1499735117 2416794.9990234375
296763630.5936216712 2109323.8801269531
295154988.8594467044 1952115.6228027344
303090121.3208063841 2420274.1015625000
324920863.0419305563 2520910.3554687500
335689382.6050896645 2560682.9262695312
302570555.2015423179 2412062.0810546875
302529233.6194518209 2410907.2304687500
295814081.6807973981 2022777.2097167969
300918117.7710080743 2356182.5507812500
301461750.0258773565 2377386.1157226562
299692375.3718547821 2301255.5915527344
300302992.8630433679 2328141.6118164062
299480794.1599137783 2289486.8525390625
301965604.3603777885 2398478.4116210938
300807110.8505790830 2353282.8864746094
300057474.2925662398 2323266.0104980469
302434543.9239120483 2405922.4536132812
296747646.8925982118 2108799.3029785156
297610944.8320326209 2165890.2111816406
301079312.8198991418 2360694.8110351562
320949846.8683176041 2519610.6762695312
297305570.1806865335 2149828.5534667969
299956257.3332340717 2317167.7731933594
299864229.8111004233 2316226.4985351562
318702973.7403987646 2514649.1752929688
304218399.6810184717 2438237.5058593750
301287280.9492743015 2372217.6655273438
296561616.9081905484 2089813.9318847656
338575835.1290274262 2581080.6689453125
296561622.1264740825 2089854.0568847656
296587788.7389424443 2091153.8459472656
297203180.5118147731 2143279.4104003906
301778548.3598642945 2383841.7158203125
301660575.8858495951 2380828.8842773438
297026669.2205002904 2132159.3684082031
296808631.7312041521 2111948.3210449219
301264886.1464086771 2368032.4580078125
299614916.9394627213 2299819.9863281250
298975987.7923809886 2266037.5778808594
298975993.0106645823 2266077.7028808594
305088086.3852022886 2449092.8623046875
297496647.9589551687 2160848.7854003906
305648614.8320906758 2470084.0004882812
297063820.0492795706 2135889.6716308594
314031812.0428264737 2501844.5161132812
306964367.7277922034 2484238.2143554688
299099639.8761159182 2276940.3898925781
304645926.9468426108 2447244.3193359375
296774707.7966772318 2110269.1936035156
296934073.6403595805 2124658.4494628906
306292353.4247830510 2476630.8940429688
296739378.7316142917 2106837.0590820312
340989610.6207967997 2585877.8027343750
315643881.2570402026 2505661.1440429688
315719440.7406643629 2510343.4331054688
296679518.3416724801 2100403.1176757812
304275045.0161440969 2444478.5346679688
303985386.7706216574 2437114.9726562500
344323743.6820284724 2607969.9531250000
329087705.3048708439 2544594.7500000000
305176003.8349232674 2449504.8496093750
297733288.0568593740 2181315.0629882812
306067520.5138217211 2473168.7729492188
305605165.7876645923 2464011.8891601562
306012535.4795976877 2473076.0463867188
306271219.5540683866 2475025.7104492188
300251859.3636056781 2326584.7116699219
306441711.3189070821 2480297.3461914062
300712530.9921944141 2346869.7253417969
306751324.7598128915 2480757.0737304688
300324372.7299525142 2331728.1135253906
299722040.4672214985 2302600.6306152344
341778118.5592378974 2586584.6259765625
332980815.9838910103 2552766.6684570312
333443807.8188349009 2553046.4741210938
305372726.0956193805 2456215.9243164062
