363270548.7079020143 1163252.2437469959
356501469.9909284115 1002018.8541634083
354248434.6861965060 909660.6676476598
359723039.7190194130 1082642.4134428799
358910703.9495944977 1063651.6007750034
353700588.0668691397 895680.5849288106
368333976.3530061841 1261216.7105870843
359451002.6090470552 1076354.1088712215
360473135.6642191410 1101448.9209029675
353866586.3837852478 900102.4004195333
353946777.1845078468 901706.1250899434
358703563.8135944009 1058647.4528954029
358856634.5220058560 1062604.9276602268
361166562.1046675444 1115499.0948464870
370710326.8686277270 1295095.5503349304
374584194.4878957868 1349963.0353393555
366238243.5352830887 1225229.7520909905
363089598.6444882154 1158027.7168915272
364703077.2985569239 1199191.5226914883
358693807.1664357781 1056816.6098439693
357127482.3469113708 1019608.9229519367
357101201.4650202990 1019363.7042019367
369343733.3896009326 1277899.1196708679
363961177.4583719373 1177802.8509643078
367147137.1314305067 1243270.6622085571
353056406.0675790310 825170.7609389275
367804405.5052637458 1255874.4603233337
356103297.6113383174 978226.4487885237
355900924.8399053812 974366.1919525862
355080205.8085469007 946260.4021435678
355000664.8182358742 943557.3902190328
355615265.7117283940 967309.5337494612
357363809.4616061449 1026151.3572170734
357269926.6048921347 1023217.7911598682
363044618.1599688530 1157814.5326874256
370424091.4813386202 1293697.5040702820
374747076.3990651369 1350923.4566650391
353574672.2820023298 872132.3606684804
353428677.7192627788 869788.7170817256
365009373.3891121149 1206249.6110703945
355200995.8197868466 947636.0064752102
353138453.3165602088 846873.1521285176
353175653.4199170470 848228.2234175801
375774579.8030908704 1359796.7933959961
354595365.8305838108 926552.5926077366
357555585.7330687046 1030274.4493629932
354515824.8402727842 923220.0518395901
364239412.1679503918 1189941.4476182461
366333993.2989105582 1229756.7040354013
357739980.8844525218 1039669.4316189289
356031497.9114798307 977337.0128754377
356003809.8075572848 974644.5709141493
363972303.3139464259 1178051.0297715664
363767438.7544912100 1177232.4344604015
358151677.2567352653 1042893.0213955343
354893280.0234429240 935253.7892401749
367720600.6709165573 1250856.1625175476
357154082.4880143404 1020774.1714241505
374965056.6144654751 1352023.9649658203
360443442.3342541456 1098603.2592389584
355566619.3841089010 961798.0564749837
355236310.5397933722 954201.4208414555
364764467.1356344223 1203837.8952500820
354859348.2480451465 933517.8539107442
354772225.8977553844 931560.2459090352
367942533.5098933578 1257581.0799980164
367772254.5097983479 1255502.5350761414
369677488.0867683887 1285241.9526786804
354371922.1133720279 917496.5184852481
366780134.4187737107 1233517.5367589593
362079357.3183484077 1137224.0715363026
365071998.7792562842 1208605.5383164883
370436803.6134176850 1294548.5691337585
358314829.5861949921 1049389.2087490559
365930543.4589628577 1222153.4226633310
363354787.3588598967 1164815.2899291515
363113845.6419703364 1162470.4559447765
370920865.6776397824 1301016.7235062122
356670699.5368705392 1007314.0299446583
368763557.3074252009 1269094.0439262390
362946335.4896143079 1157163.8134491444
368776817.4597982764 1269831.6293144226
367988144.5458592176 1258310.1488456726
358510916.8457369208 1053608.9919612408
356869017.1882032156 1008724.8153297901
362369785.3540344238 1144095.7146027088
381690846.0632466674 1394843.4916992188
368397523.8027417660 1265853.4364433289
357541685.2806005478 1029657.4971706867
355498946.1340707541 960805.6351898909
374095089.8754123449 1346465.8502807617
374023058.8986931443 1344164.6901245117
367455910.0483984351 1248520.0378837585
367596994.8375717998 1250523.9236259460
356143644.3241270185 985859.3139488697
362483774.5397401452 1144720.9685089588
362260433.6939748526 1143647.4403412342
362868790.6354427338 1156072.8554413319
356578784.1078883410 1003769.4413216114
370058469.1526960135 1290927.1601982117
365312191.5744062066 1213097.8386094570
370007817.9557172060 1289520.9600028992
367519449.9834004641 1249432.9656181335
369702399.8863059282 1285924.1968193054
364348494.9313073754 1190571.7538926601
355731246.0410358906 970547.2235687971
388898025.6764204502 1406913.2104492188
364511662.6092363000 1197768.3257920742
368413445.6592509747 1267408.3324394226
362766624.0958275795 1151610.1976654530
373511672.2000946999 1335006.1414184570
355810787.0313469172 973226.3257259727
370382092.9763463736 1293585.5487480164
362582804.7977067828 1148932.3832123280
373877830.5491706133 1341697.0768432617
353129018.5894183517 832066.9376814812
358634417.4803450704 1055092.4623993635
384878922.8355447054 1399812.6396484375
364754177.5963599682 1200092.9380967617
380192499.0636845231 1388935.1918945312
365457596.2664428353 1213383.2057969570
354138606.8755880594 902295.7680190206
362828470.8267234564 1151822.8314239979
358518516.4597027302 1053718.5321562290
368811451.7584508061 1270014.4025077820
353189613.1830556989 862012.4452806413
361603045.5163084269 1122937.6416984797
363829261.5882613063 1177670.6936204433
367695021.4116328955 1250641.4712473154
366872754.7063868046 1235650.5464341640
353610838.7881006002 878265.6937553287
356658735.8206576705 1003822.1221687794
373526241.3598764539 1337144.7055053711
366924119.7297858000 1238918.4340288937
366433143.9833228588 1231298.0374094248
358494020.6207648516 1051076.5255334377
364098681.9428273439 1185047.5843627453
364047919.5087282062 1183350.9583299160
366247866.6447114944 1225686.6911226511
366137846.1695434451 1225042.6559664011
365940231.4556022286 1224075.5832124949
357512204.8714520335 1026827.8082106113
368125714.3433209062 1260999.7753105164
365505591.0411070585 1216629.4299180508
368591624.7289764881 1268678.8412284851
368535093.6002037525 1268543.0629081726
369739315.7166970968 1287031.6132011414
365259442.7452462316 1210921.4346529245
365232382.0313525200 1210826.8845078945
379328704.0918897986 1384821.8896484375
374563255.0329425335 1347830.9201049805
366644970.9056276083 1232915.0847032070
365667022.4458473325 1218273.0378023386
380575036.3731600642 1391414.6816406250
372779383.9218692183 1327011.4353637695
367079611.3201225996 1240361.2379976511
361283672.7646901011 1117639.2571375147
369429253.5997115374 1278701.6266288757
369486390.4486702681 1283794.0619316101
361118698.8886239529 1111841.8202290908
361604237.6702849269 1124011.9842493311
357497690.7898316979 1026741.1674587727
369648681.6818341017 1284135.2274589539
361776799.2321044803 1130262.7336165905
376795114.9046442509 1366419.7053222656
369069498.1483684778 1274000.1866722107
356284343.5432806015 989950.7616951466
356337325.2893916965 994779.8512337208
363454167.5250496864 1167668.9967772961
369150985.7374042869 1275853.4422264099
358163092.4867096543 1044814.8877317905
366967706.1994866133 1240353.1808687449
361137860.6437331438 1111983.3264213800
360913327.0174044371 1108374.7645461559
380016100.0317004919 1388374.2426757812
357541263.1731987596 1027829.1111319065
386693664.5476404428 1404103.1782226562
360195290.9668576717 1094566.1412665844
364121402.5931012630 1185902.1373974681
366536274.5621050596 1232134.6281602383
360806086.5537591577 1104607.7381388545
386401785.9647514820 1403823.9892578125
359889263.3472303748 1088903.8157870173
359786304.6626821160 1087717.7157084346
360495305.8871520162 1102358.0342814326
356945028.2241407037 1014320.7775661945
357667535.6359035373 1032688.5901358128
361627340.8726277947 1127888.0552642345
364460128.6234901547 1192647.6778428555
359060866.3902159929 1067510.1324522495
366327722.6223776340 1227415.3693711758
386861070.2106132507 1404592.6489257812
358775207.2620396614 1060443.3790342808
363328158.6449204087 1163753.9028441906
358001892.4061034918 1040607.6167356968
359230817.4269510508 1072444.6088407040
358311098.8063757420 1047730.9452269077
354937345.3456320167 938155.5818310678
356780276.9449965358 1008413.8325283527
360081205.8328912854 1089691.4432284236
354249272.7532123327 910747.7618917823
380847373.0474283695 1392655.1245117188
386159770.2972266078 1403590.5166015625
355483338.6124132276 957357.1419594288
380317950.0106286407 1390644.2319335938
380963653.6750842929 1392919.9277343750
368915556.6869395971 1271699.9203889072
354984653.4875440001 938864.9052879810
379611526.1312224269 1385882.1137695312
355408149.9886479378 954288.9059813619
372330660.6484926343 1321504.7780761719
385319677.2492134571 1402294.3178710938
373614449.2803750634 1337948.8946533203
385408080.3099224567 1402403.4257812500
388945972.6289988756 1407300.1982421875
373269093.7690919638 1334625.1654052734
373051376.4344542027 1331962.1910400391
380289554.2623091340 1390054.7158203125
373939076.7997885942 1342729.9891357422
384948506.9509371519 1400702.7895507812
372944466.2496781945 1329844.0709228516
359372431.7798022628 1075019.6545196772
361393955.7828108668 1119243.4328829050
361531190.8995730877 1122438.0986859202
360124874.6324717402 1091136.4647929072
363627897.4512648582 1174347.0487471521
363450810.0823865533 1164965.4363141656
387880121.1951318979 1405258.1284179688
358610001.5209929347 1053881.3201162815
359575007.3982315660 1079554.8213749826
361281048.4972525835 1117098.3986273706
363543478.3446835279 1170056.4209395349
384950871.0789663792 1401042.3002929688
387798283.2997946739 1405076.9638671875
360747010.7583762407 1104341.7546498179
360738521.4469471574 1104123.5288235545
388028299.7439004183 1406707.2846679688
385948853.1345632672 1403417.5097656250
385230093.3247669339 1401858.4863281250
382613673.2586941719 1395666.7114257812
371452293.5969033837 1309517.0105094910
372378589.7488014698 1322202.0700798035
380100240.8657083511 1388647.9174804688
377655716.3045953512 1371898.0183105469
371668497.7634523511 1312119.0398063660
377544478.9363719821 1371646.9589843750
371913858.6401455998 1314763.4662475586
384106696.7568169832 1399387.7739257812
362527336.4571641088 1146156.6441655755
360940732.4623935819 1111318.6257526278
375161354.8525680304 1354158.1856689453
372450498.2378580570 1322583.1836051941
378143006.6568589211 1376273.4741210938
377289123.6495627165 1370638.5156250000
383642388.8856917024 1398236.0473632812
371940059.2449927330 1317430.1645202637
388738431.3358474374 1406787.9848632812
380271333.6605370641 1389998.2509765625
378681644.7261540294 1379361.7270507812
360845045.8076822162 1106968.9046832919
380263130.8943910599 1389929.7089843750
383627239.1083450913 1398205.0761718750
383494514.6071842313 1396733.0908203125
384195099.8175259233 1399496.8818359375
379780447.2307758331 1387821.8427734375
376369844.9610342383 1366030.4453125000
379283121.7234501243 1383955.9467773438
371710028.8555698991 1314068.0334587097
379136789.6818107367 1383664.3535156250
384603217.6567999125 1399693.0292968750
378754603.3763744831 1380412.2363281250
378849953.4482840896 1380577.6835937500
375008891.5720508099 1354110.1442871094
383087327.6687346101 1395712.9013671875
378883641.8221881986 1382979.8896484375
384077086.7091560364 1398847.6069335938
383374084.4354608655 1396590.6181640625
370827287.0217854977 1299495.7926304340
370904853.5779412389 1299638.0123569965
371071329.4996412396 1302936.1563999653
375613654.0071694851 1357798.8923339844
375502662.2726178169 1356372.3820800781
376080083.3035712838 1360910.3195800781
375978550.3531245589 1360734.4272460938
375901883.7706832290 1360580.8369140625
371231586.5454522371 1307042.1114349365
369949604.4021986723 1287177.1707799137
370761171.2784540653 1299354.3341343403
376112581.6963928938 1362108.9536132812
369993703.1564134955 1287296.3383061588
377146977.5007326603 1368674.3061523438
377822393.4011635780 1373547.8583984375
378331311.3196830750 1378445.3193359375
377706229.6687344909 1372657.1308593750
377643620.3347500563 1371781.7226562500
