208362711.6745707691 2753.4213096864
208041932.8515327871 2502.0528516742
207673901.6592527330 1764.6901562240
207803768.0442892015 2192.7485690225
217869498.6278148293 4650.5127969866
207753548.1388988495 2101.3442767744
244428731.8304514289 10277.5497856140
207725031.1768814921 2032.0173773834
244057975.5538779497 10245.5188179016
233453248.1899102032 8259.2188805306
232956115.4625013769 8159.8238504640
220388196.7030706108 5323.0732351055
219308193.1205076277 5055.1787242700
219151685.7079303861 4968.3070506861
214350281.4011728168 3810.5035999678
214214435.1761628091 3700.6018370417
244376409.1753413081 10256.3681564331
243870271.4825568795 10193.5209712982
208521603.3580344617 2928.4372334390
240148130.4591718912 9640.6548550576
232941886.7749255002 8159.2311142648
207698331.8585521579 1932.1056924684
207672198.9680807292 1704.5563889744
220103412.8024105132 5178.1610258515
241586480.8273789287 9874.0609858036
216156143.8714204133 4195.0108286028
216244108.0808449984 4205.0426702713
244124959.5490584970 10253.5027770996
218047853.8854156733 4695.5896510889
208449730.9645197392 2844.2038585908
218213581.5970987976 4731.5359729339
236682473.4987872839 8762.4764222867
221225490.5225787461 5491.5410442163
216359219.4789194763 4237.3425661211
233467476.8774860799 8259.8116167299
219346144.9932197630 5078.0156700564
244410474.1337677240 10263.4928207397
234396727.5673487186 8429.6054924691
220119373.6778452396 5247.6168311973
236696702.1863631606 8763.2610139660
217883727.3153907061 4650.7612723139
235724511.7034946382 8550.1363676751
244612999.5909317136 10288.1783638000
238257669.7947836220 9174.9916654837
218938879.0098087490 4952.0389106413
208475458.1841762662 2901.3985218912
214665902.0624291301 3860.6514421587
208393187.6796759963 2818.9770893961
215644285.8137732148 4035.9763899063
207703497.5700516999 1957.7836716323
218359592.3238100410 4750.7181204584
218525799.3447758257 4859.8148620268
219806617.8283393085 5138.7237682154
208690774.4196950793 2941.6611906839
208411246.4980905652 2822.3916890835
218380643.3052687645 4755.7987516816
219463893.9803204536 5082.3119262707
219240125.2736771107 4992.1335213137
218047569.3305874765 4669.7269159441
233394365.2686884999 8236.6229027474
208446094.6152887046 2826.7550682932
233819654.9163661301 8324.8036774361
207673511.6393337250 1750.6261554275
207802093.7495617867 2191.5546867022
243736198.9792174697 10123.5862388611
243827045.9114811420 10139.4635314941
207855383.0612823367 2274.5852354356
241107062.4035548568 9758.8135943413
207735433.9854162335 2084.6246988842
207888377.8019699156 2312.5651513408
207822357.7557885349 2206.6987572860
207766679.2292408943 2162.1100256627
215543366.4843593836 4016.3764711504
207707294.2070469260 1957.7857587362
234210713.7632862031 8397.7500199044
207965790.7588663101 2422.0252953838
233309572.7353239059 8236.1955536568
207742636.3441819251 2093.6448632549
207812846.8466619551 2203.1050072978
238276054.8215791881 9183.4734407365
207685685.5577566624 1881.8533351718
240029509.9232224524 9581.4056418389
232788298.9051684141 8157.0158624351
208037260.3526107073 2494.0112569546
236551916.6190281808 8749.0897202305
207691794.0806685984 1895.8973473349
234085230.4650757909 8384.2454575265
207717672.5905517638 2026.3029113294
207702198.4400165677 1938.3842155424
231443474.6099254489 7912.4224957192
217975533.2143940926 4656.8260768463
239904026.6250120401 9567.9010794610
238140580.3673787713 9170.7614113104
219271953.7687475085 5018.0218090373
207713177.1319650114 1965.4270983300
207726038.7380870581 2082.0945426593
208521907.0344910622 2928.5168753531
207679076.8659085929 1825.7171913384
214561383.7943733335 3831.3858794001
222185830.0655265152 5658.6617538882
236412204.6332418919 8732.0408414964
236719537.3449229002 8785.7158531956
236426433.3208177686 8735.5851578526
207715635.9295523763 2018.6594846317
207867594.6184203625 2276.6326630001
207950526.8255702257 2391.4857469601
233602853.3216112256 8291.3318994753
231376421.4506755471 7909.2591465676
225387233.9146410525 6583.8535301340
227777185.3391101658 7286.1432482348
224734240.1812680364 6442.6155578745
227759065.3262697160 7224.0132383311
227477159.5500285923 7186.1834043467
215539440.0147383809 4005.2880998735
225640008.2908256948 6642.8179496479
208564686.8144556880 2936.1140350982
207790303.1641458869 2164.8886572150
207742265.4468410015 2093.5026654226
208013457.5788302124 2493.2690893439
236073780.5994800925 8698.0592588548
207713841.5178534091 1972.9012925773
208072039.8862631917 2506.2476625097
231953945.1326785684 7998.3204630129
207689268.6950260401 1883.0427227132
207755821.5218305588 2149.0104879026
231729742.6983239055 7947.0327795259
231523878.0220873356 7931.1838873140
208100198.8801347613 2572.9469863203
208369144.7946170866 2757.9239630144
225506233.1109011173 6596.8259524812
238094992.6928587556 9141.8795228899
207974208.4796580076 2477.3909200315
207776074.4765700102 2164.6401818876
207899290.0173833370 2368.4156854936
231905715.7804391980 7995.5725763552
207936044.6219338775 2383.8089453009
207810728.5688959956 2202.9627314461
207822743.8927825093 2258.4706319456
234798117.3964319825 8511.1958864443
207897845.5981576443 2367.9307759886
207746187.0825163424 2096.1750194798
234286315.4839820266 8398.5251892770
229176162.0874722600 7597.0195956798
207841863.5268521011 2274.1003259306
208297776.3754772842 2725.1993353135
223859062.5816996992 6281.6043426645
207702044.7141253054 1934.6649374964
234300544.1715579033 8399.1179254763
207999228.8912543952 2493.0206140165
223879408.3503184319 6316.9483221169
232270749.1740989089 8088.3787449563
231754611.6328119934 7994.5482948983
243662838.8294767737 10098.8062057495
239045729.2641032338 9523.8434393853
208378958.9921001792 2818.7286140687
243500106.4220364988 10089.2536010742
208398447.9109179676 2819.2223639970
232381999.1322558522 8123.2193573678
208120910.1806864142 2603.4714009975
228024757.4085514843 7341.9751154528
208119505.8983407021 2602.7311647081
207895854.0597572327 2315.0953075658
221487315.2248750925 5511.3319471772
226264602.7747267783 6916.7365550147
226757939.3123188615 7020.5234896289
207972216.9412575960 2424.5554516088
207714727.0680469573 2017.7806644337
242693172.3122934103 10070.9779586792
207919896.9448162019 2383.5604699736
243510598.3958629966 10097.7933120728
235753203.8466467261 8691.9877495579
226940926.2051421702 7114.6465975390
221724808.3864955902 5625.0518557353
214328766.4686159790 3746.3188589838
240265737.2940473557 9651.2238492966
240495011.5945464969 9697.4684705734
234739593.4151284695 8462.1980598215
208312005.0630531907 2725.4478106409
208457984.7707265019 2855.9978415118
234628842.5154140890 8447.2015330642
207820910.6369502246 2205.6351635228
221478325.5000323355 5505.1757925446
239019308.8951871693 9406.7608117276
237370348.7783891857 9114.3238731635
221806149.2253566682 5642.2351425082
221528126.6030051708 5574.3789818239
242959021.4190012515 10083.9148445129
225912126.2561524808 6758.7961570871
222777251.0393838584 6059.2553899656
242531905.2203288972 9984.6353721619
220935888.1844045520 5467.8689138377
230800008.3842616677 7819.4505374283
231002776.7764671147 7863.8715655655
236903337.1929202974 9062.2135466686
226265015.8780022860 6972.7561737178
242328706.2655816376 9935.0605125427
242677715.1903978288 10011.8466491699
207685062.0539806485 1871.2298794689
242426473.1578232944 9974.1265335083
221158148.4202704728 5483.1982611115
223206179.8667109907 6261.5250071855
222849656.4493713975 6208.8148109567
229818296.4742894173 7679.2935610913
229409425.3885705471 7603.7407028764
228549530.0174942911 7537.7279764758
228085328.4245591164 7467.1462809191
234400487.0031917989 8441.4726072215
222259702.3139802516 5807.7381128221
208403946.8077773452 2821.6495214728
242392236.8612377346 9960.3123970032
222459512.8434849381 5995.2159711504
242318934.5187335312 9917.7745342255
238345869.1620778739 9391.5226735288
220438115.6957302690 5338.6388472016
231024017.7547618747 7881.3917834610
222361478.9038504064 5904.5299131060
242520343.3933927119 9977.2582588196
226426300.3959668577 7020.0530617326
230264543.4850838780 7758.2356650680
231101249.3711201549 7900.3553283457
234979342.6204182506 8532.4362875521
242301559.8506072462 9878.7951450348
224755445.2464434803 6568.1982305642
227921236.6701371670 7314.4433548539
234023816.4601646066 8352.9079177231
237387312.6247698963 9130.4702347866
221500011.6482041478 5545.1627332652
237300359.0746152699 9099.8097390286
224263340.2974857390 6380.6524541970
220776336.0583991706 5432.3889387544
220639795.3666030169 5365.9585951264
207712399.4373498857 1961.1980338762
208349351.9750577807 2752.9358837377
208160973.8028419018 2609.4299260046
214148075.8637145758 3693.6181724740
207876577.0316323042 2279.7810593966
208288769.2035823166 2717.6216355684
208275295.7623267770 2664.7861671456
208252538.8874009550 2641.1158617636
208277673.8550249040 2672.0914781699
229683926.2657815218 7622.3852158407
233289028.1543569863 8204.0147422007
231250572.3195904493 7901.2731173685
232094325.6710696816 8021.6611006907
208240445.8593634665 2618.9356226411
208251461.1888854504 2635.4370596189
230237226.2829888165 7681.3147824904
208284311.1805185080 2697.2723827860
226828268.5699363351 7069.0245607632
208240534.6627907157 2635.4351282976
208233680.2439466119 2618.9281513167
208263291.5377165377 2659.1054336797
208224700.7503997087 2618.7284821507
215203243.7647618651 3963.6585968358
226248982.9006661773 6897.1183048176
225931202.5536814332 6851.4630342411
216658870.7374511659 4334.7557361943
225677266.1873919964 6741.2662855374
215031162.8834235966 3902.8637607915
210262508.6896479428 3074.1398329226
210444902.1712381244 3076.2433017405
210578783.5500806570 3164.7219993459
210461795.6882859766 3078.5066343012
210560723.3770571947 3152.7364494192
210464447.3413286805 3080.2544125082
210997405.0737605989 3320.1151622880
211345617.7380565703 3330.8656655910
210740204.4046440125 3262.6166127088
211369953.7655230165 3342.4990790904
212457874.2902220488 3431.7227619351
215839683.4109767377 4191.4888468259
215732890.4450830519 4105.6628332608
212065476.6198117435 3387.8932898254
212447422.6653994024 3394.2410962754
214262325.8954720497 3712.0102685178
213020762.8285555840 3648.5028749430
212850138.5415150523 3592.5905784094
212736032.1305198371 3528.9108645045
212628481.4746877551 3502.4014781439
212817144.4685621858 3530.0749687017
213170763.3169331551 3693.3805243704
217254010.3683101833 4560.0488122358
217077357.6305339038 4494.6928324691
216864337.7401110232 4462.0845835453
217023751.7747894228 4486.6267107164
217332060.1516098976 4573.3177371656
217332444.3014940917 4593.8234526464
217005803.7974576354 4477.9932173034
217138655.9859626889 4506.2120492253
217386745.0369968116 4611.0365598570
217334598.3273244202 4607.4091758081
217444284.6200211644 4622.7212832391
217687363.6066481173 4639.4431181659
217193251.4298668802 4527.3213077595
217085606.8993774951 4499.5575353240
217184169.3317603767 4511.1094991386
217429493.9400147796 4613.3773906180
217541133.2180258334 4631.4648097001
217205913.8691948354 4534.5459031779
