50885117.4747080356 801745.9931640625
51390740.9613317251 860581.0283203125
54071944.5613119155 953306.8310546875
55470902.7686842680 967060.7167968750
52930122.8454193324 932043.1210937500
54891760.7881055176 963617.9892578125
55507564.8957516998 968095.1386718750
50794809.3550115973 762921.1025390625
51250056.9990465865 851504.0576171875
54510935.4596790671 958461.1220703125
54345105.3732377961 956743.1279296875
55939481.3603859246 970903.1435546875
54063805.8024845123 952857.2382812500
55515703.6545791104 968544.7314453125
51359731.3432151303 860533.2553710938
54361777.8292356506 957233.6884765625
51041109.0908044130 829142.3720703125
50816180.0102648884 783792.6835937500
50920253.9340574667 811311.8085937500
55735287.9223260209 968850.2646484375
54529761.4749629050 958951.6826171875
56943900.1819338277 974122.9726562500
54231789.4482117668 954575.2324218750
54522309.3415263444 958758.9306640625
54505086.8873647526 957552.2617187500
50980299.8833861426 816083.3520507812
54690292.9872535914 960476.9248046875
54982416.4416904151 964162.1787109375
51758282.5947576761 884493.6777343750
52954564.2452544421 933306.5458984375
52975190.8980648965 933938.6308593750
54239928.2070391774 955024.8251953125
55382777.4400508180 966377.1445312500
51263366.0852451324 853078.4296875000
54249338.2619035318 955287.6416015625
57626078.5224381536 975799.2900390625
51404761.0056292117 861516.9746093750
55390916.1988782212 966826.7373046875
55168875.9796298742 964757.5400390625
53124336.2063733041 936008.2441406250
54974277.6828630269 963712.5859375000
51137548.1491236761 839988.8647460938
54081354.6161762625 953569.6474609375
51126660.8041595668 839486.1181640625
53496131.8679067641 943176.1982421875
51990165.1940842643 897851.9233398438
53747288.5016864166 948326.1562500000
51226731.5543818027 849738.1723632812
52060540.7148119360 902377.8105468750
50879899.1195228770 799729.0864257812
52778617.5052614659 929640.4453125000
53797641.6946560815 948945.5966796875
51237618.8993459195 850240.9189453125
53533677.8194999918 945143.0722656250
50887902.4527431279 804042.9052734375
56457337.4272152856 971836.6630859375
54698431.7460809946 960926.5175781250
52005957.0102577582 898864.6855468750
58574080.3506164625 977890.6171875000
50983786.1694002375 818954.2553710938
53543087.8743643388 945405.8886718750
50885630.1249380782 802499.2182617188
50807175.1402197778 777631.5883789062
51437415.3279406652 864364.1269531250
55866628.4507422522 968858.6376953125
51225141.9905160069 846176.8876953125
53817662.5151094049 949480.1689453125
52423579.0308807492 917512.2910156250
55927067.8177933022 970112.3193359375
51295326.5850938857 854971.8530273438
50936367.1239323243 811833.8125000000
52542514.7138457000 920652.4335937500
53143792.9534253553 938499.6660156250
53711071.5200915933 947123.8828125000
51808183.4070324972 886601.8334960938
51195255.8348716274 844719.7988281250
54530448.1003537476 959208.5234375000
51028678.4808293432 826439.6069335938
56297212.6303952336 970947.7617187500
53227663.1201650202 939553.3281250000
50893120.8079282790 806623.2695312500
50910619.9380331188 808996.3017578125
55177014.7384572700 965207.1328125000
51220403.8774476126 846119.3056640625
56465476.1860426888 972099.4453125000
50989004.5245853886 821534.6196289062
52046520.6705144644 901441.8642578125
52936429.2861453220 932549.3837890625
50809017.2423092276 781950.9780273438
54814432.7959631532 962444.1845703125
51059644.0219137073 831857.4819335938
56804458.4648982212 973240.5771484375
55316046.6163027659 966068.2314453125
51234910.3520254418 849820.0820312500
51816196.8880943283 887161.9223632812
51033896.8360144943 829019.9711914062
51103605.6887748986 834502.0903320312
55186424.7933216318 965469.9492187500
51286806.4111178592 854026.2651367188
50901694.5813962519 807246.4477539062
51276828.4712790772 854024.0175781250
54539858.1552180946 959471.3398437500
51042470.6094824672 829643.1494140625
50943579.3787222356 813077.6938476562
54707841.8009453565 961189.3339843750
54049157.8020468131 951435.4023437500
50917832.1928230226 810240.1831054688
53823511.0874237269 949891.1845703125
51176989.8839658126 843771.9633789062
52054315.7288403958 902029.9340820312
52436731.7561254501 917556.1113281250
53240523.3855605647 939824.1757812500
56972442.1106254756 974958.5712890625
50818000.9553849027 785038.1225585938
52659681.8222965077 926500.3027343750
50824316.0448063239 788470.1625976562
50808996.0853397921 778877.0273437500
50870246.6582327932 796790.8398437500
51773416.0961884409 885415.4179687500
52025783.4974464104 899959.5053710938
56326034.4690070748 971217.0498046875
51096393.4339849949 834379.6894531250
51341287.8884249926 856428.1235351562
57698354.1594671384 976481.3847656250
50906583.1939622387 807568.8574218750
56494018.1147343367 972935.0439453125
53526101.7121178731 944484.7158203125
51186735.6608956233 843774.2109375000
52093150.4632904530 902919.1362304688
50839431.6272786707 789470.8586425781
51790610.0302783325 885960.1621093750
52648059.4166513905 925554.7148437500
51194180.0785945207 843896.6118164062
50996216.7793753073 821657.0205078125
50884646.8283287063 800159.2170410156
52402133.7096613720 916508.9384765625
50973116.5360036120 814356.0200195312
53785052.2055615336 948472.7099609375
53611550.2967756167 945438.2646484375
53138943.9378096685 937274.5058593750
52630528.2765682861 924665.5126953125
53121412.7977265641 935819.3652343750
51491340.4563167840 867175.6142578125
54339256.8009234667 955834.2675781250
51447265.3035803214 864746.0756835938
51163448.6348582879 842197.5913085938
52717201.3993447274 926809.0937500000
53886601.8341959566 950841.4355468750
50865319.4169603363 793954.3242187500
53622348.0516708866 945487.5878906250
51268840.7897116393 853205.0288085938
51083084.3477864563 832805.3173828125
51416488.1472309455 863418.5390625000
53413995.4752300084 942571.0175781250
51518401.9646212682 868926.8281250000
58383945.7749147117 976896.7187500000
51398728.9597402140 860849.8833007812
51424476.1456394196 863687.3940429688
52615165.7310231999 922888.7763671875
53518316.7373368964 943722.2216796875
51021963.9652745128 824494.5312500000
53432821.4905138463 943043.9042968750
58206394.1754461974 976829.7001953125
52081245.7446874678 902898.7070312500
51798598.0286868066 886229.0170898438
51159714.7721359506 842109.5361328125
53036808.0678904653 934413.2060546875
51699529.4796751291 880913.3784179688
52618656.6624257788 923356.2187500000
51014751.7104846016 824372.1303710938
51057337.1618872434 829967.8066406250
51836393.8834686875 888536.4653320312
54398799.3274855912 957439.9384765625
52733786.8861051351 927157.3701171875
53470958.5974885598 943060.1757812500
52852722.5690701008 930297.5126953125
52885705.7134078145 930906.0126953125
51688711.8187306300 879953.6298828125
51525561.1736851856 870223.3774414062
53508736.7239329815 943460.8837890625
51743295.5232848227 883153.3134765625
52033931.2376939580 900091.8583984375
52044748.8986384422 901365.0483398438
51617915.2503679022 875752.7167968750
51563331.5458137169 872239.5917968750
51726274.5280721486 882302.1503906250
52394260.3213169202 915070.0834960938
52547441.0395042673 921833.7753906250
51201934.4311795309 844944.3886718750
51317219.0396549106 856410.8857421875
51309993.1798102483 855465.2978515625
53628915.9062329456 946562.8037109375
53630878.8725373596 946877.3027343750
54104435.3561719656 954345.1572265625
51608329.8720222116 875379.9003906250
51553746.1674680263 871866.7753906250
53177224.6247319952 938713.5439453125
51209160.2910241857 845889.9765625000
52551565.4396021739 922532.9414062500
51973635.3521497771 896091.7851562500
52505855.5666725188 920029.3876953125
52302163.7838990241 912959.8471679688
53626958.0411040112 946459.5507812500
50823618.4860002920 785580.1066894531
52439395.9829312339 919136.1367187500
53285010.7795557082 940030.0224609375
51859251.2624993920 890366.5717773438
51890977.5880228728 892049.5903320312
54354521.3336572796 956970.8720703125
54743709.5045076460 961957.3095703125
51412352.5115171149 863389.6352539062
52464223.6333086267 919396.9912109375
54076055.9857268259 953410.0839843750
53905427.8494797945 951331.9960937500
54244039.6314540803 955128.0781250000
54053797.8295884356 952787.1738281250
53814014.8630721271 949151.0224609375
52313151.3707270324 914617.3417968750
52509366.6624581516 920310.0898437500
51733916.1888549477 882738.5190429688
51580144.8782393709 873423.0610351562
51542928.5065235347 870907.0268554688
51975836.4373541400 896611.4726562500
53896017.7946154401 951069.1796875000
51848433.6015549004 889406.8232421875
51979347.5331397727 896892.1748046875
52408879.3838802874 917373.5781250000
52218995.2619308531 909217.5405273438
52775304.9078313857 928434.6337890625
51341453.0192587301 857203.2978515625
51708908.8141049966 881217.2797851562
52184837.1485361829 907555.3374023438
51999544.5285141319 898155.8247070312
52054128.2330683097 901668.9497070312
52251047.4195023924 910409.2260742188
51007985.4841905832 823883.0166015625
55063424.2331611961 964436.2011718750
52288802.7269763574 911958.1176757812
52034898.2648693323 900496.2763671875
51533781.3350026459 870492.2324218750
51991936.9659602717 897928.7392578125
51954338.5395186096 895772.1567382812
52169364.5292715952 907548.0986328125
52008922.2440727949 898971.8403320312
51980314.5603151470 896983.1513671875
50867304.3946360648 796238.2133789062
51915606.7389295995 893956.5126953125
52135040.0599815100 904203.6323242188
50863085.1705716997 793775.7990722656
51840997.9846879169 888924.8764648438
51878008.3124879375 891486.4887695312
50982827.8686269522 817079.1015625000
52167447.6873918027 907542.1855468750
51696018.3838894963 880632.6762695312
53739787.9953430369 947644.4433593750
51750602.0884436816 884145.8012695312
50845586.0404668674 791402.7668457031
51680564.0784830898 879821.2768554688
50850312.4310029149 792773.2299804688
52205574.3216042221 909037.6962890625
53375944.5809453577 941577.0830078125
53715411.1326720789 947405.1386718750
51927897.2480221167 894237.0659179688
51707517.4780835956 881182.2333984375
52873127.4295690507 930473.3027343750
52041237.8028528169 901084.3461914062
51855740.1667137668 890085.8696289062
53345660.8265002370 940872.3574218750
51986654.0982986316 897571.2211914062
52383122.0502539426 914783.1166992188
52148144.7754326910 906553.2709960938
51754113.1842293143 884426.5034179688
53389286.5340267569 941675.7509765625
52265953.9915663823 911688.9838867188
51762101.1826377884 884695.3583984375
51876824.6392535642 891004.6430664062
51931408.3438077495 894517.7680664062
53054245.4181267098 934783.0761718750
52609137.7799608856 922563.6347656250
52919652.3327973783 931281.3076171875
53304356.7520115525 940331.3886718750
51524275.3120665848 869439.0903320312
51583712.7831491232 874123.3803710938
51570840.3330997601 873085.5556640625
51609953.3709525913 875414.9467773438
53341065.0410900339 940463.1816406250
51027720.1800560579 824564.4531250000
51350635.7965038344 858010.2915039062
51342647.7980953604 857741.4365234375
52205461.8443864882 907630.9682617188
55289403.5247477442 965517.0000000000
51502369.5809196308 867194.6298828125
51715091.4492226765 881355.0151367188
51769675.1537768692 884868.1401367188
51555369.6663984060 871901.8217773438
51488534.5517342985 866864.4267578125
52146534.2970328629 904432.4697265625
51461753.7862371281 865667.5927734375
51438698.9934629127 864588.7167968750
51453765.7878286541 865398.7377929688
