68297540.3462884128 61840.2626528610
69015271.9214306325 71135.1798723894
69823568.2630717456 75700.6332323807
68594266.7724521160 67117.2934909961
68542983.9517641068 65961.8834170061
68676497.4033910185 67694.7253394965
68285090.7734032273 61827.9699658006
69108671.5469946712 71648.0777682024
68113975.7721274048 57608.5450770906
68400659.4901925921 63868.0110581964
68502655.1490227282 65832.5035740039
69279359.0255175829 73342.5325935781
68225659.2809201330 61588.0417300258
68253038.7758354843 61756.3259097133
68282837.6906387210 61827.6120091621
69085663.6362298280 71558.2373970449
68088690.7612892091 57310.1210277132
68306666.2164315432 61885.7057527155
68077493.7258554697 55842.8211833495
71063355.3197216988 81848.0774184465
68736715.3751078546 67783.7671993673
68396546.3575566858 63731.8439935497
68458486.4076036960 64067.8871476576
68887964.6482479572 69600.0222770739
68324919.8412037790 62008.5468325485
68198252.7326854616 59733.4681578670
69092275.4007740021 71562.0362753496
68137739.3319404125 57755.8605192993
68276358.3263367414 61766.6100035701
68368159.4903812259 63557.2436845098
68248978.8314213604 61598.3258238826
68860585.1533325762 69431.7380973864
69308536.9741009921 73381.7981041372
68048090.8094718456 53819.2230323753
68140456.2207792997 57803.0626687501
70086335.9308474511 77370.3522352278
68206757.2901816815 59796.8538096994
68395538.9852966070 63725.5278641973
69816606.2711863071 75621.3825916350
74685153.7893103063 88029.1465697102
73880840.9453576952 85977.7953666262
68170873.2377700806 59565.1839781795
87478400.7956647277 110367.0497131348
69913812.2058068961 77240.8833244741
68159042.8601860553 57820.1874171346
68360337.1337225586 63164.8034952972
68380075.8274590373 63725.1063517425
68065337.5850668103 55553.0461527365
70874471.7048790306 81150.4663456492
68111247.3264390528 57486.2762181363
68051896.1377476901 55258.7875130912
68166965.6681630611 57837.7283488363
86673609.9296999425 110109.1727600098
68067152.7955574691 55554.8088010750
68763602.5414957255 67842.4837883413
68816014.8703704625 68171.0291515216
82807634.4332787991 105905.5747070312
69261383.9628207088 73317.1408811808
71583944.9570803493 83313.0571373701
68928293.4509893209 69729.4021200761
69621940.3258839250 75343.5779167414
69387948.2014945894 75212.8110626787
68965323.5942358822 69881.3926323354
69356918.7713245749 73503.6677444987
68914505.7560451329 69684.8538107499
69235890.5111622214 73310.4961250722
69167000.9137420505 73310.4360710382
68777194.3414669037 67906.0649956167
70220346.1204225868 77676.7463301122
71192778.1281822175 82016.1294907033
69330936.0037398189 73388.8199470937
71327061.5189216435 82941.5349306874
69754514.0280956030 75514.3694636375
70469896.1642476022 79108.4103783567
68749814.8465515226 67797.9354790151
71045428.5161262602 81491.5180977397
86506248.2021744549 110035.1312561035
70446401.0475606471 77681.4733408391
68499977.1784175336 64089.3409810886
83597813.7736419886 107664.5964660645
78388164.9012224078 97498.1738366671
69797590.8630776852 75570.0562312156
86300563.7997565269 109998.4972229004
69900364.0336301774 77147.1187617332
70827688.6494258493 79704.7239750437
70520649.7240739316 79297.7668596394
71411923.6784470081 83201.8175487332
84802080.4013831615 108621.3750610352
68994293.2224519551 69976.3162067980
70783525.5016578287 79523.2737644725
84813816.2811885327 109291.1500549316
69890248.7206288129 76591.5340412706
80547617.4717006832 99133.3643913269
85343433.9756886363 109922.3144531250
79831138.7410485148 98261.3557777405
84746480.0761088878 107853.6813964844
69836735.5026705265 76255.9920792219
80994203.3291888535 105349.0914535522
75764306.3758431822 89552.3552627563
74670290.5570638329 87542.1198272705
74975711.0194587559 89307.5239562988
74606884.2497614920 87199.2109069824
76277509.2573491931 89849.0846862793
76333677.8661075383 89976.0661315918
77402568.4826541245 91045.9514122009
78020885.6667871773 93217.6534118652
77849747.6962023228 92112.0170249939
77993885.9064180404 92284.3571472168
77279974.1638525277 90209.2105979919
77574120.6491667479 91851.3773460388
77419436.1684887558 91636.8142967224
78077014.5468355417 93907.2329406738
78332220.4031187147 95747.2779541016
