78368332.8870242089 1285191.2802734375
77922151.7380516976 1274159.3212890625
77415660.5036809742 1251428.4121093750
77575683.1524467617 1260132.4863281250
83198077.2142369300 1339550.6796875000
81532689.4952600151 1337896.0419921875
77784466.5467543155 1268077.5781250000
78334636.1732631177 1285162.9541015625
78643057.4764116406 1295880.2167968750
78386739.0485606343 1289263.3642578125
78047831.3267484754 1275870.0341796875
79156232.1968288571 1309342.4277343750
76745533.3808786571 1206652.2045898438
77744470.2484610528 1263591.0966796875
78071260.1225739568 1277217.8623046875
77456082.9281756133 1252078.8164062500
77239687.6139138788 1242674.7558593750
78085000.9820938110 1278030.0976562500
79910067.2989048809 1322945.7236328125
77955848.4518127590 1274187.6474609375
79226462.8646104336 1310060.7509765625
82994840.6481420398 1339293.3320312500
79258612.6272448897 1310923.6357421875
77912064.5673302114 1271010.5908203125
79250172.0354267210 1310804.9433593750
78947272.1950084567 1304787.0781250000
78889705.8670034409 1299467.3115234375
79675948.7172716260 1317382.2783203125
77131574.6037722230 1234729.6640625000
79328550.9624381959 1311403.9306640625
76653048.3036704212 1202478.1606445312
77511676.3401716501 1256467.7158203125
77339499.9032231122 1248476.3300781250
79876370.5851437598 1322917.3974609375
80261560.8686604351 1329457.9726562500
81005496.1605881453 1336497.5644531250
79601412.4135781378 1316731.9267578125
76751064.5680200011 1208892.3461914062
76482190.2205523103 1189588.4267578125
84331801.3440357298 1340280.3750000000
78452320.6017002016 1292258.0478515625
80264533.9315784574 1329554.5039062500
81039192.8743492663 1336525.8906250000
78783780.3442368656 1299249.9580078125
77768183.9860430658 1264213.8779296875
77869635.6781440675 1268768.5468750000
78905935.2835469097 1301125.5634765625
84677180.6786378622 1340528.5683593750
78439368.5951047987 1289473.4638671875
80667015.6666750163 1334985.7968750000
79797515.0440580100 1318837.6376953125
78009417.2530157268 1275032.5937500000
78139876.1041484475 1278546.1015625000
78841560.5170844942 1299438.9853515625
77123117.0113355517 1232796.1171875000
83257772.7338804901 1340148.5566406250
78277561.2954458594 1284627.8447265625
80556696.2224272490 1334213.1503906250
80136112.4781552851 1325082.7744140625
76826613.0172340423 1217548.2724609375
79487822.3394061476 1316649.2773437500
76627049.4977879375 1202258.3481445312
80590392.9361883551 1334241.4765625000
79381725.9051579088 1311544.4365234375
79348029.1913968176 1311516.1103515625
78676754.1901727319 1295908.5429687500
78222274.3652225286 1283754.5703125000
76768944.9952419400 1213743.0229492188
77309189.8047090471 1244839.8857421875
80665869.1975333542 1334708.7128906250
81571459.1299298257 1337910.6347656250
77609379.8662078977 1260160.8125000000
79136231.9493170530 1305895.1367187500
77675527.7357951850 1260389.2568359375
77261540.1199913025 1244377.6533203125
79152540.5454966128 1307037.7412109375
77491519.7122672349 1254808.2363281250
76669975.5145135373 1202974.3422851562
76856003.0167307258 1217600.5952148438
76917509.5990118384 1227521.1547851562
80154214.4873306602 1328781.8574218750
77089420.2975744605 1232767.7910156250
77475870.8631375581 1254330.9121093750
79412324.7605413347 1311884.6757812500
77695771.5516499728 1262123.3681640625
77916565.5155305266 1272280.1875000000
78215701.5236653388 1282515.2128906250
78268014.2271995097 1283964.6699218750
78311258.0092069507 1284656.1708984375
77019409.7822682261 1227549.4809570312
76593352.7840268165 1202230.0219726562
79989977.1375052333 1323648.6904296875
79099150.8701509833 1305559.7246093750
77835938.9643829763 1268740.2207031250
78698925.8636498749 1298170.2255859375
79845771.7297603339 1322193.3310546875
82787532.0093712509 1339139.9873046875
77028279.8867840618 1229059.4028320312
79690168.6627282649 1318132.9628906250
80023673.8512663245 1323677.0166015625
78980968.9087695479 1304815.4042968750
77870246.7415735573 1270830.7304687500
78187998.7394814491 1282486.8867187500
76411462.7098112553 1168006.2875976562
77667926.9951937050 1260236.4189453125
80025793.0339074880 1324310.1279296875
77140761.5338253230 1237710.0722656250
76753729.6092157364 1209108.0546875000
76895657.0929344296 1224066.3930664062
78537175.0822871923 1293337.7802734375
79666303.9293935150 1317031.8378906250
79812075.0159992427 1322165.0048828125
78939631.9973080009 1301153.8896484375
78758621.3832934946 1298418.3642578125
79628297.8555854559 1316925.7421875000
80821523.4958578199 1336441.1562500000
79723865.3764893413 1318161.2890625000
80187911.2010917515 1328810.1835937500
78732622.5774109811 1298198.5517578125
78570871.7960482538 1293366.1064453125
79192766.1508493423 1310032.4248046875
77197120.7956369370 1239384.6435546875
77975720.5392546207 1275004.2675781250
81842188.0591611415 1338817.5986328125
77056033.9181233495 1230944.4257812500
77222784.7775568664 1241076.7158203125
78174448.7531232536 1281841.3867187500
77325247.9908665568 1245263.8999023438
79800488.1069760472 1318905.6093750000
78609403.8912926167 1293547.8798828125
78234317.5134384036 1283936.3437500000
79109424.9201231152 1305866.8105468750
81791464.2611610740 1338479.0166015625
77442217.1548410654 1252010.3603515625
76659000.1836677939 1202953.8090820312
76744851.4230131209 1204828.3061523438
77275493.0909479707 1244811.5595703125
77726172.0108420253 1263348.1113281250
77037990.8342373967 1229162.6489257812
76542321.8820859194 1195492.7016601562
78817477.0579979420 1299278.2841796875
77744572.5470425636 1264107.9345703125
78039000.4246558696 1275104.0664062500
77691864.2336514741 1261257.6015625000
80744900.7653710991 1335696.8359375000
79030784.6100623310 1305531.3984375000
79568602.3359418809 1316677.6035156250
78173255.0526277274 1278598.9208984375
78063022.0355852395 1276039.5898437500
81112283.6210171729 1336631.1054687500
80914487.3435795754 1336481.6113281250
80419041.7607612461 1331009.8632812500
80059489.7476685792 1324338.4541015625
77061745.2694684565 1231064.8935546875
81747222.5027204454 1338253.4453125000
80520941.9440176189 1331038.1894531250
80100296.5817530453 1324421.3369140625
80376115.7440356314 1330293.8691406250
76691320.3396179527 1203443.0722656250
80342419.0302745402 1330265.5429687500
79607167.4584866464 1316907.3769531250
77411451.5387832224 1249337.9023437500
82240794.1386274546 1338923.4326171875
77684241.7453658730 1260947.7646484375
77718549.5225564241 1263038.2744140625
81130429.7305685431 1336945.3710937500
79795621.5393610746 1318777.7089843750
81407000.8484746218 1337317.1894531250
79435320.2782471627 1312148.2509765625
80880790.6298184991 1336453.2851562500
81524997.5630433559 1337372.4189453125
77783599.4084987342 1266077.9765625000
79679731.8221627772 1317393.5976562500
80778597.4791322052 1335725.1621093750
81259891.3332235068 1337271.9824218750
81584693.0826869309 1337970.2958984375
81293588.0469845682 1337300.3085937500
84456419.3499070704 1340474.9365234375
