752897332.2499680519 24130121.4453125000
750370770.3371387720 23848430.3085937500
750373826.3873599768 23849135.6406250000
750786394.4084850550 23937150.5273437500
751198819.3342654705 23995302.8085937500
797894509.3755488396 25234545.8750000000
758095973.0287199020 24417078.5585937500
797003099.0908927917 25219283.1601562500
752150843.6767228842 24092001.3007812500
796570829.3502955437 25217894.9960937500
751489446.4600125551 24006361.9531250000
757100947.9020149708 24355548.0546875000
749461224.9258735180 23764262.1835937500
797037409.7925242186 25222763.9804687500
756702744.1362003088 24352030.6875000000
752943756.0681288242 24150113.4960937500
752413871.3450374603 24110474.8320312500
752786533.4748615026 24126651.4453125000
797261244.0573830605 25223348.7304687500
757857929.2251588106 24408427.8710937500
754215138.9577790499 24210270.0234375000
753060558.4453170300 24159386.2539062500
752751065.8944249153 24122337.8085937500
754282632.3317475319 24215213.6875000000
757187859.7564352751 24374589.1523437500
757992618.5855343342 24414811.6835937500
757535129.3915185928 24399854.0117187500
754930026.1107108593 24243231.0820312500
757113564.3240723610 24360552.4804687500
750545928.2887413502 23883239.2187500000
797328184.4674308300 25226465.5039062500
752747419.2747305632 24117222.7343750000
800563974.5959833860 25242133.5273437500
800544715.4438300133 25240082.2187500000
755455705.7771283388 24295429.9296875000
750157448.8218371868 23832509.4453125000
750979093.4521619081 23983485.1250000000
800187423.6083420515 25239624.1601562500
754967096.4543727636 24278174.6914062500
753790608.9510105848 24194887.0117187500
753214406.9401178360 24171548.6171875000
754177322.8843798637 24210177.5937500000
755368183.5163029432 24286509.3750000000
755511415.2942763567 24297532.5000000000
753986314.7229925394 24208691.9375000000
751138218.1712362766 23986203.4492187500
753779543.2683992386 24184043.8671875000
756093237.1866151094 24314533.6562500000
752002223.7667021751 24031517.5585937500
755298241.2704243660 24285305.0468750000
791094190.4124785662 25193060.7617187500
752607362.0355632305 24112921.7656250000
755961171.5848209858 24306580.1601562500
752089484.4962528944 24049252.1484375000
751724597.7293640375 24017897.0117187500
751827582.6983188391 24018455.9687500000
757364101.8397905827 24386389.3242187500
756396102.1825140715 24317337.6835937500
751845454.5182069540 24024596.6601562500
755699924.3068579435 24298692.0156250000
754895447.7710481882 24241167.9882812500
751908119.9883283377 24029826.4531250000
752138632.9344428778 24073863.1835937500
751598952.8452845812 24016585.5664062500
755795320.5018540621 24305137.8164062500
750569327.4967314005 23937017.1523437500
750799446.8622039557 23975391.1757812500
753121955.0612480640 24161145.7304687500
754880233.5162762403 24238291.1445312500
755208493.5602663755 24283187.2500000000
754901712.6393362284 24241948.9921875000
755098317.9700001478 24280375.2304687500
751366912.4982850552 23997969.0585937500
755211648.8745408058 24284337.7226562500
751530542.3255095482 24007026.1640625000
756236454.6441998482 24315270.8750000000
749959673.0205519199 23821359.3085937500
815071598.6870224476 25297269.4335937500
753646038.0800219774 24178893.9335937500
754314458.8584048748 24216658.1054687500
814748282.9207319021 25297241.9726562500
756440432.2897988558 24324499.0625000000
753895111.5772880316 24200272.7304687500
814497254.8308416605 25297145.8554687500
750504001.4149558544 23864766.5703125000
754850877.2226448059 24235124.0781250000
750398648.7159000635 23858596.6093750000
750545610.5947169065 23868213.0468750000
796398523.2425976992 25215191.4804687500
809975461.8245549202 25278248.2929687500
809742407.2567162514 25277971.9257812500
754620929.0053927898 24231003.7109375000
754541512.1932982206 24230662.6015625000
750036596.0216985941 23831292.4726562500
750167097.3632276058 23835343.6406250000
749520471.7311313152 23817069.0625000000
810150666.6769194603 25279646.1523437500
813919522.0799931288 25293472.3554687500
814019547.7365876436 25295497.1601562500
809210298.8331948519 25277602.7695312500
809378356.5586779118 25277838.1367187500
764046180.7611488104 24680845.5585937500
763348176.2002646923 24654562.2890625000
813634187.3940616846 25292883.8984375000
767865128.7691904306 24809221.9140625000
764426714.3940324783 24693567.6914062500
750239239.3476451635 23839670.2578125000
767148077.1647593975 24785216.9257812500
767352138.5764716864 24788842.6054687500
767199983.3010936975 24785749.4960937500
768252329.0146368742 24822137.7773437500
795139239.0631761551 25209031.4570312500
806541580.7682535648 25272342.3242187500
804137619.0821840763 25259784.1210937500
770942903.0256894827 24889670.7187500000
771508199.6576111317 24905778.2148437500
760229303.6815828085 24524028.1445312500
806353817.1065148115 25267415.6210937500
760288492.5352551937 24531090.8281250000
813135278.5828163624 25291935.3867187500
806471482.6923503876 25270382.8007812500
803019132.2771643400 25253169.6835937500
792045657.5376641750 25197657.1367187500
796090389.5260387659 25212582.3085937500
759961228.1019651890 24518802.2851562500
767384047.2280898094 24797021.6367187500
760724895.8464767933 24550798.9062500000
806403271.5826764107 25268534.6289062500
760167839.2374744415 24519249.5000000000
768591722.0227625370 24832009.6562500000
768735521.9958088398 24836831.1171875000
760921848.9590935707 24559041.2539062500
760653160.8035997152 24548526.2734375000
760563517.2521604300 24544837.1796875000
795370863.7020989656 25211491.0820312500
805698587.3101450205 25267155.8203125000
812683627.9859431982 25289901.7851562500
802146325.3240058422 25249243.5195312500
812399113.5687873363 25287615.1054687500
764598095.5651805401 24703604.8906250000
802037636.8570109606 25248403.9492187500
812549829.5230284929 25289087.6210937500
761296740.7555526495 24565409.4921875000
767666872.9679077864 24805385.6601562500
766598786.3574125767 24774058.2421875000
766533471.0558985472 24771952.9687500000
767010747.8846220970 24780016.2226562500
801452550.4137560129 25243979.3437500000
790383669.8998308182 25181556.3125000000
786747234.9365578890 25150054.3828125000
787220050.6387797594 25152012.6718750000
806962174.6438462734 25274359.1367187500
808092091.3021368980 25275436.6093750000
790482386.8262519836 25185232.6875000000
759291018.8386584520 24477745.5039062500
788399650.1762090921 25166863.4453125000
788667643.5059936047 25169571.3984375000
758568456.7250146866 24438187.6640625000
758286789.1688473225 24435843.3515625000
758286080.9851744175 24432026.2500000000
792440742.5484405756 25198233.0234375000
771703836.1313161850 24909626.5468750000
758618112.2357015610 24439745.2656250000
811999277.7573436499 25283188.4023437500
778185654.3834547997 25036644.0156250000
757077407.6300376654 24352642.2929687500
756589947.6940321922 24335104.9570312500
786637813.5755558014 25147112.4062500000
758239110.1046649218 24420687.7421875000
792628011.5191577673 25202759.3281250000
763141541.6632890701 24649586.1093750000
765485846.0977214575 24736720.7851562500
762582461.3361709118 24624097.1875000000
765858432.1007846594 24742669.9062500000
768874044.9826362133 24842685.3203125000
768527988.3842412233 24830615.2382812500
758635319.5346627235 24456995.7265625000
758902811.8152512312 24461945.9648437500
759170114.4705327749 24471867.2187500000
811767723.9954377413 25282871.9960937500
759757971.7148909569 24496279.4414062500
759413002.4508999586 24494540.0195312500
762634781.6199043989 24629826.9648437500
811585799.5775202513 25281078.3164062500
764172135.1294729710 24692592.9609375000
761573437.9451560974 24582209.5390625000
764475439.6793406010 24701294.8906250000
767224180.7563271523 24786199.6445312500
759749148.2311159372 24496183.6367187500
765039617.4921978712 24717925.7421875000
763713758.3082693815 24671497.9687500000
762067174.7136400938 24602558.5117187500
764108081.6974514723 24689202.6796875000
766101859.2314996719 24752372.5703125000
763540425.2371716499 24669442.8085937500
768018996.7299667597 24820353.0351562500
765733892.8853315115 24740534.3398437500
763408562.2489380836 24661974.9179687500
763768888.8389399052 24675333.1718750000
764861722.6489527225 24715516.1093750000
765703459.8032060862 24739625.2343750000
777408045.3967846632 25025618.9882812500
761898295.0711025000 24596920.3632812500
761669053.5870374441 24591876.5351562500
789422179.7467147112 25175569.8203125000
771245555.4242364168 24899040.5546875000
771928354.6822000742 24912220.0859375000
770339272.8643091917 24887732.3320312500
771145363.9891864061 24896621.5507812500
769699829.4340296984 24875716.4140625000
769549255.8547031879 24867754.5312500000
767581572.6480855942 24797442.5625000000
793321207.6346606016 25203503.7500000000
776612897.9036073685 25012383.0000000000
769447381.4636088610 24855760.4101562500
769650399.9922604561 24869117.4531250000
775646323.8910777569 24996806.1171875000
768311292.3209445477 24826711.5507812500
775838449.0807496309 24997801.3710937500
777045976.8674820662 25020122.3554687500
770194699.1680141687 24877986.2578125000
798428966.5823078156 25237591.8554687500
764049994.2878938913 24683316.6445312500
763116749.2560449839 24643056.6054687500
761475847.2095247507 24577032.9218750000
762193826.0283451080 24602795.0781250000
804470146.6188129187 25260594.2304687500
762288927.8230971098 24604293.5820312500
803815687.3477425575 25258178.4882812500
762758632.7920259237 24630893.2148437500
803414088.7371436357 25253412.9531250000
803414088.7371436357 25253443.0000000000
803414088.7371437550 25253530.1953125000
772254461.8102467060 24920210.3515625000
772435677.9996942282 24922881.2539062500
779710043.2301771641 25070538.5820312500
779400574.4413164854 25059280.5000000000
780481132.2191261053 25085007.6250000000
780992897.5091000795 25086451.9375000000
791400735.9242055416 25194545.1875000000
774911609.8047051430 24982073.6953125000
779917168.4831386805 25072323.2578125000
781375855.4431011677 25088582.9921875000
781168123.5219075680 25087865.8750000000
773755452.9750819206 24956986.1054687500
775564171.4546465874 24992021.8320312500
777148490.9344818592 25023941.5234375000
773521628.0315837860 24952243.1679687500
773581078.3542714119 24954501.4414062500
776106153.5811226368 25002379.3554687500
772580281.5293419361 24932648.8164062500
788972343.1601270437 25172730.9765625000
774109350.9857895374 24965491.0898437500
775897520.9905867577 24998954.2304687500
785383010.9049755335 25136608.0390625000
785755762.4823806286 25137309.1171875000
785200636.0593762398 25135002.2265625000
784711050.0375403166 25133078.2812500000
787768251.3413729668 25160645.1328125000
788652628.0125423670 25169136.8242187500
788056470.1804450750 25166587.9726562500
785951985.6545351744 25143708.5117187500
774622622.5512986183 24974095.2421875000
774115637.4940674305 24967400.5390625000
794417499.8913222551 25206118.0078125000
774482214.9627220631 24970963.8828125000
786622857.8421834707 25145008.6210937500
782620050.4595829248 25107350.7343750000
782095007.9174946547 25099466.2578125000
783298686.0998789072 25115175.1796875000
782620050.4595828056 25107173.0468750000
783262650.6766512394 25115160.6406250000
783839610.0529229641 25120850.0117187500
787321829.1030346155 25154942.3398437500
780156344.0143786669 25076783.1171875000
773107816.6867308617 24941602.4492187500
786142873.5496065617 25143885.5507812500
782360889.6778495312 25099900.7851562500
782544506.4439747334 25106556.1562500000
781849559.6067643166 25096726.7187500000
778379701.0124107599 25046710.8164062500
777684433.9754979610 25035545.8476562500
778251167.9464941025 25044867.7539062500
778719076.1417886019 25049812.7929687500
794658342.9823961258 25206266.1875000000
779123055.2941070795 25054964.4921875000
793946204.5778435469 25203971.5156250000
793946204.5778435469 25203633.9687500000
778749910.7883024216 25052062.2929687500
789999378.5282219648 25178568.4062500000
790771202.9923237562 25189535.3437500000
790771202.9923236370 25189429.6015625000
776755498.2763565779 25015989.3203125000
790771202.9923237562 25189441.6640625000
777524115.2029061317 25026023.5312500000
777188283.7277444601 25024098.0507812500
783577727.7287495136 25118609.1914062500
784403897.7304316759 25124474.2070312500
796046280.6332852840 25212143.3320312500
796203656.3678733110 25212797.8515625000
