201308422.0252758563 36305.2512710178
200950729.3281891346 30522.3685723217
201417922.4955128133 37406.3620444341
200956287.6395187974 30589.2452202709
201041402.2786978185 32570.7258679317
200928114.0764091909 29631.9539910229
200938623.1074157953 29891.9455582198
201074103.7968277037 33458.8661477016
201177548.0712352991 34660.2811477268
201283269.0577562749 36180.3015029514
201217560.0868197083 35299.9445998752
201268410.0096913874 35675.3600661838
219820224.6769317389 71377.6613767371
201212308.8657447100 35258.7336383555
201060367.4715550244 32818.2857434200
201164680.9131951034 34604.2593972133
201964076.2571590245 42214.8352875179
240269845.9813315868 97363.7938537598
201481850.1191830337 37927.7028171150
201723594.7226476073 40489.6309348708
201573163.7282777429 38730.6927547313
201113515.2051354349 33757.4366107676
201172296.8501602411 34626.9255023692
200870069.4547044039 26346.7074387908
200871044.9239324033 27023.4021714568
239846521.5513351560 97152.1339416504
201392999.3627163768 37288.0966871558
205366224.1651026011 53702.4560882002
219196291.0927120447 69880.2510672957
219221003.3276639581 70921.0402823836
200881354.0315948427 27258.6370042205
201761503.7582925856 40601.0533978818
200892442.9199917614 28061.4296528787
201556293.5464465320 38693.3935500188
201237461.8332642317 35377.1246906016
201377379.3842812777 37250.7559632566
201459571.8789722323 37711.8258500388
239815155.7988046408 97080.8560791016
201354579.2866157889 36849.2367540253
239810679.0395861566 96848.2942810059
201153527.2207199335 34398.1229205821
201146599.8948080838 34375.3062701914
201659114.7395124733 39689.1238324521
202483844.3890196979 45097.9605579320
201602963.2961220145 39446.3928245967
220588660.9748078585 71973.5398551375
201083626.7696054578 33503.3500339435
201698671.2670192420 40341.0570386713
201878164.9579292834 41499.4753339170
201106587.8792236149 33734.2179218028
201831477.7052243054 41401.4560195012
202071976.0058735013 43140.7842551274
238484484.0916920006 95323.3586349487
200886371.3357694447 27275.5129502654
201760671.0685716867 40577.0374477240
239152696.7492182553 96418.5315933228
203422796.3950850964 48629.1319250676
201705352.3149021268 40358.3223900264
222186713.2092004418 74082.4590987116
221706756.2906662226 73878.3157595545
202003211.8041146994 42411.4048993466
201984986.1625071168 42304.0081403134
202189694.9042413533 43360.7363240598
201686698.8522777259 40133.4570954796
202118663.2585785091 43238.8035695432
200978514.0635721684 31343.2895733761
202253290.6007381380 43970.7441105423
202051311.5637490749 43074.9429955771
201142579.5868810117 34364.8264133381
201707957.9780745506 40437.7971705152
200975662.2996026576 31331.9723418625
201472977.1322632730 37783.1789994529
201334504.8381061852 36672.2946992982
201015044.6654992998 32116.4560520099
205320861.7413703799 53657.9407092482
200901141.6913681328 28725.1998555154
200961137.8390455842 30640.2612344893
205473159.9698123932 53723.7240172774
200965353.1919402182 31097.4219878586
205165272.7507659197 52746.0111438185
201274806.7462084591 36117.5183931459
201454751.4906556308 37697.7687821677
200924367.5430535376 29590.5185562667
237578339.7028141022 95029.5008010864
201605568.9592944384 39525.8676050855
201723577.9565097690 40475.5070518916
201698424.9889903367 40335.9543785518
201621188.9377296567 39563.5774864620
201596035.9702102244 39424.0248131221
210466897.7414060533 60918.9556189654
235311470.1450673640 94285.3770294189
207369450.7552404404 55935.2984720320
201470371.4690910280 37735.5087538762
229759783.5869323313 85012.8162050281
200893379.5381509662 28611.1562001199
201243257.0421718061 35549.9886977756
237470314.1236239672 94904.5945663452
201810813.2630999088 41335.6147599509
201629353.1455691159 39588.8726149602
202669960.7222383320 46003.2903267518
226992631.4424541295 79787.0042717694
201095640.2453846931 33704.6136142658
202754761.8531194031 46065.4467639867
201507478.5105753839 38499.5391373923
202154932.1549741328 43357.0880891513
202576011.8883266151 45579.7102053089
202069563.5040835142 43125.8026572270
201514405.8364872038 38521.8924393943
204776559.7910889387 52135.1892801551
202373767.2232118845 44392.0485541103
201532631.4780947864 38607.3026566794
221064790.7597696185 73653.0032664571
205608909.6410651505 53745.7196622938
201313106.8363257349 36387.4391466035
200963626.2387936115 30708.8694725903
222768493.5574323833 74535.0538729578
239170922.3908258975 96426.3181533813
200964285.7409503162 30767.2099191817
200946960.8300397098 30451.7031900557
203177130.7504045069 47510.8317277357
203977872.2830947340 50400.7284315899
200924345.5782597959 29561.2886087568
200887425.6158170700 28044.5049397439
201294881.1947180927 36294.6643968476
205655140.0986694694 53770.9547473341
234419319.3166428804 91513.5325870514
201160349.2341490984 34593.6423618244
201247941.8532217741 35648.5444017304
201287953.8688062429 36272.0646654023
201322672.7415274680 36404.8533693207
201207288.5756454170 35254.0144931721
202312999.7500395477 44296.5213996535
204229136.4285729825 50817.6318683568
201167276.5600609183 34616.6766940998
202322844.7002497315 44347.3500677822
202534766.9119818509 45144.4055652563
201135652.2609691918 34342.1105319904
200907466.1041646898 28873.1784091681
201117295.3647201359 33838.6541593513
202262077.2270773947 44251.9625312453
234327423.7296541333 91254.8895893097
201175158.3086804748 34633.0885771941
236963349.6767919958 94400.0075988770
237373704.5156079829 94860.3118286133
202693729.5299927890 46061.1984729711
239408590.0384087563 96810.7357177734
201215170.3242649734 35263.9491423797
201102567.5712965429 33727.7211276935
204877537.1324189007 52247.0720094657
201026272.4746433794 32300.9912845539
239808997.9160234034 96831.0969848633
234572071.3306537271 92375.9370059967
204757880.4806521237 52133.0815069741
201081031.1227394044 33481.7674233364
201149335.7405419946 34383.3717929767
203942480.1340394616 50254.5074739680
202380791.9488897026 44519.1667972310
202153951.3294386864 43342.0990910111
201958034.0739816427 42163.1286276085
200930697.8000435233 29650.1680185469
202014708.2328230143 42495.8340194700
202194735.1447645128 43773.7376197604
202256889.6023935676 44076.0185061079
203283756.9237486720 47776.4451418146
203665979.1400713921 49452.7668810114
202035028.8863010705 42561.4887508927
201051822.4846031070 32680.2322518276
202116379.9877182841 43234.5660167688
201580404.3845261931 38758.0290399445
203390303.4028889537 48509.8064851984
202649312.5452798307 45716.3808967238
203341552.9599875212 48414.3879671320
203197349.6709231138 47697.1241808161
201895227.3871818185 41509.2324947892
224517287.1563234329 77841.5116272586
201002766.3003946245 31681.6995007442
203291242.4117573202 47955.4747057185
201441504.7831134498 37695.8469552305
213139236.5024552941 64030.7100516772
203976853.4703696370 50337.8220491633
201071659.5709297061 33341.0729343342
208606326.7407524884 56818.7337690443
202021578.9264281690 42512.6342956191
201913453.0287894607 41602.7708553849
201044895.1586912572 32657.3309761928
201954761.1727306843 42054.0152648956
201048490.7877294123 32669.9326602863
207892320.4672093093 56775.3767629713
202871079.7072222531 46567.8072071020
217835584.5174196362 69705.5917701980
217501637.9891698956 69581.0995591559
202630441.2876634896 45680.2120638471
203931608.1907350719 50246.9640908530
227934704.2878465354 83277.1394678669
200914973.7017879188 29026.4213063210
200941160.8057913780 29973.6856225642
202142229.2066559494 43303.9084540969
201898897.9633320570 41551.5955382949
203653069.1622973084 49425.8924837336
201582165.5168479681 39104.6068597687
202139396.2639811635 43290.9237739211
202102534.1376353204 43158.7813903457
202238696.5779991150 43815.0583161479
204955892.8895163238 52271.6228152663
202791165.9804895818 46496.6114794975
204434963.2066461146 51148.5558010917
200992691.0725780427 31531.8689495968
202574264.8806999028 45413.4577030716
202581123.6903272271 45657.4002601271
203249504.9415983260 47730.7069368586
202136119.7827607095 43255.4234858137
205192069.6412640810 52800.8091479689
202457396.7938883007 44717.3607856398
221048180.6730440855 72311.7862395197
238551068.9497213662 96270.6933593750
202254404.9216968417 44005.7014612667
201901730.9060067236 41564.5802184707
200984072.3749018610 31410.1875531124
231941657.2571049631 87642.3271064758
234931112.9275407791 93602.0291690826
227296070.2171193361 81661.5800378936
227030338.5338793695 80700.5347913521
224277036.9696497023 74936.6478670985
205123886.2275537550 52676.1920520216
225503332.4301120639 79266.0513291972
201798966.8406982422 41119.8377389219
201690371.7268019915 40211.1140619172
202564872.8015773594 45184.5069748526
203068590.9142675102 47493.4621935114
201400010.8927758634 37299.7555108918
200999434.6035209596 31664.6560119065
230342559.6914336085 85713.4233578758
200886797.7650630474 27784.0273396462
201425700.1626540124 37511.1416192902
203873506.4897083938 49997.3012082167
203747607.0203059018 49855.7005586848
205202858.1835007668 53360.8343097121
210926470.9333370328 62506.9535666583
204085754.5611234903 50767.6301241145
203567334.5443692803 49158.7448244318
201034443.4451861084 32546.9365822719
201028403.5902500451 32417.9307228969
201432966.8402318060 37539.2795587434
203434868.0396479070 48920.8455019221
224206673.5726023912 74810.2676105922
201062835.9782101810 32889.3487984585
200995737.0394004583 31569.5527270269
205118359.9327919185 52634.6313830763
200993394.7485848963 31534.2611449631
212933554.5212290585 63535.6440879321
200989799.1195467412 31529.7905041622
200958245.8860142827 30638.2040903242
224480341.8668671548 74989.3395821875
223955506.0563463271 74711.6386903724
233479104.8789958954 90651.0373697281
238307992.1796301007 95067.7126464844
204449439.1097412407 51331.9569652304
230553232.1880644262 85949.4714840965
232688901.3092727661 89929.8559036255
232443217.6141088307 89379.0225028992
204558126.6395350397 51451.2785501927
205024950.0809968412 52611.7792712599
238363875.8284186125 95106.4207458496
234613355.3678266704 93387.3500823975
205311556.8277012706 53441.0469714552
207600271.3669487834 56281.4462514967
234573479.3987499774 92517.8209781647
234447099.1930390000 91770.6829376221
200917825.4657574594 29037.7340822682
232349937.6902035773 88989.6616935730
232422736.4829398096 89053.2235221863
200909246.9571431279 28912.9074208230
200927775.8356659710 29622.4682300218
217372989.0218465924 68243.7492854843
217249105.1027642488 68006.5345943222
221525628.1269420981 73715.5243262310
200892983.9271467924 28111.3722493142
215168269.4425097108 67281.7130337300
204256779.9278501570 51033.0839663185
205198459.2031628788 52801.6699191481
209495496.6318354011 57373.5801917983
212793084.7683929205 62909.1181250690
204064538.5309696198 50599.9769106135
204581405.2277337909 52013.9690809501
204352499.8714840412 51123.8911390556
203064547.4346086681 47219.9371309504
203310426.7331795692 48284.3700559363
215505222.1465425193 67610.7029018941
215158767.1036492586 66698.7733364644
203266781.8690883815 47733.3479433283
203015734.0261689126 47127.1543398127
205159538.2867629528 52711.5053385673
203293621.5104160309 48039.0839052424
203004571.0082832575 46886.9805956110
202933938.7302367985 46632.3580869883
220493257.4958262742 71926.0055411542
208878239.7703049481 56910.7424498796
208792836.7480443418 56831.8789182752
214288781.8212149143 64106.3934329968
210203097.7736344039 59252.2694445727
