145282281.2834946811 9714.9700608067
144591527.0293311179 7291.0197195224
172579953.6278401613 28169.7059538662
173073364.9642697275 28503.7558615506
144526958.9464357495 6748.7217837982
144622085.5958732665 7340.5224882551
144506105.2737859190 6394.5567449971
144513887.1369611621 6712.5967878742
166507495.7237602472 23666.4604149833
170186889.5085870028 26065.8418836221
144523132.6509933472 6741.3535007878
144508001.4327078164 6706.5479070358
144517246.9467399716 6735.3046199493
144577032.2691090107 7131.1777772121
144500080.5744407177 6379.5884701423
155689725.2276934981 16641.3664509207
166213027.2353077829 23480.3626767173
175136835.8624422252 29485.1145324707
144670365.3907345235 7711.9754911847
144566939.4644429386 7106.5215300731
173506948.4601845145 28674.5570564270
144692330.1944912076 7809.1756025739
144724240.3888853192 8045.0002637319
169289018.8522400260 25513.4805860519
169402579.2103966177 25700.3859205246
144573743.9745452404 7113.8504220434
144636556.0202755630 7661.1740156598
144815175.3916879892 8417.8225308768
144907713.3130823374 8810.0168880932
163376531.0668007731 21872.1120926812
150011872.9739842117 12667.3753869059
174702011.9242054224 29376.7158660889
174998493.9168926775 29437.8744812012
144809857.1693075597 8416.4532666616
145500440.6236831844 10196.4747650148
146483318.8431032896 11432.9967135303
165062243.8208269775 22704.7620914392
163084146.2417491972 21559.4986643493
168619618.1224576533 25161.1000967026
169117454.3824224472 25339.1598196030
144756331.4561583698 8104.4951939099
144673272.8803280294 7718.0637630634
144596201.6255634725 7297.3046927862
174035895.4267055690 28924.7765159607
174097634.0863776207 29253.7631683350
144699056.8737236857 7825.2042509504
167589154.5001221299 24579.7848879322
144624125.2917690277 7340.7585810609
160978909.6695564389 19638.8942852803
175338049.1250210404 29520.8515319824
151847720.4218392670 13488.9016053956
144523780.1856971979 6745.9036640339
166110387.6139608622 23435.6206112877
152216521.2763368487 13569.3463079957
160722439.8746314347 19574.1803341694
144600293.4044593871 7307.2844607048
169014814.7610755265 25294.4177541733
153492891.8300166428 14967.2702435534
152785073.6996212900 14765.5601300281
166776583.3788571358 23842.8934121132
166472698.4477695823 23658.0650597587
169392245.5580573678 25682.6194276810
148958142.6401111484 12330.7566506388
148360656.1793771088 12308.3341958048
144590315.9213100672 7289.9571055360
144786174.0623649359 8327.9466099255
144524823.0153655410 6747.2006069832
144643282.6995080411 7677.2026640363
162398080.2265776694 20827.4090118110
144628733.9568572342 7616.6969048195
144486766.9550877512 6341.1437849446
174895854.2955457270 29393.1324157715
159942646.6673471928 19019.0159755396
144756323.2658379972 8076.3356949501
144832047.4037513435 8462.0421599858
144749177.6610544622 8076.0996021442
145162708.8877914548 9406.0981867136
144597042.6005425453 7305.9857539125
155356440.3408205509 16286.8636849560
144595135.1459954381 7291.2558123283
156640313.8412808478 16648.1470805351
175097253.6617111862 29453.0081024170
144700253.3245651126 7839.1193393879
159803512.0413402021 18875.0975852795
157327357.5235838294 17137.4219736222
144589397.1154611707 7288.6770944042
144721420.7308352888 8025.5342194252
144625020.2579207718 7477.9745330028
144903941.2420058846 8742.7553032856
144700557.2819427252 7956.4936069958
162155997.1483959854 20220.2700353982
152208725.1340061128 13563.4655807046
144771039.6778441668 8193.0018506460
174619377.4005781710 29331.9738006592
160335756.0936207175 19377.6386010610
171000816.3185801208 26731.6226699352
144954024.9869104624 8888.7568020336
144639463.5098690689 7667.2622875385
144715368.2905955017 8025.2981266193
144602928.3047958612 7313.3333411627
144728899.4799302816 8048.6556669660
160686166.9819696546 19387.6158087896
144924934.1226497293 8860.8183636181
144676550.7991321087 7801.8467106037
156672486.3025991917 16681.6406210605
144744648.4506309032 8062.7012218647
161317682.1985586286 20029.0763157057
161353776.5047304630 20193.6979282545
144617320.7816667557 7333.4296890907
144833596.5704164207 8507.3684047870
144663560.8806322515 7704.6465992145
144583511.4112077951 7282.6282135658
144615281.0857709944 7333.1935962848
144653679.1082083285 7678.7374636345
144683696.4039156139 7802.0828034095
144606179.1087127030 7313.3333415432
165970074.7788688540 23050.2507491522
144629751.5101732910 7653.8451236896
166061850.7924811840 23083.5883708410
144732150.2838471234 8049.9543737583
144762167.5795544088 8173.2997135334
144646533.5034248233 7678.5013708286
145375613.4641496837 9809.2320233746
144662366.4487845004 7685.0224368982
144740837.6244233251 8056.2393470220
144635803.9504129589 7654.0812164955
144655220.8440010250 7684.7863440923
161177174.6836691797 19740.9596412964
146303311.6082144678 11080.4906389238
146292222.3016428947 11075.7339381995
144780517.9935744703 8197.9559606723
144786080.8538837433 8204.2409339361
144488953.2619220912 6363.8704005890
150937288.0807202160 13187.3033806803
151361238.1500968039 13403.0421044352
158050760.3791334033 18242.3026766112
157943465.8918196857 18036.1717676452
145112090.7005527914 9317.9226164632
145813613.1233898997 10541.6821980299
144499378.5945535600 6378.5280966206
150523692.0466397405 13031.5891015055
162159120.9389061332 20482.7154269861
144561489.8684248626 7078.0009099655
144624993.0854667723 7346.6107601337
144572991.9046826065 7106.7576228790
159312141.2198566496 18269.8338372232
145263053.4614652395 9692.4740738682
144529980.3966168761 6880.2256509475
144507446.8323408663 6488.0784634538
145939530.2633535266 10683.4431945803
156795712.4315731823 16706.8222672464
145802090.3383748531 10489.1878540041
165017414.0248311460 22447.4867949896
144476722.4274265766 6003.2337509803
160048671.0950751901 19025.3639135920
165755647.2252214551 22960.1113906316
165084107.9830782413 22799.8775496893
144933621.4632259011 8867.1033368818
146312289.3289744258 11410.5571243288
147711578.0369847715 12078.9503380777
172048839.5008582473 27667.4208419323
157112070.1811563373 17089.9073121073
171356978.7129920125 27149.2075927258
166623637.1850408316 23698.9327648655
151119560.2512784004 13221.5752465250
150494755.6023417413 12958.8694970133
172882194.6412183940 28312.2049365044
144480881.2508343160 6335.0949041061
156981391.9334561825 16737.2072180275
172183027.2016306520 27736.1639678478
159649319.0646432340 18541.6006180234
144557899.3138513863 6941.8803386135
159482547.9316571653 18503.3008324625
144956083.9067421854 8890.7568901996
144861999.8340438604 8564.4548535757
144504449.2097218037 6393.4570674682
144480846.0773146451 6035.4802536182
144500219.5695325136 6388.5078641586
145988309.8924934864 10702.4048843235
144792410.0314826071 8341.3637737744
144552013.6095980406 6935.8314577751
165166082.9980741143 22814.8137278967
168014634.5756393671 24709.8287061676
161116710.6859873831 19654.6760107400
144527588.1679371595 6751.0414730720
171758644.3698433340 27561.3631484509
144544334.4191537201 6922.0103475265
172458938.1881759763 27850.1996963024
145116934.5493112803 9368.7240919881
173959825.1384927034 28912.2052536011
146551799.4725887775 11457.3860933306
166705612.2000367045 23703.5807693973
144843398.7978684902 8507.6044975929
169440097.8255830407 25754.1612603664
144973680.8746269047 8936.1439493112
170516710.9352334440 26332.8876407146
144551930.1590734124 6929.1200785084
170536814.7783415318 26622.0253589153
152231743.3614477813 13814.7060247781
170867604.1399377584 26724.7651965618
171667264.9369288683 27440.2060286999
162964316.5055806339 20982.0905563831
174595862.3393082619 29260.1861267090
144874385.0464785099 8712.8167767040
174038047.9202144444 29108.7598266602
171562285.4517793655 27386.3600509167
146377902.8377013803 11429.1816691579
145334694.4703619778 9782.5084564211
145784529.4768485725 10448.8231760385
145973237.5605584681 10686.6892082216
145256991.1585406959 9687.0316223912
145653973.3797648549 10261.1887161257
145851712.9830994606 10567.9277679445
144598253.7085635364 7307.0483678989
144518316.2765928209 6739.7050048523
146271754.6524476409 11057.1669113161
147020898.9654348195 11593.9031683924
144869961.2962399125 8564.6909463815
145016762.8284154534 9141.9825911336
157757319.0215996802 17323.5969762374
145753722.6286474764 10446.6745483400
148148144.2556015551 12266.6949187517
147601824.1137893498 11994.3558556559
144899205.0832002163 8737.3814014415
149899102.1684164405 12587.4164940836
151787761.6440654397 13431.7702233316
144710874.7067013979 7988.1499077491
144949754.1593713462 8885.3829883556
145728117.7206356227 10311.9901916506
149999437.4874633849 12660.1360985758
146608369.7413660288 11465.4674232151
146327386.8742781579 11426.3432656834
146039976.4491591752 11010.3700289736
145901699.0859464109 10639.5669841589
146140020.3105748296 11011.0199870886
144890517.7426239848 8737.0295417393
144851946.9844364524 8558.1698803119
144990689.4635197818 8963.7710425938
145851877.6078863144 10618.7292434694
145210331.8720728457 9661.4371809773
151952322.0289573669 13535.2369362833
144803579.2747090459 8410.1682933979
145497016.8758554459 10042.5790779116
144721604.2597131729 8038.7152904682
145009319.2996948361 9090.0549467029
146193332.5824355185 11054.8961975100
154829063.4540884793 15589.8615425564
145650114.3612549901 10247.2762405397
144941066.8187951446 8885.0311286533
145067311.9045866430 9289.9841780476
154277807.8199901879 15538.0872980906
145047726.6500482261 9212.4614729695
145197353.1061986983 9628.2811994366
145135597.1504819393 9382.3518080525
145299175.2542359829 9734.4200583817
144867159.6599170864 8564.4548539562
144494250.4147545099 6375.7476040535
144545251.7568459809 6923.3072904758
145057064.9126946032 9286.1825661063
145411308.6928432882 9861.6181203248
144799804.7558034360 8396.6201347752
144847103.1356779933 8513.6533784313
145574716.9421707392 10235.5929877903
145384605.5693517625 9825.0217620851
144994872.4828268886 9071.0771749537
144880270.7507318556 8713.7278485043
145011918.9796569943 9091.1811156087
144930819.8269030452 8861.7294354184
144787410.2330959141 8328.8764652951
152594876.4643214643 14101.4377061222
144980442.4716276824 8940.4693493588
144828313.0314433277 8439.4749569638
145113456.0871961415 9342.0028624348
145161429.5602787137 9384.5161680989
144824044.3902126551 8438.1067318134
144900735.8662354052 8741.6662869199
145109625.5491102636 9305.7762541585
144959709.9570941329 8923.1881312542
144489334.0668923855 6374.6867539100
144696063.7974443436 7815.2638744526
144792849.7216973007 8359.6029106788
144798735.4259505868 8365.6517915173
144989815.3192677200 8961.0866508000
144537924.2468074560 6888.7034713669
144606304.3007940054 7313.5694339685
145030680.1532181203 9192.0056726122
145112176.9022941589 9336.2481632992
145129737.4918462932 9378.7591315629
144551172.6346189678 6925.8516902371
144496910.1355178952 6375.9836968593
145193427.0480302870 9534.7528657727
144560700.9501742423 6942.1164310388
157664455.5389432311 17226.8091567550
145471246.2691928744 9934.9094291618
144848074.2856764793 8530.1499439664
145039367.4937942624 9192.3575323145
145445409.0140624940 9929.4728095452
145434095.1500101089 9929.1137592713
144761255.4219221473 8115.4791455679
155061823.5914988220 15659.8473174561
