218283804.4246853590 1082917.3299801070
221083640.7400999367 1255694.6827351286
217062044.5456171334 938259.9462540206
219780640.0842525065 1187917.8865461070
217458684.4809167683 994576.3780014571
217618702.7907574475 1015285.9543697555
217640763.2197621465 1017625.3548704553
218038077.5736652613 1060851.1423580367
219154400.4664408267 1146663.6794836242
251203297.8335456550 1690813.7973632812
217584119.1633995771 1009142.2880356368
217667637.1020247638 1018543.7508175094
220309414.7411795259 1217441.1101630796
220695162.7012995780 1235504.3814655973
217662009.4697107971 1018543.5642940719
217979317.3028582335 1053962.3552486617
217245336.8279801309 965837.9016830977
219668832.1773834527 1182843.2580358703
219871810.2997191548 1194274.2166242320
220856909.3881894350 1243466.8028523161
218494180.3595024049 1102826.1087887008
218411112.8873216808 1092851.1635982711
219544567.4515664876 1170046.7019757945
223460690.1898288727 1350137.3337350003
221431136.5810154378 1268872.1857637167
216758690.8662505746 880605.8574905731
216897989.5523084998 906508.4503670074
216975632.7281258404 924155.0524177887
217074671.0912001133 939401.7626602706
218713016.4519402683 1117105.2405025680
218831262.3500232697 1124415.0699703414
218519267.2959472239 1103526.8534176070
218973854.6759403348 1133922.9014682490
224007069.1649613380 1370461.7852476547
251781681.1380409598 1695940.1791992188
216628066.7876096070 841258.0493851043
248532635.5586406887 1684807.2792968750
216658460.1687809527 851407.3140335418
216752685.5423326194 877963.8739471771
219351361.2129882276 1160525.7847082336
216628698.0969987810 842253.7650833465
223286002.4512976408 1340483.6479439847
216871108.8119874895 903408.7823982574
222565075.1972396970 1305672.0007536374
216654803.0968344510 850493.9359588958
216802397.3313239217 889989.4917946197
217265023.9649784267 967166.5919601973
219408407.0367158055 1165567.1143743712
219500319.7036138475 1169873.1773175914
220134322.4041404426 1208530.9719794858
216573052.5715876818 827276.5327225067
216692430.3756056428 857313.0719681121
223240422.7245752513 1338708.8325116187
216813502.1761447191 891024.2942955550
220701710.9564374387 1235893.1722370817
227741363.9628202319 1463985.0517120361
233090901.2646438181 1537487.8830566406
227899767.7133783102 1472842.3053741455
218844218.9806370139 1125541.5202877242
219984724.6008175015 1200631.4347015489
220483354.6172662675 1223311.2434638608
222217674.9353947341 1300222.8037309013
222003231.7174823582 1291614.4169242047
216838167.4194296002 894553.9406578597
216858482.2664045095 902266.9659920074
216963006.1825428605 923013.2360115387
218081485.4364390075 1064559.5471431930
216914883.8402845562 909936.7974350508
216999969.9690606296 926182.3650963362
217953697.9482446611 1052190.6191646773
216756342.6142791212 878877.2520218231
217180929.2671646774 954955.7472641524
218625382.8881991208 1111262.3885738570
216895446.0529222190 905436.0950768050
216902257.2947015464 908794.9810288008
217388984.0766224861 985349.0510361250
220770589.2431052923 1239246.6487995817
216943266.4347407520 915555.8246719893
221196948.7486017048 1257550.9977579212
216626349.8450272679 840525.1596145965
220015258.6825395226 1201131.8237861264
222404597.6859470010 1300619.6282211207
216640993.6149180830 848652.7352981903
220816337.2156639397 1239532.7484089567
219497642.3005166352 1169186.1213781554
216610600.2337466180 838503.4706497528
216595956.4638558626 830375.8949661590
216738876.0604161918 876122.6732864715
219765561.5254208446 1187693.8296613414
217604110.8856992722 1010913.8375961836
220062956.9555329680 1203477.9075263608
219828482.9788579643 1192171.5623273570
243421361.8190743327 1630294.7664794922
237780311.1326383650 1560997.8359375000
243783719.5909288228 1635092.4239501953
236308040.7348860502 1559310.3652343750
219725529.2121907473 1185613.8799543101
217010691.5052310526 930683.0674545821
219856731.7408875227 1194050.1597394664
232410161.7887043059 1510968.5032348633
219913512.1906464994 1197170.7454328258
221120135.7358079255 1257479.5604206754
216738279.1791424751 874266.4203567840
216853314.2557744384 899151.8699791487
221927537.5803912878 1288367.1288382672
218580286.7297569215 1105910.2405025680
216708713.0274406075 867462.3366165496
230684677.5224841535 1491133.9212188721
246897210.1679711342 1674552.9511718750
219951706.4774146378 1197818.6778260649
227491424.4483681023 1458826.9791793823
216735593.7677616477 870562.0045852996
216694069.2575498819 859334.7609329559
217046834.2295181453 935856.2225754317
217671486.6373521686 1021202.2231685836
216726179.5813035369 870216.9153519012
224694214.7628118396 1392632.9961050460
232367052.0517988205 1508009.2535858154
216770990.9050178528 882363.9576256331
219438839.7805481255 1167445.7117864806
216913359.2519350648 909921.1968948897
217335351.6070483625 976175.7763168868
219132566.5605207980 1144736.6030370910
217765653.2698305547 1032062.9007808883
217764129.1955399215 1031623.4139644820
217066590.7782189846 939227.4606735762
237950482.6764666140 1562297.6308593750
218914117.0334758162 1131727.6997167785
220892468.1955650449 1244644.0606648161
247160733.9511376917 1679954.5854492188
223651770.1107034087 1356754.2991250418
217464312.1132306755 994576.5645248946
227363086.9102215767 1448900.0787887573
223445910.0625447035 1348483.8240914457
217623164.6006123126 1015777.3188717086
222440285.8121704459 1302480.7608727515
238363614.5991049111 1562358.9204101562
217301527.4040338695 973220.4727280196
217697549.0352181792 1023946.2910396773
241879490.4067777991 1594565.2890625000
221678569.2041507363 1280910.9566377401
216918026.0922830999 911770.5643150862
222521580.1238524020 1304168.8113005124
219551627.9959238470 1173314.0001630504
223736790.7437655330 1359773.6932320148
224879677.3665986061 1394182.4701470286
224608680.4251625538 1389016.3602407882
218434826.7632944584 1094507.2374508101
220405368.7139303088 1219774.6355169285
220581687.1066048741 1230810.3690144254
217168302.7215816677 953813.9308579024
223350760.5064201653 1345338.1240182035
224434247.2433696091 1380452.9946402023
219548791.2315102816 1172365.9073896129
227308856.5569326282 1447208.3804397583
217411437.4883212447 986428.4874382187
224313617.4441164434 1375078.6323355148
219117996.3545781076 1144545.7536718566
239352927.4881044328 1583176.1436767578
217827861.9241932034 1037992.7363521773
217197079.2394051850 958841.8385727461
225777284.8276135623 1415173.8636455536
221199750.7262904048 1257995.1702839567
220255430.1560667455 1215528.5503644664
233530831.2598585188 1541022.6759948730
219302616.5056351125 1158061.3392278869
225920070.9468932152 1420242.3474102020
220033722.5267326832 1203125.9463605601
221163902.4064560235 1257531.5793880655
217433123.8236153126 989385.4810288008
220986633.4756645858 1251474.5286823942
220139014.2692710161 1209791.2290754039
224472100.2409493923 1382065.7170523116
225548620.7060148120 1403233.8568096161
232857400.3140347004 1529815.2539672852
221338143.6108568013 1264178.1733125448
225955884.8379031718 1420393.6934795380
236137282.3813227117 1550311.7373809814
232744533.9374191463 1524876.9851837158
219783058.6718252897 1188700.0455267150
220623512.4811061919 1231516.0984105598
221075966.2663611174 1253304.3973347379
217280949.2913986742 968246.6957504805
217543064.1063373685 1003236.9011948165
218366435.9562472105 1092738.9568111617
220161539.7700678706 1209792.1604560483
218011968.0039457083 1056460.6607906539
225201656.7172242999 1396551.0811177054
218230058.9345870912 1079567.2990963180
217143891.2245579362 952300.1612350997
221299069.0526000559 1262573.7682657337
217740863.9792159200 1028576.6799556930
220084405.8720133901 1207092.2705793101
220907546.7543967068 1244868.1175495817
246205838.3633746505 1671530.8183593750
220068103.4085893929 1204822.0377454478
217635791.6530162692 1016492.2920162398
226563476.1105879843 1431029.3496246338
217998010.8462528884 1055535.3099605758
218911280.2690621912 1130779.6069433410
232537273.4552997053 1516880.4735870361
221208922.0513317287 1258947.2108987570
247236712.9519389570 1681443.5986328125
232302941.8037552238 1504507.0248565674
224266893.9100917280 1372358.5621031234
218304497.4319013655 1085220.5185787398
220854546.8369199634 1241076.5174519254
225682096.5085818470 1408562.9649994373
218780077.7403654158 1122343.3271581847
217703082.4161780179 1023946.4775631148
220708475.9830959439 1237145.1518129110
220071932.0852706134 1206868.2136945445
224370351.7748518586 1380071.1940926462
230187817.4981968105 1488545.0432891846
217375964.3743347228 983554.8357651290
218493176.6750891805 1100683.8720943648
218986737.3322577477 1134582.1409856994
232610223.1503947079 1522474.9569854736
218684445.7150439024 1115495.6325781066
218135149.9892265499 1070872.5658199508
227681675.2935709059 1461889.4694366455
219906218.1187229753 1194640.3338117320
218216846.8220612705 1077653.0327388961
218361974.1463923752 1092247.5923092086
219249198.8832748532 1152982.0334570128
217453995.8915369213 990190.3095817734
227141865.4626439214 1444226.1218585968
218906818.4592073262 1130288.2424413878
227480596.3848759234 1458637.8629684448
218775615.9305105805 1121851.9626562316
241266726.5539042056 1589977.0592041016
218151335.0761389732 1072672.4021236617
227725013.3173439801 1463310.4120635986
222649633.0500109196 1309749.8321965039
218643007.7576595843 1112636.2124120910
218607135.7718363106 1107045.2829830367
218242301.2173131704 1081052.5923092086
247562143.7834512889 1683974.8593750000
227345586.0216548145 1448237.1041793823
222002278.3598753810 1289395.8660615683
218757416.5786590278 1120284.4328710753
240020492.0284046233 1587590.2702636719
217430723.7269831896 988179.3299057540
227675002.4684963226 1461415.6110382080
218201143.6947861016 1075320.9505064208
228653345.6677192152 1485834.7304229736
228078759.6441096961 1478438.9494171143
238781790.1731632352 1571292.2523193359
222117359.1269857585 1294047.0230439901
217893705.5440069437 1045055.5011837203
219399307.1765193343 1163501.2384283263
227670136.0106029510 1459908.3695831299
217837527.1764977872 1038864.7831661422
221725534.6715910137 1282324.1285127401
227777205.3152841628 1467824.7685089111
221491725.4624925852 1274541.1954072714
223951876.5495013297 1368191.5359800765
245513028.0337321162 1647380.5822753906
246027090.3596727550 1654276.7019042969
221626954.3690220714 1280529.2102998495
218850459.0214166343 1125636.2852728087
231182094.9583569169 1502907.6345977783
218028606.9556912780 1059394.3021480758
226882541.2371808887 1436108.0976333320
227714564.9879899621 1462760.7851104736
221406846.8683665693 1268575.8948701620
224330226.9063400030 1377797.5147818038
231084442.8787244558 1494780.0589141846
217106890.5157046020 943638.4419052657
217814755.2580423057 1036858.7861568648
250752838.4647461474 1687361.5981445312
217107303.9127904177 943742.2661240157
240779295.1512535810 1588200.9467773438
222068438.4299729764 1292459.7371553183
222694969.0191560090 1310906.7924725562
242830231.3601148427 1621673.9587402344
221362175.6291914582 1266488.5048555136
217791412.9438869655 1032543.6855709273
226874993.8815614879 1432141.7560805976
248798201.4855225086 1686757.7700195312
222205576.0806676149 1295183.1076514386
225265725.6620587409 1396738.2868156433
238562357.6576313376 1563168.3328857422
222957712.0678353310 1323738.7261367440
225427270.5890263021 1400509.4066326618
222914759.1529786885 1322157.3063262412
223845528.1211660206 1361749.9036558578
223202658.7987544835 1335090.5235237190
236008960.2996214628 1545592.2100677490
223117785.5363906622 1333226.0733284065
241949674.8919828236 1595393.6308593750
223098257.2237748206 1330817.6429961631
223609314.9498713613 1352737.3344610641
225516478.3865360320 1403020.4649822712
225570524.5790916681 1407066.1965496540
223299945.7019696832 1341068.5735725472
225501399.8277043998 1402796.4080975056
223187580.2399228215 1334866.4666389534
225398578.5364378095 1399756.0980389118
222745347.1886347830 1312636.7571914950
