971251312.1276025772 15678970.7382812500
972325206.9478298426 15721962.2578125000
971864501.7368129492 15702716.8378906250
973733775.3349461555 15775117.0195312500
964696827.9114800692 15326009.1875000000
986839683.7692406178 16094239.7558593750
986562765.1320241690 16089137.6835937500
978975485.2846217155 15925959.7382812500
970218136.2038319111 15612383.6113281250
984796419.8409470320 16057340.9863281250
974547537.3313857317 15791446.3125000000
974095628.0864489079 15782594.8339843750
973923247.7564035654 15777253.2343750000
971522605.3045642376 15688447.9101562500
976260182.2886227369 15839309.4296875000
967716889.0672869682 15492687.0996093750
994764631.0435585976 16222163.6542968750
977983336.2272739410 15894329.6347656250
1006604831.0541820526 16319221.7558593750
979209618.5589941740 15934749.5957031250
965115531.2840207815 15336465.9335937500
964642561.4601385593 15314701.0839843750
966708376.1490867138 15443401.9003906250
965016370.4740056992 15334128.5078125000
973052092.2970647812 15745635.8886718750
1006621184.6347513199 16320828.3046875000
966023481.0728321075 15393241.7109375000
972558134.2865799665 15733027.6640625000
989150470.9888101816 16143597.1035156250
965216694.3445234299 15347158.0019531250
965385797.5883042812 15357224.7207031250
970681162.7504065037 15652468.9628906250
966576400.3849021196 15429372.2324218750
979047112.7450926304 15929371.1328125000
978113081.5206547976 15895388.1699218750
978749877.9034991264 15922503.0429687500
973390416.8596748114 15755076.1113281250
1011047193.8193529844 16345949.5117187500
967973871.3963950872 15521005.8300781250
968902604.0921645164 15551195.5722656250
978345302.5695120096 15911781.2636718750
967966215.5579100847 15518073.5683593750
978194353.2303273678 15908434.1855468750
973903704.7201641798 15775501.7500000000
992872950.7058289051 16204260.6015625000
968225321.7679623365 15526271.5566406250
964147893.4629193544 15237707.6914062500
985552258.0095736980 16074372.7597656250
965491708.0067245960 15357462.6113281250
972520471.4153099060 15732232.7929687500
973297664.5068827868 15752743.4042968750
964896413.3565752506 15328807.7343750000
965178266.4779027700 15339829.2597656250
968851091.3862558603 15545825.7792968750
969562039.3936872482 15584563.6757812500
982081541.1087986231 15998156.1523437500
974481694.0700696707 15789731.1757812500
968876847.7793009281 15547525.4824218750
972656459.6437509060 15733249.6230468750
985883978.9151474237 16080990.1054687500
968522937.2733041048 15536513.1347656250
1004450227.8065441847 16311936.7500000000
992110986.6806497574 16193507.4863281250
974608709.0448898077 15792130.7558593750
968249777.0704480410 15530034.0292968750
972468427.2219668627 15732216.3437500000
972849980.9597196579 15742110.1132812500
969656536.1000437737 15584989.7617187500
967029872.5740455389 15446438.2910156250
973262652.8710314035 15750377.1464843750
991097367.2827732563 16178007.3847656250
973458472.7506238222 15755664.3046875000
965751379.4494475126 15381964.2011718750
996889556.5109813213 16248068.7460937500
988930144.3900938034 16142325.6523437500
992586642.6281591654 16201069.4921875000
973249559.2762615681 15749850.1738281250
972799998.5781234503 15740292.1445312500
978753038.8029271364 15923139.9414062500
966431355.9618971348 15423274.7324218750
970128396.5073904991 15610883.6445312500
992040404.8543477058 16186254.5078125000
970074730.5561088324 15609367.7812500000
990643807.6360112429 16159253.5253906250
994365811.8931945562 16220963.4804687500
978585791.4429446459 15915837.3984375000
1003768593.6985137463 16306912.9472656250
965237762.2926726341 15354602.2187500000
988900637.4717167616 16137989.5371093750
992680548.8313175440 16202971.4316406250
966556845.0908106565 15427394.4394531250
979036968.9333592653 15927078.1171875000
978869718.6030344963 15925202.9628906250
964583445.9974082708 15302923.3496093750
977250619.6783903837 15870050.9726562500
1003976625.2667787075 16309531.5000000000
977390611.0469106436 15877155.1289062500
964167278.4503794909 15246122.5175781250
966300486.2976914644 15414827.1484375000
996545768.7206611633 16247101.4453125000
968678736.9498996735 15539541.1953125000
1000021895.0049999952 16269185.0234375000
977385298.3678617477 15874765.9589843750
968387607.7789175510 15534434.5527343750
965538452.0749613047 15357905.8496093750
964422129.1340159178 15265715.9609375000
978481155.4038913250 15914438.7656250000
965686556.5493133068 15379709.4980468750
965542008.7142559290 15360862.2988281250
989440761.4497022629 16150024.8378906250
969923755.1560355425 15607364.5566406250
993948336.9508079290 16216577.7949218750
1004763528.1800589561 16315937.0312500000
973687205.9826954603 15768570.0156250000
1007022830.1379767656 16322883.1191406250
985818556.5327731371 16077171.8242187500
965615632.9027626514 15378980.2910156250
978147119.5106861591 15899625.4628906250
1011150607.4461683035 16347278.4570312500
973483447.0199415684 15756128.2812500000
967133489.6384844780 15449717.6972656250
1002994291.5341466665 16297577.3085937500
1002998389.1376078129 16299001.5585937500
969833061.3541868925 15604543.4472656250
985745375.7613692284 16076900.9062500000
985516722.4672811031 16072359.7851562500
997045590.7406225204 16254423.8945312500
978859912.4783354998 15923887.1699218750
973624385.4119828939 15768247.6132812500
974228741.2913242579 15786720.7304687500
989171701.9496804476 16145654.1562500000
991902959.2971936464 16186113.3554687500
991697230.4445064068 16185361.4667968750
987328487.0134961605 16105847.7050781250
982180962.2815935612 16000501.1562500000
987784289.9238561392 16114237.9257812500
1008084589.5179629326 16329844.7792968750
990880753.7604500055 16173881.0761718750
964331141.3223305941 15258131.0214843750
964421102.9056864977 15264038.9511718750
991261763.4927608967 16180456.0410156250
1004453323.0026561022 16314830.6601562500
989445070.6404918432 16152161.6347656250
989283056.1580992937 16147301.5996093750
990923486.4651182890 16174398.0292968750
980529948.5690975189 15959204.7617187500
998412533.8776459694 16255020.1269531250
1008390551.0297237635 16336716.9863281250
1000096847.4678847790 16270055.1230468750
1004098341.9406417608 16310587.8710937500
972253677.6485674381 15714592.5781250000
1009844290.8033694029 16340033.2011718750
1003519030.5429689884 16300163.6875000000
1004110136.2626352310 16311710.2617187500
985820277.9421221018 16077409.9472656250
964360953.5628334284 15260306.2324218750
1007425637.9240505695 16328233.4199218750
1000659077.4344788790 16280028.7363281250
1002305124.3189569712 16290667.7597656250
1002619537.8655890226 16295748.0546875000
1001198668.2691745758 16288402.5605468750
1007589752.3525167704 16329419.2382812500
998494802.7040297985 16257794.6445312500
967248972.0467276573 15452047.9277343750
970760826.1798874140 15658066.7480468750
1003245449.1281216145 16300139.2363281250
1003047675.6757963896 16299661.3164062500
967234127.9438316822 15451869.2324218750
970640095.6888473034 15647000.6152343750
966591154.9622858763 15439738.5957031250
971392117.3120186329 15684870.5898437500
1007163459.8574506044 16325209.6660156250
1007335741.9148612022 16327208.9277343750
971375855.1578680277 15683346.1875000000
970624385.6774511337 15645195.7304687500
1000611189.1547126770 16279313.5253906250
969985735.1879700422 15608154.6855468750
970219731.1890113354 15624038.5234375000
1010386252.1298269033 16343926.8027343750
999894142.1392561197 16268375.8847656250
968729701.5326819420 15542770.5371093750
977675107.2515536547 15888767.7246093750
970231353.9556715488 15632912.5253906250
1000377840.7123649120 16277849.9453125000
999448958.9305959940 16266464.6835937500
995953547.0069049597 16239522.5957031250
967077805.8293163776 15448097.3437500000
998841617.1800936460 16262388.2773437500
999262395.1733201742 16264214.0039062500
993042523.7025349140 16204922.9863281250
995630199.8515202999 16238311.0097656250
1000105152.2257064581 16275222.0292968750
977565192.2409501076 15882362.5039062500
998882902.6903712749 16262928.6777343750
1010845739.0280666351 16345610.1230468750
993126917.3652675152 16205384.8828125000
993804084.6283718348 16214658.3281250000
1010448996.7768112421 16345243.8984375000
986701494.6067728996 16089326.2929687500
986772561.0214604139 16092295.2539062500
970507819.1520943642 15644268.2910156250
966946957.9982378483 15446139.3398437500
986973615.8966623545 16101594.7617187500
998576376.6997318268 16261199.8671875000
969683213.1962909698 15592732.1152343750
980552280.4210766554 15959678.0195312500
993310990.3675279617 16210964.7890625000
983382647.3878124952 16025487.3828125000
979538282.9848040342 15938732.6582031250
982964620.7880280018 16020938.2714843750
971154430.9849064350 15675483.4160156250
968954115.0136033297 15571092.3964843750
969180099.6627287865 15577553.2246093750
970110129.0748423338 15609429.5136718750
993446705.8275793791 16214401.0644531250
979924283.9120376110 15950218.3925781250
992566773.4765807390 16200927.0742187500
983732977.5492675304 16039802.4570312500
995384383.6691298485 16235614.3457031250
994802084.1754125357 16226037.8437500000
995014994.3689241409 16228250.1230468750
969767109.7071932554 15601090.7792968750
995185554.1507118940 16232127.5585937500
980181614.1091868877 15955775.8046875000
971673628.9101029634 15691350.3964843750
983705761.7297527790 16036312.5253906250
969066777.3767027855 15574042.1132812500
982354670.4561437368 16005422.0273437500
1007403374.0560023785 16327468.4042968750
983686522.9098680019 16036267.0683593750
979670548.5482276678 15941186.2363281250
991629286.7161036730 16180601.8105468750
980610301.9197794199 15960052.6406250000
983878076.3281198740 16040640.4726562500
1000871778.2169011831 16280466.3730468750
980294689.0455622673 15958564.0996093750
983438390.3409180641 16030195.7988281250
982633814.1327685118 16010809.8007812500
982444960.0191352367 16006373.1640625000
967365829.0174220800 15468405.0742187500
982121049.3510122299 16000212.4843750000
984031317.5083657503 16045472.5332031250
981694246.3407707214 15992837.9433593750
971612944.6258065701 15690704.6367187500
967405283.6457293034 15469275.3574218750
977827903.8221307993 15889336.7890625000
982478641.4207860231 16009017.7968750000
981128146.7757271528 15977074.5898437500
980764612.5096983910 15968484.9785156250
976218187.1176851988 15834329.9726562500
966248196.3058575392 15401403.2343750000
967290025.6048846245 15459897.5214843750
980999437.3353227377 15971974.4121093750
976703162.1723215580 15849865.7324218750
981039929.1511338949 15974244.2246093750
967613145.3123415709 15488260.9179687500
966240943.7043581009 15399398.1718750000
971266326.6655499935 15679253.0097656250
967602602.6993687153 15482163.0996093750
975102387.4844220877 15807708.1855468750
972126101.8686765432 15706692.4648437500
972165207.6679806709 15714185.6894531250
966251875.1034688950 15402055.1621093750
976748493.3624011278 15850744.7500000000
1005362878.3278790712 16318982.5820312500
982820769.9049729109 16014236.3300781250
980874754.0673919916 15968957.8925781250
981079452.0145573616 15975461.5429687500
982903361.0216265917 16017173.9101562500
967479079.2656388283 15476430.0429687500
985355483.8365296125 16071853.5839843750
971350246.0350997448 15681129.6738281250
975343914.3836693764 15812682.0585937500
983453065.1405771971 16032966.8183593750
985184245.1730225086 16069298.1777343750
987698825.3087606430 16111839.5429687500
974851049.8841269016 15800380.3417968750
988060526.6355848312 16119058.7656250000
971088122.9066905975 15670286.0273437500
987652847.1877317429 16111075.0000000000
974964813.6307307482 15803618.1250000000
981983590.6864957809 15994114.6777343750
988060526.6355850697 16119076.8750000000
987747664.4226793051 16112731.7031250000
975763477.2532643080 15824945.3398437500
976496525.1551239491 15845453.6308593750
981983590.6864957809 15994337.7910156250
975226016.3729251623 15808858.2656250000
976616702.7026373148 15846097.2714843750
984570682.0542199612 16055796.1699218750
984438001.5448948145 16053251.2382812500
984837230.1127072573 16065553.1523437500
984946238.5153417587 16066359.7402343750
990667139.1879495382 16171115.5566406250
996366875.1281802654 16244984.5117187500
995013090.2998641729 16228125.2656250000
986763163.8645541668 16091168.9042968750
989743706.9443334341 16155265.4492187500
990001981.1353125572 16157814.9726562500
1001078799.1793044806 16281136.5292968750
