304085764.2852103710 3050731.9638671875
302952279.7263258100 3002731.5712890625
302517427.7496137023 2982179.1411132812
304508648.4821092486 3063523.0732421875
307642712.5465635061 3176982.5703125000
299503817.8100777864 2760002.9101562500
304471936.2711186409 3056509.7392578125
302517427.7496137619 2982181.7612304688
302811736.1424384117 2996798.6132812500
301582337.1320276260 2927102.3994140625
332733908.5076057911 3478605.4833984375
302517427.7496137023 2982177.8071289062
301583822.7956622839 2932947.1586914062
315489737.0475808382 3347105.7968750000
310353364.2128270864 3241417.4414062500
313444241.8931659460 3305046.0117187500
302593965.8963558078 2982269.9189453125
299198325.6974748969 2735952.8017578125
299510571.9418888688 2774197.5878906250
305164736.3029178381 3088254.5585937500
300882756.9987315536 2869550.9741210938
311338245.0148915052 3266004.8632812500
301161631.0145558119 2881936.5947265625
304486699.9871359468 3060106.7675781250
304503252.1537129879 3060290.4199218750
299700042.8399447799 2794439.3935546875
301273946.3615604639 2894322.5532226562
301622815.3451508880 2935629.3793945312
305881168.6530148983 3109544.5029296875
302373576.9961841106 2976565.6093750000
301622815.3451508880 2935623.5083007812
329613672.1930191517 3471769.1025390625
329324917.2234480977 3470682.7382812500
299650496.3180449009 2787700.2343750000
301386884.4976925254 2905533.5688476562
307743431.1113910079 3177270.8515625000
301087582.0566665530 2876721.6235351562
299621460.1428596377 2779239.3295898438
306650752.1959639192 3146402.8486328125
299326213.9247003198 2755885.3549804688
329402096.5806467533 3471341.5439453125
301199912.7632154822 2891593.7089843750
300904105.8660606742 2870401.5346679688
301386884.4976925254 2905559.1372070312
308289039.7015129328 3197167.4199218750
301892607.9981567264 2946529.2514648438
300878891.3220904469 2868218.9052734375
299958244.3923110962 2807962.4375000000
302024444.0046670437 2961758.9042968750
305299587.7644175291 3095343.5751953125
305395527.9992344379 3095850.0400390625
301565736.2827194333 2919738.3691406250
302103784.3431782722 2965629.0703125000
305443062.5416535139 3101671.2402343750
306670024.4800181389 3153678.7460937500
302024444.0046670437 2961764.0693359375
307748407.2835003734 3178106.5712890625
299217522.9980434775 2740176.2749023438
308634425.0512849689 3204161.7636718750
301512936.9822179675 2917807.8847656250
306640830.6521328092 3145939.3535156250
302103784.3431782722 2965659.9843750000
306391503.8101838827 3134773.7412109375
306670024.4800180793 3153647.6435546875
302070464.7485087514 2962035.7597656250
302233267.5437745452 2971908.4423828125
305443062.5416535139 3101644.4921875000
300804091.2665020823 2861273.0087890625
305643586.5718483329 3104053.6289062500
303411059.5665906072 3023540.6142578125
305778557.4941207767 3108176.9121093750
300959460.0979011059 2872563.5371093750
305202863.0864838958 3090201.2783203125
303512559.6982780099 3028868.7285156250
306486509.2933809161 3139437.8984375000
306197215.1911614537 3128756.2070312500
302731669.6595155001 2992917.6308593750
304828443.4083118439 3077528.3925781250
306335250.3625619411 3132079.2236328125
306670024.4800181389 3153677.6865234375
306154316.6963853240 3127313.5185546875
303200854.8954070807 3010965.9960937500
309268919.5305446386 3217692.5957031250
307426037.9566990733 3175745.6074218750
301942533.3049091101 2953087.0966796875
299818052.2477229238 2796195.2363281250
329662329.4957624674 3471918.5126953125
308756300.4223197103 3207475.0859375000
306154316.6963853240 3127330.6982421875
314987989.9103661180 3344000.0830078125
300959460.0979011059 2872502.6298828125
304678599.2566725016 3068639.1376953125
308287215.2847946882 3194856.1621093750
306154316.6963853240 3127319.4560546875
308616567.6655317545 3202691.4824218750
304628988.2355291247 3066738.4765625000
302727749.9441205859 2984797.7070312500
308616567.6655317545 3202691.5273437500
307800612.7699100971 3184141.8017578125
308016814.1796061397 3184583.4296875000
308033854.7549406886 3188264.9492187500
309552176.8145663142 3224520.1123046875
303388949.5845773220 3023428.3828125000
306325360.8297593594 3131147.0986328125
309604872.7666200399 3227156.9912109375
306325360.8297593594 3131121.3818359375
309427996.8814125657 3223406.7470703125
306550696.7288447022 3144847.7656250000
300486839.5812613368 2839826.1250000000
309604872.7666200399 3227279.3935546875
309070239.4940791130 3215196.6748046875
302505703.0484538078 2980339.5185546875
308906679.7804918289 3210531.4150390625
312919600.4733520150 3301017.2080078125
307557138.0498493314 3176207.3486328125
303218251.3054533005 3014155.3701171875
303074400.5520237684 3008516.0605468750
299217522.9980434775 2740181.7583007812
306559175.6343901157 3144882.9218750000
301278047.9070155621 2898689.7880859375
310035255.1295469403 3235690.3564453125
307283559.4426902533 3169496.7500000000
307056324.7016081810 3163623.9951171875
304009358.0237125754 3045972.0898437500
304251501.2044258118 3053256.2011718750
306746971.5903158784 3154818.5673828125
304222867.4951439500 3051314.3173828125
304154712.8972180486 3051238.5937500000
307339093.2430332899 3174425.6943359375
311725253.9531805515 3276352.4912109375
312707581.7581182122 3298752.3818359375
304260358.1972901225 3055467.0351562500
311687911.2172556520 3273861.9921875000
308794569.1334953308 3209348.5068359375
299438854.8615216613 2758905.7446289062
313839055.4266489744 3322470.6503906250
299809413.1229231954 2794963.0058593750
299293296.4480880499 2754756.5541992188
332922452.3481622934 3478932.3740234375
302762138.7450270653 2994442.2470703125
312171094.5927448869 3285331.1972656250
312534205.6799507737 3294012.8896484375
310263020.7328794003 3239756.0439453125
303646619.6427292824 3030367.5693359375
299273465.1069849730 2747444.2065429688
330827463.2973620892 3474198.1748046875
303266054.9103525877 3017038.9511718750
311109884.8988209367 3255836.8535156250
303703610.4127764702 3030525.6640625000
303266054.9103525877 3017069.8281250000
303297502.9262009859 3021346.2021484375
303794010.5649649501 3040160.7617187500
303646619.6427291632 3030323.8652343750
332922452.3481622934 3479222.8583984375
300140997.9431069493 2819322.2460937500
300580362.0425916314 2849431.2792968750
330905662.2665491104 3474991.8691406250
330905662.2665491700 3475012.7792968750
303923687.6886934042 3043202.2285156250
301410616.2707907557 2908668.7890625000
309883244.6360270381 3231002.8222656250
331043555.2790437937 3475307.7177734375
300360591.1509932876 2827826.4960937500
301382549.5051580667 2898903.6914062500
312788842.4239531159 3299962.8583984375
299905779.6646733284 2799050.7392578125
301382549.5051580667 2898901.7802734375
300459312.3789903522 2834658.3613281250
313648173.4502346516 3316217.3037109375
330004462.5515059829 3473349.0283203125
300328928.7126930952 2827257.0805664062
326321129.2340348959 3459877.8417968750
313676503.3102391958 3318838.5722656250
300407127.9592903256 2832075.6298828125
300308676.1438572407 2821571.5932617188
326184628.0467318892 3458767.9121093750
326184628.0467318892 3458735.4902343750
332663995.3406029940 3477605.6337890625
332382089.7222309113 3476678.7636718750
330004462.5515059233 3472957.7490234375
332010766.9450646639 3475518.2861328125
329822668.2746049762 3472011.8144531250
300407127.9592903256 2832062.8632812500
330004462.5515059233 3473315.6982421875
314691590.3961548209 3337312.6845703125
314745038.6215729713 3337564.5517578125
314134076.5520509481 3328362.2275390625
314419653.5063828826 3334945.8056640625
314435704.3094789982 3335801.4941406250
314807157.5376018882 3340344.7851562500
314339668.3003908992 3333432.0019531250
309776574.3658885360 3229499.1552734375
324059645.1280996799 3450854.5693359375
304784551.4074729085 3072194.2021484375
305016466.0465075970 3082742.1865234375
323705518.5378763080 3449563.1611328125
323322355.3871958256 3447278.0390625000
322536992.1288701296 3442227.0810546875
310723330.1404669881 3252453.7197265625
317732512.5342746377 3393842.8974609375
317732512.5342746973 3393844.8681640625
310421573.9194990396 3244971.6289062500
310624555.3000500798 3249941.2011718750
310143472.5758614540 3239703.8427734375
327979809.2263724208 3464831.9667968750
327002218.2433961034 3460831.2900390625
328059454.4932696819 3465262.0488281250
310765329.4864374399 3255722.1992187500
328410604.4505548477 3466226.7031250000
327005955.8747086525 3460970.4501953125
328801765.8205457330 3468079.2656250000
329427385.8826301694 3471712.5615234375
324710735.0824295878 3452557.7714843750
317755567.7291628718 3394923.0136718750
325156400.5843709707 3454760.3574218750
318127927.2923513055 3396759.4921875000
318127927.2923513651 3396767.0429687500
325909192.2778685689 3458109.1650390625
325909192.2778682113 3457742.4951171875
326135531.8141019344 3458436.9111328125
325732544.1575779319 3457565.0419921875
324543216.0360011458 3451730.1376953125
324602526.3638564348 3452088.6855468750
327576771.1637585759 3463817.9160156250
327533930.7758720517 3463497.0214843750
325077135.1048908830 3454233.8164062500
325077135.1048908830 3454128.1972656250
312522970.6787533760 3292646.5869140625
311975947.0415870547 3282774.7998046875
312247853.1912758946 3288876.0107421875
312284411.5598163009 3288917.8056640625
310515925.4968116879 3247883.9140625000
317355102.7886233926 3389278.3710937500
311867763.7162131071 3278789.1748046875
311794082.1656482816 3277036.4355468750
311552566.6412732005 3272416.4746093750
320026456.7102026939 3420815.2890625000
312596891.6262515187 3296262.6777343750
313475113.2371522784 3315204.1708984375
313050901.9464976192 3303523.6699218750
315909724.4469969869 3361418.7041015625
313664957.1049817801 3316717.0537109375
315507473.2856048346 3353912.9267578125
320489357.6628838778 3423891.9814453125
319419394.7029213309 3412810.6640625000
316486610.4241281748 3374545.1708984375
319522712.5175976753 3416813.2500000000
319529347.9083302617 3416925.9218750000
317069837.4212185144 3383453.3447265625
315188200.7871108651 3347077.3320312500
328027719.8985632658 3465210.7675781250
329240442.2358106971 3470004.7568359375
320612533.9677739739 3427417.6113281250
313005965.4738220572 3302211.5878906250
315685728.6083969474 3357512.9140625000
313005965.4738220572 3302204.4082031250
315685728.6083967090 3357344.0468750000
313775805.0552067757 3319407.7304687500
312694068.6521483064 3297070.4755859375
327660033.4787188172 3463861.3310546875
311119557.1512581706 3262734.1347656250
322041810.5699738264 3438802.0224609375
315639423.3602637649 3356055.6484375000
311167572.2634828091 3265778.8066406250
320914924.8961452842 3430057.7373046875
311438051.4054704905 3269132.9736328125
320892806.4577094316 3428120.0068359375
321069033.8284661174 3430690.3916015625
310686544.2285616398 3252018.4482421875
316428362.5917904377 3371498.0908203125
316283083.5732570887 3368765.6357421875
316779676.7647542953 3378284.6796875000
318786261.1335695982 3407172.3818359375
318786261.1335695982 3407169.2861328125
318786261.1335696578 3407309.2294921875
316779676.7647542953 3378239.1074218750
316947290.0258408785 3382090.5273437500
327162303.3825548291 3462124.0244140625
318272781.9751717448 3399329.6201171875
311110128.3063616753 3262578.2919921875
318695266.5740940571 3406995.6220703125
318854922.9888675809 3408954.5458984375
318527127.2526128888 3404752.8466796875
324128175.6567584872 3450987.2861328125
321695515.0700605512 3436328.7509765625
328621101.6690717936 3466717.8613281250
328621101.6690718532 3466982.1386718750
321873312.9777116179 3436604.1572265625
324039143.6401515007 3450327.4365234375
321586585.8171626329 3434863.2695312500
320606551.3456734419 3426355.5390625000
320164423.4697571993 3423779.2441406250
319874037.7236528397 3420248.6220703125
320097319.8372904062 3421040.9433593750
322705206.9197157025 3443848.9433593750
322938208.3541077971 3444557.4238281250
322337912.8774545789 3440197.5312500000
322348468.9207328558 3441178.7832031250
322153370.1863167286 3439074.9296875000
322505898.5282505751 3441707.8466796875
