88379107.7721987963 13223.5358578861
88294676.2080967724 12852.0828549564
102951450.2599631697 26192.0059509277
88316318.7571311444 12896.6106946839
88262081.0505600721 12612.3477627933
88418934.0019346476 13291.8695703745
89113162.4958614409 14853.0266555548
88272346.4877620041 12624.3086379766
93353260.5458173752 18657.4908033609
104059266.9251073450 26723.5772094727
100426694.0478306264 22984.3906735182
89332679.9377568960 15316.9323944650
88904699.9607089311 14560.4140955210
103460103.5641723722 26564.3139190674
101015527.6300990582 23177.3768307044
88255655.7466475666 12556.3624956128
88452012.8284112811 13299.2685014722
104553520.7573574036 26729.1701660156
88669787.4375688732 14034.7755762339
103796094.7818781585 26671.4375000000
88243782.3018169850 12531.2988640143
103523885.6238379478 26573.3924713135
88449442.7041393667 13292.0091951489
89123639.5934878290 15149.1345850229
102438473.1331439614 24785.6120762825
101020289.2729023844 23892.8569500744
88681906.8943087161 14042.1745073316
101807383.7273482084 24301.0730050206
88372837.0300488770 12995.7616409063
89063786.4652958810 14785.0805131910
103099870.5172295272 26389.9563598633
103171035.7297172546 26451.2532348633
88216227.1158177108 12511.4437998235
88846263.5049276501 14432.4107547901
88155458.9364045709 12077.8363866284
88261786.7175109684 12562.6774564385
88336071.8333797008 12934.1304593682
88920229.8836618364 14749.2184824854
89182546.6487611234 15151.6776514649
103840098.8779186308 26683.9513549805
89589089.8092949688 15553.8351967931
103762941.6903165430 26634.8823852539
89369979.2267849743 15553.2897553048
88356171.2919242680 12984.0881942511
92810567.1957065165 17990.8365015388
89104787.7024092823 14841.3532088995
88323067.4624577910 12920.4165674448
103459061.7937761545 26551.5592346191
102754853.4945456535 26073.3065338135
102971601.8932496011 26210.7536010742
89244669.8808595091 15181.8367523751
89060379.8929036558 14776.1151349247
88581547.7763199508 13689.5047489307
89039761.5965889841 14753.8757093324
88519424.5442215204 13663.3225733042
88133780.3018619716 11740.6573604047
101454506.3981225789 24200.5978939831
88784140.2728292346 14406.2285791636
89065425.2717728466 14810.3837494454
88188135.7350030690 12153.7046888246
100500791.1320846528 23107.6173336804
88214799.4990627915 12483.8413995173
88168743.7087584585 12112.7351028885
88774227.6742181629 14377.7654795557
88642482.6480366737 14006.3124766260
88626616.3483169526 13998.2259792686
88178854.6909894049 12140.0233793333
88170171.3255133778 12139.9907968938
88504607.0426746160 13626.7729763389
88769322.7712823302 14369.6789821982
91201002.4948642403 16515.9564966559
88172619.7001318187 12139.9916040109
88307927.1048197001 12852.3702834845
88456690.5447211713 13303.9726012945
88726148.0691954046 14046.8786071539
88408740.5031977743 13255.3199734092
88308249.9609109014 12883.8669704795
88396998.6079833806 13223.8232864141
88140736.4849609435 11770.8302689940
88856710.4376247972 14436.5772957406
88460447.1404485404 13332.2267097831
88190895.1117191613 12170.9746370018
88254809.8216220438 12547.3971173465
88225281.4795661271 12517.6019794345
88234191.5253073722 12525.1576917543
88481120.6912494302 13589.8145405874
88491386.1284513623 13590.1019691154
88882011.1465080231 14438.9307465157
91049422.5472584814 16158.2733681500
90950753.2712457180 16123.2776158750
90540700.0170586109 15746.5743712187
88121582.0149497092 11445.7288315402
88142454.5654826462 11784.9992536710
91729011.7969613820 16898.6692164242
91320883.4433059543 16527.2162134945
88188492.4434767962 12157.7046554983
88579238.8665334731 13670.8981040716
88130265.3804257214 11447.8582761250
88151137.9309586734 11787.1286982559
88179225.6892617643 12146.1497836218
88284763.6094857156 12846.9085347280
88212060.5653428435 12480.9172805548
88301964.9434043467 12852.2224797308
88181674.0638802052 12146.3715385050
88201795.1281409115 12480.6298520267
88615641.3783701509 13961.5832211524
88162682.8641621172 12111.2154881656
88155739.3378365785 12109.3994110972
88620957.7746408880 13973.9307366842
88738132.1163598597 14345.3837396139
88727866.6791579425 14345.0963110859
94824492.0531142056 19309.6398051977
88138462.3772449344 11743.7493532896
88144902.9401010871 11785.2210085541
88124030.3895681500 11445.9505864233
88131539.5938212872 11456.0191639767
88147516.7409933507 11785.9527401924
88496131.2690524459 13590.1302182227
88130986.5726670921 11456.0183568597
90460855.0197693706 15682.7051786762
91659705.6131465733 16664.3171414202
91931929.5033948272 16922.3585029431
91998890.2900656909 16951.9837411232
92014153.2322056592 17053.3650582619
92306702.3302564621 17682.0796351889
92159441.5656418651 17090.1254049455
92558118.9398803264 17812.3275956479
92189287.9528621286 17490.1594371331
93129364.1380934268 18084.4256858826
92168501.9448605180 17124.1219553483
93620491.3207611889 18663.7515096664
93920732.1255345792 18982.6040569097
93822064.0539897531 18913.5262452960
94923102.7175973058 19442.7049493790
93986652.5305805206 19125.3032922745
96990339.8175671101 21221.2153739929
95219466.1878391206 19799.8669810295
95159697.2809962481 19662.6930065155
95366853.5871472955 20391.8736548424
95346450.4110601097 19858.2994351387
96161478.5259039700 20494.7640247345
94945791.7359234095 19453.2772808075
96776382.2261947840 20953.8794116974
94912757.4392697960 19436.1520385742
96525768.5595789850 20870.5192737579
96369241.8646161258 20602.2693080902
96462318.5047321171 20633.1055564880
97193974.3043924123 21669.6023464203
97040496.4979591370 21368.6464748383
98095458.0771824718 21835.7387809753
97838492.0270399898 21816.0969581604
96495159.2710575461 20740.3933138847
97184783.5126834363 21616.9987087250
97006489.1666885763 21318.9711389542
98390043.6697966754 22092.4641304016
98308215.0833918601 21930.7451057434
98567764.0249404460 22152.1267147064
99993285.0846404135 22799.4543399811
96712470.7007606328 20912.7618541718
96600459.3210190088 20906.8908786774
98330141.5403715968 21948.0054130554
98928258.2843295187 22153.3609809875
99610275.4341628402 22168.8377361298
