634629288.9332712889 3411339.4526977539
655825125.2001447678 3741922.6884765625
631086600.9151754379 3269793.7780456543
634486591.8477528095 3405991.3004150391
633957266.8585385084 3390124.4096069336
630801992.5257015228 3248405.0672607422
632442094.1533327103 3324561.4325866699
636816893.2060551643 3478986.6609497070
628183320.8316271305 3095685.6167907715
635895814.3341149092 3452235.0160827637
638279871.5682591200 3523143.1917114258
633777961.0019227266 3383342.1831054688
637269950.5617828369 3496232.7938232422
640475841.2307311296 3572976.1345214844
640506803.1802352667 3574304.0297851562
634136327.1751677990 3397619.0844726562
637589741.9725832939 3502886.4547729492
644276452.7548741102 3653208.8249511719
631846088.9329684973 3299742.7422790527
628354595.4460889101 3097677.3842468262
629601048.5610668659 3186857.0119018555
634629288.9332712889 3411378.0191040039
631342269.9660502672 3272454.7423095703
642781143.0372238159 3622256.5889892578
635250891.1844846010 3428920.5697021484
638024605.2309368849 3515163.4027709961
631593618.8160802126 3289431.5085754395
634171542.8592308760 3400694.9635009766
637943300.8390606642 3513779.4616088867
644620063.7500997782 3658597.3840332031
641838454.0590924025 3602078.7910156250
643326371.9676748514 3639997.5850830078
641759267.9979746342 3597962.2923583984
638863092.3318123817 3535324.2421264648
651422275.9601892233 3736726.7763671875
630547891.2425817251 3243671.6556396484
639910415.3288975954 3556515.7838745117
628709148.1349054575 3150743.3977661133
644015610.4611885548 3647932.9271240234
637818845.0092682838 3509762.8988647461
629436412.2677403688 3181127.2267456055
631086600.9151754379 3269786.6070251465
643200764.5655032396 3631157.7121582031
635446416.1813821793 3436003.1144104004
633941519.2838221788 3388833.7455444336
634326456.4563378096 3405015.1436767578
632515387.2467116117 3331739.2062377930
629601048.5610666275 3186808.8218383789
637407451.0356731415 3497444.0656127930
643860803.1673136950 3647074.0137939453
638809333.9187850952 3535229.8213500977
640111379.5610729456 3566281.5408325195
638863092.3318126202 3535374.0316772461
643487422.2041709423 3640586.6735839844
632103633.1476081610 3312309.7499694824
641408658.8140462637 3593772.1272583008
641098331.7748168707 3584813.5172729492
635585255.2682076693 3439705.6458740234
659561105.2426750660 3751594.2094726562
631622878.0185052156 3290908.9156188965
629556155.5226759911 3186611.0557250977
640814024.7445232868 3580531.7045288086
633529281.5179345608 3367609.9544982910
633564687.4476011992 3371560.0430603027
632426574.7592978477 3323006.4052734375
635779426.0033295155 3440950.9979248047
629171728.0203689337 3178053.6755676270
643010079.7125048637 3628337.8551025391
647651290.7634073496 3702314.1992187500
646878873.3884471655 3693160.8718261719
652562296.7050493956 3738141.5197753906
643010079.7125048637 3628203.9566650391
637626963.3650220633 3503999.8463745117
659918345.2025651932 3751594.6948242188
631548174.4147998095 3288950.8670349121
643272585.7277824879 3634137.5252685547
651288547.4864619970 3734898.7060546875
630395604.4972490072 3228380.2894592285
643779248.7917521000 3644099.2586669922
644281867.4769713879 3653396.6286621094
639608708.4486873150 3554535.2985229492
632823184.2188100815 3341087.3509521484
639754210.5625703335 3554826.5878295898
632671719.7035664320 3337010.6794433594
638394890.5054613352 3525915.3710327148
637626963.3650219440 3503779.3094482422
651132296.6109461784 3733306.9794921875
640255945.1485458612 3569763.4271850586
638394890.5054610968 3525879.2933959961
630296963.7814061642 3227354.5102539062
638609414.6576173306 3527510.2247924805
635752974.9235277176 3440577.1841430664
633529281.5179345608 3367400.5167541504
629131821.3834215403 3174365.1282958984
638499006.8795558214 3526340.1139526367
641716989.7196933031 3596215.3446044922
631548174.4147996902 3288912.8949890137
646856708.1007853746 3690060.6328125000
633117583.3286941051 3355318.0739440918
627696430.7232980728 3072204.2316284180
627578592.8001914024 3068360.4118652344
656858072.9469155073 3743139.6152343750
632871428.6189498901 3345928.9049072266
632871428.6189498901 3345928.5110168457
631349951.5366834402 3276276.7878112793
644289651.1667820215 3653997.6462402344
633327528.5272619724 3359366.7346801758
649829476.2446115017 3719564.3059082031
642021401.6895176172 3608360.3707275391
637527464.8757717609 3497453.6076049805
628809474.6146321297 3152683.7913208008
642169166.0645971298 3610797.4688720703
631324800.1962352991 3270704.9797363281
633345934.6361620426 3361871.0298461914
632764759.2267372608 3337570.1892395020
630494399.8228237629 3236494.3729248047
632469056.0089437962 3326559.7791748047
634814168.7075797319 3418367.3292236328
633324140.4673625231 3357895.8548583984
630137116.0760024786 3215510.7791748047
634927854.8485766649 3422115.1169433594
632919835.5717098713 3350783.2318420410
629827132.7138549089 3203181.0659179688
630844157.3596861362 3256144.6486206055
628863584.1339727640 3156996.3457031250
628877453.2410267591 3162922.5981140137
628569620.7928198576 3132309.7000122070
636603715.6921352148 3473177.8774414062
630627035.5576207638 3243674.2103271484
646878873.3884471655 3693166.5844726562
642231654.2718325853 3611483.6065673828
642557980.0594389439 3617231.8980712891
629878812.5950697660 3205460.2060546875
635946315.2725042105 3455635.2221679688
629947412.5312174559 3205880.9071960449
634814168.7075800896 3418483.2974853516
634814168.7075797319 3418406.6800537109
635446416.1813822985 3436037.9627685547
632883171.1964350939 3346694.0076904297
631427447.8224233389 3278962.7520751953
642605487.2006000280 3619049.6414794922
629116741.0550910234 3169032.7333984375
628709148.1349054575 3150706.4348754883
637231872.9554836750 3494361.1566772461
627925595.4625333548 3079353.9208679199
637163756.4415094852 3484748.2277221680
632055131.1777153015 3307752.9826660156
642397012.1884932518 3615919.7957763672
642169166.0645971298 3610803.7872314453
642775797.1091914177 3620131.1958007812
634606695.1173609495 3407800.4992370605
629601048.5610668659 3186875.4658813477
640628796.0928502083 3574683.1983642578
636603715.6921350956 3473151.0000000000
636472332.0351228714 3461952.4148559570
647255581.6745662689 3695785.2043457031
647255581.6745660305 3695739.4787597656
630817828.1401095390 3251446.4720458984
636322599.3858338594 3457794.8407592773
632093936.5364451408 3309618.0758056641
628460797.8205717802 3123561.0060729980
638617676.3797068596 3530766.7482299805
642412764.5632452965 3616327.4941406250
640628796.0928502083 3574683.2376098633
641090548.0850062370 3583962.2575073242
632616770.4922817945 3335678.2844543457
630778150.3666119576 3247190.4765319824
636912142.1624099016 3479604.4048461914
656612317.9213339090 3742412.0410156250
640821808.4343340397 3581445.6217651367
631817687.6211208105 3299592.3633117676
631394452.6756603718 3278263.1033630371
636912142.1624096632 3479543.2021484375
645304090.5029395819 3662436.7969970703
636952076.8188171387 3482587.2694702148
636350296.9690082073 3459206.0614624023
641209733.8333644867 3587111.2472534180
638749621.6191308498 3533039.1952514648
644830432.1389002800 3659198.0201416016
644830432.1389002800 3659011.1953125000
630832754.2582648993 3252082.5914001465
629626075.5296452045 3190525.5996398926
631804877.3551390171 3298673.9568481445
630450369.5398888588 3236335.4888610840
640436242.1574243307 3572056.9027709961
632772095.5399905443 3338287.5010375977
633212488.8493455648 3356992.0844116211
639317068.6569194794 3546571.9558715820
647255581.6745661497 3695783.5458984375
647255581.6745662689 3695806.7619628906
650736587.5221049786 3731877.7282714844
640814024.7445232868 3580581.0133666992
650858155.8541268110 3731889.2770996094
639387864.7522941828 3548404.9032592773
639387864.7522943020 3548417.0578002930
629949057.5157556534 3212407.4154968262
628123819.4160439968 3084815.3374938965
627935334.3997931480 3084755.2234802246
638723054.8550817966 3532835.2257690430
639110062.9673247337 3541368.2789916992
641752592.6779565811 3597287.7098388672
641279418.4560618401 3587449.4022827148
630247102.7122949362 3219901.1229553223
639201387.8341504335 3545728.2308959961
644830432.1389002800 3659007.4234619141
638723054.8550816774 3532832.6125488281
632531041.5785413980 3332321.0222167969
638541916.6823551655 3526617.1214599609
642884979.8690468073 3623934.3720703125
632871428.6189498901 3345927.5690002441
629714433.0417772532 3196189.3064270020
631880837.5182967186 3306162.9605407715
630270871.0633277893 3221221.2432556152
632365961.3686347008 3321953.2706298828
632720028.7794113159 3337305.7724609375
641279418.4560618401 3587445.8644409180
630172363.0242440701 3216624.5106811523
628857835.5539519787 3156312.0096435547
629673449.0196737051 3194381.3509216309
639913436.5021849871 3557962.1364135742
632395477.8406516314 3322102.8043518066
640757648.9705390930 3578566.5880737305
636483708.5746023655 3462125.4635620117
633683131.0285679102 3374556.0848693848
637134906.6385084391 3484385.1224975586
637184455.1089156866 3486033.0982055664
634614340.4143513441 3409796.0166931152
650438317.1148626804 3729295.6120605469
639387864.7522940636 3548362.4615478516
639509831.4886120558 3551416.4325561523
627810352.6935094595 3073892.4694213867
631496765.8314508200 3285431.8134460449
631689800.3887836933 3296201.3467712402
640361939.8816978931 3571986.9669799805
637660317.5662417412 3505325.5182495117
631370747.6573054790 3276811.9249877930
652683865.0370714664 3738164.9387207031
645631995.6220657825 3667696.9645996094
628307080.9014568329 3096519.2886657715
629622209.4951734543 3188799.5984191895
627925595.4625333548 3079269.6580505371
657139599.6340974569 3744623.1181640625
633531436.6212817430 3368917.0024414062
637817546.2045398951 3508033.1012573242
646711929.2062588930 3689829.5820312500
652474349.9627866745 3737788.4943847656
633531436.6212817430 3368858.4598388672
650733427.7562842369 3729358.5869140625
639787965.6395961046 3555147.3971557617
633270218.7694871426 3356997.5646057129
646262511.0213140249 3682637.7468261719
646262511.0213140249 3682694.5007324219
650438317.1148626804 3729294.4226074219
635158649.3183729649 3424595.4567260742
628379139.9643590450 3107311.0629577637
645513816.5884019136 3665778.8964843750
645144130.2079942226 3660977.8332519531
628157806.2269735336 3085014.3719329834
645747448.4116959572 3670890.4555664062
645835925.0547982454 3675537.8698730469
649943056.0480463505 3720575.3278808594
650036577.1553261280 3722729.0151367188
657734676.5891768932 3747341.3383789062
645144130.2079943419 3660985.6694335938
645364783.4862864017 3664866.7485351562
645747448.4116959572 3670826.7512207031
650138493.7039850950 3723857.1511230469
646183340.8887281418 3681228.5544433594
648817219.6229279041 3714650.9987792969
645924744.0499875546 3675789.3090820312
646483164.2996058464 3686588.5432128906
649186555.8739504814 3714686.1516113281
646183340.8887281418 3681212.7878417969
646183340.8887281418 3681153.6979980469
650191840.2998214960 3726818.5510253906
649253889.5194598436 3717098.1086425781
635892404.6210495234 3443108.2016906738
659963735.9969838858 3751650.1137695312
636291721.1187613010 3455839.7966003418
649745191.8180276155 3719209.7648925781
635877053.8619838953 3441926.6865539551
635790534.6442995071 3441294.2252807617
649333059.6520458460 3718618.7775878906
648477466.7808076143 3711847.1064453125
648059294.0454757214 3704328.6596679688
658083039.9766631126 3748129.7954101562
659533895.0223882198 3751049.1191406250
659231053.6915984154 3750982.0883789062
658682400.3725662231 3750196.0039062500
658879680.7768279314 3750666.1303710938
655414857.7906020880 3740878.9663085938
658248974.8665109873 3748660.1000976562
658665307.2964943647 3749264.2626953125
658426382.1688313484 3748866.8198242188
657146871.6768531799 3745169.2729492188
657818607.0116430521 3747670.4736328125
657459168.0227661133 3747322.2416992188
657072457.7540246248 3744213.6547851562
656821344.1305562258 3742550.8823242188
656902459.3260811567 3743343.6645507812
