96183342.6961054951 6706.9398812074
99540302.2254301459 7973.8140842319
99371455.0038614273 7868.8352035135
97296618.0457895547 7197.9687333778
97222622.1705647707 7185.4347139075
98702482.2007753402 7722.8437355757
94400570.9151131362 5910.2911103177
97749126.7243152857 7334.8198143207
98666518.8123565465 7652.2566045038
97433207.6195080578 7225.7410798743
94444233.1357535571 5940.0343194437
101057366.8838425279 8280.5780792236
93735990.2447237372 5352.3851486500
98805825.6288244575 7743.0211898088
97550733.4297228605 7312.1665626727
97618962.1159082353 7328.0392357074
98418472.9569866061 7554.6539019607
100040950.0491925478 8084.3340508938
98639257.3118325472 7649.7123050541
97036064.5265234709 7031.0963965888
93704552.1616212875 5163.1088993145
93960764.0425954610 5523.3459768994
94023667.7132671922 5716.0786850303
97835750.5340074599 7403.3203688860
99057446.2471416593 7827.2551796660
98826449.0777617395 7754.2287093401
96121648.1470325887 6627.2454454825
96726821.9671095908 6925.8264970463
93498459.1638333201 4898.6972732842
95658952.0169171542 6475.9737485389
93406839.5054828376 4887.6313235362
99369223.0379022360 7867.5087035745
93517311.0518485010 5002.3071667653
96886849.4208891243 6959.3415765092
99040295.4463796169 7762.8089476824
96378431.9605514556 6796.5050734915
97053078.5508956909 7094.8606008962
97808457.9482107610 7352.4729286395
94576333.2264266461 5940.7333026361
96887643.7869229764 6962.6057881638
95985241.2606942803 6587.9953563671
94859738.2094750255 6093.9925319667
97687323.0034413338 7334.3257118426
97551530.4621763378 7321.2656303607
99650608.9405197799 7976.7865595818
96145396.2267893702 6683.7277310030
97597085.4332835376 7324.7005821429
99965723.0077404380 8054.8141589165
94916577.5501494259 6128.8574699159
99082667.7075155377 7845.8806014508
97757900.6630178392 7339.1025136672
96000705.3347751349 6597.7988371253
95656064.2135742307 6464.3874094766
97347732.0962795615 7210.2679638825
98608278.2477989644 7647.7707309574
96461570.5460722446 6827.1725690003
95798895.0058975220 6510.1297543701
97029960.9032060802 7031.0885077949
98180337.9591028690 7542.0029162429
96141287.1944289505 6655.9553845064
96635814.1892716885 6885.5416640677
97937134.9303365648 7440.9645649455
98470280.2339354306 7644.9508533329
94642902.6812973171 6005.3717039414
94348976.9660471380 5909.7618731074
93995391.2095853239 5541.8493505772
99213067.2528472990 7865.4236999005
96645928.1103872955 6892.6638930980
101310927.4525656253 8288.6781845093
98920643.2144500911 7758.9901610613
95026125.3245945126 6167.4516525716
97758697.6954713315 7345.8508046828
94989598.8688548803 6147.5688400716
96463684.5650982559 6827.8203468658
98705314.1329923123 7741.6946898699
100840991.8329957575 8271.4964752197
98672213.3251186907 7656.6328585856
93908330.1295677125 5461.1463095006
95794512.3581165075 6508.7293285783
96348009.1281292140 6788.6155394949
95904724.0741211325 6585.5640680026
98700585.3422470242 7657.6018390507
100670829.9014911354 8183.8677177429
97869703.2766047120 7434.4554249309
97027728.9372468889 7028.9875709052
96554808.6381233782 6830.3343921062
99362875.0282836854 7867.2671752423
100282674.8308570087 8177.1713371277
97158539.3505326062 7116.6686136007
98133985.9555422217 7529.4688967727
97204094.3216397762 7120.1035653829
96922708.4190222323 7010.6649543281
96606257.8843054175 6853.1671771090
98423928.2303747684 7632.4168338627
101888994.9905407727 8313.1118774414
94430514.0961055905 5910.6914216871
96765522.2771973014 6941.5111762519
96445436.0644920170 6816.3878859915
101044768.0105073452 8271.6923980713
98107695.6242636591 7526.1958424896
96698090.6234654337 6921.6283637519
101663503.4684545398 8301.7129516602
93630053.7783685178 5111.7656589277
96300745.1724778116 6731.1699912306
97051040.5533772856 7032.8241034980
96256099.6733177602 6710.7528434154
96948714.8242800236 7022.6364393003
95875076.3089110404 6574.0014317075
95457627.0066560954 6366.3597263079
96822741.9926833957 6942.7229756638
96747191.7389452755 6931.3984898850
101289050.7699409425 8285.3395309448
99997913.1452066153 8073.1265313625
96844249.1926458925 6944.4585713670
94189872.8515977710 5798.9426724203
96761841.5120602101 6934.8334416673
94246104.3422136456 5829.0588320307
94388001.6451376826 5909.9366300888
96968632.8727916032 7023.1989737983
95700869.7807242125 6476.1039239597
94633327.5405363441 5999.5145133729
95414714.5442996919 6287.3488808852
97857774.4497063607 7415.0407285392
95347484.6036470830 6283.8139262777
94680026.6578811854 6026.0689786612
94669853.9962759763 6019.3973258729
99507669.8371302187 7872.6774383038
94234026.8584221900 5827.0726426989
96008352.5660321712 6598.5220457893
96875213.4185109138 6949.3542068359
95545960.2391317934 6388.2050238494
96057131.5982115716 6610.6268446371
99432832.7468328774 7871.0453682393
98358847.3153527081 7543.9155689739
94486745.5867214650 5940.2948857809
95243265.3331456482 6263.1594574153
95245388.1997779906 6263.1600091564
101535268.6858143210 8297.5322265625
95006163.3778575063 6159.3485165928
95566496.6989839226 6393.4279485086
96107269.9072470069 6619.0555630978
101078375.8251497149 8281.9045791626
94704246.1410271972 6050.1952829324
94681981.2856901288 6032.0275049172
94698517.8783360273 6045.9517911612
97525247.7601033002 7230.6742471866
94963544.3908783793 6143.4717353210
96562455.8693803847 6831.2035400607
94722601.1432607323 6053.8944037780
100830978.1498915553 8255.6556930542
94686074.6875211000 6034.0115912780
95756166.5164631456 6501.1667005942
94784226.3248387724 6054.0010919273
95247647.9809266627 6263.6943444717
100703523.2893756032 8204.1961822510
99948770.5530961156 7981.3732447624
95024388.2457710505 6161.4384419755
95324428.0834737122 6279.3926709876
95737207.9858704060 6493.9758107681
99186436.9226868451 7851.9483781308
98311300.0728056729 7542.1797490083
96592931.8176139891 6835.0199603122
97544252.2011482716 7257.3006605320
95108957.2375985682 6180.6726126522
97546056.6173161417 7258.6271604709
94839395.0480968505 6062.7183836401
96571852.1674427837 6833.2843646090
97781640.5071047843 7348.5061583519
97470487.4424370378 7227.2392954044
95146103.1374833882 6248.4424331710
98329409.9119093120 7543.3294161819
97828169.0025765747 7361.5750975609
94845443.0777367800 6070.9454480149
95483022.1313394159 6376.6554694753
95030436.2754109651 6168.5834583652
95307333.8276999295 6277.2208943826
96029480.7393117100 6605.7435496245
96014105.5381593853 6603.5311881136
