247151066.5623967052 373436.1912184712
247395205.7378830612 388059.8599313255
247470511.8497013450 391977.9297555443
247360957.4013920724 385243.3204415794
249725651.7668624520 457771.6877409765
247056407.8763508201 367324.9753710532
247033570.2836663127 363641.1471030021
247360957.4013922513 385243.9281686302
248922947.6239852309 444820.2571392362
249214367.3250950277 449901.7158489530
251337021.7180812657 477295.7790858051
251594052.3444961309 483678.2680932818
250048672.0489375591 467165.2576205083
246666500.8750540614 332894.7702072093
246979458.3725579381 363281.6372362876
246979458.3725578785 363281.3719469809
247950911.3388735354 412928.5759464416
247867957.1304284036 409243.0109852168
247749730.6844394207 404429.8313392159
246685429.1353517473 334747.0581776330
247044860.5773571134 366494.5771620625
247056407.8763508201 367533.4473864341
247592237.1506580412 397493.0043094966
250293231.7894314826 468088.0439926931
246636984.8708993196 328640.4913784692
246714293.9192779064 336926.1813616285
246666500.8750540614 332894.1739089915
246677444.4070589542 333221.9679305980
246677444.4070589542 333221.1113937327
246953313.1230555177 359406.9203659797
247056407.8763507009 367324.7100817466
247260472.9627594650 380821.9733041283
247829965.0285303891 408160.5195618924
247833857.7843366563 408255.0431319121
246701845.6412264705 336718.2513536939
246666500.8750540614 332893.9136703440
247007293.5689471960 363419.4149432089
247291350.1717442572 380894.3299325462
247584071.4305298030 396442.8745187279
246953313.1230554581 359406.0473496222
247123231.3660076261 373297.2752058858
247260472.9627593458 380821.1002877709
247611740.1644983292 399996.2349313255
248687277.9497717321 436962.9308519666
255324896.2950505018 504616.0882046074
246660376.6809554398 329175.3588711449
247237457.1334613860 380673.6239419335
247260472.9627594650 380821.3655770775
247623985.2109287977 400204.9722360130
248042983.2064343393 416984.8049846801
248519603.2024294734 431550.4780807798
249248102.8320456147 452545.2601299589
246649433.1489505768 328848.1611477563
246833410.0976926684 348722.6324098315
246953313.1230555177 359406.3126389289
247044860.5773571134 366494.3118727559
246979458.3725579381 363282.2449633384
247114510.4117149115 370651.2093336934
247120956.0651102364 370667.4579224938
247391911.1429878771 385664.6617806908
246956620.7798736095 359597.8089682364
246933779.3636922836 359251.1911527419
247056407.8763508201 367325.5830981040
247319779.4185162485 384864.4384225365
247301650.9456351697 381199.7170175072
248130083.4018438160 419288.5442485294
286732650.0283287168 585491.9176330566
246714945.1395065784 339000.5374134013
246714945.1395065784 339000.7976520488
246787062.4647659063 347731.8920012394
246933779.3636922836 359250.9258634353
246927422.5765243173 359176.4796599464
247044860.5773571730 366495.1848891133
248111278.4566842318 417053.2547416990
246685429.1353518367 334747.1151215264
246879334.8064815998 355550.0220777297
246927422.5765243173 359175.6066435890
247817719.9820997417 408159.6355592068
250779738.8569830954 474878.0563217946
252381051.5325486660 489607.7661639390
275262134.0891623497 559419.9725218415
246714945.1395065784 339001.3939502665
247526643.9181113243 392903.4214242455
248577244.4867205322 432873.2904482190
248315908.0464580357 423949.9811506574
246779288.9612542391 344875.0851536596
246805574.9013034701 348584.5894136035
248159073.6929970086 419649.2720587258
247213012.5444661379 377353.3880263325
250410591.6050751507 471707.4238144704
250068220.4243344963 467599.8855807134
286913740.1281139255 587087.4564514160
248502307.6299873590 430433.4554548566
249839986.1136770844 461173.8429664620
247151066.5623966455 373435.3182021137
248629636.6654805243 435426.6872597043
247559230.6287040412 393973.0552624079
250042667.6973261535 464990.1151797124
246853189.5569790006 351674.6974803710
247495690.1765157878 392482.6878121849
249907964.4085810781 463930.2276169559
286382213.7586169839 584655.2123107910
248186234.9069851041 419749.9163486962
248186234.9069851339 419750.8003513818
248302553.7557885051 423949.8780081277
249933889.5625260174 464213.7891604253
255133278.9948047996 503823.3750622123
247588586.0590288043 396461.3722012583
247926078.6947590113 409372.6467569682
248353865.7959847748 426904.0602878686
247319778.5276991129 381525.8103886191
247495690.1765156984 392481.8147958275
247663009.6622321308 400791.0812939021
246718013.1901237369 344451.0847214067
246900813.2157028317 355612.7458541114
248601084.8067632020 433458.7050814062
246827053.3105246425 348647.3131899852
247319778.5276991725 381526.4181156699
246799218.1141354442 348509.2701937573
247301650.9456352890 381200.5900338646
251657421.7865726352 484575.2438298961
248284152.2055830061 423798.1141302590
249127776.5092170238 448693.7816601102
246846832.7698109746 351599.3782605247
249083056.3024924994 445611.2563805734
249997834.4738169312 464632.7291428348
246874667.9662001729 351737.4212567527
247540014.2340149879 393244.2793028895
251479852.9632542133 479982.2706567583
249973715.1572103500 464274.3070986220
247192244.5452725291 373814.8079482075
247429184.9280618131 388912.2002013270
248269107.1560481489 423738.9124624734
255387215.4856467247 506875.8728573173
251553259.9836961329 482280.2484399615
246697877.4134030342 334954.7848908135
248240116.8648949564 423378.1846522770
247319778.5276991129 381525.5450993124
247693963.4038275778 401211.8149059626
247563917.7031854093 396150.0868285242
248254224.2046454847 423479.7205686872
247663009.6622319520 400790.2082775446
248296268.3700362444 423839.5567524438
248182946.2059384584 419717.2457172875
248866066.1316776574 443612.3229503934
247192244.5452725291 373813.9349318501
251423197.6771524251 478153.4420739947
248364257.6676965654 427569.3609724347
251399963.0905840099 478000.6399499712
248189231.5916907191 419827.5669729714
247460138.6696573794 389332.9338133875
251841388.1395732164 489102.8090216418
251690347.3148973584 486596.7238733111
247429184.9280618131 388911.3271849696
247563917.7031855285 396150.3521178309
254992761.8736474514 502392.2742931694
252572016.5668616891 491651.9825679002
255466727.6444691122 507495.8570515923
248817716.5104389787 439993.2219372098
255362758.1939300299 505616.2286388725
247946873.8041541278 412723.8241428763
254250830.3597932458 492018.7852595299
255417386.0025392473 507217.3800976127
248738661.4401985705 437160.8265400236
248519603.2024294138 431337.2400436704
247412307.3840717971 388720.8139808234
247451342.5280046761 389305.8218008336
251483608.4744356573 481772.8218957720
250603510.2985489070 472545.7115951678
247542826.5644256175 393491.7480094489
248041863.0957960784 413220.8783489768
248485867.6954790056 428779.5843429868
248205351.3115281761 422038.7387143918
254868011.1543749869 501187.4795070924
248189608.3614872694 420422.0692627379
247758855.5820429623 404594.7078968614
247748180.7654808164 401543.5088238150
286144912.5183846354 579561.1928100586
249889472.9077291489 463903.9428362302
247758855.5820429325 404593.8348805040
255507003.0839495361 507823.8708874993
254649347.0632407665 497038.9812981766
248797966.1951030791 437931.9676355749
262060672.9644225538 517958.0577922961
248848694.9032497108 441250.5525646512
249767943.0828643143 460790.3013674566
286340728.8142243028 584400.8353271484
253873856.2365935445 491769.5549228638
249404965.2203951180 452748.8329418250
248808887.9775539935 438086.9868336027
249971404.6064887941 464246.5216873833
247759273.1317719221 405377.9755707562
247807452.9033568203 405389.8018681139
286335350.5313593745 583955.6234130859
255133278.9948047996 503865.7214672416
250685825.7775867581 473117.4878595968
282105204.2723438144 564276.8124542236
247542200.9478792846 393380.9812122911
247886532.6248123348 409266.5729481310
247676933.7230030596 400827.6051441759
248320660.7594445050 425542.2667755514
249748394.7074674964 460355.6734072515
247982478.9793627262 413131.5958675772
281449365.5161514878 563673.5357208252
247542200.9478792846 393380.1081959337
249601279.5749935508 456940.1627253039
248340858.3784171939 425697.3656296164
247542200.9478792846 393380.3734852403
248832330.6247271001 440968.7786693876
248556636.1646001935 432014.8014757749
248796511.3348133564 437328.4598171827
270388238.0665357113 555071.0092849731
248796511.3348133564 437327.5717556592
248786115.0974555910 437301.3747341749
248491472.8405990303 429027.4781818662
249093190.6648823917 448254.4695526310
251285970.8310897052 475403.2348657665
276164615.1830079556 561247.4129333496
250324850.0319718719 468519.2444211146
263838116.4817281961 526920.8867623620
268311404.8226343095 541105.7388282418
249568553.1433117092 454436.2821022221
276512045.8787381053 562362.3104705811
248469987.1748692989 428727.2391681943
249441709.8738800585 453365.6085155995
249019456.3906320632 444874.8828505070
249193832.1503939331 449417.0559462102
284431059.6216843128 572597.8742675781
249525743.6650849581 454138.1879528554
249022354.8620994091 445496.1118072660
251130952.9720260799 475387.9187251911
255330549.5092656314 505449.4687816948
255189815.7301557660 503944.8752758354
254763906.2749475539 500153.5053417534
281095598.2218188643 563486.2412872314
285861149.7122341990 577623.4532470703
282246002.7205383182 569488.8134460449
285963842.8486746550 577879.2496337891
263810305.7738100588 520567.9572550007
285654126.3285744190 577032.0985107422
285291575.8752827048 576869.2669677734
285008918.1285011768 576667.5560302734
284866008.0474864244 575028.4810791016
284089285.9922220707 570064.5534057617
284519432.2371736169 572868.0257568359
264419663.1184725463 532886.7758312225
261468863.7757387459 511853.0825862885
