116623707.5146327615 5319.3200594868
141210161.5237218738 10598.7772483826
116793960.5693083405 5534.5032692777
117180009.9944391847 5755.3297113716
116714993.2288261056 5428.7802035297
116589446.3274217248 5210.5641715487
116541403.7459652424 5000.8848680176
117108552.7077249885 5754.7965557043
116844719.2400447130 5554.0016391402
133831953.8127471358 9330.6646851426
141381300.7379908562 10600.6069717407
116656831.8229354322 5328.6517193998
116580535.9652397782 5201.5635929193
133734681.7882903814 9308.9002070552
141751768.4824773073 10619.6027374268
118001334.3528132290 5799.1755486357
116614797.1524508297 5310.3194808573
116665742.1851173639 5419.2903380121
116541757.6690788269 5003.4722714971
116548460.3522973955 5005.5133661250
116551798.4085304886 5098.2444027827
116702674.8551149964 5425.0431252348
116555707.4819858819 5100.0684246207
116654525.7384909689 5321.1851977526
117074222.6554048359 5669.1799218481
116550323.5268327743 5005.5171706282
116553661.5830658525 5098.2482072859
116543620.8436141759 5003.4760760004
141596659.1980001032 10618.3885192871
116560858.0523699969 5106.5850912895
116576215.6563452631 5199.6497252220
116538836.5665529817 5000.8810635144
117304902.7045962811 5774.4433459838
117281762.4673211873 5756.1763126020
116997368.9102385491 5645.3364116614
116563269.3068677336 5114.4348209093
141523122.8257377744 10611.7027206421
141260226.4435406327 10600.0691375732
116722379.4597453922 5438.0708478665
133105512.4158961028 9209.9883409380
116871528.4347753823 5644.3608083327
134937765.8882032037 9543.3542702496
135002323.0622994006 9611.3058464825
116837932.6239093244 5548.1723650023
116748787.8186453134 5438.4910334796
140899595.5131259859 10578.3333435059
116599128.8862867951 5220.9151465723
137228368.4914711118 10031.4107405990
133996675.1939389557 9486.2067633271
140446270.3922598958 10552.8123779297
140313179.2605636120 10524.3083572388
133904663.4730988294 9355.4493684142
137169495.6446880698 9926.4608693421
138447108.1233578324 10124.4313435853
140697194.5845808685 10562.7476119995
128212699.2711779922 8206.0115272641
127933377.6418305337 8118.8100378565
127717901.2052085847 8109.7686831444
133970778.0671723187 9381.1868659496
140352283.0186658502 10545.1560211182
133206710.2351533622 9285.4279008746
139617276.1421443820 10386.1584424973
135585824.7157189250 9682.1986862323
139805922.4646277428 10517.6979560852
136207658.1627532840 9920.3211942017
128138191.2403233498 8183.1427692249
116613613.3278700411 5225.5580623322
139515485.2079261839 10347.5478544235
135475123.4193187952 9640.4858208895
139508288.7386220396 10334.7317528725
116574956.9967012256 5116.1010024579
129817212.5360593945 8677.5931988596
135310885.0870624483 9617.5124979205
130904082.2171414644 8699.2939195069
132821778.7487249523 9171.7052816362
132808285.6812560707 9166.8278855501
132850320.3517406732 9173.3933328628
127957352.6157383174 8128.7041494898
137172081.4026379287 9942.9778493522
117917096.2780156583 5785.2689896052
131177381.5238620639 8834.6102778715
132456938.3393857181 9053.1649404536
138154334.8467995822 10100.4538640976
137787679.6366066933 10043.3423924744
117042728.4408191293 5651.8523310860
134916951.1631291509 9525.3058229685
116557353.6593518108 5100.3665172034
131222495.7910293639 8901.7865209653
131420961.8782694042 8986.3641100003
139633354.7434396744 10435.7302551270
130936048.5764205605 8748.5330240815
116558994.8778346181 5106.5812867863
116786025.6362188458 5530.3815021937
121259906.1613380760 6422.6699845284
116769631.1973805577 5529.1932045906
116551094.5005928874 5090.9140197271
116650279.4627819955 5319.7635023569
116816713.8749109507 5545.9354644784
116780632.0153501332 5529.7270805924
116692314.1332665682 5419.7337808822
117079495.4162868261 5717.6071999162
116583044.5178830326 5202.8849583517
138681673.5675434172 10276.7595338821
128322085.4974410981 8271.3723419309
139351049.3734207153 10311.6167945862
129518266.5727549195 8555.5869929492
134439424.4584221840 9488.8926762491
129512044.1897425354 8459.4555549175
121354893.0630245209 6423.8416754929
129121867.0788881034 8457.7421457935
129781865.3886905313 8579.7364967465
129531092.2798695266 8563.4906776547
127148861.5306116641 7947.9124056995
132246520.5902860016 9004.0881369710
138282539.8821358085 10118.5084190369
139230452.9712930918 10297.7308959961
129012521.3247851878 8345.8653181978
134881601.3358541429 9523.0384394974
127990541.1994317472 8158.1654735208
121075671.2839614302 6421.5485051706
120056506.4613346606 6333.3815395519
125303010.0810534656 7548.3579355478
120706371.2335418612 6407.0360005930
118284012.4765152633 5862.3225336600
118211647.9153811634 5804.0801287312
118786247.5622781515 5921.5821591963
119044190.5728483051 6014.4120673509
118711235.5075024217 5905.5412889133
118894915.7452511042 5986.0498324009
118800301.5775970817 5945.3989932147
118692379.9373719692 5890.2426590530
119025323.2667096257 6002.1099679274
119080769.4528944641 6087.4549160965
119098366.0423358679 6105.6632449413
119448737.7373477072 6117.7571191881
119271762.5310542285 6112.3101160284
119462526.3572760373 6137.2036376977
119508664.2118141800 6206.7337578917
119885722.2282625288 6230.3183468597
119907993.6157009304 6237.3425809914
120405131.8692669868 6346.1622796232
121668671.5369807482 6505.3515815339
122384730.8190712035 6824.5059791926
122595331.3681624681 6845.9569138411
121745017.6996382177 6663.6915197372
122061872.9114644378 6745.3559083465
122182454.3051360399 6751.2976369384
122184809.2330370247 6764.9860124115
122258868.7835634649 6811.5095821742
122528900.7151106745 6827.1401986006
122536519.7114129066 6835.4216354729
123013647.1756470948 6961.0722879374
123763996.2167477012 7154.3285625875
123888154.3739616722 7154.4216673784
122612292.8181167394 6951.0930354336
123504871.6741693467 7145.0218207629
124280934.5567273200 7270.7637337148
123989307.2231659442 7258.9435145093
123380664.9004988223 7130.5495590957
123653867.4019267708 7152.9856937013
123112901.3271236122 6981.6459810527
123159338.8400739282 7116.6880829150
124476274.5142363459 7273.4520336948
124744682.3579060137 7458.3087665499
124500261.5005488098 7326.4787694775
125047255.4101488739 7516.6658255421
124597860.6014123112 7359.1296254955
124734373.1708503067 7398.3469096981
125476867.1939853430 7598.6644145753
125726806.8244157732 7666.8301827479
125509996.7968133986 7605.2696411666
125966730.3426045477 7718.3136900719
125595522.3225367367 7636.7086199578
125770358.7615333050 7678.0693220463
126043396.8975924402 7795.9697832251
125923316.0905076414 7708.9793355549
125772812.1866687685 7689.7686762000
127388581.2034376115 7992.3073793016
127039770.1103571802 7840.3255416118
127315470.4078942537 7957.4791310682
128041141.5800659508 8162.6551862322
127670520.2728688866 8079.4140544496
127109045.2418462634 7846.6116746031
127710920.9781361371 8103.0221705996
127366123.5715111941 7988.3816435691
127526215.8739953637 8050.6992810126
127460468.7985266745 8040.1284268256
126577202.4607807696 7827.5861256346
127141645.1994428337 7881.5471412800
128612472.2392100394 8286.2149378322
