253785491.9399960339 514209.9574379944
251995060.5183236599 465822.1389106312
254615293.5761865973 527859.2656153762
254589251.8720096052 527738.6660060012
257396870.7834705412 581890.2164230347
251380775.6555206478 443376.8398761675
254608651.2818850875 527782.3150233352
252569236.9590746462 482071.5014908933
255248276.6900475025 542006.0103307762
256067784.4317451715 559499.3439903357
254079802.8450161517 518879.6832528040
252384928.9227722287 478417.9142559194
256067784.4317451119 559278.2019004920
251430098.5879991651 448397.4984966144
252118473.4132224619 470536.0178745412
255045488.2875092030 539090.9732061424
253635681.2324853241 510233.7536416077
259123075.8585121334 604584.7133102417
254406489.3619722426 527178.2617091262
253371679.0930812359 502758.1311440491
261298098.6678136885 629129.0788574219
254162690.1249476075 521373.9471371099
255874902.6783927381 555936.5098838904
254635227.9288531542 530949.1236170852
255953677.8249632716 556711.6174278357
255677551.2524715066 550367.5600610771
255370477.2072966397 545112.2698522606
261545462.3622761369 631646.2215576172
251796962.7930142581 461638.4987109699
261741699.4637920558 632140.2816162109
252382099.0818145573 478181.4723747396
258895127.4544965327 600698.1684799194
253056520.1530148983 497469.3808269524
255536817.3355702758 547927.9732061327
252075700.9614949822 470435.4753940725
251263817.8876781166 433364.7768843845
257383966.9845029116 580347.9895687103
258423841.0429880023 595388.9403305054
269461569.1695784926 644977.8481445312
251635530.2430874109 453330.7419658527
253396856.1036458313 504641.2290344262
251372909.2583652139 441676.3896096125
255429945.7993050814 546273.7802282372
254243640.9267713130 522695.7512339675
253273436.4296170175 502744.6550698304
257855313.5508860648 588196.6458053589
252727133.3697341383 486686.2681916379
252380704.8073002100 477762.5222246670
259594744.4870801270 610227.9200439453
254482402.4404666722 527306.2686366164
253674267.1412303448 510751.7839760804
252949578.2725361884 494261.5569610619
252658319.2138296664 486465.1261017942
253065504.6696277857 497521.2509441399
260306335.0486910045 618667.8325195312
260777539.9599520266 623033.6166992188
251999268.2489555776 468007.5216587582
251853011.9177791774 463858.2125857868
251355286.6878545582 441475.6415627375
253042956.1220485866 494547.3038005852
254379128.3528168499 523892.2030680203
253823940.4573239684 514563.3557534241
255632192.3837864697 549450.2221087441
258518100.3003652394 597510.3863754272
254295264.5632065535 523720.0882472121
259585911.3903476596 610013.4576416016
253544045.1935347915 509957.0687966370
251270038.1978069246 436015.0387903377
251738544.5808358788 456836.3092480153
259580827.3901908696 610007.0697021484
252479669.5970388651 480319.0869482183
250947274.6070426404 416511.8154999688
252848132.2316323519 490032.2138617062
252920507.0649025142 493578.2829875969
253399984.2480823100 505819.7968850159
251255046.1900964677 432502.1789872125
253500870.3042290807 507297.8598122620
251228451.2614850998 432113.3369461969
255145461.2667036653 541126.8510290184
252908583.0036952496 493547.3320598626
256276764.3922051191 562043.9202690125
253696499.8619917035 511916.9046320939
253089737.8325692713 498262.4263591790
255669920.2625684738 549950.0892034569
251707211.4260670543 455675.7633863315
255193410.4954342544 541693.6759801903
251173593.2199724019 429376.9776246333
250958082.0234388113 423353.1610813066
254650557.1487098336 531401.2283534133
253858147.2441636622 515068.2295479700
252284267.7522653937 474590.8321750783
255407641.4555866420 545117.8035436668
251210828.6909745336 431912.5888993219
252145751.1662750840 472302.9422825002
252762742.2752367556 489425.1936826729
254820993.3456311524 533965.3454319560
251182401.3924115598 431406.4379670098
253666862.6264721453 510308.9611506485
254994992.9227516055 536733.1459406838
253209485.3196108639 500526.2455758974
251959748.3075162768 465488.0954354429
257753980.4639258385 586227.4105148315
253785491.9399960339 514431.0995278382
260432343.2979671061 620200.8032226562
251288663.9528688192 436348.9671350643
252179778.6899226606 474250.4503391408
251014305.8379687071 426251.9825760797
254916217.7761810720 536102.2786311135
255896251.8851927221 556080.7501182654
257201885.9598061442 578543.7261734009
252622397.8506695330 485129.7730589309
250860814.2507024407 416442.2013642266
253752274.2604416013 513632.1350502991
257203989.0301181078 578687.2309494019
252849040.3541032374 490489.1618223214
253890289.8191807866 516605.8679604554
254546106.2494297624 527707.3570155227
251906413.2276784182 465336.5464088619
257148856.5816837549 577976.2598648071
259239530.6277877390 605946.6609420776
256235153.4939245284 561413.0529594421
252799454.6257906854 490031.8279600167
252066170.3325834274 469305.2569955015
252512853.8700470924 481587.0982633033
254894671.0888041258 536019.7323073470
262708696.3178892732 639196.5649414062
256428035.2472769916 564831.6468315125
258387304.2775129080 595100.9311447144
256491307.0302807093 566267.8199157715
258914579.5047622323 601187.4138717651
251739403.5604398847 458970.8083046474
255763677.8796270192 552401.4345665076
253911639.0259807408 516697.8345131897
252534699.1071402133 481639.5235562720
256344609.5948738456 564043.8977966309
255579584.3512572348 548207.0553751090
252341317.4504025280 477338.7834184789
260198618.6140409410 617061.5419921875
261461802.2995858788 629421.9956054688
256660204.2853756249 569763.6861495972
256935313.0600398779 574432.7676773071
260157903.5649519563 616781.6911621094
260198618.6140410304 617277.1503906250
253911639.0259807110 516611.4016518616
257206969.9599629343 578711.6678237915
254932528.8479641676 536317.8870295510
256458484.6584136188 565123.8439750671
256732567.1500760019 570547.1419601440
259550314.1603043079 608824.1597900391
259385526.7426373363 607112.8923339844
258442253.7978739738 595965.5398483276
253921056.9043742716 517404.8324379944
255520287.6192358136 547707.4152227342
256133650.9881336987 560991.8364696600
259573409.2012035847 609342.4150695801
257128194.8133922815 577851.3615493774
255597918.3562216461 548948.3211879730
253032908.9591206610 494281.4532251754
269560705.5652328730 645076.8854980469
253423835.8781561255 506426.4311623597
252285453.4019812346 476425.0806596898
255010433.2025824487 537276.5353640541
261136425.4066324830 628320.5102539062
255624894.8848555386 549065.8492641449
256067784.4317451417 559351.5292930701
256834038.8713807464 571386.7445144653
251579948.8998488188 452592.9074988663
251715015.7841977477 456299.9321699962
259318305.7743583024 606760.6652145386
257613070.4726708531 584784.3937911987
261472499.5220302343 630325.0546875000
254353226.6356395781 523888.1370104873
255863741.1912488341 555742.0799522498
255259016.7474898696 543837.1604366400
258691215.9849945009 598882.4161911011
255692167.5439266264 551934.7574730017
255138374.0703305602 539513.0920162299
261095773.5077659488 625925.3610839844
257613070.4726708829 585052.8193283081
251121989.8462936878 426811.8043986484
253473421.6064686179 506883.7650246643
253380463.7312797308 502847.5457253852
256945500.7796960175 574536.3816909790
257894132.3975865543 588934.3917160034
257894132.3975866139 589150.0001144409
260921727.4074316323 625401.5908203125
256849632.7333728075 572191.1233901978
254102634.7682485282 519779.8419083580
256849632.7333728075 572197.5005874634
259387807.2028718889 607462.1608886719
254761587.2917830646 532556.1900738701
251309013.2336854637 437931.7558222935
255139479.8540294170 540131.2509208620
251133918.1405389607 428090.5668653399
259387807.2028717995 607246.5524902344
256993204.9828204513 575141.7399673462
258883082.9235081077 600422.2509155273
261513214.5711192191 630705.0561523438
260015719.3818727136 615554.6707153320
265874042.0578414202 643330.3745117188
260877707.7372063100 625264.6584472656
256856077.8369944990 572371.7059173584
251666760.1240931153 453780.9955273122
251352164.7499564290 439318.4432299957
251684391.4071567953 454430.6076184139
252577488.4034343660 483035.1596403145
260836992.6881173551 624769.1992187500
269031447.3152456880 644783.2851562500
257325117.8783971965 579895.8686523438
265948629.0922468603 643553.3933105469
258811512.4476832151 600253.4898681641
268693929.0795316696 644352.1240234375
255859893.4047044516 554348.3535734117
261513214.5711191893 630604.9055175781
255859893.4047043622 554310.3057218492
256627919.4552482963 568732.9499282837
268957958.1259590983 644737.0810546875
266759694.6742682755 643558.8500976562
256229839.7446182966 561343.6448942125
265265574.3645210266 643167.1943359375
260912175.3303982615 625292.1325683594
262738799.0922155082 639205.1606445312
251258215.6635700762 432932.5071967766
268693929.0795316696 644314.7810058594
264716622.0689249039 642865.6845703125
258288419.4972826242 593264.6357345581
256583336.3445929885 568102.0826187134
260641028.5006798506 621812.4315185547
260350019.6732877493 618889.5651855469
264649458.8651161492 642839.0859375000
262768498.2136213183 639454.5512695312
262910245.8942841589 640659.9162597656
264140003.4305605590 642760.3041992188
269479801.8578845859 645013.9260253906
260519420.2002387047 621363.5789794922
257284238.8197332323 579374.7994308472
260606560.9074880481 621675.6627197266
259449729.9311062098 608022.0635299683
259765853.4798084795 611718.2735595703
262979303.4065507948 641187.6083984375
260494001.4541184902 620326.0809326172
263577331.0279026330 641775.7795410156
260815366.8858467937 623882.6272583008
259670109.2403351963 610567.2429733276
266802373.6190598309 643911.0722656250
259652026.0453524888 610351.6345748901
257428751.3983763158 582366.4770431519
260855075.8831001818 624775.2739257812
259730910.5567604899 611375.8709716797
259970942.2764606774 614991.9658203125
257459205.6717615128 582744.4445114136
259705491.8106403053 610570.2877197266
259705491.8106403351 610592.9720458984
267733755.3424814045 644098.6809082031
267442412.5836054981 644013.4414062500
259836231.5953716338 612141.4044189453
267569265.6804043949 644071.2099609375
262423302.4925801754 637234.0275878906
257542322.7950336933 583330.3103561401
265640824.5948721766 643220.9445800781
258001477.5238516629 589672.7622604370
269552199.9703324437 645020.2512207031
262492360.0048467815 637781.7238769531
258003174.3527265489 589867.9597702026
269117873.7842014432 644795.4687500000
269398782.6500917673 644973.2907714844
265193655.2452219725 643062.2250976562
263182712.5044795573 641205.7048339844
262080593.5839508474 635370.6679687500
262136114.7697040439 635422.2756347656
269263341.0018484592 644924.0959472656
258897139.0875257254 600758.9157714844
262895111.5334200859 639502.8059082031
261846159.3903691769 633055.1225585938
261790638.2046159804 632947.7487792969
262080593.5839508474 635352.0212402344
264818595.9347375035 642969.1791992188
261963159.0856352746 633804.2989501953
260268977.4566316009 617649.9041748047
262080593.5839508474 635325.6035156250
263909749.7491943538 642209.2043457031
262232732.3616620004 636848.2734375000
263372156.3437413275 641452.7543945312
258949010.6304014027 601248.7475585938
263389514.0695137084 641541.1799316406
262674006.1243402362 638868.8818359375
258910950.5329198241 601113.3394775391
259003178.4791150987 602911.9207763672
263603368.8733652830 642139.5124511719
254400830.8861701488 524439.7944129126
258050709.1758672893 590190.5354537964
258315145.4281209111 593682.4567184448
258315145.4281210303 593690.7535934448
263405811.8277001977 641554.4958496094
258069913.7293089628 590381.2459030151
263416004.7545175552 641625.3754882812
255478743.2016013861 546311.0329281986
257783165.7544171810 586831.1829147339
254808294.3361154795 533117.3537149429
268615771.1006350517 644194.3027343750
