217381432.7717038989 1224.9181386273
217373931.5714769363 1222.0891008393
250981788.9679956138 2501.6018621922
217383038.5494831800 1244.9530103210
217354834.0791379809 1221.6733429733
217376549.0233199894 1222.2223621610
243783794.3834317923 2293.2317042723
226671737.3205052614 1737.4163570620
250965828.1377009153 2501.0708372593
234123686.2297850251 2026.2854270576
251356082.3279919922 2504.0190775394
217452814.7847173214 1249.2411648748
251135725.2073612809 2501.6864025593
242833852.4695535898 2228.1492580860
217676090.3971156776 1304.3375495388
227618306.5051506460 1773.0654452457
217473130.7377047241 1265.9769734689
217469816.1766080260 1254.7853266867
217447971.6126084626 1245.8604581305
233321878.4689111114 2007.5494683417
217614958.4894410074 1284.0130199245
243902680.0457931757 2309.0673418362
243691598.1699102521 2288.7139001507
217507764.3992645144 1270.6965812934
249673296.7052866817 2373.3434258782
249502599.3505360484 2357.4186660134
243499773.7863727510 2282.0896492619
235710839.7803719640 2067.7318091630
235866961.3057525754 2068.6905970811
217491891.6548383832 1268.1514552725
217462822.5291796923 1250.4678279278
217509866.5653893948 1283.5509303860
217626151.0045331717 1295.9658338666
217660841.6126465201 1297.0744937086
245583214.5146990418 2349.1350409109
250164058.2265675664 2393.6155510209
223904165.0473881066 1628.3675185390
239865036.0097084343 2164.8347161929
240547181.0328619182 2189.3363095477
217779034.3626384735 1304.8674136710
223506575.1277119219 1610.5171589204
241045870.0847203434 2197.0878643348
240450809.5633746684 2177.7690953567
250703610.9380563498 2395.9528973252
250797520.1847059429 2397.0521099716
219568989.7368418276 1416.1113245801
229397129.6515970826 1843.2724923519
226408575.4116187692 1736.7423317508
226281747.5751325190 1715.0829365329
217835288.1913935840 1320.2731166239
217840095.3761669099 1336.4765991969
217816934.3561978638 1316.2150937719
217828748.2646413743 1318.1194284363
217813734.9805907607 1315.7426121933
225787753.3590441346 1692.0677103848
220192555.3063793480 1467.8583195511
219670669.4717212021 1447.2050259415
217977523.7555840909 1341.5674869216
217978876.1771311164 1341.9301895297
220143114.0292214751 1458.1667227275
218224724.7274927795 1372.6407953759
217931848.7138704956 1339.1906706787
217992370.5206000209 1343.5548451639
218027333.7394013405 1350.4516862727
218136361.7029322684 1362.8163165994
218130781.2762404978 1358.1259687937
224430188.7211138904 1649.7333546067
219652845.1738606393 1435.9620239191
219820897.3801014125 1456.0038504652
218091579.2040609717 1350.4869609872
218129147.0894170702 1351.8089244028
224709722.1322640181 1661.2721479044
224940283.4649406374 1690.8994775222
224735987.1328084767 1669.4236946807
219242460.1301703155 1375.2047143023
219242346.2500845194 1373.8113003054
219292593.9069454968 1377.8656696060
219371047.4264903665 1387.2000771016
219495086.0486994684 1396.2309751129
223139060.5613545477 1589.8734512701
225899211.1014511287 1701.2094252158
225886713.5758131444 1695.2824366141
220477003.8888045251 1488.6122385256
226891867.4352483153 1762.6727522832
226701611.9471117854 1745.2105044347
220793940.2109917402 1499.1786547891
220591095.2452000976 1498.9101740140
221070664.7500006855 1520.6451142690
220833206.0086577237 1517.9121052883
220807366.0106005371 1500.6364400383
221506331.4317142367 1544.6825325779
221621229.5897951424 1548.4871962458
221480810.7325553894 1538.3055336188
226464747.5693152845 1737.0593535348
225900920.2665507197 1713.9744879051
228025692.4703142345 1822.3745463536
227896727.0859775841 1816.7587998555
221757309.6933950484 1552.9323503958
222703916.1340664923 1566.9941911786
223016365.7993635237 1577.2394706039
229392185.8904518783 1827.2145252590
229420586.1066465080 1844.6471357569
229431776.9757252336 1856.6261273120
229626688.7226378918 1883.9229826853
229480331.2303039730 1878.8854177222
230201518.6882218719 1928.1903444454
229890295.8969689012 1913.7813241109
229343286.4173074365 1825.1146609804
229693796.9868716300 1906.3051213250
229610614.4234656692 1883.0254539773
232218278.7272404134 1970.7427763627
231891686.4093140960 1950.2031821893
234886865.1940048039 2059.1984670963
234519317.6227637231 2057.0094946232
232958798.8570390344 1997.5833604024
232127780.5658234656 1965.3023093585
231959393.0178748965 1964.0236844076
231679347.8709923029 1945.3457635893
231664835.3480405509 1937.3356789304
231610045.5653445125 1932.1131523671
231665700.9759035707 1939.3582704952
232349465.9051834345 1978.8878509123
232348309.5001316369 1975.5077258665
231567241.8768635094 1930.3308272613
232415364.9331740141 1989.5712281819
233918968.1421820819 2010.0368425380
235238965.6293976605 2059.4532531798
235667182.8448642492 2065.5603859723
236210345.0075974762 2069.1952448506
236474124.5378647447 2080.6783489585
236560772.7607723773 2095.8275871873
236899191.4919198751 2126.5015755296
236596258.2892647684 2106.3245385289
236652074.5353411138 2125.5081892610
236523643.4469934404 2088.4797301888
237825611.8523378968 2133.6915896088
237649927.3009081483 2127.5631840378
237766260.1845657825 2130.2105856091
239842373.3055033684 2153.3819864392
239030294.7189398408 2146.1186314225
239432803.8707636595 2148.3195832372
