222389260.1501072049 40597.3140487671
218836243.0807245374 39078.4761476517
218533834.6016994119 38709.1575059891
220659766.4396455884 39934.6588211060
218718370.2865146995 38915.1753196716
220364766.4818758667 39744.9108438492
212285718.0061594844 33460.7727501988
221009133.0222691298 40286.0012283325
208739497.8335753083 28882.0181717295
213188794.5482397676 34319.0942213443
209554523.4487665296 30054.3208832281
209947940.9644010961 30508.0449370878
209947940.9644011259 30508.0449370878
218290442.8963302076 38559.9761648178
214084686.6074976325 35195.7264286141
219437375.6799551547 39227.7806053162
220788464.4001476765 40051.5517730713
207190256.3750237823 25748.5061105690
221589692.8045083880 40460.4978942871
206613980.8817872703 24688.5462535205
217754057.8328663409 38236.9886007309
219873542.0030044019 39514.1560029984
210739533.4920608401 31600.6220151894
214891675.6834036112 35913.7529466981
220870687.4110680521 40147.8926086426
206848520.4279612303 25195.2263852200
214320084.7444095314 35406.9281192879
212540389.1283306777 33726.4229243398
217786575.8950707316 38329.4538128558
225754801.7342144251 40880.1990356445
209205346.3962132037 29542.7436828153
209603645.4414569139 30160.4402146494
220574486.9375768900 39924.6110763550
218482751.6387735605 38660.7092447281
221185796.3820032477 40447.5070114136
213554847.3909832537 34688.2728478816
209459255.0930328667 29862.6561660921
207130073.5707599521 25624.3673665440
207616364.1915103197 27262.9945750269
206776886.1665743291 25144.6229181206
207392209.4317886233 26714.3866496119
207461681.8229164481 26891.5415720972
209301303.5456992388 29587.6081678383
209967868.0271959007 30546.3786585461
209205346.3962132037 29542.7436828153
217560279.8542260528 38121.8021934032
218405859.7908398211 38639.8515939713
220681000.7009353042 39936.3833541870
206473412.8528231680 24404.3544088802
208164777.5690315962 28216.7777757799
207856723.1226466298 27650.4524549525
219052258.4369945824 39193.9273538589
210643451.0935079455 31377.1649457924
212048047.6745323539 33240.6078498214
218528683.5763819516 38703.6660652161
214634525.0811975598 35735.7989113182
212047766.5278874040 33187.7086832535
216758066.3057125807 37443.9409731757
208338416.6244823039 28515.1963396227
223000977.3795788884 40750.6456756592
215219635.5735056102 36286.2388870399
214692968.2324703336 35848.3513612655
209468580.4424759448 29907.4259398114
219955765.0139247179 39610.4968385696
209075470.1627123058 29298.7880401151
209435522.5745120347 29862.5614547884
211842525.8084746003 33026.0594370376
207110311.4049589038 25592.3136784872
215159153.1641416848 36277.6462356728
212939158.2671306729 34020.1856372884
219438520.3125487864 39320.5481653214
213633251.7555882931 34766.0783406851
207197529.2540137470 25853.8756816303
210905386.0776319504 31780.9346830361
208563229.1605689526 28773.3532267070
217513163.1978073418 38044.2774136248
211762076.1982608438 32837.1757935621
211852290.5780296028 33074.6342966568
209677831.4627346396 30287.2120651286
209435522.5745120347 29862.5614547884
209302608.5855423808 29661.6117705839
206965616.3686721623 25294.8633038914
206414200.6784678698 23513.9882344883
219015453.5673970580 39109.0967721939
218697096.9819344878 38812.8348245621
213191449.0153850615 34359.9263326284
212381789.2780494690 33608.8622548282
207748601.6729668081 27313.7012659903
209742580.2177223861 30291.7729427330
214467484.2234787643 35587.9733650535
220912383.6847400069 40152.2332458496
209340430.9352589250 29705.4333228879
215452816.5931888819 36441.1828872841
212743137.7420997918 33902.8650875688
212155711.3903960288 33397.5123298019
207539319.2236411273 26955.3232455483
207988721.4622485638 27694.1293840563
213557972.9325848818 34732.7746403721
210183528.1561338007 30889.9566938393
214157428.4222579300 35371.8759006392
211411020.2546415329 32566.2948121168
213532524.6601090729 34641.0438054111
208123902.5110040009 27923.2766161120
215988608.9262027740 36821.7643603217
213691243.4905865788 34942.5810262319
219658529.8181984425 39328.7117547989
225208064.2121065557 40846.2395935059
214450320.1279077530 35586.0996675399
211253237.1865974069 32380.0653681457
212266724.2048622668 33444.5361222364
215677327.9915633798 36623.4351455849
209671109.7662447393 30244.4732115399
207033451.8229375482 25516.0930176778
208690929.7517887950 28822.7529383134
219766078.3037919700 39444.8727693558
222977604.7576996684 40702.6782836914
208656547.5396701992 28800.0115087163
211408574.8618554771 32539.0032853223
208771448.8014284968 28931.0333537627
217028793.9778412580 37697.0129940691
217471466.9241353571 38039.9367764178
211569850.8620481789 32710.3163176826
208128936.3262288868 27927.2456445849
218619313.8887104690 38765.9059152603
208118768.6373688877 27815.3042726672
206407626.0020000041 23046.0397650879
212446181.1169269085 33701.0874793380
215810889.3301298022 36707.5761278998
215545423.0334587395 36492.9676989447
212600187.3665101230 33787.4609687179
214437973.8410815001 35579.3467139881
215124228.4637255669 36206.6302902382
214920425.0022311211 35995.8643524330
208023248.1996390820 27795.4940771456
213482737.3678110838 34602.7911398299
210265751.1670542061 31013.2895795815
209393078.3007230759 29799.1126976168
215827009.5881772637 36745.0073641669
218497611.5620133579 38677.0750133991
212804145.9884395003 33980.1670234054
217956799.6477588117 38344.3165292740
213871155.9409201443 35003.6246969751
213300013.0071714520 34411.8096182235
215435601.2014222443 36399.9091598671
210422447.4905768335 31215.0138473051
209353392.0814802647 29726.5601043241
214827228.0173695982 35887.0989792030
218571181.1046674848 38723.4229784012
206388750.2538601160 22702.4656884354
213011612.2002435327 34187.2160214521
216842677.0293796360 37521.6352785956
209676488.3843626678 30277.4847283494
207205183.2839856744 25885.7344640987
216257411.6946063042 37064.9577365406
217132654.9341764748 37777.3717812300
216125329.0563575625 36968.8536700141
216280955.1244810820 37076.6648730170
215893577.0814858973 36798.9336718451
222366010.8516435623 40553.9555130005
222980205.2034380734 40729.8954467773
216935756.8503201008 37579.0477685928
212939149.5739015937 34001.7212064448
207051486.4025470018 25588.8066174900
217075142.2529880404 37734.3062982559
213070858.2246658504 34209.9216707684
210050611.8021668494 30768.1554907132
208146987.4676386118 27990.6944017565
214964832.4088385403 35997.6303970497
222544217.5742969811 40678.8432922363
213358774.3966942132 34514.8913886398
214806396.1021576226 35866.2328196225
207767510.6638702452 27350.5047681346
217389243.9132151008 37943.5959408465
215001029.2218000889 36030.2525894325
213073189.2089174986 34283.7763065230
215009952.3780093789 36078.0805008095
211498780.1407303214 32631.0051950552
209302608.5855423510 29661.6117705839
216669489.5622286201 37363.1203936469
216037527.3017591834 36913.2028292548
207383164.7505900860 26480.1367216539
207812997.7055005729 27454.8939282908
222145588.3600603640 40536.7245407104
208083972.2986665964 27804.2306170594
217050028.2391309738 37698.7375271502
213413246.9364720285 34541.3168318179
216315015.7664903700 37134.7657870185
211341264.0452249944 32511.8137554973
208856122.6916518211 29017.5580449253
220529675.2662796080 39771.8478250504
208691975.4172508717 28833.6019002330
207343149.6499414444 26426.1465940904
212342908.2096841037 33592.6300666183
216250906.3299566209 37010.2318438422
216028541.5881000757 36910.1500988789
212307462.0279503465 33528.4363931753
220341267.6586109102 39685.9693231583
208911553.3700409234 29153.3697897904
208387840.5773645937 28558.6666102540
216104094.7950678170 36967.1291369330
220446673.6659334600 39763.4992761612
209023468.4839801788 29247.1374630444
206909164.0487163365 25206.9166598474
208906174.7519229949 29123.1675657742
210020259.6056854725 30555.7916260514
222172555.4163945317 40551.0839614868
218103203.2791400850 38407.3015848398
216487487.6747515798 37280.8736172505
215840266.4690915942 36754.9448376484
211088880.8554355204 32033.7014056779
218034671.9289981425 38380.9647318125
208966084.9171103537 29206.4160878789
211633529.6491892040 32828.3868326284
215861500.7303812802 36756.6693707295
208513355.8959744871 28580.9787705075
213690022.7370060384 34782.1998956111
214274139.5682884455 35378.6877174061
209048293.0239981413 29286.8552336209
211178516.2084950209 32178.3450395204
213501271.0053223670 34623.9989542104
208798665.8117452264 28963.6991765630
207836983.0549980998 27503.5537030711
207562897.4745745659 27130.9586731079
208525940.1451139748 28699.6578958537
207135784.4088240862 25740.0020062840
207254994.1810991764 26405.2487364244
209896331.7423899770 30399.5622923505
214585751.0145436525 35638.5784644764
212706403.1043094099 33855.7997851968
213996787.9529169798 35150.3060662654
208531466.9933532178 28754.8297913205
211802595.7649500668 32937.1354756206
214354575.7436778247 35544.1658668201
208299505.9877080321 28290.1513453736
210041180.7410861850 30697.9628845025
218252554.4458348453 38492.7845789194
209277958.3814093769 29558.2966780812
211032605.8898843527 31943.1519807326
208114937.8574238122 27809.5091525330
215666851.8095475733 36594.0330451303
211970413.2714313865 33081.0314678997
210764605.4882390499 31610.7371334881
210672779.8205155432 31525.0317227654
210653280.1468001604 31477.4799095090
211800669.7942378819 32917.3438000530
210498334.7337116301 31222.1900167875
210358246.8126252592 31056.9203016274
210696414.8402657509 31559.4374539666
215634704.4033157825 36567.3784354501
217750702.0245560706 38147.8221918344
210362216.5761559904 31211.7209535944
209803303.1666642129 30350.6215899996
222571184.6306310296 40693.2027130127
210972255.4078859985 31890.6760609038
210147673.8530915678 30841.6324279122
217469419.9426040649 38025.2428728342
218121425.5225738287 38418.6006685495
211016874.5156135559 31937.6679512481
210776953.9660603404 31654.0575958653
211002018.6068991423 31897.1368717118
210846460.4904358685 31681.5365498844
217006999.0057362318 37634.9451402426
210027821.7136176527 30669.5210341029
211075740.5833499432 32027.6392790242
210540734.8300353885 31362.9439494424
210276594.4739811718 31055.1429030709
217709287.4889355004 38141.5389238596
211120549.3917123079 32139.7212214172
210855723.8557319641 31726.9915275387
210501954.9028649926 31356.9327390008
211215206.9697493017 32327.3004347249
220784337.7210184336 39956.0725641251
224382562.3271310925 40763.1595916748
211495253.9461654425 32566.8568159505
211516671.7587283552 32651.9100806564
218231698.5374881029 38471.7164646387
211194552.2566203177 32210.9749447215
225018004.1309911013 40834.2485809326
225009352.3552437425 40817.0789337158
211195381.6836950183 32312.7214962352
215329038.1138066649 36336.0329977358
217424572.4850131273 37946.3695999384
216345728.1924300194 37146.2930714479
224682243.6403396130 40805.3460388184
224762491.8643605411 40805.6791534424
216405765.1936932206 37218.7833495126
216711208.0382803977 37433.3352170577
215903357.1090046167 36811.0826069703
217213186.5696087778 37927.4653859232
214603556.0436487794 35640.1498942673
224592000.9352459610 40772.3445434570
220534881.2523317039 39855.4391174316
216613698.8022121489 37342.6808325052
220336414.7716120183 39673.6928768158
212943614.6156120598 34104.2374620172
212970581.6719462574 34118.5968827936
214500813.2184481919 35609.0201001260
224511752.7112250626 40772.0114288330
