290668583.0370703936 358.4952819407
300203458.4200004339 413.9133234024
289993189.9477823973 351.9931458759
285424710.6296247840 296.9096120422
281740620.0728137493 231.6978561146
291751694.2109876871 367.4746600135
282894874.4295173287 257.9818728333
282993473.3027123213 259.5642982956
285503512.9061661363 299.0314985346
282245441.5512214303 244.6791132023
284724130.2584168911 286.1530393522
290176747.6277067661 353.3828722762
305190111.3940608501 418.0682716370
283097345.1061933637 262.1214268444
300343222.4438171387 414.5970712304
283568051.4634062648 272.1291744447
283370246.5774147511 268.6224960165
283870205.7423593998 275.2062782979
285167959.3061849475 292.6611880352
283604220.1792048812 272.1291744447
283187460.5083001852 265.9150769947
287676053.2223216295 325.8245551076
283904244.0869688392 275.6998116708
290457459.0550889373 356.2973735988
284359378.5614073873 280.9383664392
285944004.5682898760 304.3873074328
283731195.2137811780 273.9666284037
289201242.0025477409 344.3693911272
286632012.0574790835 313.7858076809
282222095.3421365023 244.6766698887
282245441.5512215495 244.6791132023
287121503.0599055290 319.0199387643
286661447.0807550550 314.1675121333
286759484.7502346039 315.7710355302
285629724.1839584708 300.2416371358
281160113.1303340197 217.3550652746
286843532.8086745739 316.0283766362
285725171.8172533512 301.5021206590
281778958.9211056232 236.2471600192
288351482.0150523782 334.2256705456
300878501.9796238542 414.6676526666
284448436.4995899200 281.5309872011
289180260.2840070128 344.0321513850
284778169.1579356790 287.5963406740
284448436.4995900393 281.5309872011
284287145.1588260531 280.3477624988
284545308.3634051085 284.5192368208
283816296.4657905698 275.1207365727
284631847.7309718132 286.0442390620
284082282.0289452672 278.1978404259
285805631.7547459006 303.4002625001
286382642.2769601345 311.2360199388
287659298.9846885800 325.4549901972
282825078.6725546718 257.1015404140
291129281.8560122848 361.8137994557
290338061.0700380802 354.8903668278
281474060.0549706817 225.8786170109
282008432.1962049007 239.7003524322
291120018.9287332892 361.7964294701
283631446.0584042668 272.3644587363
297297060.1136525869 404.6393967569
289968339.9131535292 351.7529971807
282007558.4774363041 239.4233046033
288978377.1908681393 341.0468766691
288927835.6216724515 340.6141402034
303586423.0897424817 416.8067439795
288161334.5419601202 331.7593208423
296782110.9998975992 402.2477713227
289391384.2659884095 346.2300597268
285370276.4965901375 296.0608796927
281913953.4545259476 239.3809112329
281849663.0459392667 236.8545356410
286712826.4691598415 314.5503892340
286962915.9551808238 317.5267742090
282779793.3883630037 255.6105120512
289690247.0015152693 348.6448398668
281409011.8890160918 225.4061180368
288450784.9025483727 335.2097255590
293549285.9469648600 382.4580033035
287002276.8297480941 318.0007939507
297333837.0402783751 404.6717448831
296665332.7298460007 401.2335045934
281465873.8048120737 225.8043849707
285661581.5745518208 300.8485997173
286441864.5843870044 311.3194579776
281160113.1303339601 217.3550652746
285582352.7831760049 299.0524418208
288626963.7587635517 336.9371614379
290285249.4741030931 354.0036947953
284975348.6490253806 289.6401924412
284419189.9192960858 281.4482245688
281268575.2362673283 220.5613848749
289783040.0975357890 349.9543624727
282147402.1724504828 242.5185465940
287934209.1896038055 328.6589987651
282327214.5357662439 246.5077801521
287859342.3959543705 328.2970943456
288567410.0115455985 336.4914977274
287712339.0847021341 326.4043827062
289338559.9156319499 346.0218570072
286627652.5224862695 313.3057630505
281913953.4545259476 239.3809112329
289431465.6134942770 346.5032009173
281725233.7726265192 229.0696026888
281835746.3119148612 236.8237826841
290253967.8151136637 353.6910766589
284523013.5452907681 282.9197602097
281681029.4848541021 226.7483489087
281681029.4848542809 226.7483489087
282016280.7627859712 240.5343756233
287851875.9973473549 328.2348597311
283661149.8276889324 272.3645599154
282357895.0381509662 248.8635192687
288646165.7519569397 337.5037528279
281741103.1219480634 234.1371196788
281758468.1610442996 234.1371196788
284803951.1176972389 288.1690051477
287907241.3649833798 328.5374194470
295029492.3876837492 393.1396560520
292034776.3588856459 370.8127391679
290959132.4952978492 360.9035552800
284586476.5364454389 284.5934330552
298691355.7184309959 412.0676655173
283717106.6331100464 272.4690464282
294720080.4616938233 390.3409131169
288405528.6037802696 334.6469809336
285353710.8543363810 295.6376853472
290421651.7618358135 355.8785365284
290708664.3845764399 358.7684231311
296183697.6822313070 398.6917229742
292561261.7072644234 374.2254272593
283457014.1642557383 269.4305250547
291011687.5075653791 361.3652648757
288691559.4640026689 338.2302895177
288642602.0314231515 337.1151536324
289529901.1451382041 347.1142338801
295045621.3575498462 393.1760625690
282630768.9327397943 253.2418915506
290807099.9162200689 359.3794560939
292922151.4781658649 378.0889776803
282877945.9545028806 257.6525964681
296275510.4179661274 399.7126988769
292846147.9218601584 377.5543747998
293383193.2567709684 380.7057230927
291397135.6619494557 364.8661844413
292672072.2237489223 374.4807424403
290336294.7014937997 354.1733874675
292700927.8689309955 377.0255587704
289735464.9130507112 349.3429613563
285392599.1488394737 296.1809083773
297448282.1518753767 407.8196673393
293067281.2969213724 378.2314911343
289828394.8942792416 350.1479957329
295285831.3411821127 393.5478047580
281715001.2064299583 228.2122217984
298242980.2769761682 410.9349238873
297959205.1606554389 410.2388291359
293315733.8356913924 379.9189334966
289727288.7773525715 348.9846704888
291623948.4404790401 366.6787162391
291141350.9142672420 362.4555652836
292496548.9853252172 373.8468753702
294176487.8075594306 387.8209912181
294085868.9771834612 385.9303199649
296844462.9480206966 404.0933927298
293904084.6786693931 383.9604330044
291182424.5437405705 362.6206954667
291417085.6613652110 365.0931604622
291084173.6139321923 361.7315315107
285784739.1584166884 301.8440411958
295404197.5348900557 394.2303400040
297687499.8535397649 408.2994205356
295264144.7552751303 393.4399839044
293856768.6741735935 383.8043498099
297341730.0037688613 404.9256731272
294382618.6778959632 389.0223615170
293130849.1221946478 378.8046475060
293362211.5382301211 380.3684833504
291238500.2860947847 363.1777966736
293664729.2734484673 383.3367426991
291821336.0726934075 368.5491528479
294164013.9695853591 386.3853806257
289051714.5408849716 342.1471979010
292141620.6528449655 371.2352022652
290572892.5490903854 356.3162971573
297779770.8786865473 408.5226385593
292468224.4386450052 373.8319207553
293997902.4322890043 385.9056274295
291903794.1344109774 368.7426259674
299224555.1456677914 413.8977810144
289565893.0428427458 347.4530576158
289498128.2412288189 347.1069959688
291926756.1593682766 368.9006785855
289144452.9907538891 343.6133143145
297384070.9883093238 405.3446357846
294416208.8395346403 389.2084397078
294285907.3369972706 388.6875030249
298272509.0117654800 410.9366042614
289255807.1066840887 344.5389164073
297446597.7198458314 405.9537538290
295448203.7012159228 394.8251616359
297809299.6134757996 408.5243189335
282672273.3986729383 255.0982922805
293929846.5858978033 385.4254992157
292414546.5218703747 373.5845750098
294766902.7290005088 391.0554289669
282493245.3021628857 251.7918928103
290320307.5889748335 354.0197144371
291941282.0752894878 368.9260486488
285292234.0824500918 294.7414518828
282476805.0630419254 249.1480494315
290091081.4166949987 353.1187476289
291856582.8934125304 368.6424874191
283164571.7833007574 262.3079102737
282900337.8759665489 258.7688898909
282504779.5625545382 251.9347489649
283075424.3194075227 262.0010922653
294761154.0911673307 390.5060433000
283183191.3199293017 264.6615306455
296370181.9987693429 399.9451842755
297946895.4741196036 408.7421039939
282552740.2892370224 252.3205504310
303694922.7872430086 417.2515982389
289625968.6246436834 347.8736622256
297888868.9407595396 408.7074865699
298356489.7336841822 411.0994619727
296041365.6290941238 398.3748274893
294953737.1728137732 391.4485628456
293416298.6601486206 380.7233429402
288224832.1965624094 332.2575195567
288255514.3090190887 332.8025716902
285189521.8279786110 294.3075974104
286209212.6974158287 307.1668969477
288968909.2511460781 340.7792703865
286311553.7479614019 308.3365762542
295317913.8013418317 394.1618459076
286353350.7016514540 308.5368087376
287964566.3887587786 329.8826493527
285073830.3868118525 291.6380085899
283290745.7267589569 266.7757738658
288044410.5158796906 330.6102179740
287013221.2895446420 318.1434865542
287420841.7986794710 323.5586239487
287248165.2457467914 321.0155502861
287766100.4673061371 326.8393654381
287614736.9204742908 325.3343230544
287319403.6220622659 322.6291062889
287122944.7983904481 320.1746105796
302884309.3482398391 416.4090461135
287246448.8236648440 320.9136158416
284005704.8100241423 276.1872553021
283965765.5289980769 276.1556530180
287377997.4268738627 322.8939817196
286112081.8508493900 305.3834754220
285000915.4816346169 291.0929992744
287811942.0356721878 327.9941777086
302291097.4503461123 416.0701534152
283527429.0626307130 270.5062845535
286555058.5607540607 311.6475428922
285484339.4352002740 297.1416624973
295943177.2684408426 398.1038117260
285064030.8577132225 291.1684849982
286626369.0371620655 311.7230865464
302596825.0421810746 416.2588075995
284019984.9981856346 276.4687224463
302520344.4243550301 416.1376458406
303285183.0671829581 416.6714169383
301660349.0346837640 415.4706404209
299101486.6627004743 412.5989959240
305028248.6675192118 417.3913668990
302571090.2491369247 416.1763910651
298999476.7124634981 412.3638056517
296372980.8445926905 400.5168986171
299185938.3968706131 412.8587056994
307703815.5241648555 418.8909615874
296461372.2267689109 400.5304279178
296499213.7846382260 400.5915726423
301790585.6142972112 416.0253562927
303202065.8777518272 416.6355089545
307205472.6824131608 418.7317222953
296011732.2423770428 398.3041156977
302608346.3007389307 416.3008469939
302790790.5776317716 416.3207802176
296219271.4153639078 399.2156002969
305064880.6954126358 417.6538011432
301785753.8589176536 415.7300007343
307298991.4530211687 418.8199881911
295718287.3775655031 396.3113582581
301226899.1732079387 414.9589734674
301377097.4970468283 415.2805208564
301735370.1631713510 415.4719277024
294645275.9130942822 389.3177624792
306759906.6417421699 418.3649703860
307685683.7862605453 418.8456305861
306553031.6723558307 418.2544564605
306378393.4314132929 418.2232000828
307501409.7768584490 418.8338910937
306331557.0644722581 418.2053523064
306824444.6886711717 418.5513054729
306951508.0633053184 418.6089924574
