311459977.0934987664 558679.8829222322
316692839.1361701488 664861.1979668438
316027278.5813169479 657492.8532402813
307501773.2273560166 354770.8698583801
307467912.5301659107 354093.6846005488
307543153.1983091831 362914.5659745503
307529134.4970014095 361832.8608599398
307688606.9759792686 385227.8543222652
309397152.2933873534 490789.8641846031
316332983.9732487202 658549.6242993772
319444625.4370093942 694201.1763301194
307621820.5408317447 370413.1134024318
323945645.0068646669 742290.7957301619
307688606.9759791493 385045.2388065861
307835617.2227814198 394527.4654683992
307895044.1331739426 401793.1002018377
307850561.6393021941 399269.5320115790
307882344.0968491435 400733.9165604071
313049996.6534282565 589253.2000736870
317275506.8218508363 669754.9746540189
325104644.4744889140 759523.3316161279
378265341.1341444254 1106200.6945800781
307621820.5408317447 370412.9443426784
308059574.6602289081 417075.3641353026
379837356.4767724276 1115827.8795166016
307465239.5505867004 346213.8747155141
307501773.2273561358 354994.9669814218
307600249.8970903754 370363.4821596574
307791134.7289096117 392003.8972781406
307803834.7652343512 392727.9008477405
308046926.7257081866 416221.9844517633
314092572.4025829434 619376.3360659676
320655691.2251651883 710218.9435026124
307751289.3859525919 385391.8577946231
314102024.4253618121 619645.7850405769
379216250.9396020770 1111403.1220703125
307813856.9717231393 393234.5043499395
310719190.0563191772 536501.0199293047
312583887.3840317130 587773.3710934222
382899869.6708329320 1127723.7894287109
308218404.8694845438 431330.4895569489
309617324.9286740422 498055.7969001196
307763989.4222773910 386115.8872431293
308067095.1122037768 417114.8460688964
312767577.1527243853 588575.3621409833
320655691.2251651287 709930.2267057374
307960990.2175976038 408790.4052100852
308213753.5344082713 430525.7977379517
348807202.9718241096 912794.3956739940
308366832.9045320749 438746.3329469822
307783071.8434996605 386841.2092383311
309980798.0418995023 512984.1023200415
317461411.3349209428 670663.0842208234
324696539.1117346883 753278.4914419297
307878973.9300028086 400492.5714135573
312599148.2539464831 587967.8245433271
313414135.1390197277 605275.8265489535
312235037.6604598761 580366.2422724068
308096109.6420491934 417886.2345237657
314278709.0673943162 622130.5479163826
311824087.6869851947 566559.5330642462
308533035.6007826328 453312.3627302938
312235037.6604598165 580088.1744013131
313414135.1390196085 604987.1097520785
310028782.1581488848 513865.4759772681
310587148.4158725142 529954.0143358670
314969620.9183721542 637015.0587513745
314221471.6722100973 621690.8999172747
325089457.3244732618 759038.6226911778
317641374.7101885676 677669.9496296048
309967555.0017268062 512822.8562262915
313097881.8218740821 598688.4549637437
319567634.0852566361 703403.4256593660
308756894.6790549159 461612.8737564348
309554957.2526928782 497070.8726175874
382601692.0086318254 1125990.0826416016
309760625.4066128135 505968.4977295250
314988414.2908071876 637393.6548765004
367902816.8910682797 1021448.9714050293
308279763.8096948862 432712.8814578913
308474003.2781819701 447081.0172529779
313660188.1825437546 613461.9630794823
310329303.2973949909 522217.0043568360
316084384.1979877949 658289.3442298472
308836412.8236934543 467312.9120972008
317108559.2133196592 666534.1792028770
318628593.2849629521 689825.8854707778
314988414.2908070683 637326.3144223988
318387398.0476102829 688212.7079554200
309808609.5228621960 507016.4133789390
323334132.5277407169 737862.9399098996
312529764.5394566059 581286.0820091069
308674021.0952292681 460465.2252890915
308561072.3730193377 454096.9189834855
308561072.3730192780 453508.9995498918
309308773.2330868840 488251.3460367769
314988414.2908070683 637072.7145383656
308836412.8236933947 467066.7202637047
313528767.5531939268 608211.0636027753
313110762.9820247889 600703.0636027753
348086490.6560131907 908623.8284464153
308369864.6419736147 439826.3895914517
368171073.0086615682 1024897.9659068584
308200726.6532536149 425770.8578113839
308466006.6787377000 447044.6857315861
308921664.0048403144 469103.2625909112
309506973.1364437342 496511.3651712984
309633487.5551567078 503327.4161051363
310614440.5386422873 535182.5178252207
310662424.6548916698 536385.7752715098
308252025.0108062029 431726.7392346188
308331062.1672474742 438686.1810701452
310662424.6548916101 536063.9002715098
322546529.0450411439 728829.9713664484
314647168.8817355037 631787.7411817014
309221835.8951963782 483680.1522705406
310015759.0906602740 513466.8317139000
314343347.9173287749 628351.0774027901
313414135.1390197277 605241.6442979770
316680578.7220843434 662585.4832146466
315625010.1356860995 649734.3803818524
308418131.2620847821 445168.2726800703
310549475.9326816797 529522.2425227920
313896440.6811588407 614607.6279034317
315852952.3699839711 652954.8821404278
309944621.6510754824 511132.8969213814
311315983.0457704663 551737.4200511733
309730273.6508841515 504919.3296488374
311713707.8709439039 565813.4572160095
309489382.6595247984 495068.9955729097
314957146.3309576511 636794.1276238263
309682289.5346347094 503716.0722025484
312383911.8231383562 581269.2619564980
309173851.7789470553 482798.7698242515
309349168.1771381497 490154.6735718101
309060903.0567371249 476430.3329034112
310376869.0111762881 528371.7909830660
310020573.4563872218 513468.4110596031
311874755.4679976702 572455.4471810907
314092572.4025829434 619542.7227847176
309727132.7371926904 504705.6461670250
314135076.4190360308 620003.1654675901
308279763.8096948862 432863.6427042447
313895312.5232762694 614503.7093678117
309349168.1771381497 489908.6881749481
309963840.2344696522 512398.4136332124
314142818.6089998484 620352.0230287211
382149830.3293214440 1123389.1070556641
309327645.7603860497 488821.0469238609
309349168.1771380305 489908.4817383140
311874755.4679976702 572200.9126351923
321517452.6094952822 721606.1940979436
309907624.7341773510 507516.8274102472
311652154.6450214982 565229.1333838450
311855662.5497609973 572195.5647904724
308200726.6532536149 425876.6747059152
307979362.9620279670 409185.7901774123
379444417.1463025808 1113666.3089599609
311665342.4743450880 565400.1894242615
371034585.0853757858 1046112.2596394494
370986829.9963759184 1045206.9234578088
363180138.4371771216 1008130.2675089836
314859515.0211799145 634757.2160251932
311700565.3290452361 565511.4953744262
315414111.5003324747 647168.6211409271
324011952.7356519699 745548.3913159296
311985451.3420733809 573332.1351813972
315311924.3409393430 643959.5099524558
311952933.5756291151 572704.3136511445
307823024.2373739481 393474.6192779497
379543686.4563512206 1114358.2442626953
373003629.6528573632 1056255.4362258911
310972741.1422895193 543900.6104628788
382310148.1284841299 1125315.8238525391
365804856.6878884435 1015438.1750375032
311378166.6923801303 557766.7643169360
314988414.2908070683 637360.4966733754
311187534.3918795586 550876.3718208270
317949319.6440368295 680915.0737751126
314209145.0865511894 620712.2444246113
314988414.2908070683 637071.7798765004
310348880.4481568933 527599.1296976656
325482731.9276976585 765823.4088046039
382224624.0044807792 1123446.1545410156
311077916.0841606855 545000.2177824723
312541367.3393099904 585779.9051097333
314635008.0182951689 629491.4397121966
307465239.5505865812 346062.7422040474
341866665.7221877575 855853.0143018169
341512273.4162418246 855670.8650460644
311932412.4535733461 572485.6408265680
369618309.8571789861 1032581.2498432398
381738946.2219986320 1119701.7436523438
376739337.3302472234 1091912.2489013672
318427906.7081986070 688446.4089136720
367405870.8880946040 1020289.3278695345
362991280.3899587989 1001541.2499575615
363113703.3651380539 1001672.5067934990
322975878.6414226890 729992.7115621213
310348880.4481568336 527277.2546976656
311124211.6699099541 550791.9164511906
379428706.3861608505 1113505.8903808594
309959266.9157414436 511446.1538866609
309959266.9157413244 511444.9384554476
382294437.3683423996 1125144.3498535156
316762204.4058990479 665802.7712676749
331417259.6432093978 789235.5580378323
316960695.6010297537 666028.1547170219
311604596.5447028279 558897.5360627025
371553408.6342401505 1047198.9935847819
356888741.5755314827 996023.0568287969
375066847.1803162694 1084968.7686614990
356748813.3703135848 995626.1026051641
312198163.0146031976 574652.0851625055
378972135.1443604231 1107080.9494628906
330993427.2327633500 786141.8760576843
315066672.0490153432 641424.8638678491
320480584.0868386030 708121.4949743226
321856019.7146005630 726969.4378118275
321608476.2830886245 726527.2354743127
332603282.5509802103 809232.2273185535
381890759.7452926636 1121592.4226074219
320510034.1177417040 708128.7907430604
313435082.3086171746 606309.4080039114
373408383.0014269948 1076747.4233226776
376046598.6219533682 1089956.5935668945
369004989.9279891253 1027220.8802220821
314299729.4304183722 626044.2676000297
342144310.1462430358 866481.7532429080
373911192.0953179002 1082209.8378763795
378133951.5434114337 1094853.9549560547
321872972.4590982795 728673.7545305584
381689768.9248486161 1117323.4196777344
331811260.5165342093 794134.5339799522
325723156.2369278669 766777.6621156419
375877532.9449737668 1085616.4339904785
375441942.7396021485 1085417.9507751465
320523657.8378112316 709883.2457657233
320348447.1680769324 706149.9726496413
331691708.1431341767 792230.7701885982
347459895.5547801256 891475.9958537631
318034409.1612941623 681857.0659770072
327183634.9123283625 777795.7605696712
350681470.0787491202 921568.6899335645
350495579.3461747766 921125.0432203077
316645364.2999409437 661938.1760123074
345414377.4650205970 888776.5472435765
372364341.9817852974 1050002.1147328615
372025449.5143857598 1049639.7050648928
349016448.0004040003 913559.9737097295
348227896.6614685655 911296.3309183391
312886618.8954128027 588917.3974586921
324441035.3930436969 751545.1996075604
328000500.0382941365 785367.3644550098
318497147.8711737990 688795.2179416418
325043661.4662947059 754571.8902842486
335646657.8228548169 836055.8467834539
335868137.8606738448 842058.3275615564
317602491.2003577352 673591.4461573716
374788346.4678833485 1082222.1666193604
354159472.4187545180 941404.7776205838
332890185.4868199825 810924.3961087212
332251764.9424515963 800955.4031134590
323795693.5530537367 738249.9702019934
335074535.6138340235 826612.7893488398
335365027.3792128563 835153.6534053674
339918671.9831435084 849541.9593399465
334717989.2476416230 820567.5724508157
335145390.7949506044 828802.6943075052
370818297.9638682604 1032810.2434769347
354379769.1436074972 954523.7591427937
354755139.6453073025 956983.8406857625
335158709.7520549893 829234.5176717630
335158709.7520548701 828961.6396200052
335158709.7520548701 828934.5522176614
334901746.2359703183 824535.4159871927
321075248.0987536907 716410.8381750062
320814358.2244598269 713757.1817419007
321301793.4494755268 719888.5819135085
335663172.3677840233 836257.3347951761
325473917.2748911381 762430.4814707721
320827677.1815641522 713922.1876012757
320827677.1815642118 714045.8985387757
321243227.3276323080 719255.6950132325
327040040.9847306013 769607.0114241634
319234331.0223987103 690395.6540046930
323175923.8115531802 730423.1861375570
321368011.4046149850 721305.7608434632
328329228.5593307018 785815.3075168384
321306584.4744443893 720611.5688535646
343697123.5246109366 868885.4977766201
334197792.2628727555 814664.7303811898
321358233.0824707150 720784.0042090490
334506612.4988787770 818728.5053233677
336758047.7618044019 846345.8931885362
334248970.9012523890 816792.6222667270
336067805.0760973096 844947.6190710338
353630122.1439331174 930001.7282705577
353190113.4234471917 924721.0441885265
349740284.1005787849 917068.1816988261
