657142789.9663263559 1439.6579331504
657339657.0058940649 1477.8212329047
657349849.4919620752 1478.5378097640
657393022.2666816711 1499.5847808616
657715515.8218735456 1522.7551059360
657350330.3823826313 1497.3250268595
657285838.2865030766 1476.3557583438
657620474.9129658937 1519.8873075843
657269956.8104420900 1462.9781110216
657564734.9089658260 1500.9890753579
781406159.8304884434 5464.1899477690
781305996.2965456247 5441.9185472727
780531077.9018119574 5421.2371868342
657495943.6420942545 1499.7537516253
782557060.5197176933 5531.6554555297
782155746.7766258717 5515.4816448092
657241096.3602380753 1457.3847574966
778766141.6871707439 5373.9243521243
679848754.2288144827 2450.8597960488
767531407.7766612768 4872.9826952966
766710748.2724169493 4851.8270181823
782176031.0980830193 5515.6941758990
782379573.4641025066 5525.0255885124
782207512.5816795826 5516.7162196040
782423605.8170611858 5525.4647790790
700092360.3862133026 3133.8241783318
777515883.8295648098 5295.3374129559
681175808.7281136513 2533.3379922623
681220296.0098917484 2552.7796879525
658157295.4583760500 1524.3496592614
782033066.6818540096 5492.8874484897
680547012.4153801203 2482.4095113876
772096369.7094694376 5025.7586136382
776353284.9506173134 5239.4408726417
775903589.6693186760 5230.1764030182
776578544.3165386915 5273.5430664294
703725432.2702621222 3197.8053697885
678078441.1219049692 2323.2655344131
707224826.2382547855 3306.9294897464
680934236.1015845537 2499.8419135892
658420632.9997625351 1524.8639240225
775762428.1515126228 5174.4471930616
775820370.8107709885 5197.6181387208
658668839.6164240837 1544.9951222972
659009648.3376704454 1565.7021574947
658536409.4517607689 1541.4580019675
680966394.6435995102 2518.3565777232
658590916.0863953829 1543.9530846439
775900941.5576230288 5227.2845655623
703441230.5719797611 3174.1722736896
774063543.2242498398 5102.0279059801
711934579.4510376453 3408.2970773468
665065918.7436552048 1716.7746311979
682390114.1902003288 2580.3314433850
714361516.2257466316 3491.0338588807
659182558.8373818398 1578.2408171290
658871324.9752031565 1558.3167033413
659207009.3645099401 1579.1483699261
774767244.6754143238 5112.9140331453
659825639.3629286289 1580.5349553667
676371079.2543307543 2162.4521023421
775102900.2784880400 5172.7274489576
728423345.5831240416 4063.4327794950
659947794.1131008863 1583.1358300201
721591828.2876064777 3770.7508125027
722039387.5862160921 3774.8237795188
724028336.5953193903 3824.7997218063
683475041.2005945444 2615.8790136004
660184788.7812131643 1602.0617626399
660061166.2384110689 1584.6346976679
676891479.5242375135 2291.0820746126
676770435.4868048429 2282.2898822821
660176669.2162429094 1590.9664295178
683356612.8572616577 2597.1237536097
660125614.9225288630 1588.8014689479
660074857.6505670547 1587.8194998065
673890084.1454080343 2089.2040023581
710421223.9949756861 3329.4926461025
667638260.1294354200 1905.2894967829
773604264.1836038828 5027.3627188003
694227692.6241362095 2880.4879536263
685250845.1640629768 2622.6212505037
661632774.3938856125 1605.5996994714
774009705.8118902445 5048.2292547385
662330486.7790650129 1649.6288056030
661941836.7686918974 1626.2962590296
661897784.9279949665 1615.8945535381
661742345.0507940054 1606.8128620052
662252995.9472482204 1647.1597606833
724045740.5514632463 3852.7876668307
670667060.7993654013 1960.2057639154
662006983.1123243570 1628.7790229947
662435661.6848978996 1670.2236892006
662077631.8183240891 1646.4649127454
662069301.3182965517 1633.8285833407
672753351.8584665060 2078.4841216060
691296907.4156304598 2820.5913674650
663105737.9715212584 1673.7357800873
704844447.2840777636 3274.7322664559
690014437.6458997726 2705.7852684086
686708009.5828143358 2656.4946688560
701344291.3797845840 3166.4037282520
692680924.7704887390 2869.0758268133
686455563.4007873535 2648.4376208664
664831813.6413007975 1695.2380067350
664670763.0629407167 1690.0557819531
664643711.6133019924 1677.6268084187
666039805.7640787363 1728.4802445311
688884785.4914911985 2686.0943773867
688748234.1082959175 2665.9871552093
666900649.3821015358 1737.6616628462
666748023.9911313057 1737.3018436436
666728838.0645667315 1737.2386894901
666770075.8074380159 1737.5245783434
667104508.6195058823 1745.2980273681
667010838.8881473541 1743.8711752748
771838402.0184221268 4941.3022896736
696996093.3575661182 2985.6144265749
696734443.7016464472 2960.0924051787
671841816.0393021107 1984.9858594681
671841816.0393021107 1984.9876371170
672156099.1069970131 2015.9250294477
672638533.5216749907 2023.4977877415
698377440.7463815212 3026.2707136263
672727642.4891767502 2027.3290573935
672656503.4060771465 2025.3373560400
674162172.0080803633 2089.4159764678
674941702.4862172604 2107.3992175275
675209724.1110072136 2122.5043693075
674757000.0941473246 2099.7259700785
715989594.0408297777 3527.8064961618
711086877.1292912960 3408.0420326662
713064185.7334589958 3468.2644774175
712373703.6180980206 3411.1036928850
708832386.5220716000 3320.1407249711
716264437.7061409950 3620.2256605667
695849944.7932406664 2891.2173714474
695849944.7932394743 2891.2164098010
695970045.4889135361 2908.6885932599
696647384.4913444519 2913.8758819582
696567689.6524244547 2912.3274323979
696648651.8442558050 2914.4326381927
719202800.3673542738 3703.7587285623
716092530.9824393988 3549.1157190947
712534307.8279777765 3457.7769239639
710442635.5857733488 3346.6533989486
726520318.2521722317 3936.7222521549
720529898.2234411240 3703.9589774674
720812252.8541181087 3704.4233020879
720840406.7236479521 3705.2800778812
736337535.5070269108 4123.0486761485
720921598.3719637394 3724.1850346988
739601076.1200503111 4280.5968033695
738921334.7215415239 4260.5706003332
723953458.4163631201 3798.0238012897
725183696.3298764229 3895.2712749438
725031318.8753556013 3884.8956593471
724848670.6330138445 3874.7175235944
723544188.8436123133 3794.3100782179
747341801.6158746481 4407.2166863852
756005387.9511884451 4679.2045307034
748685670.5364788771 4428.6542323758
734593345.9914664030 4065.4934143573
735456509.0142838955 4102.3574126512
735008973.2772275209 4086.4667349607
734715610.5306631327 4083.8281930238
737722521.4647207260 4184.1176878139
737616218.5009944439 4176.6797267124
737722074.3033138514 4179.3790153787
737748598.1143785715 4198.8223837540
738220755.6281234026 4199.4909996018
737013333.5597866774 4151.2050389573
736916854.7563276291 4145.2226508483
736821895.2934566736 4129.1738541946
738777522.7513649464 4212.6960258335
738359826.2932904959 4207.7928596064
738442125.4503186941 4208.0198403522
752854146.2293932438 4580.8479138017
753059691.1804580688 4601.4586468339
741269193.9881994724 4297.1817143634
741259220.2725831270 4282.1698062718
741023236.1957769394 4282.0045211390
741497119.5541956425 4302.4943057597
741518336.9252253771 4318.3892895281
741687417.6581463814 4330.6447281390
741431953.5833340883 4298.4667743742
741655726.6149351597 4327.0322933048
741702406.9285295010 4360.4763382524
741698444.3351072073 4331.0707934946
742811786.3843843937 4371.1513963491
743644194.2823551893 4372.2905887812
745109163.2108740807 4377.5452511311
761168773.8646810055 4740.5699849427
760489278.6738712788 4740.5242009461
749138995.6623054743 4435.3833109438
748573945.5263304710 4415.3130835816
752118919.7250857353 4527.1016812027
752056288.4376652241 4523.3337087333
752643376.7253485918 4534.1920621842
749472590.8941940069 4449.4396238625
749669060.5432804823 4456.3037857115
749469527.6345005035 4448.9684442580
753867560.5334864855 4629.9771304280
754686166.8473253250 4631.7340166122
751237113.5797680616 4471.0992605090
751308779.3359899521 4471.6765468121
751379114.9881833792 4474.9460830092
751480119.3385504484 4479.5254610777
751537539.1347823143 4481.4826957583
755524131.9268016815 4651.5918251872
751415776.0788085461 4478.6846364737
751234677.2768142223 4460.5232574344
751415221.1324154139 4478.2178810239
751555606.3943114281 4486.9836218953
754869553.0802032948 4632.4248762280
754898435.9591796398 4645.4652817696
755910950.5000939369 4656.8037659526
757124967.4233875275 4691.3760619164
757446166.2865329981 4701.2228192091
757495268.7045431137 4726.3452768326
757383357.9806759357 4699.8386612535
762000126.7950273752 4759.0781078935
762036950.2708125114 4779.6699015498
761771831.4351545572 4756.1765635610
762267354.9668941498 4782.6169449687
761956913.3472834826 4756.3075059652
759878928.4055116177 4729.6464332342
759207428.4199060202 4726.4903007746
764447480.5729699135 4809.9886996746
765009077.2400341034 4812.6999170780
765092370.0466740131 4835.5524563789
765036624.9025939703 4824.9141826630
765672335.0812755823 4842.8104758263
768474862.4888311625 4894.3228935599
769262385.8726752996 4931.3242810965
769255304.7002336979 4912.7252701521
