77644300.6447238624 572259.1450195312
73005100.4478975832 337617.0660381317
73363336.5136823952 378154.0092341900
76022162.3991316557 516934.6187744141
73602172.2872986048 395314.5341930389
78861073.8321813047 598913.2846679688
73909637.0943316519 414776.6775970459
78449919.5735926628 592023.0947265625
79747756.5729744285 610906.1694335938
76894578.9817336649 551417.0097656250
76012681.8685541302 513761.4055175781
76358115.0889430046 532087.3941650391
78631763.7373064309 595431.2963867188
73141904.1347049326 352836.4856472015
77666555.8633159399 572657.3920898438
78110456.4737664163 584085.7788085938
77963074.5815782398 580150.3159179688
76012527.2191527039 512784.6235961914
77540102.9250907153 569140.1552734375
77540372.6400830001 569252.5893554688
76944479.5894801319 553092.1660156250
77698358.7679906189 574280.2573242188
76186381.9273625165 522308.3620605469
74013562.1857534051 419468.3898849487
74301346.7179062814 438015.2373657227
76057177.5422758162 518799.4057617188
76195623.3857744336 524182.9835205078
73570612.1125556231 393186.2433605194
73970009.5512393415 417176.7285575867
73579172.8172454238 393894.0299816132
76101473.7290463895 521766.5030517578
73488579.6706112623 389073.7896575928
77269579.7738131732 561689.1049804688
72806086.1229588985 300728.5095480084
73681187.4354078025 401732.1515693665
77248282.7331305891 561249.9282226562
74331126.2700153440 439409.6958007812
74118486.3168995827 427870.9339752197
74822653.6185791045 462096.5421752930
77748750.1910962015 575876.0883789062
72804970.5796212107 287982.6826032919
73106501.6654937118 349021.0939345360
76195787.3937293291 525826.7896728516
73321184.3522966206 373926.3127635121
78350941.7460854650 589810.1899414062
78040750.8569860011 582400.7031250000
73026326.2875285298 339410.0565090179
73064535.5045322329 344075.4503293037
73152172.0900155604 353262.8493251801
77422719.8745291531 566334.4545898438
73656041.0346271396 397736.1781680584
73328596.6207369566 376958.3606301546
73614498.3585070372 396683.2288732529
75668805.1379191577 502172.8330078125
78663122.9709010869 597160.1816406250
77282824.9730913490 563158.7143554688
74289367.9930994511 437296.8244323730
73817916.6508155018 409634.7886638641
78366483.4755290300 590351.5512695312
76722435.6190282702 545193.0620117188
76343804.5268888324 531271.2120361328
73581852.4635067433 395043.1611027718
76693254.6256757528 544243.2416992188
75941191.8605606854 512456.5742187500
75866175.3995655030 510836.2534179688
77281659.3523786217 562517.8588867188
75902267.0135457069 511539.1923828125
72954970.3335330933 329030.1454195881
79180160.0768454224 605084.8378906250
72887878.4674474746 321627.4233690721
72915624.8706614375 321684.8935839159
77614291.0885220021 571397.9199218750
76725455.7305722535 546235.0463867188
73323164.9446687400 374356.2953294367
78893183.0932424366 600691.1635742188
76996850.6017173231 555051.5996093750
72824719.8656291217 302454.7494113445
80178613.2064029425 612238.6850585938
78548224.3637755513 594400.1020507812
72919860.8388175368 323312.0781542284
78326284.8035775572 589011.7583007812
76057568.3400130868 519151.4606933594
78236127.4160092771 587679.5952148438
78508031.0655765533 593280.6054687500
77390196.8489684463 565813.8427734375
78163059.5036123544 584946.7177734375
78574259.4782786071 594488.2255859375
78012285.3461023718 580536.2480468750
77575731.2516746521 570836.7080078125
78203252.8018113524 586066.2119140625
76858849.7479757816 550584.4428710938
73251227.9905642569 368362.5492356867
78547383.4447823763 594239.0458984375
78491804.0409385711 592343.4414062500
76375773.8203163594 533117.7880859375
76259903.5993381143 527251.2065429688
77006962.3904709518 556120.1279296875
76322324.4233414084 530146.8408203125
76390209.9023068249 534080.3583984375
76960758.9877371192 554347.6972656250
79623541.9852643460 610568.7944335938
82271379.6103402376 614067.4765625000
77161111.0174967200 559163.8374023438
76638317.7227567881 543853.9877929688
73366889.6787258685 379234.8168311988
76558772.9093002975 540195.3916015625
79034957.7338642180 603736.5883789062
78292995.9427411705 587768.0708007812
79379082.6509942561 606318.0849609375
73273761.8479936719 368639.2898500685
77495698.4679096043 568401.7387695312
73277727.5248662084 370055.7522626296
76796428.9239725024 547688.8085937500
76077578.5622825027 519717.4505615234
78637967.5047053695 596101.9609375000
76126981.4011987895 522259.7708740234
78772980.0041644722 598578.8681640625
73236945.0489960462 367709.8153537363
77988907.0143591762 580480.2783203125
73308882.0031005144 373847.3191989511
76446821.2760188133 535476.7026367188
77676815.2757913917 572894.6958007812
76432149.3371448964 535279.6108398438
79438179.7342023998 607703.8354492188
73243974.8638985604 368262.3900607675
74032535.9880049378 423578.1254482269
73896330.4213684052 414086.8336696625
78794358.6787281483 598685.5590820312
79009802.2676684707 602678.3676757812
73428732.6798978448 385711.6806376576
76381286.4912188202 533193.4008789062
77435188.2189237773 567008.6884765625
77271378.7193658501 562022.5717773438
79733664.7674130499 610650.3095703125
77908747.8544886857 578824.1455078125
76308612.8075083345 530067.5439453125
78539286.9804408103 593387.9980468750
78997630.0899598300 601320.3715820312
75168451.6920862645 480409.4970703125
75463782.5480078608 493288.5725402832
76283713.0886246711 528619.7062988281
76948732.8986785114 553361.9916992188
77856788.7604500055 578375.7719726562
77946531.9013797939 579901.1494140625
73195695.0829218477 365946.6868747324
75083217.3748680055 476919.1005249023
73493166.4311938584 389269.8642011061
75120436.3249608129 479387.7377929688
73724707.2596760094 406378.2900772095
72857832.2956413031 313974.1940961105
73383062.2553760260 381568.3534589186
75149983.1950522512 479720.9140625000
73411574.3963316381 383920.5482831374
78013293.6917866468 581454.6210937500
76464280.1791282147 536466.8906250000
73791602.2722539902 408624.5443916321
77144554.4043575078 558587.7827148438
72833713.0657856762 306882.1480603439
80093020.6760467291 612199.4174804688
73544816.2814616561 390834.6194458008
75497429.9688183367 494379.2193603516
73849411.2159757316 411726.0209865570
80690721.6618133932 613333.8769531250
72875758.5115823597 317758.0416150314
73753237.1887307614 407217.1513309479
78744468.0281092376 597227.2270507812
77336235.2414578795 564238.9746093750
73285056.8403015137 373645.6347089186
73471298.9571434259 387800.5379645824
77205334.3683356196 560101.4316406250
73309594.4114842266 373850.6068768874
72825953.0097782761 304887.0723767502
73406061.7254291773 382916.0062909499
82247208.0869720727 614026.9389648438
80014899.1190219969 612143.2924804688
73664669.1384920180 400546.7932739258
72957776.4124704152 331557.5132603645
79445033.9564305395 608052.4208984375
74023172.1726688147 419860.2488384247
73863966.2857813239 412077.6778392792
74532466.6933395863 450048.2309265137
73110034.4125354141 349980.7912168242
74584867.1485365629 453736.5434265137
81875843.1954697967 613876.4746093750
73981988.2306667119 419320.0828227997
79494794.6477409601 608502.0253906250
77334513.9778723866 563287.5356445312
77067762.4824251682 556165.2041015625
73933708.4496900141 416823.5061626434
72998141.2768576741 331715.3601088428
76841157.9666387588 549327.5712890625
79313167.5168083012 605326.4082031250
73397879.8824293762 382855.0790448561
73088456.5508320481 345436.7216199487
74787592.4628511220 461608.9450988770
81199638.7475039661 613835.9951171875
73374501.5506862104 380956.4271893874
76943803.7404939681 552374.7919921875
73168721.6360118538 354360.3080752939
76592526.1559024751 541611.1357421875
73550675.0492202789 391454.9584393874
79415642.0352292806 607064.6406250000
73036235.5798480958 342072.7970594019
73097033.4855701178 347732.5810874228
76630950.2363574952 543086.3120117188
73074959.4743002206 344446.6339887232
73194216.6653982103 356507.7553847432
72885728.6504584104 318029.2805210799
72826971.8576834798 305644.2026659471
78883930.8728090376 599132.1611328125
73275162.5969775766 369386.2016452402
74577167.8918246627 452575.1663589478
76307479.9651958197 529165.4104003906
77533077.8392814547 568473.8217773438
73167235.9102352858 353735.6283364296
80612600.1047886610 613277.7519531250
74618413.0685909837 454907.1426086426
75616091.2648371756 499887.6694335938
72875390.5736035705 317585.7944628221
72945257.0097039044 327840.9159265967
75516715.3075394332 495843.3938598633
75509685.4926369339 495294.6712036133
76031426.7598591149 518369.7269897461
76024396.9449566156 517821.0043334961
74545267.9345441461 451386.9622192383
75452790.4373127818 491951.1063232422
75461734.7146644890 492267.8802490234
72849239.2101576328 307101.2473436815
72825585.0717994869 304714.8242479784
72938373.8376010954 325807.3151629567
74751128.0208892375 461319.1436157227
74999905.6502677798 473420.8878784180
74555213.7254329622 451690.7530288696
74982631.8605697900 472085.7486267090
74877500.1901931465 466169.9314575195
74917384.4241009057 468017.1797485352
74691517.9569596052 459318.5120239258
75172444.2994320095 480776.5571594238
73932219.2136963010 415281.5555410385
80394417.2705896795 613011.3403320312
74028181.4888291806 420644.7660512924
75226097.7737423182 482841.4767456055
75176134.4791608155 481028.5146789551
75235042.0510940105 483158.2506713867
74263122.9834457785 436621.6312007904
75445034.0166108161 491397.2634582520
75740379.2939474881 505992.1608276367
74102533.4373414814 427165.1902732849
75747409.1088499725 506540.8834838867
80377737.0638952702 612998.6625976562
74564634.3731162548 452307.1471862793
74046285.1060457230 424951.2215566635
73711186.4499800652 401752.4278173447
74270152.7983482778 437170.8001461029
73714218.0518255830 402419.0047411919
75344895.0336587727 488666.8555297852
75801362.9021632522 508287.1945190430
75309494.8350361437 486017.0222778320
74926907.5759218633 469460.0134887695
74634543.6898496747 456271.8042907715
74165186.4893462211 432804.4544982910
74848731.3021220416 465906.7701110840
74456518.6777708828 446752.4840393066
74214277.9270265102 434957.4654617310
75816784.5730991364 508508.7907714844
80926388.7352957726 613543.7299804688
74832641.3430306166 464959.6279602051
75936233.0012396425 511643.0739746094
74397138.3280331790 445326.3707580566
74539710.9584525675 451308.4513244629
74607802.5627771914 454066.9205627441
74373804.6455667168 444201.3825378418
74461032.2104151249 447122.5797424316
81168056.7120999545 613657.8686523438
74442251.2679583281 446518.0444946289
75075469.8831769675 476463.3979797363
75057578.6454952061 475550.6763000488
74888480.5031141192 467211.9623107910
74646982.1010382175 456614.4544982910
75264681.2180533856 485107.0655822754
74617255.9330623299 454729.7440795898
74347681.2570158243 440240.9801025391
75819379.3203333020 508923.0848388672
74368478.3036837876 442236.9725646973
75285733.9530853480 486000.8766174316
74687474.7909792066 457224.0868530273
74224264.6500142962 435288.4276428223
74313943.8931064457 439340.5281066895
74203041.7807814628 433301.0760803223
74080178.4170943648 427154.2763671875
74126335.3304166645 427876.4722900391
75535585.5599807352 498001.1387939453
75568627.3737798482 498584.8619384766
75588694.2297447920 498871.8746337891
80320543.2397294044 612953.2573242188
74131752.7794152200 430364.4090270996
75261613.8168850988 484001.7213439941
74834638.4914585948 465151.4723205566
75528294.3021505922 497077.5762939453
