78920059.1267386675 600976.5087890625
78414835.6150813103 589293.3305664062
73273761.8479936719 368639.2898500685
77495698.4679096043 568401.7387695312
73277727.5248662084 370055.7522626296
76796428.9239725024 547688.8085937500
78292995.9427411854 587768.0708007812
78087855.3276122659 583015.1728515625
76077578.5622825027 519717.4505615234
73880190.7862327993 412491.8938426971
78704615.5377983451 597160.1816406250
78333608.8613311052 588738.1679687500
78637967.5047053695 596101.9609375000
78548224.3637755662 594400.1020507812
76198354.1491035372 523974.9403076172
76342927.0160811543 530146.8408203125
76126981.4011987895 522259.7708740234
79704784.9333773404 610536.2661132812
78772980.0041644722 598578.8681640625
73236945.0489960462 367709.8153537363
79782193.1731152534 610713.3076171875
78677739.5043020844 596911.0019531250
73610953.0415270776 394708.1532647312
77988907.0143591762 580480.2783203125
77584454.4869987518 569291.2309570312
73308882.0031005144 373847.3191989511
76446821.2760188133 535476.7026367188
77676815.2757913917 572894.6958007812
76432149.3371448964 535279.6108398438
79438179.7342023998 607703.8354492188
73243974.8638985604 368262.3900607675
74019680.9694429934 419321.8424358368
74032535.9880049378 423578.1254482269
73896330.4213684052 414086.8336696625
78794358.6787281483 598685.5590820312
79009802.2676684707 602678.3676757812
73428732.6798978448 385711.6806376576
80178613.2064029723 612238.6850585938
76381286.4912188202 533193.4008789062
77435188.2189237773 567008.6884765625
77271378.7193658501 562022.5717773438
77373308.0871033221 564473.6718750000
78078650.1552889943 582005.6557617188
79733664.7674130499 610650.3095703125
77908747.8544886857 578824.1455078125
78283136.5399077088 587028.5161132812
78178473.6850054264 584980.4702148438
78893890.3392881602 600056.1635742188
78423352.0022609085 590263.5454101562
75409727.1392049789 488766.5051269531
76308612.8075083345 530067.5439453125
78539286.9804408103 593387.9980468750
78997630.0899598300 601320.3715820312
75247935.7386749536 483370.6433105469
74980346.1805289686 470722.0448303223
75168451.6920862645 480409.4970703125
75463782.5480078608 493288.5725402832
73370153.4202758223 376903.9296307936
76283713.0886246711 528619.7062988281
76773569.0969287157 545494.2460937500
73000962.0178501308 333691.7074433863
76948732.8986785114 553361.9916992188
77856788.7604500055 578375.7719726562
77946531.9013797939 579901.1494140625
73195695.0829218477 365946.6868747324
78516158.0117624849 591634.0717773438
74819266.5798237771 464878.7008666992
77023053.2759211212 554610.5327148438
75083217.3748680055 476919.1005249023
76684366.1166806370 543762.3256835938
73536601.6736280322 389944.7938886061
73493166.4311938584 389269.8642011061
73029713.3665748835 337606.2583775520
75120436.3249608129 479387.7377929688
73724707.2596760094 406378.2900772095
72857832.2956413031 313974.1940961105
73817948.8467848599 409537.7429924011
73383062.2553760260 381568.3534589186
75149983.1950522512 479720.9140625000
73411574.3963316381 383920.5482831374
78013293.6917866468 581454.6210937500
76381260.0079032630 532664.6823730469
76464280.1791282147 536466.8906250000
77486493.2955863029 567205.1401367188
77627420.6307210922 571213.5800781250
79228976.9246624708 604773.4926757812
76398391.7453066409 535086.1694335938
73791602.2722539902 408624.5443916321
76273420.3871504068 526789.1086425781
77144554.4043575078 558587.7827148438
76356722.4367205352 532562.1682128906
76720552.8473287374 544370.7446289062
72833713.0657856762 306882.1480603439
77406406.3629758656 564590.1870117188
80093020.6760467291 612199.4174804688
73152928.3351204693 352948.6140607223
75505343.0399773568 494625.4103088379
73544816.2814616561 390834.6194458008
75497429.9688183367 494379.2193603516
79177663.4820581675 603274.6728515625
73849411.2159757316 411726.0209865570
78168044.7892230749 584934.1464843750
77671607.6534477621 572101.5957031250
73612699.6321293265 394717.0579681396
80690721.6618133932 613333.8769531250
72875758.5115823597 317758.0416150314
73753237.1887307614 407217.1513309479
78744468.0281092376 597227.2270507812
77336235.2414578795 564238.9746093750
76757776.5867294371 545053.7846679688
73285056.8403015137 373645.6347089186
73346023.6042451859 376753.8039859384
73471298.9571434259 387800.5379645824
77205334.3683356196 560101.4316406250
73309594.4114842266 373850.6068768874
72825953.0097782761 304887.0723767502
76781145.1037934273 545883.0439453125
73406061.7254291773 382916.0062909499
73022683.5516723692 337042.2647252083
79760688.9468229860 610655.9575195312
76536809.9550396800 537926.9023437500
82247208.0869720727 614026.9389648438
80014899.1190219969 612143.2924804688
75682294.1699556857 501228.1389160156
73664669.1384920180 400546.7932739258
72957776.4124704152 331557.5132603645
79445033.9564305395 608052.4208984375
74023172.1726688147 419860.2488384247
73863966.2857813239 412077.6778392792
74532466.6933395863 450048.2309265137
73110034.4125354141 349980.7912168242
73029312.0799788684 337109.0082578398
74584867.1485365629 453736.5434265137
81875843.1954697967 613876.4746093750
77193308.2792769969 559115.8476562500
73981988.2306667119 419320.0828227997
79494794.6477409601 608502.0253906250
77334513.9778723866 563287.5356445312
77067762.4824251682 556165.2041015625
73933708.4496900141 416823.5061626434
72927341.6322589964 321172.0021760166
76394709.5162229687 533231.7199707031
77242407.2139810473 560314.6699218750
74889842.9305702597 467681.3991394043
72998141.2768576741 331715.3601088428
73006047.3423549682 333726.0920033827
76841157.9666387588 549327.5712890625
76815965.4247263968 548275.0478515625
79313167.5168083012 605326.4082031250
77558493.0433064848 569160.2622070312
77021875.1887620240 553583.8964843750
77785280.0847712159 573301.7456054688
77819037.6006698906 575607.1225585938
77170519.0072496831 558958.7753906250
77430985.3463733345 565929.1684570312
76549229.9967735559 538127.2070312500
73397879.8824293762 382855.0790448561
73088456.5508320481 345436.7216199487
74787592.4628511220 461608.9450988770
81199638.7475039661 613835.9951171875
73374501.5506862104 380956.4271893874
76943803.7404939681 552374.7919921875
76346429.7352462858 530731.6374511719
73168721.6360118538 354360.3080752939
77055736.3933665603 555179.6201171875
77228712.7000787705 560289.9423828125
76559427.8800299466 539895.2836914062
76592526.1559024751 541611.1357421875
73108172.5339525491 348111.9152234644
73550675.0492202789 391454.9584393874
79415642.0352292806 607064.6406250000
73017485.8374688178 334848.3521112055
76915858.2844805866 551178.0908203125
77129372.8992533237 557811.6674804688
76908840.8740343451 551081.0375976562
77059201.7777353674 555869.2666015625
73036235.5798480958 342072.7970594019
73147814.2149909586 351172.9187413454
77428278.2076180130 565766.2241210938
73097033.4855701178 347732.5810874228
76630950.2363574952 543086.3120117188
73074959.4743002206 344446.6339887232
73194216.6653982103 356507.7553847432
76585089.7360163778 540422.8500976562
72885728.6504584104 318029.2805210799
72826971.8576834798 305644.2026659471
78883930.8728090376 599132.1611328125
73275162.5969775766 369386.2016452402
74577167.8918246627 452575.1663589478
76607707.6610066444 542391.2314453125
78207010.3826771677 585299.6689453125
72896155.7125893831 318897.9355837328
76059589.8261817843 518704.8771972656
77776576.7787801176 573002.7231445312
76307479.9651958197 529165.4104003906
73628208.5499093831 395524.2960079312
77533077.8392814547 568473.8217773438
79217908.8937129080 604697.1982421875
73167235.9102352858 353735.6283364296
80612600.1047886610 613277.7519531250
74618413.0685909837 454907.1426086426
75616091.2648371756 499887.6694335938
72875390.5736035705 317585.7944628221
75691107.7258323431 501627.0151367188
79242671.4385647476 604806.7021484375
76062691.7923388928 519015.0245361328
73591386.9101009965 393930.4781673551
73030953.0710417479 338682.2827364802
72945257.0097039044 327840.9159265967
75516715.3075394332 495843.3938598633
75509685.4926369339 495294.6712036133
76031426.7598591149 518369.7269897461
76024396.9449566156 517821.0043334961
72887952.1029587090 318124.8055469990
74545267.9345441461 451386.9622192383
75452790.4373127818 491951.1063232422
75436676.1445410848 491391.2590942383
75461734.7146644890 492267.8802490234
72849239.2101576328 307101.2473436815
72825585.0717994869 304714.8242479784
74332627.9814283997 439803.8301467896
72938373.8376010954 325807.3151629567
74751128.0208892375 461319.1436157227
74999905.6502677798 473420.8878784180
74555213.7254329622 451690.7530288696
74982631.8605697900 472085.7486267090
74877500.1901931465 466169.9314575195
74917384.4241009057 468017.1797485352
74691517.9569596052 459318.5120239258
79405177.0814099014 605792.1533203125
75172444.2994320095 480776.5571594238
73932219.2136963010 415281.5555410385
80394417.2705896795 613011.3403320312
74028181.4888291806 420644.7660512924
75226097.7737423182 482841.4767456055
75176134.4791608155 481028.5146789551
75235042.0510940105 483158.2506713867
74301767.1021960974 438968.2923336029
74263122.9834457785 436621.6312007904
75445034.0166108161 491397.2634582520
75740379.2939474881 505992.1608276367
74102533.4373414814 427165.1902732849
75747409.1088499725 506540.8834838867
73643239.7816950828 396553.3813729286
80377737.0638952702 612998.6625976562
74564634.3731162548 452307.1471862793
74046285.1060457230 424951.2215566635
73711186.4499800652 401752.4278173447
74270152.7983482778 437170.8001461029
76250105.9669648111 524804.6491699219
73714218.0518255830 402419.0047411919
75344895.0336587727 488666.8555297852
75801362.9021632522 508287.1945190430
73697267.1345269233 400695.6983585358
75309494.8350361437 486017.0222778320
74926907.5759218633 469460.0134887695
74634543.6898496747 456271.8042907715
74165186.4893462211 432804.4544982910
74848731.3021220416 465906.7701110840
74456518.6777708828 446752.4840393066
74214277.9270265102 434957.4654617310
75816784.5730991364 508508.7907714844
80926388.7352957726 613543.7299804688
74832641.3430306166 464959.6279602051
75936233.0012396425 511643.0739746094
76176671.9215397984 522486.9448242188
74397138.3280331790 445326.3707580566
74539710.9584525675 451308.4513244629
74607802.5627771914 454066.9205627441
74373804.6455667168 444201.3825378418
74461032.2104151249 447122.5797424316
81168056.7120999545 613657.8686523438
74442251.2679583281 446518.0444946289
75075469.8831769675 476463.3979797363
75057578.6454952061 475550.6763000488
74888480.5031141192 467211.9623107910
74646982.1010382175 456614.4544982910
75264681.2180533856 485107.0655822754
74617255.9330623299 454729.7440795898
74347681.2570158243 440240.9801025391
75819379.3203333020 508923.0848388672
74368478.3036837876 442236.9725646973
75285733.9530853480 486000.8766174316
74687474.7909792066 457224.0868530273
75900296.6904458255 510663.7733154297
74224264.6500142962 435288.4276428223
74313943.8931064457 439340.5281066895
79937848.2640818208 610764.7807617188
74203041.7807814628 433301.0760803223
74080178.4170943648 427154.2763671875
75858454.3886004984 509842.5487060547
74126335.3304166645 427876.4722900391
75535585.5599807352 498001.1387939453
75568627.3737798482 498584.8619384766
75588694.2297447920 498871.8746337891
80320543.2397294044 612953.2573242188
74131752.7794152200 430364.4090270996
75261613.8168850988 484001.7213439941
74834638.4914585948 465151.4723205566
75528294.3021505922 497077.5762939453
