881658610.7145562172 131222.9745630026
890786914.3621735573 136121.4766316414
881098638.4669889212 130798.6082406044
895251987.7064443827 138341.1125335693
895089903.6723099947 138182.0794601440
886238805.0523444414 133950.0048968792
861655077.2320667505 111862.4272370376
890649379.3238278627 136067.5197367668
907792637.7204973698 141865.0098190308
887818980.4830218554 134882.8167524338
861417709.9825780392 111194.6039244710
906668845.2158094645 141691.4999618530
883078854.5059580803 132181.6481881142
885635976.8143362999 133634.5493190289
862155471.7663850784 112419.0742400922
886312608.9062466621 134142.7669062614
862040931.2612700462 112380.7933164844
884917859.8511890173 133202.3784997463
881875172.5274423361 131486.6604933739
898993670.8376790285 139695.9235610962
884106354.6467174292 132664.4355418682
874646455.8308686018 126260.0584778786
865781679.4754030704 117468.3159702606
865807633.6086761951 117597.6036620922
865355193.1155122519 117152.3571593240
861999156.0298964977 112234.3277009763
864986703.6909040213 116735.7608365528
864122360.2255320549 115287.0178377107
886202433.3043156862 133938.4148623943
867152044.4217157364 119481.3794470057
907623448.2999135256 141857.8584823608
911484859.4782180786 142102.1056594849
885184174.9500991106 133483.8479526043
862822042.6251844168 113439.6650949828
866981785.2266830206 119205.4980787821
879100811.8321231604 129725.3172686100
909949113.1721795797 141938.0806274414
912332270.0699130297 142419.0584716797
911673569.4087373018 142157.1376647949
875502315.4148094654 127085.6613216400
910541901.7143952847 142049.6727600098
869159870.4426224232 121468.0179577256
874354824.4066307545 126121.3466979563
910511569.8217269182 142028.0128936768
868624554.1645063162 121139.1963692568
874071276.6546086073 125725.0059635937
869288101.6319237947 121613.8797633247
895658864.0747100115 138484.8800277710
869373529.7257165909 121875.7408627793
909791426.9217271805 141926.9916687012
869220753.6168955564 121590.1403952502
875606601.5828657150 127222.5474228859
861134560.9088985920 110836.1053929590
876404226.6174894571 127705.7979785502
875555195.4049260616 127102.5406208932
865147880.9684484005 116882.5345604792
861742867.4889166355 112117.9270359203
875459982.6524341106 127024.8347368836
878164984.5396354198 129248.5416669846
885841158.9350445271 133821.1446216106
868923682.3938853741 121448.5889750384
886686182.4538466930 134265.9618365765
861431996.6934504509 111386.8625741042
881012612.5687884092 130734.1924347878
868820073.7642029524 121300.4142561816
895373424.4750494957 138397.4230270386
860470874.9212094545 109842.5285491794
868604543.2913085222 120838.8803810172
863536676.3945251703 114529.2279849611
868602538.1704885960 120808.0669402406
861667559.0609196424 111950.4064850844
863495763.9902387857 114508.1086310027
865289396.3582887650 116921.3490751162
877108899.0620874166 128164.7206584513
887111279.3104548454 134469.0208532810
864889326.5471326113 116479.1915634051
868598609.0676114559 120788.9915933727
861148805.6815596819 110904.5096125684
884525367.3308302164 132940.9620807171
898665498.2403163910 139502.3166503906
898681927.4062492847 139657.0646591187
876861816.1341021061 128035.4666697979
872143206.5153861046 123972.8025478423
895569694.4167459011 138415.0969467163
860341563.0140105486 109577.3780027209
892101226.3898775578 136741.8330736160
860340189.4859772921 109329.0721386252
893652480.3287705183 137493.2762527466
861149598.1974221468 111175.5459676906
870233120.3988260031 122502.1333610390
876841751.1601572037 127991.2859877646
887139640.8664792776 134486.5154809952
876370073.1217472553 127702.0780792697
860460660.8437944651 109673.1957596121
888838692.7942152023 135491.3981866837
881448531.5425101519 131148.1396701336
882686553.4786939621 131863.4471452236
886432799.9311972857 134159.5294978619
861479541.0995230675 111658.1735626385
898681927.4062491655 139588.3952407837
885070020.3817677498 133282.3414943218
881124174.0913822651 130912.5757424831
911897217.9563360214 142284.6365203857
885427338.5352141857 133488.7750582695
876183516.8761496544 127656.8760832846
879603622.1211057901 129991.0478242636
862775471.3233547211 113225.9899042724
871401112.3398561478 123560.7365538031
914438453.9779137373 142447.9260253906
911773758.2657622099 142248.7748870850
866183872.7315996885 117905.7138509848
861529756.2917500734 111753.8723846599
902295897.0335071087 140444.9897003174
874509660.1338053942 126144.8886332214
871082312.0267693996 123339.0800304115
866191109.3453578949 118060.0087652305
863233383.1815479994 114169.0432332419
863251447.8945381641 114382.7244275473
873892244.6504058838 125642.3894981444
881360865.8273602724 131058.9504830837
875817274.4717320204 127398.1386058629
900597847.6277142763 140184.3875350952
862927247.9867833853 113722.7017977610
863386403.5630578995 114422.3043133318
869183182.4923766851 121502.0758122259
879426199.9156279564 129928.1441651583
860893165.2677284479 110086.2904413706
892492196.1335351467 136864.2819061279
874340146.6254670620 125975.3527514040
879010515.4261624813 129719.9650987387
900559994.3539792299 140077.4217376709
863139366.2040721178 113961.4903573543
899145588.7639857531 139739.0104522705
875199533.8382431269 126873.7728203833
878486253.5438901186 129356.6127585173
874114037.7722226381 125759.9538408816
875805482.8543862104 127335.8882186711
895893784.9129786491 138582.9818801880
865499921.4160314798 117152.4268904307
882910468.7333694696 132038.4946668148
862262178.2770733833 112749.2282141596
862470124.6574535370 112931.1864448935
898054191.4051290751 139333.9228439331
897958275.4591944218 139305.5800628662
863152224.3094974756 113982.5338894874
880444746.7082513571 130608.8524708748
862294782.8751602173 112873.9162918478
862528251.2032115459 113184.5742974235
897743367.1430814266 139232.0955734253
879156573.1108590364 129846.5724720955
895204026.5835353136 138192.4256439209
860908695.6058567762 110178.3174656397
871361106.1467561722 123349.0847775042
864483330.1458798647 115844.6614117144
866256334.1312072277 118238.5889323435
883457740.4328697920 132421.1920773983
871034224.4564179182 123172.6138102841
875158083.8965216875 126725.8400954306
883245236.4936122894 132356.6669728756
869996575.4784560204 122308.0074756351
900356912.0733207464 139976.5259780884
870792982.9370542765 123063.0592920613
870408285.1947071552 122846.0100679705
887094916.8461959362 134404.4581022263
885785714.1186881065 133674.0381965637
878784617.0655829906 129593.9501576424
899494275.7428119183 139893.2149505615
883278645.8677310944 132369.4628102779
883234453.9890542030 132351.2272603512
899442509.5976767540 139820.7008666992
865652033.6771968603 117389.1425274096
878559904.7854679823 129436.3096984625
878101868.3587284088 129028.4460434914
877859063.2322031260 128849.9247459173
878352961.6538867950 129349.4042876959
882782522.5206831694 131939.3251926899
877859063.2322031260 128851.5138229132
891258910.7007788420 136283.7759699821
877410492.7509058714 128514.0693005323
877764089.8654242754 128695.4021495581
865708825.0232716799 117428.3605807505
877573244.0038100481 128622.2401260138
869635135.0686690807 122023.1153778210
866055215.4269775152 117813.7027495585
887172213.5604535341 134492.7319960594
892493056.5048220158 136891.9501037598
863589580.3091065884 114922.2277384528
880184599.4941011667 130362.8261349201
864662051.2470008135 115990.5767985494
866112250.0231825113 117824.1685755930
885023772.1073253155 133242.5734393597
864469439.1421982050 115736.5166504511
887682434.7516980171 134626.8238501549
887004732.4632352591 134366.3011755943
887953705.2524044514 134899.7033095360
888655346.3820422888 135348.9513788223
868609635.9009553194 121019.0536207333
889854250.0428129435 135769.1106338501
881769901.8040077686 131337.3987600803
864271327.9757122993 115329.0449833169
864277841.5624426603 115486.9176792397
888610046.5170712471 135282.2094202042
887547019.2807127237 134591.3843050003
863589580.3091064692 114920.9939432868
895887599.6831054688 138578.6834945679
896176205.3155381680 138679.1607513428
876793509.4229526520 127979.2943514585
876990166.9013130665 128110.2965759039
889488069.6104960442 135658.4379529953
889878155.0788782835 135785.1328544617
863875576.8665111065 115202.5875399724
863778942.2572681904 115068.8520796911
866340980.7475688457 118664.7477945999
869990474.0128661394 122261.9435419216
867031072.2351818085 119377.9957187294
896187808.8577088118 138729.8044738770
866455771.7822663784 118785.6975762562
881208686.8139016628 130936.1801998615
887411612.3182941675 134573.2604045868
867529199.9419728518 119914.1873276771
866567575.2106567621 118859.9223006309
866694395.8627251387 119105.4716857017
877320767.2918019295 128333.5268381834
880725124.1228407621 130730.6295559406
898465253.9890538454 139434.5621566772
884709056.4275398254 133111.6097424030
890494934.6713172197 136043.6184196472
868274078.6130479574 120696.5610599359
868023511.9121891260 120379.3973454759
867262866.0178747177 119725.0126526893
867384420.2068147659 119768.9053338558
881531495.7411351204 131148.3470928669
889924331.3743938208 135843.9842758179
868056003.0922248363 120495.8597478196
884390426.0777877569 132903.3288927078
865979925.2038716078 117784.4924291724
888548970.8030695915 135064.8479156494
897535986.6272832155 139121.7393722534
884709056.4275398254 133109.6347384453
880398608.4281282425 130375.4594509602
907565686.0544970036 141828.6331329346
901226687.7330663204 140339.0040512085
901816984.1972323656 140426.3884277344
884527512.5674618483 133085.2200787067
864785298.6764186621 116048.8803305998
902691957.5974131823 140508.1916656494
903182238.8642176390 140814.3088912964
903541078.7475057840 141062.7129898071
903566897.0275853872 141083.7200851440
903037294.9305777550 140812.3851242065
904317619.2809207439 141117.9822082520
881562706.0556135178 131159.8722965717
905975650.8446062803 141554.9538726807
891301246.9459313154 136360.9303855896
870168737.6303575039 122384.4892932549
905282982.5594683886 141271.8441009521
891060115.7224036455 136198.4949760437
896533457.2363643646 138782.8758544922
896479482.8362846375 138746.6717376709
893918551.0177475214 137847.2393722534
893859639.9060838223 137747.5722122192
892766731.5145158768 137183.6765365601
873303631.2166641951 125043.2973354496
894103264.6430104971 137864.1805648804
893211853.3590271473 137345.8930435181
874119041.1129405499 125874.2286565937
891662366.5916916132 136511.5897231102
902640848.7439728975 140501.4555816650
893207048.3899166584 137254.7181587219
893658142.7984992266 137695.8999710083
873299106.1117746830 125020.2476671375
873373179.0015466213 125116.3369944729
871990317.3688545227 123963.0684952347
872378053.5925307274 124241.8763954752
879848939.5331324339 130161.8785755634
882121284.1828931570 131613.7507221699
882352279.4304708242 131739.8253883123
882352279.4304708242 131728.0014747381
891015491.2497483492 136163.0902717113
882352279.4304708242 131720.1193336248
883631502.5877355337 132470.4287320375
894195579.2868974209 137894.8904113770
880179341.6586281061 130335.2931416035
879826975.7084013224 130144.6157238483
891841295.8397333622 136602.0064010620
891886599.7178061008 136703.0699157715
894992992.8396862745 138141.3057632446
894816337.2405242920 138093.1166458130
892498882.6505011320 137009.7294540405
894267771.5720316172 137989.8021087646
873066869.0969728231 124864.0148900077
872418054.1233918667 124317.7084372379
873653836.0313442945 125340.1135490276
872875351.5187714100 124794.1777279899
873528882.3374298811 125302.7755921222
872225045.3455791473 124101.1489184238
905533668.2345069647 141274.4311981201
872648697.8285247087 124404.8583023511
872456426.8431427479 124324.3185370304
905256751.1500715017 141251.8470916748
