649005259.5326328278 169463.6409946587
649744584.8290702105 186313.2364567723
652071158.0800740719 221175.8522164542
648593837.1795506477 155328.0344039458
648832837.1908178329 165187.7254673149
651452776.6241751909 211279.9672574508
684888000.0363521576 333399.5439429162
684956814.6858764887 334722.8592352746
648868415.8251736164 165533.3458896782
653038328.8054982424 231996.1554158663
649221398.2513371706 174562.4241628256
801456184.2826803923 613425.9898681641
650109719.7801529169 192878.5394728980
649597576.8103499413 182690.8374995422
650133002.9039820433 192931.2265700377
650870345.0427949429 204993.1187990732
648779097.0832062960 163154.5836216118
801902582.2370404005 614361.3355560303
648888745.3701466322 166875.3945346978
650834622.2599061728 204671.2110726512
650410021.2570693493 198735.9206479467
649268755.5200767517 176249.9455861654
649179516.8902397156 174216.8037404623
651011734.1004140377 207026.2606447763
648746628.9186556339 161081.5958073642
649434397.9923732281 179359.1850947570
649658313.6431629658 183760.2597415503
648700220.3116288185 160691.5544072520
653392564.5184056759 236698.6276824102
779923082.7825781107 564698.7177535594
650224525.8107620478 195037.4891147069
649145910.9746532440 173428.4375303220
653922889.1476470232 240718.3547544833
648598188.5781098604 155392.4353044350
801967043.4764567614 615538.5060424805
653438374.1652717590 236877.3670295849
649615665.4210532904 182727.4869888739
652106880.8629620075 221497.7599428762
651066916.7073032856 207213.6690273858
651339977.9008885622 209327.0279726479
655153080.5608317852 252719.1432256028
652144978.0017656088 221686.6504214425
648579231.8271653652 155200.2245592792
655143456.6131861210 251151.6087412462
801934303.2759903669 615239.1754760742
651192735.0160545111 209284.6114504911
652429774.2742085457 225788.8995155711
648941566.4478558302 167568.7335954513
650272189.3754945993 196407.4701196603
650347779.5025230646 198374.0721237413
790886445.7550263405 605749.5785627365
654167039.0239202976 244396.2474432364
654126477.1922800541 243851.0000681859
650636854.9293777943 201090.9702200718
650162439.3057626486 194588.8580896310
648974186.5037595034 169266.8759892490
649060409.4372353554 171406.1251515951
651642220.7963730097 213539.5989039261
650896057.0376132727 205180.3184817410
656071719.1500784159 260622.2356551792
648686708.8980224133 158813.0502873790
676450562.3412951231 327473.0825857995
648656132.3954987526 158312.9397832286
648771627.6569161415 162967.2511723544
653587576.5517048836 238507.3786114585
652493987.5318061113 227540.9738869090
650035468.2454762459 192210.0958215646
648755671.7567409277 161259.9859720003
651731771.9683535099 213567.4504002776
650136151.0812532902 194165.8731286880
650694301.4642556906 202922.5294546909
651345540.9323415756 209645.7586440707
651896685.5555176735 219075.7665427011
658608499.4013751745 274715.7618732974
664526225.4749467373 290163.1121460702
651999712.4962828159 219666.2007082570
652374591.6673200130 225601.4911329616
648928048.0245845318 167502.4756672587
649304556.2626856565 176973.7474058103
787043361.8493372202 584665.3475646973
654070261.4599559307 242961.6159749627
659022683.8727834225 278976.9939075615
655088527.0214798450 250909.4823516160
676950458.1188405752 329153.6957449792
649993905.2828871012 191892.8271243628
652101119.2494347095 221436.4897076953
653663785.4608381987 239591.6088278815
711561087.7348476648 407391.7246429604
659532337.1474611759 280540.4743064623
659426134.4384162426 279552.7057019453
649437749.5259215832 179463.3235690650
649586545.5954952240 182680.0080325659
658686898.9344561100 276822.2448013704
649476963.7059835196 180416.2137057837
649461829.8780152798 179704.8055171203
654722257.1080849171 247868.8118651658
649147785.8553035259 173439.2669972982
649233287.3927215338 175461.5793760251
651370615.6226453781 211093.6406756216
654455704.6435660124 247785.7131128665
760339349.4029045105 507574.1975719092
654188740.2871128321 244460.2628723513
649501044.0580772161 180657.6956538390
648827535.8362451792 164654.9202397373
648909882.4289439917 167396.3683506157
649099198.8518626690 172083.4056011941
662888512.5592957735 287401.8870494384
676691621.1450341940 327855.6256766198
733014533.4291886091 456466.4478087779
657315336.1185317039 268327.4412417039
762463097.2611823082 523561.1559419725
762725127.7296497822 524026.7278108690
659790473.3316477537 281352.4722312670
659998200.4587334394 281391.5327781420
659626010.3424142599 280653.2046531420
649953392.5875457525 190380.6590945777
658574682.9944854975 274053.7600097731
658167279.3357596397 272542.2761298325
657641233.7864879370 270752.1201521065
676622793.7902438641 327616.6041922448
651480983.7749962807 211572.6571564577
653539983.0401302576 238425.9898100272
653402600.5053209066 236816.0967944041
648902413.0026539564 167209.0359013584
752206701.5889374018 499431.0102462735
751828568.9741865396 498177.1274337735
656930820.0864201784 266589.7519716844
649724959.7088657618 185058.7703006323
658462743.7930780649 273024.5789459273
657163545.3332451582 268296.9488100633
651424327.5324169397 211271.2982220161
659884836.9851988554 281367.7947410326
674688241.5296556950 320913.2706503747
674494861.3234058619 320775.3774618981
653489931.2317477465 237570.8850257173
654896079.6110438108 249703.5663124248
655798568.9485387802 258600.9894851353
657245794.1301147938 268317.2576479539
659488468.0685245991 279617.1069658380
674930329.1596583128 321568.8759207604
658514910.4253957272 273506.1419700366
659519870.8820878267 279753.9581626635
651769685.0038824081 213588.6449212279
652368095.0329031944 225278.6679039914
654859936.7695735693 249301.8319304734
649888259.8830429316 188400.2043460142
649867891.0501276255 188358.3467158508
664533693.6839563847 293148.9154692274
655511614.2161117792 256648.1737655308
649856859.8352729082 188347.5172488745
657081169.0929030180 268270.9246401414
659328151.6567393541 279358.3909324389
691042443.9033316374 350076.9357609190
654339566.7739033699 246001.8205500003
676172513.5866788626 325417.7322593210
735635653.9747210741 464334.3363538014
735729936.6069508791 466839.3582892644
801759722.6316503286 613683.7853393555
676922803.7758470774 328011.8779501794
652949965.2063055038 231702.6889173668
651587951.1290025711 213293.2065681476
656845454.9122902155 266396.5390996262
654282112.2565273046 244591.6275568362
653798616.1206176281 240674.7603521720
664252567.0451831818 290035.5822287183
653613864.3328231573 238986.4924278557
652293714.2823582888 223763.0750225261
653205900.7732065916 234000.8325296268
653333887.6874473095 236410.2213366404
673729797.3526685238 319331.9909953873
653157374.7518473864 233809.5393421128
649789569.1764976978 187102.7416133117
714129407.0103952885 420762.6053406876
655305238.1124058962 252959.4869150743
650079607.8938252926 192631.1357110124
650678228.9174165726 201974.2646048348
651808914.3867762089 213976.0583453174
650253627.9145791531 196038.9741801303
656782885.3253729343 265471.4049138352
659002003.4506194592 277252.2320326194
656827243.9550145864 265663.9625124559
658497846.5741883516 273144.4635237083
652752456.7596482038 229191.4821195770
661777258.7976899147 285627.8401954994
655246452.5302462578 252850.5079100877
654094943.7762447596 243716.4042062759
650484061.8432297707 198996.5581391878
801521582.2983049154 613517.2827758789
653060066.5992500782 233142.3895097140
652832250.1079103947 231366.5270302873
655308224.1197053194 254709.0172905847
777030765.5951284170 557748.4314381778
777054556.4350738525 558358.7111622989
755060346.6058107615 503711.9489099951
673086207.7724364996 313704.5822989782
667840088.6795868874 304032.9146506849
667909045.2117941380 305734.7412040296
760830261.9722690582 512415.2590796887
720893387.6539976597 435473.6838001995
760673461.1851717234 512040.9846656262
744637109.7394819260 479725.2988417149
671605991.9355411530 310367.1533772071
671470410.7399108410 309713.5696341508
765218848.0169749260 529338.6133756079
690301043.3009988070 349213.2839512303
690588754.0751203299 349376.6789707616
652234138.0786238909 223150.5788477529
737514526.7530975342 473884.6976760626
652188485.4973455667 222949.5580153335
675202619.7292500734 323318.8715796350
672056792.7058050632 311081.5119149245
653515028.1887981892 237742.5972530469
653322334.5662552118 234806.1610126365
653129486.1067550182 233399.6688759904
672513418.1513631344 311327.8104300338
653964105.2232785225 241495.7312919125
661319579.1408016682 283151.6826545522
657405365.6028721333 269802.7750615403
750505885.2177011967 489867.7699168184
790061343.2445381880 585956.9723358154
656563307.4247512817 264378.3290318772
786137578.5968178511 570307.8354380727
657004153.9192888737 268077.7117680833
652680258.4187786579 229137.2480844539
656698133.6399033070 264492.8915318772
784085501.4673694372 565474.0076646805
652598238.0320643187 228606.3700611759
653441898.6262921095 237467.5812966737
720259906.6960705519 434486.9924667854
723998948.5108162165 446639.3070229124
652183155.6413314342 222497.4370801020
652672604.7773392200 229002.8304389585
656259996.8919717073 261063.6081419215
667480303.1816487312 300576.5762173440
669881798.0710738897 306228.2870813871
670227533.7120310068 308243.7715946774
652453845.2385171652 226570.7241440583
652763269.2504416704 229411.3393560220
800304491.7571780682 610598.2623748779
718393556.4044433832 428207.7773310658
676996497.3010511398 330031.5068567223
676444475.2356693745 326370.7718286393
654795602.0737574100 248665.9360171184
766218391.8146133423 531362.0245333454
676847066.6607171297 327890.8590663550
768304524.7353867292 544362.7676150673
656535127.2882741690 262579.2436526045
695222420.9991205931 360154.2838541940
694884428.3247023821 359215.1440836862
672620607.9960404634 312673.3488060988
673195796.3708643913 316491.3760611907
652768229.6484434605 230844.7331117671
801347860.7512389421 611228.8774871826
801001437.3389191628 610694.2570953369
657402354.1002109051 268606.7347872481
670056801.5154228210 306646.2415958981
701538119.4299733639 392218.0930367541
700932540.3116047382 390377.4995308947
665266717.3238109350 293213.2857119348
663726007.2838648558 288032.0315090921
801316814.2993192673 610916.8034210205
685458000.2030179501 339499.2741972078
750997429.7821438313 491256.6914053293
763814365.0764505863 527005.5867957016
669977855.4579359293 306515.4725723604
774055968.6273682117 553353.2885875702
669871705.7251191139 306210.6297489742
744447046.1120035648 477932.7540054470
743884953.3011904955 477090.7623672634
665289072.0704426765 294307.0763502698
779556808.1669380665 564370.7986106873
666232451.1507096291 298731.6492634777
695501350.8772442341 376062.1122454330
800271862.8518202305 608429.1248321533
671071164.5698769093 309048.7331172023
726699253.8253155947 456261.5103072952
736825794.3009934425 468655.5632716045
748627709.7085568905 488780.8752566457
713519400.3457423449 408852.1426924430
713245408.6183993816 407599.4617328290
711325564.8440103531 404566.7006078418
740701476.8787708282 476278.5026080459
714723690.2724623680 420838.8450603895
762352003.9304555655 513530.8764932121
762166412.5282855034 512573.7437859913
722767717.2191182375 441213.9221171066
692261491.2051795721 351114.2070841352
691902274.9309785366 350157.0133585492
785444200.5874954462 569560.8306512833
777093240.9399574995 562094.1213455200
777362125.3595385551 562396.8702468872
709068473.2450801134 401131.0277445894
709037957.5869345665 401082.8315775972
760208718.6311416626 506426.1867524879
691978418.0977593660 350626.3563904632
671398120.6453393698 309112.6958319023
694131800.2429401875 356485.3984300646
694291739.0857770443 358064.8806077989
722244842.9324831963 435733.2509935871
706878680.5902493000 396478.0848676097
