53550287.0532364845 482825.7814893518
55908362.5118795112 673452.7636718750
57674382.9679847956 688906.2983398438
55221580.2542231455 656416.8476562500
55564119.1515021995 665007.7319335938
55366997.7840034366 658905.1840820312
55663949.6728826389 668989.1196289062
54586316.0978570133 618586.3193359375
54525842.2209011838 613408.0610351562
54514489.1567387283 613123.8715820312
56283147.4784265533 682015.3403320312
56053934.7314220518 676885.6796875000
54180885.1044965908 585002.4707031250
54969561.5700007603 640726.7719726562
54771087.7387951463 629697.5683593750
55919131.0607236624 674750.1523437500
53744611.9375328869 526336.2113070488
55495350.9199240506 662433.0590820312
54985854.2257026285 642651.8354492188
54445562.4706882089 608801.2636718750
53609020.5678492039 499092.1576909814
54041535.4773513898 568607.0164184570
53559557.2140941247 485038.2503537927
55609939.2376019061 666725.4082031250
53545011.9073925689 482051.9067387376
54120039.0464155152 580086.2862854004
54976092.1882374734 641408.9826660156
55107231.0788838714 651493.8554687500
56399902.5983013213 683168.1528320312
53531981.4262262806 471192.5620045457
58597713.7571345642 692364.2875976562
53701163.0752911270 515843.6940059662
54132600.1261836290 580607.5546875000
54419959.3347402662 605906.9885253906
53663092.0920107663 511380.9251821041
54460802.2537041083 609740.5483398438
54475783.3535343409 610410.3662109375
53612226.6284128055 501648.0225820336
54472155.3178665787 610024.7377929688
56147679.0498294979 677704.6074218750
53563174.1960705891 485046.4942502771
54249143.7127971277 591506.7085876465
53470989.5382208526 458417.5231461897
53646266.1569171846 504595.6352562904
53809026.4105106518 535794.8595900536
59810796.3002182171 695123.7631835938
53709542.8130021021 516630.4893512726
53776621.0039257333 534726.6929688454
60934391.8876500800 695707.2309570312
54418408.8512002677 605890.8070068359
53585507.1629935429 494320.9214063883
53846115.3364380002 546189.5679492950
53837743.8640499935 540733.4483399391
54261915.7785701901 593315.7886352539
53678984.7041485757 515726.5618767738
56756756.2374408022 685028.3530273438
56665817.4494663179 684641.4868164062
54114540.7273501456 577890.5322875977
60260277.6659569889 695623.4360351562
53473357.6755060330 458616.5601334944
53509543.9290911779 470319.2578816209
54260570.8834877387 591908.9239196777
56059392.0778658241 676915.9072265625
53488481.9297638461 460271.1272206102
53582411.3330387399 491283.1162633896
54506304.2890677452 612118.4799804688
59796899.2389759719 695098.4936523438
59233397.5270025730 694277.4506835938
53792646.4553523362 535470.0342962742
55838244.1655455828 670779.3344726562
54086431.2773880810 573450.4305725098
53787147.9544379860 535040.9987521172
53771258.1269190907 534208.1654086113
54269119.8288319036 593534.5630493164
58986267.2492014915 693305.7241210938
54281306.4353328198 594114.9922485352
55902053.0276754349 671890.9624023438
53535308.5348896161 481590.0263142381
53718612.8382623419 519165.4125862122
59037346.3255303130 693354.6372070312
54068093.3880484626 573399.0057678223
59302530.2799756452 694957.9155273438
53756894.4630608186 527027.7786602974
56367308.9578958526 683146.1235351562
53580978.8814839572 486742.3628948927
53830769.8192477748 538798.1199355125
53956408.8964481205 556458.4430389404
53503257.9865464494 469209.9592622219
55032920.3039081693 645923.0112304688
57650016.8803410679 688710.1596679688
54601297.1976872385 619256.1372070312
55849317.5354864076 671673.0502929688
54055148.8240911588 573085.5345764160
54398270.3182818368 602729.5319824219
54315694.2231891677 597794.6748046875
53817109.9443290904 538696.9830081463
53711119.7668735832 517804.3620334566
54179430.9496745095 584891.5899353027
54183804.1916902289 585307.4919471741
53571803.6819137260 485741.5587148461
54201178.9802287444 587133.1427307129
58692544.4933537319 692562.1088867188
54457035.4830699041 609081.6657714844
54869204.4126425833 637170.2285156250
54865435.9074623883 636130.3137207031
54529470.2565689608 613793.6894531250
54884185.5124728158 637810.3955078125
55036548.3395759389 646268.3315429688
54175082.8172094151 584321.0245056152
54155986.9704134017 582924.2010192871
54861807.8717946187 635784.9934082031
53540967.5613003075 481701.7753553186
54548292.5022248477 615954.5141601562
53933231.2362905294 554615.9070472717
54687930.2785579488 626416.3488769531
54091096.7480890453 575937.8228149414
54761132.1244300008 628564.3518066406
54597669.1620194688 618870.5087890625
53809460.1466503292 535801.0076266527
54425257.4664150029 606552.5769042969
54584940.9097399190 617882.5439453125
53534942.0990040153 474469.9770383630
54948791.4153210968 639029.1848144531
54596651.0655263215 618600.1367187500
54367517.2408819199 602187.5542602539
54053449.5040438920 570320.5845031738
53834444.1522560120 539083.0819064379
54020316.2176210433 565361.0190887451
59078489.2164095491 693768.6313476562
54764760.1600977704 628907.2370605469
53975336.5150986984 561659.9914393425
54816332.8202863783 631590.1030273438
53751531.5860541612 526506.5270094872
58725707.3196510673 692786.5795898438
55079257.5396835059 646979.7028808594
54221969.8072633967 588075.6478881836
54282975.3332254142 595083.7725219727
58760246.1831588447 692795.3891601562
55838933.5616970882 671398.6411132812
54491824.1190988049 610833.1440429688
56042324.3110003546 676768.3232421875
55181496.1458254009 652157.8933105469
53725816.2227830365 519863.1673321724
54251911.1904275343 591563.3672790527
54005993.8598576784 565043.8269653320
56127653.4435948357 677625.1660156250
54211533.1227791980 587315.0917053223
58246165.5506550148 691563.0239257812
53998831.8718537316 563193.4816284180
53521154.2539865151 470805.6607884243
57503143.0752690732 688161.1127929688
54035142.5472370461 567866.7769775391
53655514.4319640771 506274.7015628815
58190667.4553446621 690984.9458007812
54652353.2763205841 621828.0100097656
54766403.4182238579 629345.1984863281
54791348.8146807030 629820.4504394531
58171692.9162480459 690828.4936523438
57751924.2128456086 689388.8891601562
54237126.9042266309 591497.4497985840
53881282.3822719976 546672.8379426003
54285359.7578312829 595267.4619750977
53522687.5085924938 470980.8263265193
54410348.5028393641 603801.7554321289
59043353.1413151696 693426.9106445312
54104169.3634504452 576438.9153442383
58232323.5399650782 691556.8520507812
54682703.7745982111 623762.4919433594
59150940.1770603210 693803.9555664062
54360474.7507530302 600974.1840820312
54619345.5801816210 620297.7214355469
56264868.7051740885 681495.2475585938
54305284.1714173257 596081.5787963867
58128841.5205566734 690800.7231445312
54227619.5322982073 590478.4122009277
54749779.0602675378 628236.1625976562
54850454.8076321483 635485.7265625000
56321073.3996553496 682173.3881835938
56268410.7997533977 682012.1176757812
54964252.7425518781 639236.8571777344
54832581.0156057253 633173.6250000000
54804979.7561239153 631290.8361816406
54836823.8661889359 634015.3408203125
53517503.1904852837 470612.8204044402
58553446.0169152319 692362.7924804688
54325815.8896520138 597964.0802001953
56347742.3696927726 682350.9145507812
56350197.8377685621 682938.7397460938
55463388.5613284782 660602.6645507812
57214273.2638862506 687452.8930664062
57976172.6353802606 690178.2094726562
54793570.8148814067 630662.8693847656
56429299.2023755088 683447.0502929688
54670254.0762848705 623632.9294433594
55213195.0335546434 652367.3933105469
58017935.7566811070 690582.9907226562
53962385.9109113067 557415.7048377991
54647399.1923182532 621288.2534179688
56467146.0050707236 683742.8481445312
54623691.7339745611 621246.5524902344
58193385.8548519686 691158.2426757812
54050973.6362701058 568992.4313507080
55461517.1491512060 660568.0219726562
56066162.0563565940 676972.4892578125
54955750.8681553751 639104.9045410156
54367479.5427893996 601046.1518554688
59074509.8375326768 693716.3012695312
53948972.3444155008 555949.8413910866
59177378.9417653084 693843.9047851562
54146801.0000374317 581309.6303405762
59232497.0097430646 693847.4184570312
57842907.3118459210 689786.3579101562
54110871.2515833005 577763.0611953735
58483651.7183370143 691915.8715820312
56165533.5905709788 677813.2949218750
54101409.5980475992 575971.1038055420
58207227.8655419052 691164.4145507812
55537677.7125564814 662851.8583984375
57157662.2416398898 687116.8129882812
58939189.9931178167 693080.4721679688
58816431.3637855351 693019.7817382812
58552186.8831902742 692272.2651367188
53763128.9283057824 527986.6539911032
55028115.4990530014 643342.2941894531
53734163.8534557819 520972.1930251690
54152920.0094397739 582449.1091690063
56415066.9925954267 683347.5551757812
53906299.2568822801 552472.9919400215
54405070.4715486169 603566.8491821289
54404926.3878204525 602950.8110198975
53737882.1984158531 522615.0798965069
53928404.4256980941 552662.4023284912
53730183.5643059909 520291.8192458721
53877308.0395345390 546479.0560727119
55086216.9925177842 647055.4226074219
54915568.2033570036 638425.9548339844
58538344.8725003526 692266.0932617188
53888102.1643768996 549120.2085995674
55089130.6995866746 647664.3520507812
54393768.8604954258 602570.1011810303
57942861.1809619889 689913.5825195312
57519309.9410200864 688371.8959960938
53714362.5574833751 518035.2098993063
56233514.8523431346 678377.8237304688
53732162.9757359102 520877.1542077065
55460606.9085617363 660428.7851562500
56118383.9580294937 677470.2138671875
53737713.0559632555 521888.9123044014
56033054.8254350126 676613.3710937500
55442563.1033795401 660151.6513671875
57601589.8494650051 688696.3618164062
54325822.4057257771 600028.2633056641
55455308.7768869773 660309.8144531250
53844871.8719175160 542545.7851071358
53766705.6660074219 529337.9697890850
55437837.4985026419 659090.9526367188
57599954.3936999962 688684.8452148438
58073915.1547755077 690636.9575195312
55761290.6445479617 669199.2622070312
55960076.4771148041 674762.8222656250
53706833.0658260956 516438.1075128317
55974459.0397672132 675611.6303710938
53963611.1619319990 557494.4943218231
54658854.2372310907 622611.5410156250
58418332.2835483402 691882.0942382812
55781658.4256810397 669848.9760742188
57990014.6460701823 690184.3813476562
57925046.1041626483 689892.7055664062
57790776.9606684223 689473.2934570312
57707832.8846909255 688912.6723632812
57379775.6712144241 687894.8002929688
55794151.6779109761 670211.8857421875
56538964.1389384493 684113.7622070312
56459933.6070547774 683690.4360351562
56940688.2860466838 685893.8022460938
57386631.2492915466 688159.0415039062
56817158.7857840881 685468.1743164062
57533236.0904723108 688442.2416992188
57133693.5844196826 686897.5610351562
56782619.9222763032 685457.8901367188
56906149.4225388989 685883.5180664062
57277304.4035773203 687581.6420898438
57320751.1173178777 687831.4291992188
57002113.5252044648 686196.8266601562
57181340.3009117246 687268.3334960938
56840269.2905652225 685555.9057617188
57575506.1950661764 688590.2006835938
56700298.4071291983 684665.5541992188
57563924.4313476011 688583.6049804688
56614871.5038319975 684449.0014648438
56497819.0577502549 683778.8471679688
57242198.9925808683 687523.1459960938
57109259.3445518613 686658.2875976562
56708662.9374274239 684706.3784179688
