247762810.1450311244 13383.6916143592
251016776.9059603810 22229.1180237457
269754472.7355732322 34641.5569034703
250305453.4108159542 21868.7181671783
247816537.4759741426 14449.8398052733
250598163.6503321528 22191.8949135467
247737470.1272066534 12953.8786807009
247823317.9832758605 14503.7765842955
272077815.5910581946 36022.4964955077
272199555.7709337473 36128.6505482420
247721213.0152500570 12231.4659413630
253324972.8192256391 23125.8139931932
253038187.8743948936 23074.1004998460
247777883.3885865211 14024.5545183699
248022181.9435652494 16742.2504460733
250412335.2319154739 22037.2645765468
247855831.7553410530 15162.5225482188
272024223.0301001072 36002.2490915656
271668662.3225762844 35900.3541445136
249762786.2247831523 21318.2578295395
248345097.4331487715 18237.4656712931
247833093.1300587952 14532.3515071869
248125797.5677366257 17203.1986714778
298654227.6837257743 48348.2119369507
247749103.4409724474 13036.0172955328
249060381.5126922429 20278.1821869537
247722467.5202527642 12231.4754568916
247718685.4333254695 12231.1574590737
248179706.3474559188 17494.4532872615
247744679.6372954249 13008.0731602558
248028348.1722143590 16742.6447466832
248252341.3777896762 17831.6609014492
247710852.6256527603 11855.3412244901
247774535.4683077931 13765.0202818462
247726832.6360218525 12615.3950029546
247807492.8459239602 14439.2659218605
247704372.4196358919 11841.7394321546
247726459.6261249781 12585.4446940357
249084016.6131440103 20537.7801848277
248165636.8343212008 17485.1564519327
247800712.3386222422 14385.3291428383
247955342.2516227365 16068.3967454355
247909657.1049358249 15589.1437493764
247741141.0699927509 12966.3147272402
248088754.4342740476 17123.0002843319
247939558.9447849989 16031.0561120432
250210989.9226448536 21740.8361977264
249859621.9253320992 21398.7486574128
247985923.9761326909 16402.5091149729
248661542.4226723909 18839.3424615431
247744377.6182020307 12966.4236288599
247723927.3600654900 12556.7379393280
248076344.3972283006 16860.3492644686
249701323.6218644977 21261.3325060531
249309746.9536093473 21008.3281420395
247728087.1410245597 12615.4045184832
247976895.7705630660 16345.8488897305
247715821.9593392015 12158.2520190201
279599125.7467239499 40161.3939546167
279350418.1371902227 39752.4268279362
247725186.7298775911 12578.6108796597
250570683.8552236557 22141.7493141815
247766307.1869998276 13674.7100990662
249235249.1147310138 20670.4055841789
249245885.7732727230 20802.0851694718
250258003.4476331472 21820.4419106171
248317581.3344010115 18021.6424965780
247949012.4346966743 16067.1653262298
247918617.4135095179 15695.7123233002
272938276.6880837083 36871.0398912514
272879539.2953375578 36792.2322099730
247842472.5006735623 14896.3442128157
298950597.3810247183 48384.1363143921
247739845.3477761745 12956.5142677109
247773273.8713056445 13749.5396946320
247758745.9302549660 13335.5852915328
298615589.7350128889 48333.8781967163
248567542.8441860378 18462.2325772810
247882893.5453149676 15276.7448153948
271090775.6796382070 35375.2897626609
270795586.8675280809 34995.7702466697
247732774.1214018464 12648.7985033327
247904016.4296939969 15523.5677802233
294019999.3807958961 46386.4161701202
247717415.8446130157 12188.3458204829
247741576.1990056038 12966.3422287637
247898870.2300753295 15522.3363610176
296812397.5174466968 47861.2025070190
247934412.7451663613 16029.8246928375
247897980.0894072354 15294.9386788379
248294930.2908976078 17960.0260693949
294168231.3101513386 46596.6953599453
248140322.1586793363 17231.7622520994
247872145.9571162164 15222.8080363726
248284359.9941599667 17856.6094548624
247787353.0839547515 14119.1508074352
247852498.5241278112 14905.2918124651
247834898.8080567122 14845.0063243113
247732401.1115049720 12618.8481944138
248077742.7843524814 16896.7549604397
255451414.9875278175 24762.9983050752
248458093.6918924153 18331.4790723246
248286286.9935630262 17888.3211266916
276412598.3120926023 38236.5764838631
248036670.3795659244 16818.8536476713
247922385.7392027676 15888.8879550589
296456694.5455347300 47594.3087081909
247963890.2052972019 16315.6292449158
247885004.5584702492 15290.0465825056
275691380.3048168421 37930.3563610750
247977992.6456845701 16370.7974431436
248979164.5837443173 20168.9369271919
282062539.8246598244 41479.1017367542
248238958.0824756026 17569.2250269871
247862612.2626427710 15216.4593272410
260009115.0471609235 27329.5471457653
259429326.9817077518 27308.1200675182
288352218.8189345002 44126.3859148026
284818635.4354021549 42796.4684254825
247849794.4337592125 14897.5756320214
284834845.5952244997 42971.2854420841
248069182.2982851267 16845.6670606058
270951244.6404561400 35092.7738935202
284265265.1144361496 42687.8414964676
248955675.5492314994 20129.4447857067
248886003.8676994145 19757.9917827770
258116023.3068339825 26510.3103292663
257456520.7934276164 26153.8399562465
257231969.1790095866 26012.4288234340
280036958.2482582927 40211.2288960889
247842220.7411423326 14846.2377435170
283528083.6333755255 42341.5078325272
268582800.2380758524 33051.3693078309
268439249.6665148735 33042.9287408143
257454746.5249076486 26084.8094269447
248248992.7267193794 17588.5730664652
290663040.4874103069 44698.4831514359
248204105.6692368686 17516.8681237619
261109714.4100411832 28373.2828890137
260488722.1140148640 28001.9742141893
285968388.7524216771 43046.6475057346
260394114.0566570759 27518.6321951039
290854588.6945387125 44721.1982030869
247971212.1383828521 16316.8606641214
248015587.7340978384 16688.3136670511
294169866.8810677528 46612.5419101715
247715211.3114976585 12149.9759944375
297435684.3936688900 47876.7738571167
272815012.8953402638 36678.8453087568
297505093.5611146688 48272.4872055054
248008358.4250898361 16449.0406234186
247929707.6722883880 15890.1193742646
258573042.6140964329 27071.1220016109
247769132.4475366473 13708.8234640639
247907979.9745173454 15587.9123301707
291320699.1922655106 45078.1477327347
280725727.1736347675 40599.3789338544
280525043.0612964034 40595.1589478925
292599764.0687226653 46354.6350116730
284723597.1221316457 42766.6866331100
247781139.0513692200 14067.8129189308
247876769.9980688393 15251.5587349381
247764449.9102252424 13390.2650377089
247869934.1957283914 15217.6907464467
286741053.7258979082 43345.1305265427
286504257.3169987798 43290.5735349655
286061378.7345566154 43197.2436552048
295319779.5724004507 47155.7338619232
295353008.4823969603 47319.0022640228
287732388.0926986933 43779.6610136032
288001519.2616981268 43978.8576383591
275920340.7121426463 37977.8073595229
254055177.5151229501 23711.9598328795
268409772.2063840330 32966.3347447664
272545929.7219780087 36209.5999237677
297634175.9947088957 48276.4626388550
287180790.2545547485 43513.6808371693
247831991.9665283859 14509.0792400432
276715482.9008629918 38626.0414826038
254922188.2419101298 24075.9221710376
266562895.1921376884 31384.9454218261
275287728.7119890451 37809.5244724751
268380559.4355013669 32924.4874497307
248673437.6755948365 18870.6315112188
261692951.4132746160 28965.0209652117
261396481.0830447972 28593.5679622820
271295713.9360568523 35491.6846768809
298164723.5659751892 48299.1443557739
271599343.9960997105 35776.8415211393
298065443.5689653754 48293.9672164917
247768501.8449404836 13686.8884450728
247767934.5055687428 13677.0344245434
283713082.4742943048 42599.2812934071
268669666.0586273670 33223.6413330573
252342388.3082922399 22469.2026154723
264127499.3116238415 30263.0564665686
248486724.7887609303 18400.3423161734
271597619.7096440196 35592.5452169019
271008670.3577493429 35221.0922139722
247915113.1735967398 15622.2269563569
255816302.4352276325 25177.2247508503
277622486.8745689988 38815.3208938837
277880686.2867804170 39102.9674011469
267693099.7280468941 32261.1759579728
267214144.4349120855 32152.9070370744
276572315.8499067426 38310.2852818134
276660121.4363733530 38425.0019070271
282979247.8471263051 41703.7236182839
248504172.3729654253 18416.0640040785
274183530.6649558544 37340.0904881140
275126515.1819153428 37459.5778381766
288969878.1358218789 44290.1616994143
256220020.1280185878 25359.0198672749
256370595.5866054296 25584.4463652707
255851879.1339096129 25248.0312083699
284671111.6704648137 42746.2610640675
248954400.3498515189 20043.4443271533
281753093.1536700726 41036.6304199696
252642164.5422823429 22833.7085095569
252419025.6888470650 22476.5211621448
248884868.5875198543 19668.9461637065
283384971.9590211511 41888.8811130524
272382133.4566800594 36202.5926913619
268317704.9586668015 32814.6713046497
282937020.1774238348 41686.1389214545
272789455.6448336840 36493.7527222037
252520933.7449022830 22586.5262280628
253759606.0832073689 23628.1418645110
268001352.5213420987 32542.1762849605
248857967.8075676858 19657.7611142322
248710747.5374224484 19263.4002882320
273591278.6776051521 36970.6579987189
254304231.8534547389 23846.9804385639
248782534.3363699317 19564.7966595814
281525920.5907906890 40716.3168509901
267984323.3530046642 32397.3409798658
263054249.7744681239 29070.9309009355
256730660.5597416759 25656.7063360553
256194996.0391392410 25355.6961355548
248472421.5671404898 18359.8565209139
248553476.0700238347 18442.8792275883
288660810.9936128259 44261.7814656496
248622945.0503614545 18784.0238732862
269586496.2598630786 33877.1122919679
248567923.3007356226 18731.3095238436
268018511.6819211245 32732.9209864354
248682960.8950885236 19139.3500554789
260260219.5124946535 27374.1922160763
269226247.0985122323 33419.2609850299
255100239.4390877485 24224.2771592777
294425741.8754508495 46646.3314666748
255235746.5363483131 24439.7466661036
260155055.0765061378 27331.1256229062
294932151.6803603768 46917.2271957397
269468796.2218114138 33792.9122497536
292085517.8132920861 45084.3881769180
266757645.6801019311 31484.0333048326
287971907.4166094661 43971.3329945803
262078543.1876462996 29024.0654229621
257822905.6785999238 26407.2221068965
257240023.1797817051 26036.6661719905
255786596.6691201925 25005.2349787025
255419715.0801552534 24634.4270277362
248515326.7921185791 18432.7868879326
292205255.7328833342 45564.3835010529
258537946.3091025054 26766.4992484676
248606514.5307448804 18779.8585679758
258506393.5851525366 26601.0104179012
256131375.0319154859 25272.7660627704
255640669.9030677974 24959.6615705829
296415727.8438107967 47508.5084075928
248540109.7794798017 18441.2403891314
255355699.2235674858 24627.2016367842
254430485.5976605117 23966.8734547819
264715297.5327414870 30615.7149486542
264311500.8513617516 30345.6426844597
264702533.2336516082 30361.6299180984
265328448.4254547060 31132.8704929352
265151742.0132765472 30773.8650646210
265783967.1993548274 31173.1382198334
263572618.1424421668 29083.2240834753
264117587.5553376079 29344.8858902454
265166618.6480858624 30844.9488430023
265024031.1293370724 30767.9794254303
265281264.6855165064 30847.5620365143
265866845.4939031005 31297.5560474396
263777305.8611771464 29268.7560577393
264034744.3156319261 29316.9177355766
266867052.9478156865 31566.0099487305
