647611629.6626797915 20781594.4296875000
647210852.0034638643 20778940.1953125000
646758762.6194177866 20755231.1132812500
654379035.4637193680 20963666.7460937500
647985942.2651853561 20836146.6757812500
657112242.2465906143 20993216.8593750000
658384400.3623856306 21013031.1953125000
650669865.5164610147 20899998.0742187500
658349714.0796345472 21011674.9062500000
658728051.9329552650 21017001.1875000000
649029743.0554585457 20864990.1328125000
652773383.7228785753 20937692.1367187500
657010841.5494322777 20992897.6054687500
656479296.4515856504 20988837.1289062500
657242118.1647732258 21003318.1914062500
651406395.3315457106 20920247.3359375000
659827628.8879842758 21026585.1562500000
654502647.0991531610 20968354.9414062500
661765637.0044844151 21033347.3554687500
650442398.1696569920 20896818.9804687500
655666581.8550609350 20976284.6015625000
648845576.6919436455 20854864.9296875000
657997196.2968400717 21005051.6914062500
648348879.9924467802 20841195.8437500000
648630087.7227385044 20848041.1875000000
652432055.7198302746 20933249.9804687500
656106379.7102782726 20982753.8554687500
649245410.5141541958 20874790.1289062500
651217793.7923127413 20914749.0937500000
653899603.3273249865 20959352.6171875000
653647004.5199736357 20954033.2109375000
655707042.6098098755 20977785.5820312500
662771990.6459586620 21039496.2851562500
649145936.3540734053 20866074.8007812500
646971168.5008714199 20770400.1953125000
648695591.7615280151 20851663.8750000000
649619431.4400955439 20877979.8671875000
648739288.4217727184 20854797.5781250000
647720225.4527020454 20812471.7851562500
651827677.7700370550 20928294.1601562500
655097206.4968560934 20971655.8398437500
661783090.4865847826 21033351.3085937500
651127472.4262758493 20909002.1562500000
651991869.1043355465 20929323.9257812500
652334652.6887559891 20930211.3515625000
662133026.2059392929 21035687.9023437500
652710556.7599242926 20936696.7773437500
659526754.6364080906 21020737.4218750000
658384400.3623859882 21013163.9062500000
658019006.2464725971 21010750.3437500000
653180654.3424606323 20946687.6289062500
657205212.1691089869 20998701.0078125000
655764710.2160434723 20980238.5585937500
656504730.4549756050 20990810.8164062500
658588633.0419892073 21016169.3203125000
651560215.2617244720 20923148.3359375000
646697830.3459666967 20754081.1171875000
650195839.9581378698 20890871.0156250000
652794151.9159790277 20940124.7031250000
648915800.9870171547 20854893.7343750000
649826706.0094171762 20884883.5937500000
652649671.9620671272 20933584.3398437500
651141870.9567552805 20914096.3437500000
649702407.4601705074 20884448.6718750000
656850851.4963010550 20991875.5273437500
653238918.8062059879 20951732.7773437500
650723651.8403241634 20908313.4960937500
654960549.6185472012 20970234.1093750000
654907746.6253955364 20968913.1953125000
655792673.9969227314 20980482.2851562500
648405772.3223662376 20843460.9843750000
659796096.3145605326 21021485.0781250000
663156701.1008858681 21041354.6835937500
662550883.3940813541 21038512.7460937500
655559905.3794118166 20976277.8007812500
656355092.5047361851 20985507.3632812500
654248577.9493335485 20959879.2226562500
662550883.3940813541 21038511.5429687500
653781802.6994545460 20955022.1796875000
658974365.6391133070 21017506.4609375000
648931052.8180401325 20855446.0742187500
660985031.9677317142 21032096.4179687500
658512710.2064311504 21015470.4296875000
657191631.6923890114 20994299.9804687500
659092374.9821397066 21019340.5234375000
646758762.6194177866 20755232.7773437500
652909668.6806243658 20943686.4765625000
659438660.0874917507 21020271.0625000000
653176664.7840917110 20945005.0156250000
649026180.0698354244 20864899.9570312500
655551645.9923338890 20971720.6250000000
648493527.7518988848 20847667.0117187500
650073369.4761278629 20890496.2851562500
650660932.6583592892 20898626.7500000000
659814782.2778849602 21021517.8554687500
649982224.8858240843 20887233.7226562500
649593214.5569778681 20875185.7617187500
648967930.1042712927 20861130.2070312500
663177148.6540654898 21042725.4257812500
650337060.0714446306 20890990.6210937500
649435549.9598147869 20875006.5390625000
649698850.9168543816 20878330.2539062500
