223544222.3663713336 18806.2282628417
223563158.4276520610 18824.8387900258
223698246.3852803707 20214.3546140159
223948168.6068639457 21658.1532555819
223768458.8267800808 20593.9252716566
224758483.4852736592 23812.0790797882
270753718.6652404070 50112.1165313721
223747780.4663184583 20557.8391078115
223419026.5969597697 16021.6170640290
223486037.8782190382 17735.1761098802
223419026.5969597697 16021.0099168122
223419026.5969597697 16021.5973954499
223419026.5969597995 16021.6336579621
223434412.6917187572 16692.4934790432
223517333.4161738157 18423.4546603262
223434412.6917187274 16692.4793494046
223450166.5761361420 17055.1083012521
223472711.4793911576 17401.7644201219
223434412.6917187572 16692.4945471585
223434412.6917187274 16691.8916724026
269915382.6537485123 49747.2209167480
223427764.2686179578 16363.8600905240
223450166.5761361420 17054.5107060373
223672909.6946697831 19924.6028076410
223817928.1657581627 20937.2985276282
223544222.3663713336 18806.2426671386
223579175.3654713631 19175.3745151758
223817928.1657581627 20937.2388657629
265336183.3255158365 47468.6710970998
223571399.2198496461 18828.0432859361
223772331.1775144935 20605.8799394667
223463492.9749640226 17388.5199910104
223544222.3663712740 18806.2260350585
223817928.1657581627 20935.6967515051
223795074.8474696279 20635.3408241272
223486037.8782190382 17735.7737050951
223572255.4930323958 19148.0755283202
223598111.4267520905 19194.5815694595
223738759.0222642124 20557.8247035146
223925687.5182870924 21353.1025596261
223579175.3654713631 19174.7824436426
223517333.4161738157 18421.8944796622
223647902.2692767382 19829.6667971611
223486037.8782190382 17735.7650991380
223517333.4161738157 18422.4887789786
223672119.7402812839 19861.4503454268
223539531.6207085252 18501.2675710618
223604512.0560819507 19464.5342500175
223604512.0560819507 19464.5320222343
223575303.0147369206 19163.4220751489
223513461.0654394031 18411.4999925161
223532573.8700152040 18446.3458386923
223663098.2962270379 19859.8901647627
223693563.9995804131 20161.2142012715
223647902.2692767382 19830.2908511162
223540350.0156368613 18794.2735950316
223500706.2708740234 18120.7587224508
223640289.8842118979 19828.7306704521
223434412.6917187572 16692.5102026761
223540350.0156369209 18794.2879993285
223535659.2699741125 18489.3129032517
223867243.0060851276 21278.8711054921
224584733.9878445566 23162.6917680204
223434412.6917187572 16692.4879248440
223472711.4793911576 17401.7558141649
223620102.2869211137 19528.2127948999
223685951.6145155728 20160.8547957540
223437764.3903146982 16694.6251132786
223504578.6216084361 18132.1190909445
223494197.9842337966 18041.3231772482
223579175.3654713631 19175.3767429590
223504578.6216084361 18132.7133902609
223685951.6145155728 20160.8245223165
223480871.5854059458 17706.7354620993
223539531.6207085252 18501.8618703783
223595809.1945904493 19175.3911472559
223494197.9842337966 18041.3423422873
223494197.9842337966 18040.7447470725
223504578.6216084361 18132.7111624777
225127366.4000350237 24097.6922763698
223450166.5761361420 17055.0996952951
223480871.5854059458 17707.3138922751
223494197.9842337966 18041.3337363303
226552668.5838643312 25383.5431239658
223450166.5761361718 17055.1249943674
223463492.9749640226 17389.1175862253
223480871.5854059458 17707.3244513571
223480871.5854059458 17707.3330573142
223446785.8343689442 16694.6450412571
223453518.2747321129 17057.2432313859
223453518.2747321129 17056.6511598527
223802796.8808678687 20907.3760035634
223685951.6145155728 20160.8403914571
224863825.3376102448 23830.9292804413
270379723.6813878417 50021.4687194824
223463492.9749640226 17389.1089802682
223446785.8343689442 16694.6553256810
223446785.8343689442 16694.6283786595
223476063.1779871583 17433.3551698625
223620102.2869211435 19528.5546222925
224370534.7933442891 22802.7209975421
223620102.2869211435 19529.1786762476
223685951.6145155728 20160.2460921407
223872944.5803075731 21287.3624009192
223863943.1509695649 21006.3914835453
252434477.9506832659 41029.8066053241
263796156.5567044318 46385.8462736905
223462539.7187863588 17057.2454591691
223656742.5731705725 19859.7282165885
223940095.1963586509 21356.8137168884
224009270.8991002738 21670.9381887317
223872944.5803075135 21287.2985276282
223802796.8808678687 20906.2358668447
223802796.8808678687 20908.3592494130
226052689.8840606809 25222.3816756659
223843735.5389625728 20984.6494264901
224368369.2613653839 22696.3352577984
230485818.1639727652 27158.4929371231
224613116.3016217649 23231.6478684843
223948168.6068640053 21659.1808739901
223911528.3206146061 21327.5900128484
270696405.1475983858 50068.6509246826
223872944.5803075135 21285.1918381751
224300387.0939046443 22423.1617547274
225927853.1814521551 24991.7339172416
224141283.4824071825 22076.5117055476
226125293.9101249874 25358.5307922416
225291221.2068426609 24231.4086767845
270753718.6652404070 50109.2297210693
225927853.1814521551 24992.9527587943
223944406.4332731664 21651.6192162335
223944406.4332731068 21651.5858300030
224205685.8552753031 22396.8628830016
224075488.1303863823 22020.3107132018
270731010.8879702687 50103.6468658447
255895849.0605536997 42034.4350081831
223732046.3932277262 20261.7314804196
229967130.3476161659 26848.7583866470
223841380.6211748719 20946.5273520648
257524615.2821199000 43621.7075976990
256888144.4809426367 43296.6055164002
223948168.6068639457 21659.1054345369
223892889.6109364331 21311.9516697824
223940095.1963586509 21356.8775901794
253359618.7126949131 41213.1575708389
223948168.6068639457 21659.1693078279
224075488.1303864419 22028.0787185729
224801929.7195327878 23818.8564416878
224010561.0529528558 21896.5905983746
224075488.1303863823 22021.2628921568
224028976.2571941316 21949.7519016564
224028976.2571941316 21951.9224644005
224196339.7276250422 22309.5426417794
224434159.7253554761 23124.8781731427
224328859.4997547865 22597.6880575828
223794415.5093945563 20609.0532675087
270029327.0552937388 49808.9834899902
223664354.9582354128 19860.6940979362
261183203.6003217995 45230.4746804237
224323216.1100820005 22489.6394316852
262282613.6508326530 46222.2157858163
223693563.9995804131 20161.8062728047
225331884.7793236375 24291.1340634041
255974689.4646955431 42341.1398160458
253468451.4153571427 41872.3117086701
225968984.9314697981 25028.5441560559
270129491.5652859807 49829.1683959961
224620461.4853759706 23775.3146634698
224318841.4481699467 22466.1729628146
259542183.5375559926 44287.5847783238
226011715.2691851258 25031.5428021603
225331884.7793236375 24290.5134808235
224323216.1100820005 22490.2427031696
228892160.3368563056 26032.9656833351
225214565.1879709065 24203.9802829437
224318841.4481700361 22467.4086195529
251979563.4271785021 40849.3807439655
225331884.7793236375 24289.9102093391
260771750.8141724765 44768.0423592627
260676350.2383392155 44766.9608825743
226032328.4259474874 25050.7086257987
224318841.4481699467 22466.7762342989
259903775.6181536317 44604.2725414932
251703777.5054548979 40615.0903730243
253369705.9400970042 41278.7576997988
261460316.3590590358 45917.5096809119
234112536.5952401459 30215.9141911010
264120496.5860464871 46535.9633123875
269883766.1535058618 49408.0006790161
261450040.2085113227 45276.7594549656
224315127.4671633840 22450.1797588766
269057668.1390541792 49238.8700790405
225395384.2903060615 24754.3095645122
258769137.6109352112 43863.1203594953
258836136.1374841332 44051.2623348981
269472166.6018233299 49272.0262374878
268835822.3939890265 49004.0990524292
224870417.4505262673 23836.7205970995
263107750.1222195923 46326.7075141668
262815416.5413501561 46239.5022834539
259193367.9329058230 44217.7571802586
269462362.0997185707 49263.6356430054
232886630.8805216253 28853.6857860200
256528659.3985420465 42440.3731739223
267397132.2375623286 48428.5987243652
268128746.8965355158 48855.8664169312
232769079.8094695807 28301.8458800614
224876474.1293656230 24063.3703864925
225907163.5453000069 24960.4251374940
264240281.8802293241 46580.6241616532
251114497.8173596859 39787.9733376801
225363652.6465261281 24361.1373118870
229506610.7978343666 26759.1879130641
233391690.7296901047 29173.9125225954
260815282.1436490715 44867.3684346192
261106229.6703355014 44892.8164326660
226944177.8371635377 25602.8466479518
228530882.4128359258 25810.7659896130
232040314.4948786199 27290.2113693545
231789457.8814254999 27207.9716512658
232611805.6949270368 27965.2536358335
232119375.6097846031 27604.0277056196
234906879.3632823229 30748.1235841066
234876154.3413735330 30241.4964594170
234892034.1828097701 30267.0273198262
234771141.9533196092 30220.7265134975
234798810.9970289171 30235.1302443072
235664517.1182296276 31455.7030154467
236076580.3279794455 32313.5761419535
235650167.0679310858 31214.8235852867
235685846.4321056306 31960.8427531868
236164390.6841957271 32540.9840694666
235509185.6508437097 31210.0013772249
235867488.6874727309 32149.2562859766
236542958.9262339473 32726.0618938655
236963039.8988455534 32965.8741871193
236963039.8988455534 32968.2406727150
237026646.1816033721 33062.6775446013
237123223.8241991103 33383.3125187233
237059855.6065930426 33130.1334753111
237501873.0973761678 33415.6312123612
237026646.1816033721 33042.5728832558
236977923.6885485053 32976.8280413225
236977923.6885485053 32993.2818188742
236977923.6885485053 32977.2254213169
237612226.1774267852 33732.7864852771
237069596.8126623631 33285.0451557711
237059277.9104983509 33126.7924046591
237403040.0915267467 33409.5273393244
237026646.1816033721 33032.5992046669
237026646.1816033721 33037.3041569069
237026646.1816033721 33031.4550052956
237598490.8480849564 33701.8427570164
239923087.8441996276 34304.3807864189
239437761.3694445789 34210.9471204281
238762041.3444109261 34032.7850453705
238453451.5863706172 33755.2349189371
240502737.9183673561 34542.6454563141
240251415.2120395005 34337.5684063435
240583788.5101550817 34568.9755690098
240303102.4611402452 34359.9997315407
240338542.3618862927 34542.1174106598
240311406.4420665205 34400.8985071182
240810461.6431764066 34580.5055575371
241042154.7488809824 36160.1849184036
240827125.8057613969 35799.1855916977
240827125.8057613969 35801.0388708115
240827125.8057613969 35817.5039386749
242272203.8564278781 36215.9872677326
242272203.8564278781 36234.9575393200
242846272.2322331965 36541.4769966602
242952967.5636176467 36966.0824880600
242846272.2322331965 36554.4310996532
242134578.5228405595 36171.0814070702
242895717.8200151622 36570.5525219440
243525683.5948136449 37133.0777103901
244126137.4355416298 37307.0799694061
244562096.3189581931 37543.8781177998
242485212.7487955689 36534.9997274876
244370071.3457981050 37541.3526906967
242388243.1951309144 36288.7698957920
242921390.0165932178 36572.2366971970
242846272.2322331965 36543.8900368214
244771029.9157050252 37723.8904414177
244991813.2149450183 37793.2194175720
245060977.7077411711 37935.0194563866
243664761.7850653827 37150.1771514416
243407640.2572135925 37058.8432195187
245432762.0815055668 38044.7628662586
244920454.9182454050 37761.7480764389
245602099.0840837657 38067.6198387146
246845347.7767609656 38149.6361458302
246951062.2525099218 38282.6238143444
247140682.4544961751 38433.6174359322
247037094.4235149026 38304.1113209724
247582643.1153577864 38558.4584019184
247236889.6429913938 38521.4935901165
247921594.1705305874 38561.8127036095
248133014.4171494842 38840.3935267925
248145736.3597016931 39473.0375028253
