108086391.2218477875 8563.9950040551
112533652.6898079067 19657.2824096680
108881984.7397082150 12735.6206521988
111758937.7591406256 18751.5201663971
110604814.4467744678 16797.4233629704
113549101.1764365286 20305.8500518799
109879371.4391245246 15224.6361348326
109591118.4048258513 14528.8933206564
108910096.3595809788 12820.3730325699
109848860.1735113710 15193.7501453161
108830376.5805841088 12525.4449410327
111152520.3148540705 17785.6774125025
108533451.1990073472 11225.1915039420
112672965.2658650577 19795.8964233398
109392767.2533024698 14160.1585760713
111228160.9084568173 17969.7587677240
108475947.8122303039 10831.9922389388
110293643.6897552609 16236.5649096663
108802761.5823832303 12448.9200296402
114694865.8812381029 20648.7037506104
109514150.0686162561 14444.3043776155
110680920.5538209081 17087.9532892704
110811342.3220882565 17235.0180475712
108340674.7142268866 10001.3722080262
113047995.5386277586 20091.5485382080
111498661.4245907366 18344.8320170641
112074756.3645582199 19193.8593406677
108761600.5120847821 12207.8743958361
111641390.3168498576 18647.2714576721
108200577.6841929555 9277.1312185200
110933606.2336883843 17457.8083521128
111759016.7700725347 18788.6516189575
111741002.0380157381 18748.6728858948
108620139.6584291458 11542.7620491385
108699619.8104314208 11890.3038506396
111312598.5299359858 18045.8517090082
108214562.1797209382 9330.2906320961
111053445.6495804042 17604.8731104136
109088759.6439808011 13164.8389227092
111470264.2359489501 18339.6138305664
111149423.7712445706 17735.8416100666
110953833.9284144640 17503.4716821909
108415884.6509741694 10539.4302811027
109997700.7888709903 15511.3206905127
111397011.8753580153 18256.3207832575
109677806.8642476350 14836.4284349447
111566884.4845203459 18558.2505531311
109059509.9806742966 13159.2153875530
109375387.7159740180 14140.5892401338
108155697.7749950737 9140.2608136209
110711730.6009223610 17133.6166193485
108637626.4303183258 11848.2540995665
109312987.6126093864 13804.6648122736
110331346.2506016791 16294.6826965809
109701464.6838827580 14838.8922410971
108377612.5646523386 10298.7950680414
110726798.5405413508 17134.7741510868
110664830.9344044179 17049.1024564679
110629966.8296706378 16906.3493196964
112518443.3106177002 19655.5275878906
109502242.3191940486 14405.6472426057
108673953.3923791051 11879.2056679614
111560091.0695967972 18468.6323585510
111632375.0038719624 18570.0337867737
112273084.8063227832 19423.7927093506
108760641.8518008739 12196.7762131579
109930605.1988534033 15318.0290665925
110084389.2482927740 15801.8506168127
110183160.1766201705 15916.5542924101
109783798.5899892151 15102.1356272101
109893523.3198996782 15236.2662585974
111498898.7105236501 18378.8178230524
110795252.7026718557 17196.1672147686
111324781.1570282578 18188.3954902887
110428416.0045209080 16503.0059655905
110910416.9873619825 17415.8223496601
112010565.0740133822 19066.2434310913
111093172.2303114980 17658.8292293549
108367896.2916730493 10268.1138376752
109779680.2520114928 15100.0676888824
109935548.6329331398 15484.2800716162
108719956.6754454970 12160.3629026301
110695640.9815059304 17094.7657865460
109006882.3214726001 12922.9497662041
111910953.3528474420 18964.8420028687
108485390.1725365520 11034.2533630729
108418134.9718777537 10786.2242302299
108873351.5295806080 12538.1014261246
110099457.1879117787 15803.0081485510
111399286.9893576950 18277.4163948298
110588724.8273580074 16758.5725301678
111010028.7085279077 17517.2237778828
108186793.6854264289 9170.9420439871
110826410.2617072761 17236.1755793095
111858628.4912384599 18890.0530471802
110878444.8102174848 17318.7444824893
109913264.7397208661 15276.3909534216
111516913.4425804466 18418.7965561152
112435538.3414894789 19565.8691253662
112128191.5272361487 19207.6235923767
114721683.8910700083 20663.7771148682
111898329.3461297154 18928.2957229614
112180564.2419365197 19294.7930717468
109103483.8891856521 13225.4181211777
108612865.8963408768 11486.9508286715
111836447.5205180496 18875.8210983276
111068513.5891993642 17606.0306421518
108249083.5258730650 9332.6726588877
109469070.1502449512 14366.7618361115
111424392.8781941682 18289.7969185114
112372696.5274887234 19525.1941375732
113837366.3705565929 20367.2246856689
112039162.1584455818 19106.2221641541
111660671.3870142698 18659.6519813538
109428897.3584125638 14174.4842291474
111229806.6604467630 17972.2263733149
111199475.7815555185 17907.1921405792
109464890.4863627553 14196.6005926728
114679133.0046012402 20633.6475067139
112407434.1899153441 19528.7872619629
111025096.6481469274 17518.3813096210
112412397.3823799491 19563.4368133545
108799774.0384855866 12212.6474202760
109437407.5395129472 14177.2733832002
108697512.0261785686 11880.6880398096
108563599.6778282821 11471.3393545039
113668542.7019990832 20365.7289276123
110117150.6886187494 15863.3579739928
111269507.5153379440 18010.4690490961
112220265.0968277305 19333.0357475281
111263008.1198227555 17997.5493294001
111100311.2196174860 17694.7733497415
113400340.0013372749 20204.4486236572
109473136.8549870998 14387.7602797151
111464093.7330853939 18328.0395942926
111511610.8428300619 18380.3241119385
114330869.7654067427 20499.2303314209
111936059.2416839451 18977.2225265503
114025331.9703408033 20479.2684478760
109134299.7976346016 13256.6792784333
112546739.6937600374 19745.1457824707
110017165.1483618766 15546.9449605346
112360663.6571130008 19430.3643913269
110271109.2809811532 16132.0906290412
112352153.4760125875 19427.5752372742
112213765.7013125420 19320.1160278320
110041158.8590539843 15724.3505259628
110873927.3714519739 17288.4600969553
110165552.4320242405 15915.9215120673
109949297.5562130213 15485.4376033545
108788042.4414902031 12210.7219224276
112618055.0317836255 19756.9290161133
111627272.4389413446 18561.3780097961
111740934.7230041027 18701.4877815247
113519781.5268998891 20264.3274993896
110979484.2204088271 17504.6292139292
111819404.7244935334 18791.7790756226
110132218.6282377243 15864.5155057311
111706197.0605774969 18697.8946571350
112622257.0330133438 19773.6578674316
109568435.9169856310 14479.1031447053
110631824.0439598113 16918.6050341129
111106451.4121624380 17726.8383718729
108743515.3092449903 12161.8452744783
109161261.5256344527 13466.0512762666
112255002.7592543662 19336.6288719177
108282214.7088816166 9885.1892856630
113919121.6817104071 20385.6012725830
108375506.0028563738 10270.0661052736
108487897.1430368721 11075.0874488652
114146477.9777667075 20493.7998199463
113497486.5562041402 20209.3064727783
108514124.0168028474 11128.6666686833
109355765.1176601648 13873.2554189631
112806517.0617741048 19895.5430297852
111217493.5972295552 17939.9077697992
115672971.9610515684 20801.3701629639
108195339.2525985241 9174.0445384653
112002140.3442180157 19032.3115310669
109330073.4688773155 13831.0341244340
109352994.2074462473 13857.3218557307
114524826.7026004642 20613.5795440674
111969260.7010599375 19002.5454826355
109274189.1430999935 13749.5337485671
109131946.5059582740 13239.2366319299
110784849.5482280552 17135.1125376225
113576518.1789381653 20351.5133819580
110336571.6490470022 16299.2821954936
108291725.0322220027 9952.4955600770
112657755.8866748512 19794.1416015625
111252013.5361681581 17995.2030737400
111168808.9860496223 17893.8016455173
113245006.9107811898 20165.7402801514
111975760.0965751559 19015.4652023315
115452731.6198979467 20794.3684234619
112447135.0448065549 19567.0299377441
110292978.5519166142 16210.4615830630
110597657.9879972786 16791.8176805973
114067882.8568096012 20487.0027008057
108273749.0929106474 9707.1418575319
108472095.9389866441 10796.7704704106
114486801.6609102637 20592.7374420166
109216673.8039286882 13573.3472148844
108971141.1234536767 12821.0315611064
112748189.9693626910 19846.9524536133
109201464.4247385114 13535.8826170564
108262021.9131274223 9638.9392818483
109111424.7704395354 13233.9710264802
112727990.3304673582 19846.2122650146
112693252.6680407226 19842.6191406250
112857369.9363658428 19928.9532318115
109300459.6775143743 13768.2031622529
109577110.8050204068 14523.1924064048
111457594.3375701755 18315.1198745966
110150154.4266942143 15867.7299159612
112175709.2108209878 19269.0271606445
112705812.0840541869 19846.0947875977
109597061.4215721190 14558.9873367548
109155259.8358188719 13374.3685171306
113299944.2121031731 20170.0735931396
109163677.4350964427 13500.0286932588
108983559.9516667426 12919.5832616575
110000047.2700566947 15521.3010507114
111210994.2017143071 17926.9880501032
112161751.7832041234 19249.5547485352
111305858.6238036752 18013.5413490534
109114110.1328678876 13236.7601805329
112068950.3741111010 19109.5522689819
115042868.2309550941 20738.2331390381
112322867.9368351251 19427.1228141785
110360044.3882739097 16337.1493219311
108256126.2227016091 9634.6217769654
114389067.1966946572 20561.4587249756
112753925.3879231960 19859.0037918091
108562635.8688573241 11276.8151252568
108390933.8153313696 10463.5686802864
111053108.0668597519 17554.5589863062
109146165.7216907740 13261.8412657380
112544491.4929415137 19741.2177124023
109716474.4262411445 14861.8143326044
108346239.5192373097 10215.5395474434
112434575.6287930906 19563.5542907715
109772467.8189559132 14948.7880096324
109771264.1841003001 14930.3873443492
108532055.8436840773 11131.6178764999
113874507.5163221210 20385.5132598877
108976819.5224550515 12862.7403928936
110402692.1493760496 16457.4958591039
109828912.1852629632 15160.6238136180
108979218.2208912075 12905.1019956768
109756407.2979666293 14929.2186736949
114965419.3314398527 20683.0586700439
109051635.4775760919 13125.7614385784
109992285.8893989921 15510.9274850376
110474298.7543901652 16599.2274150426
110614862.6020388305 16865.8818771268
110183840.5458571464 16024.0237167478
109716146.2076905966 14861.2643165477
110597278.3671234995 16775.0664043004
110514073.8170050234 16673.6649760778
110310925.0502541363 16248.9237436230
109035662.5871982425 13116.9377996624
109022798.0314119160 13047.7775823772
111145840.8281892836 17729.1387443338
110001250.9049123079 15539.7017159946
109819947.1697496325 15131.8495826609
108249592.7771795988 9554.9683898957
108351517.4498506486 10245.5755734444
110391875.9094831198 16385.2300433690
110230353.4297266603 16078.4179567273
110400204.0343557149 16448.7847495495
110246743.9419334233 16097.0943763852
110320870.6130519956 16268.6893661618
110225175.0171572715 16036.9726270611
110469800.1490371525 16510.4784921582
110846702.7511053681 17239.0174437116
110483263.7699035108 16628.0016459997
109818743.5348939747 15113.4489173777
110855667.7666186541 17267.7916746686
109703395.8295041174 14847.6454853304
110596135.7706315815 16767.4415048535
110473596.2117151320 16511.0750789220
110539406.4131850749 16681.8841037328
110032051.7211682051 15596.3797860630
109827708.5504073054 15142.2231483348
110574748.4655476063 16718.8971037014
112934571.7161518335 20062.5840301514
110023086.7056548744 15567.6055551060
111046822.0245023072 17542.2830543313
109756222.9005447328 14920.1874470003
113511044.6859449297 20254.7611846924
109859713.0015188307 15217.3018836863
111031453.6039811671 17537.7824699308
110790918.4510100186 17137.6160154889
109738956.9453935772 14894.9055518992
114371123.0724269301 20542.5033416748
109934031.2354784310 15363.5192839894
109729991.9298802316 14866.1313209422
109894798.1027379185 15262.5036166906
113391374.9858239740 20175.6743927002
