360791606.5872517228 7922.4628139548
360725044.9125885367 7130.2917835653
360722355.5616581440 6966.1305723302
405419748.9318756461 38287.5791810462
427425019.2296050787 50445.8286959529
360681988.4706895947 6482.6796840135
443222418.5913196802 56080.4818267822
360706944.8506245613 6950.3955462876
360677147.4751544595 6449.7001430929
382498020.8381885290 23743.3678532648
360683438.2887192965 6758.8387806356
360695008.0964954495 6833.2370019366
360688279.2842544913 6791.8183215562
360701603.3753377795 6872.8699006442
360672330.4660264254 6126.2441766689
362651653.9840142727 13382.8936469133
361094875.5655361414 10031.9467278982
443576711.8223558664 56159.8084564209
361729053.4062727690 11963.7319640706
360734025.4583225250 7329.6684007052
360905791.5404371023 8917.1509485955
406920804.7080395222 39012.9304624507
360725922.8615816236 7244.9686842076
360662112.7041555047 5765.5536072195
432735112.3709300756 52346.9604110420
361480054.7263743281 11563.6080765391
402431723.7303873897 36864.6510230495
360949371.0220260620 9093.4461166038
360789893.5910561681 7789.5382341207
360757653.7474881411 7683.3303371482
409071060.4506670833 39998.7368440777
360820732.3851496577 8072.3935798816
361923551.6584651470 12308.7988965537
398949477.9487115741 34825.0019952140
406668488.9218109250 38982.0547692487
361750241.6019221544 11979.1441788340
361704816.2031315565 11935.0610794688
410651180.0557979941 40872.4525739998
399943331.1739640832 35575.9786602720
417689298.5301681161 44799.7220376967
360776435.7335812449 7700.9405769520
433373155.5749140382 53172.4171056747
407225189.6171947718 39034.0339117954
407756122.8492988348 39259.0177985141
360834246.5318780541 8120.3915019571
360762853.0021585226 7691.1501886360
360695099.1983731985 6865.0500491563
361187670.7478399873 10477.8278657461
365285548.0160013437 15537.8054955904
362919847.5218117833 13754.8711804709
421930928.7834395766 46660.6742960811
441749154.7807054520 55687.1267700195
381614099.1941207647 22948.4124707193
381255067.2337675691 22599.6646402322
360692689.4691523314 6832.0705082357
375299149.9682304859 17921.2321992101
375101108.7039318681 17911.7075829687
360715456.1377489567 6958.8611784093
360713516.5872080326 6958.2153977755
361006971.5486476421 9362.3902544371
361029099.2896682620 9567.5239498133
360945918.8029496670 9090.3394843711
379942560.8913604617 21818.9749643519
360902339.3213607073 8914.0443163628
378702429.0563750267 20722.2427887819
443102874.1906877160 56067.5158691406
361144724.6124717593 10156.0829044005
399371215.1176138520 35044.0159222712
416793418.6089195609 43900.1753876596
361125386.0212611556 10106.3748628164
364901299.3689711094 15536.5458103125
365067754.7934686542 15536.5714346557
436456073.8101980090 53930.2823324203
401305108.4442123771 36446.9105110630
364385607.4577417970 14942.3899807534
364652632.2498895526 15165.0928073828
393353430.8922765255 30379.7875692371
361010583.0155715942 9555.2048532481
360887486.5028977990 8784.8304224724
363294137.1704657674 13938.8119999815
414763925.6673349142 43136.3899024962
414770257.8764957190 43219.9013160705
371881323.9797217250 17002.7813788359
360912467.0967093706 9031.4704315180
360984591.4015424848 9316.0723764414
361050069.5360350013 9704.4318940622
409146073.2158306241 40137.7949340194
360998091.3994569182 9343.1828354018
389127249.2336510420 28775.7478022217
388743534.8942762017 28442.2694142103
360861494.8888686895 8545.6979456658
382543828.7476985455 23891.6557522822
438815106.3677858114 54810.8171844482
438909765.0702633262 54949.8961639404
364356933.5449989438 14903.4381067828
443047132.4518762827 55909.2977523804
442920859.6135134697 55855.2937927246
429895532.7731416225 51753.0799530745
426504499.5513079762 49470.9947917238
364634276.1062325835 15133.9813915198
435330785.3942161798 53905.9092187881
442792095.0025181770 55760.8950271606
407796009.3980955482 39374.4763459442
364577932.6695639491 15112.7649759321
402896410.2910190821 37398.9533547699
402832364.5721901655 37151.5416573822
361699246.4575317502 11886.8565925218
364802237.5363403559 15484.2162713683
380978884.6302161217 22517.8856995545
360873271.6918251514 8660.0174285884
360855981.2567762136 8494.4289986307
364775396.0226764679 15380.8847589171
364480565.2085486650 15112.7632684386
376005165.0052838326 19437.7916425888
361522168.5799690485 11569.5662933371
430905793.9022756219 51758.4263199642
390205930.0926643610 28800.7147147651
398207312.4451573491 34569.6993744463
441675308.4403277636 55650.1754608154
361134249.9748558998 10144.6720731223
360731122.1162520051 7252.7885356955
384640832.1750512123 24553.9639815103
364708871.1866917014 15250.1960229552
361555742.7419692278 11637.6473266156
361561474.1759258509 11651.7377131365
361201721.5200556517 10516.1250760520
387655253.6412795782 27410.1377998371
405340069.5816945434 37930.7015613029
405169738.0311776996 37857.3995288322
390269256.9936821461 29419.2565399432
360870725.3776461482 8586.7857009883
401522518.6283018589 36520.3127650559
400266335.8836121559 35577.8903262510
401474779.2762024403 36448.3157966062
360853434.9425972104 8421.1972710306
364234298.6236688495 14571.9411401427
361232648.3234491348 10554.9228094600
410783631.3756202459 40994.0935928673
399725039.0983961821 35112.0447195859
418275802.6886541843 45508.4183538482
418524529.7161458731 45630.2792776152
431846181.6393998861 52330.3784003258
361339757.2802913189 10924.0115582671
361416646.2547720671 11175.0821586631
361354085.3867998719 11112.7677932761
361208675.1729111075 10516.1323886842
426007884.0188255906 48832.1692722384
425520526.8464189172 48612.1102054659
381715546.6457551122 23185.1125634156
381265090.5944116712 22810.0393441163
381338469.1411486864 22883.9810778957
368907202.1632699370 16024.1886965418
361130956.4742983580 10110.1138536498
364238015.8416915536 14803.1949777282
361127205.3976239562 10107.7743953980
380773164.1316915154 22384.5562470399
361689588.8034978509 11855.6737991355
361156805.7581290603 10283.3358318324
360842764.6105892658 8360.5058861612
400959651.5430968404 35905.2004484104
431156149.7495373487 52126.7017607689
386698699.1263109446 26865.8160482499
363535803.3690360785 13960.2193990437
395889788.5899309516 32093.5297448689
424482122.0937578678 47766.7245420013
424583400.0912657380 47976.8416074309
419952622.1348469853 45731.6387250721
361413030.9813259244 11153.0838436242
363731470.5383173227 14201.2373630679
362049979.4284447432 12383.3825942767
437918916.8117927909 54474.3642663956
385052084.2070639133 25007.2580136899
361065994.3684871793 9736.3213924683
399130786.8930556178 35014.7365533426
422269168.9754338264 47114.8183545861
360850305.2409384251 8368.8682646865
398124990.2089987993 34374.1855195528
397442220.6779475808 33814.9870003872
360789522.3818833828 7739.5014445297
360826634.3419218063 8098.4107745560
394530217.6215109825 31551.7358823061
377538870.5930597186 19767.9199687780
382950525.4970450401 24000.3609524775
381595309.5957374573 22926.3861538172
433084500.2982530594 52629.5706553459
417533834.6836636066 44045.6990763932
408804639.5765163898 39744.4623442530
408948595.8552392125 39918.0644789576
393478779.7425588369 30711.9288582595
360748512.9257367253 7551.0098110251
420549638.8514061570 45813.9040379841
360798383.6455460191 7933.1315407269
380344504.4651774168 22220.9204404019
384557111.5508791804 24461.7252495289
384210790.0351331234 24329.0409080982
428645281.9179561138 50654.4443692025
377778494.2831705809 20680.8120407365
381213671.2086061239 22538.2800677866
367973120.5185507536 15729.6663701622
387069122.4827714562 27059.3577731848
386511032.1530864835 26683.8787692785
410508385.3649638891 40859.7784456552
410206891.1985882521 40583.1476426662
360841798.4968551397 8315.9967313050
361429461.8196558356 11227.6921922885
407744024.2327796221 39232.1129011819
407605606.0813171268 39178.1040044734
397994845.9924110174 34105.0937972800
397430153.7923474312 33714.8898118423
419715799.3436987996 45674.0510957763
404118837.2729250789 37594.7190598786
393924567.8748233318 30935.7680848935
377682678.9210894704 20510.0747549896
394390341.4065814018 30936.6466405392
396293799.7817839980 32679.8014450984
364317729.4155511260 14833.2483417038
364121792.0568803549 14461.6518335021
371870309.1136471033 16728.3334694438
371218010.3090479970 16495.3860168986
376412704.4874573946 19524.8738434743
375964693.2837866545 19185.3053620290
373995882.7192314267 17760.7234963600
393007062.2371922135 29916.8062745631
387967367.4679257274 27736.2614591157
420643496.5496711731 46319.7710381839
385362674.1162420511 25161.1757049207
403186622.2367197871 37540.0830451497
372495879.6579524279 17091.7576995874
427057041.6115142703 49695.5951759731
379090778.6764206290 21463.4391754331
381837304.8285002708 23486.4969478795
381672151.5746549964 23141.4924465367
408670538.5770276189 39634.5925868541
391462985.7188316584 29723.1902555832
397692741.0620623231 33877.3247842006
364108649.1243503094 14391.5135965026
400275272.7210444808 35867.0869745934
362970203.7573257089 13774.3405538383
410538589.1894884706 40861.9117019936
412235239.7691781521 41734.1262195870
375306669.4204470515 18669.1724048397
362762462.2328863740 13402.8875509086
370723563.0082058907 16117.8523059011
363087910.2446761727 13774.6113508563
387579236.8528025150 27078.8571444617
362190118.6269470453 12774.7215142953
362787042.3187447786 13635.2432868889
362610170.6526982784 13263.7902839592
414713422.3092657924 42722.7574287183
362083213.4091398716 12491.6256556920
370859120.4914050102 16250.9824975547
385940325.5379956365 25801.9071310954
395707706.2605072856 31959.9713465569
385360421.0439803600 25141.1410631051
385882516.7916850448 25779.4288416846
395510328.0239367485 31903.9134892920
395258901.0929399729 31755.9668320367
385813300.3877832890 25747.5998007895
363652497.4544819593 14099.4370551012
361652547.1952344179 11767.1637790612
373760689.8599742651 17291.8888231663
364076517.1372494102 14243.1328229583
379197082.2501839995 21623.7083464019
407997365.6253774762 39437.5752559524
408383659.9651471376 39565.4211574416
406520742.9536983967 38311.2922135543
397884403.6819445491 33880.5055465761
362766172.2874551415 13402.9277425590
414039585.9435701370 41806.1510025742
388134076.5050050616 28113.0375150329
403842400.6845288873 37549.4436455048
362774503.0940757394 13507.0367374006
387678007.0807799101 27598.4947742687
371478844.0203871727 16552.6617621594
370732682.3235021234 16181.2087592297
361451040.1722842455 11283.4700526489
414325561.7178462148 42169.7966240831
414157234.8669070601 42007.3416222520
396199995.0886108875 32541.8905360015
362060842.8096898794 12487.8644979409
385598751.1882205009 25542.8808793693
380755339.7088683844 22255.7741804837
395821142.3207187057 32083.8997020988
384665107.9189924598 24773.6420418533
361834563.9579811096 12172.3506124428
377309958.1815812588 19558.7286039786
378974457.3750609756 21128.2386060889
363134485.0396723747 13817.0528163495
362253830.4651180506 12809.0681997049
362452743.7158048749 12865.5164485383
362384275.6809256673 12818.8955746400
362342220.6052408814 12816.8880511927
362419725.3503040671 12821.3030719268
362554835.8394798040 13158.2138523316
362748797.2284380794 13402.4621997285
362871775.8635709882 13693.9923952600
373020592.2625974417 17217.2990563916
372854057.4321092963 17129.2739455608
362526645.6386688352 12986.8493694914
384152104.5224285722 24027.5754270349
