51140099.9444664121 362405.5318915546
51059167.4435220510 356926.0506026447
50682084.7190872505 310208.3842697740
50705800.2938509732 312028.5538893342
51088748.8202717155 358103.6738445759
50691418.2294863164 311259.0217209458
54444838.1340361238 438862.3851318359
52446591.9175117910 409621.2545089722
50969126.3718478382 349165.3880169392
51068745.1817051768 357718.8734295368
51066104.2429468632 357191.8042089343
72378107.4311715811 482671.6191406250
53286492.6235305294 421935.5729980469
52096331.1980023384 401080.9558792114
50604928.5806644261 291711.6306180838
51400793.8216912523 376600.0972177386
50948192.7279457301 347603.4538491368
51481713.1509396881 379487.0222555995
50709226.9380256906 314406.0020685080
50979313.1086876988 349575.7436849475
51391808.4428710043 375284.1052759513
50913032.7214015648 342191.0774549097
51746005.2163503543 387944.2080535889
50797460.7729587555 328923.4637695435
51504835.4839584678 380762.8409959674
50990964.9056431949 349966.2626616657
51085356.3135721609 357783.6496707201
51437368.3602584600 377983.4560423791
72951727.4546835423 484767.2182617188
50894444.1250212491 341534.8048719019
72920668.7353353351 484400.5288085938
51280493.8969461024 370142.5864117742
50673335.5653014779 308691.0845236704
50686259.2717880532 310564.5954641923
50753264.7187828720 319547.7912304401
51157992.0267475545 362926.3052331805
53114045.0677904785 419319.1109390259
51277953.2181350887 370142.2126071155
50781694.1474862844 325895.9833685979
51501992.1839319766 380556.0449400842
50725640.4296308681 317333.2260465026
51294568.6582175344 370529.5700543523
51285651.1675360501 370407.9662134051
52541218.8078856617 411729.0669162273
51179539.9766874686 363701.3000952601
51688566.6147325560 387187.0321960449
51897684.6124038249 394095.4713439941
50802405.6359575391 329797.0113235894
50932875.5527703315 345100.3013969841
51266641.9593283162 369156.4643266201
51479153.6988002434 379486.5467963815
51712168.9406214952 387633.8735122681
53504648.9196202606 427315.9746093750
50829615.7736714557 333563.5839926600
54733113.6807089001 443743.7019042969
50869399.1107942909 339827.8948377222
50985416.8477676958 349785.0822516680
50810190.7358292416 331605.3637143299
50906623.2306162566 342009.5232402533
50904222.3129239753 341896.0999162644
52146834.1538097262 401747.2942504883
51128027.5356834829 361419.7836110592
53937152.6707951501 432860.4442138672
50731290.4112952352 318138.5394644663
52506005.8803622201 410314.6761245728
51124324.7142957598 361351.3591062427
50714171.8010244742 315279.5496225539
51044528.2189540863 355722.2996747494
51174754.1755276322 363664.4344899654
50716422.3096839935 315486.2951503876
50861867.0354905948 339133.0947763100
50835538.1632627770 333702.0089971423
54593818.0593455657 439863.8563232422
50763714.1043057144 323036.6197220269
50733925.3836790100 318322.1462454423
51390028.9140361249 375283.7314712927
50737014.6607623696 318892.7878342271
53440259.5964520052 426123.8681640625
50680311.1796132922 310025.1512934566
51297410.0466954559 370597.6207545102
50965288.8051985353 349007.8090941310
52072728.8721134067 400634.1145629883
52062238.5118891820 398975.2803273797
51347244.1161750779 372213.4673930407
50678054.6587425992 309428.8207268715
51622918.3020632267 385147.3357467651
50641842.6184217930 302481.1939417720
53849822.9045618251 432049.9938964844
50651570.1721800417 303531.8313929439
51972066.6197252050 395435.9345092773
51358000.8863576576 373604.6058932245
50598210.6524410918 284637.0023058876
53028456.1161006764 417623.3763237000
51958089.1805940568 395177.8901115060
51569714.6428980529 383648.2290526330
53483487.1343035549 427243.1282958984
50693715.8268474340 311288.5715103745
50808011.2553744838 330830.4360606298
51387607.1728017107 374607.9612304792
50666939.5411794931 307540.9934530440
50876102.6923425347 340200.1553298011
51333952.1299544722 371917.5939612389
52900953.9137708619 417190.6036710739
50621378.3253518790 294077.0476602614
52037637.1006037667 398823.4087758958
50621395.9188042879 299209.6868338692
50597255.1920487508 284526.0238547432
50601287.8961807638 285428.1198805794
50902925.9667520300 341886.0126421303
55473352.5849001408 448969.7897949219
53043121.3375823498 417874.5145034790
50601118.9018171504 285353.2056994992
51368956.1692139879 373859.6256285608
52428947.0905715153 409461.1580581665
51883375.7700458840 393346.9904304147
51201819.4415070415 365037.1664130390
50938444.8418121785 346117.9100176916
72436077.6505267769 483660.6523437500
73204039.4192474484 485913.4291992188
53536967.7663590610 428210.5985107422
51028161.3573257029 354507.7959988043
50950270.6062950790 347647.6629706621
51995668.9456141442 395882.7758255005
51112009.1998262107 358768.9421953559
51259705.1599034965 368890.7107203305
51271427.7604881525 369193.3299319148
51842035.2770671323 391953.4144363403
51293707.2253077254 370529.1962496936
53022792.8149709255 417325.1019158363
50660453.4731461108 303849.5635687411
53668629.4210253805 431721.0812988281
72846147.9517072439 483998.0996093750
60097263.2655012459 451247.5577392578
52898228.0257618129 415898.7824478149
51849186.1698501408 392602.9106216431
55141281.7475944608 447249.2758789062
54687806.6684417352 442629.0708007812
53204005.5890634581 419897.4534912109
50663874.3581953645 304063.5308029652
52877010.0275647640 415126.9983901978
52717305.8142090291 413698.6724624634
53271430.6383856237 421821.7346191406
51271285.6024553850 369190.0092445016
50674196.9982112870 308691.4583283290
52037092.5353146791 397426.4643824697
54521190.4792677611 439455.4476318359
50671119.7544716150 308352.2303505763
53189286.1155616418 419726.0884704590
51915053.3707204983 394900.8960037231
55064444.9585381374 446455.4384765625
53300848.1548807323 425235.8096923828
51792898.7975564450 390426.3456287980
52254901.6968446672 404066.7981643677
55116670.8986544684 446568.2944335938
52059770.3323814794 398935.5031867623
50615631.5815847293 293981.3916085958
51752119.2259694487 389042.2433242798
52602707.8819965124 412840.3452277184
51855610.0830369070 392619.4932785034
53234603.3616186082 421571.7939581871
50602961.9283884540 291649.9133658516
55328463.7573742270 447485.7124023438
53572167.9742201492 429230.2749023438
50611198.1298263818 293159.9164408669
51164114.5547150970 363330.2563788593
51256002.3385157809 368822.2862155139
50732151.8442050442 318138.9132691249
50973237.7421726882 349310.3638833165
50591208.6681715399 277809.2483478147
52205169.3628883436 402703.3805923462
52384019.8138439357 406641.0216751099
54292631.0149477795 436904.1336669922
50780832.7145764753 325895.6095639393
50638815.7767317295 302267.2267075479
50601830.2804687992 286010.2473977804
50598753.0367291272 285219.1298230886
53296108.3398757651 424250.9403686523
50636011.1087421551 301738.9423898458
54310386.4395221770 437071.5122070312
55532042.9730974361 451232.6657714844
54059288.9929399043 434701.9345703125
50632590.2236928940 301525.3489602804
52846247.5785231516 414291.1869471073
50658897.8926145434 303718.8905131221
50648149.2871307880 303317.8641587198
50767032.8846880421 323847.4828149006
50719741.0900663212 316297.1582432613
52213346.3681450710 402937.5193252563
51961318.4820274115 395285.6964187622
51864680.2913547531 392878.0168639421
54311512.1233746633 438243.7886962891
50820385.6791381165 332656.3749701604
50946483.0672554746 346970.3963509724
50807974.9249993861 330814.6199442968
51747132.5762926489 388205.5213752389
50683624.2994042784 310380.9886832163
50593051.6947428361 283918.1168055641
50807113.4920895696 330814.2461396381
50769283.3933475614 324054.2283427343
51213399.8840589151 365336.4649372101
50867025.9931888655 339827.5210330635
50768421.9604377449 324053.8545380756
54856726.1645031571 444763.1470947266
52246827.9246877879 403603.1801223755
52261858.9573883787 405677.4953079224
50729488.9761998802 317782.7020747066
50717490.5814068019 316090.4127154276
50790259.7854313403 326745.7731764317
50600734.9038458094 285244.8840440512
54779667.3747124597 443909.6290283203
51117387.9148709401 361085.6054999530
50655159.7352250069 303576.0405144691
54189432.5212089941 436453.6080322266
50728627.5432900637 317782.3282700479
54825831.5306372195 444559.3829345703
51120572.0939278007 361113.0515539348
51417278.9216798395 377526.3915816247
53057141.9245656058 418361.4438171387
50602300.4628898501 286036.0016187429
51244232.4780346677 366286.4247203767
50607051.7388372198 293048.9126787069
50595575.9461475536 284525.9985437277
50593594.0790308714 284500.2443227652
51114617.7734983861 359987.2772877142
52143391.7640415803 401720.1899337769
50750629.7463991046 319364.1844494641
51039639.5929834396 355633.5702650249
51322229.5293698460 371614.9747496545
50663682.6325932741 303874.4109064937
51796006.9884122238 391455.7706527710
53576010.8766641989 429592.7695312500
51040158.2353143096 355674.5487158597
50751491.1793089136 319364.5582541227
53962727.9208522514 433915.5994873047
51224660.5167270601 365914.2061129510
54630302.9136558175 441705.3659973145
51633020.7111907750 385700.5186691284
51484239.1337450817 379693.7151366174
54889967.4614152312 446213.8121643066
52170436.4796986580 402194.1355667114
50947331.2950359210 347603.0800444782
53447282.8297372013 426294.7626953125
52138406.8687873930 401710.7784552574
53900619.0671411678 432418.2529296875
50605486.1797931716 292257.7951040152
53668604.4273005575 430519.8068847656
50779031.2794811130 325539.7721741796
52660845.3243972957 413433.7990493774
51670475.2217106372 386637.5892868042
51751141.7253378853 388207.8678465784
51561865.0166816860 382444.6102118492
50816861.3782231286 332299.7899710834
55526396.3580576554 449088.4212951660
50612210.6965354681 293767.7981790304
60930690.5521327630 454319.1146240234
50612167.8502456769 293262.5061082724
53558124.7925204635 428985.3967285156
51014797.1484816372 350638.1980101466
51963639.3347028792 395399.4187140465
51253435.5227307305 368576.7928301990
51356274.8421887606 372538.5592956543
51239810.3287466168 366147.6259772182
51036455.4139265865 355606.1242110431
51295586.2826090381 370570.8953476250
50660171.5368076414 303776.2378559709
51033888.5981415361 355360.6308257282
50845138.1698869914 334260.6831689980
51908892.1572313309 394269.7467169762
50956664.8054349795 348653.7174956501
50841906.3924500793 334006.7000052631
50972376.3092628717 349309.9900786579
50877871.1882835403 340878.1584842354
50893582.6921114326 341534.4310672432
50826194.8886221871 333350.4274222553
61109808.8476913944 455227.2016601562
51011094.3270939142 350542.2827674150
50776658.1618756875 325539.3983695209
62012057.0159136876 461712.4602050781
69747841.0341571867 477311.9042968750
50787503.3569703624 326590.0358206928
64294129.7383823171 463731.3776855469
51955255.3509179950 395040.3824539185
70020594.1327889115 478700.7963867188
70168160.7909774482 482302.3496093750
67773131.9893320799 472498.0852050781
66231891.4778660238 463985.0791625977
67959474.4156178534 476448.0468750000
68363603.2088558823 477002.0654296875
67951234.0151250064 474318.8022460938
66505164.2898253873 471152.4885253906
67825014.1145301908 472579.0341796875
61744435.1953137591 457813.0325927734
51540856.0050181225 381720.3696706370
52009497.6681037694 396594.5983963013
51638032.7566634566 385797.8997778893
51977253.8919348195 395632.3074522018
52016078.4560689405 396787.4777603149
51485144.2051497102 379720.3249487877
51343190.8015820757 371962.7741675377
54534437.7894336134 439717.4885559082
