60626664.8744844645 2120764.3710937500
70463629.6666380018 2205468.1328125000
60512003.7586614192 2104106.7167968750
60230128.1424094886 2046945.3945312500
60212094.7206035778 2037330.8046875000
60423020.3511212915 2088618.4492187500
60435798.9477172494 2089502.7070312500
60393125.2407593429 2082379.7304687500
60439836.1375476271 2091589.9023437500
60225927.3313808441 2043951.6484375000
60349969.0165387914 2075985.2226562500
60499225.1620654538 2102196.6269531250
60871199.7822712064 2139328.8183593750
60619832.7983793169 2115943.6640625000
61005163.5853481740 2143225.1054687500
62238293.0917421132 2183042.6796875000
60072801.8840344176 1993773.1972656250
60133547.5078049153 2016244.5566406250
61177972.9378577545 2151373.7167968750
60120284.1432318613 2012114.8808593750
60233062.3731021732 2054491.0332031250
60295693.6611387283 2069116.0937500000
61787113.5108372420 2172581.5273437500
60315671.7010824457 2075083.7929687500
60409458.5099230409 2086079.6523437500
60361637.3175158501 2079871.0566406250
60555474.4870101064 2110303.2187500000
61199952.7365864366 2158216.1679687500
62238051.0736897513 2180618.3828125000
60195242.2086357176 2029826.1328125000
60258056.6258244962 2057357.5644531250
60998971.0219371915 2142834.4179687500
60002746.7284932584 1950274.3671875000
60720290.3284560814 2124517.0937500000
61149404.8120527789 2150475.9746093750
60792719.8824699894 2128864.3378906250
60210350.3884066865 2034804.6269531250
60889886.4574097395 2141041.2480468750
60121617.7962745130 2012474.1152343750
60393375.0338796675 2084120.2382812500
60144830.0470921993 2024343.4746093750
60530999.5394249484 2105672.5468750000
60015147.4896077067 1963872.5683593750
60788717.3408707827 2127804.2890625000
61538444.1254134402 2172417.5058593750
60003568.3965601847 1959760.4453125000
61414213.2276601344 2162269.7304687500
60118563.4968453050 2011135.6015625000
60271380.3124543130 2063221.3144531250
60101828.9974587634 2004951.9179687500
60396679.9133270755 2085195.3945312500
61076947.4233435914 2145102.1835937500
60004823.7440018281 1960807.4472656250
60360157.4653886333 2078736.2949218750
60039630.8074490502 1974853.3476562500
70234449.3971732557 2204600.9609375000
60025532.7346727774 1966816.4921875000
61392559.8967946917 2162080.6054687500
60750724.2118388712 2124534.0273437500
61076474.0694752485 2145077.8457031250
61803891.2650225088 2173276.5332031250
64334748.4321157932 2191643.5664062500
60858277.6778129339 2136724.1093750000
61499904.2079967558 2169862.0117187500
75872819.0948713869 2208672.2363281250
60174505.8245943710 2025040.8828125000
62073789.3390743658 2180418.5175781250
62392393.9102015197 2183339.3417968750
60174883.8058604971 2027064.4335937500
59985768.2074030265 1944756.8886718750
60237804.9196141809 2055184.4589843750
60382009.9603432417 2079939.8144531250
60131006.3608884960 2012775.8730468750
60223882.5197991654 2039913.6640625000
60211491.2966885120 2035892.6796875000
60830161.5875484049 2131227.3437500000
60064729.6947599798 1992103.1894531250
70068026.6990647465 2204493.5781250000
75982513.3793762475 2209404.6328125000
60019003.4252805859 1964184.5742187500
60033642.4779745713 1973611.7773437500
60306551.1350362748 2069409.9042968750
62932318.5494102612 2190904.6523437500
59983532.4458902553 1944207.3847656250
62018882.7667685077 2179775.8261718750
61371945.2866772488 2160794.3085937500
61147465.8106368557 2148668.1621093750
61415074.5893265679 2162815.3808593750
61337786.9904272258 2160610.6679687500
60057912.1024889499 1982890.2031250000
61093808.5879991651 2145374.5078125000
60088627.7506582960 2003256.0234375000
60836856.8533434719 2131288.6347656250
60591699.3593971133 2110967.7011718750
62979471.3024148718 2191079.5351562500
60116029.8286580369 2006179.8925781250
61324523.6258541718 2159448.6230468750
60823593.4887704402 2130126.5898437500
61486935.8743361011 2167188.8164062500
61126474.9380300641 2146406.1503906250
59986286.5132669955 1947244.0214843750
60019544.4051983058 1965574.9218750000
61869673.7827129960 2174050.1875000000
59998253.1070867479 1948572.6972656250
60190916.1439733952 2027886.3066406250
60807778.2282316163 2129161.0000000000
60485252.3384857774 2094456.4335937500
60481940.3288270235 2094159.7714843750
60064336.6643880457 1988531.0859375000
65255342.4911198094 2193138.3417968750
60040370.3741606176 1981648.6328125000
61136436.4783921093 2147802.7792968750
69618476.2173907459 2202089.4257812500
74699047.4205742180 2207375.2792968750
62826082.5372099951 2190136.6816406250
74746298.4412543029 2208243.1191406250
74464419.7722560912 2205881.0175781250
75056350.7190199941 2208268.6074218750
74726400.6022599488 2207452.5917968750
69121810.4029370993 2197442.1972656250
75059413.1519522667 2208487.6269531250
65865125.5198892653 2193247.1503906250
62577243.8349367008 2185818.8769531250
74601552.9350597858 2207367.8027343750
69560788.7821636051 2199186.3496093750
