625628320.7871537209 64661.6945571741
625960266.0702810287 70041.2057847893
625953132.6894911528 69931.1975450432
625887047.5738844872 69019.2679796135
625844175.1957484484 67315.0212615272
626469057.1605972052 72945.6740938861
627457989.5545829535 77830.2024423721
627164471.0112718344 76839.3078068298
625491103.7007215023 61542.2786561972
625453825.0130529404 61226.9985549613
630300788.8079507351 83323.2865873778
732794555.5326032639 186248.9685783386
627240528.9454348087 77171.1879020723
629778886.4657855034 82538.4257105317
625646478.8297865391 64666.6413230738
626414645.4142974615 72863.1345232528
626870763.5482547283 75813.0472172302
627158615.7433661222 76796.8964551490
627557835.1175756454 78141.2057885107
626726177.8731957674 75066.5983832878
625715267.6976313591 66355.6894416651
625850184.6116763353 67788.7690618774
625725012.7734431028 66934.7064092895
625511555.4054654837 64418.9797170898
626280573.0467725992 71557.4239098270
626875788.7777760029 75927.3782414001
626235961.4049620628 70762.4842022637
626994645.9149341583 76195.1172398132
626259097.0228627920 70766.7381645877
626525878.8235564232 73495.1900661987
626155401.2085387707 70703.3612572391
627081534.7427215576 76369.0979298156
625500194.9882127047 61979.7984916368
625656223.9055992365 65245.6582906982
625689708.4130829573 65540.8240850708
626678277.9194018841 74591.7526234191
626338559.7719974518 72419.9848620136
626469339.0859810114 73226.7313515980
629219868.1487586498 81903.4282302687
626530790.5079809427 73769.8217419189
626577525.1864498854 74287.3915580314
626993829.1629476547 76178.9300606426
625817571.6177916527 66938.8529588082
626551273.3112244606 74202.4365199607
626685684.7909971476 74798.1149016412
626579648.6796100140 74326.2405346435
626528667.0148212910 73730.9727653068
626215418.5976654291 70704.0225960453
626969432.0352313519 75933.4189289611
628232699.3810552359 81030.9865165752
628050004.6884716749 79420.9425197097
627606260.8592219353 78509.0116935771
626106543.0369106531 70146.9424645145
626289701.6003689766 71863.5660692890
626320404.4738510847 72166.4672686298
627030973.4302943945 76258.0064064058
626263872.2890617847 71055.9038292606
630197164.4745918512 82914.1433588469
626727136.0910304785 75148.1714161437
626744909.4772223234 75346.3173969787
626356333.1581898928 72618.1308428485
627335842.6820513010 77271.9513465593
631090878.1525970697 85824.0031208233
627363962.7871370316 77339.1983372400
627421037.5959663391 77517.6106630395
627793383.8813498020 79222.6355604956
630796644.1518301964 84045.5614271383
627110923.7483791113 76561.5673972795
628936026.8493661880 81067.6770095656
628114614.2547245026 79457.0656585524
732431203.1530401707 186142.8819236755
630836752.9198451042 84211.9422636251
630623645.5071249008 83665.5944700460
628222924.0145679712 80058.8428954909
628120260.5438635349 79579.8877010176
732075149.7332335711 186029.0285911560
630787731.8358372450 83739.9350877623
731926136.2260240316 185455.2990493774
630953238.1636738777 84428.4624238829
629676748.0694898367 82050.1074800352
629705777.9335116148 82510.5011741528
719695681.7134728432 171813.7960953712
629901959.6080833673 82772.3024795055
631064093.0757654905 84627.0241609435
630511161.1661487818 83336.8172565917
731805563.0619475842 184909.1105289459
731702194.9419379234 184644.9244480133
731735891.5084753036 184723.1259250641
721257214.5084382296 172067.6272439957
731374592.5716131926 184316.8135929108
731469893.9861375093 184430.9094944000
731065057.8616738319 184076.7441501617
730814330.0826399326 183696.0738010406
724343780.4506393671 179419.5237865448
635879198.9534772635 91917.5584261243
636443958.1701085567 93457.1519495410
637193185.9521831274 95723.2807976983
635449997.8119820356 90461.1268600048
635067188.8767985106 90286.0712188304
636739737.3544617891 94793.4244832809
635764248.6155928373 90976.0833190000
633740747.2583152056 89056.7591810238
636635743.1102292538 94059.9396021192
636262929.4320315123 92643.9987261121
636406908.1901373863 93276.7107753887
633747246.5865795612 89429.0240706845
637263512.3041163683 95922.4762020633
636898295.0485750437 94815.7215120576
637038604.7331053019 94956.1673180841
633282277.3573035002 88632.6064091765
636361198.6132894754 93244.0458452485
636080051.6646169424 92020.2532439586
637934033.9719964266 97256.0747177285
637519151.8807533979 96319.1700775307
632312472.9753583670 87804.7665604928
632093139.9624841213 86615.4767374375
632045004.3570736647 86094.3429167287
631983824.9784018993 86045.1868474499
638420858.0571327209 97271.4591782810
639143147.5169824362 100006.5646803785
638983517.6540359259 99399.1643597936
639204975.0204960108 100606.9090664793
639035448.7554622889 99942.7011044580
639157284.6877546310 100039.8102344981
638804441.1820781231 98463.0827065051
638491554.4468013048 97545.9668846667
635818712.5820809603 91509.6949939659
634982357.6015028954 90102.2778334698
638783255.5482964516 97720.5235529375
635543574.6691577435 90767.1144275597
639675541.2490918636 101821.6541945452
634619403.4310823679 89830.7945971420
723737654.7577824593 176036.3040180206
724059591.2898741961 176641.0354022980
730191625.7955645323 180414.1542263031
653631979.9031972885 113149.8595902670
730593394.7289469242 180596.3514709473
730609412.1370668411 180667.4819850922
730473310.9666758776 180473.4237880707
730600734.2838258743 180599.8002834320
644884565.5352121592 102741.4622465889
644763897.4875072241 102681.0081066131
645036785.5909912586 103034.4959828775
644681805.7675006390 102020.6586509864
646345765.3688749075 105681.2754867170
646056091.6502867937 104273.1000843151
645560593.2674578428 104255.4526004894
645321054.8268533945 103961.6073188586
645108664.0226612091 103142.5746650500
646106745.3115611076 104760.8174493252
654115118.7256995440 113255.7563210958
650588544.8008438349 107786.3078313859
650376114.5307973623 106980.6056836786
652283056.5949871540 107959.5848570185
649449687.7305279970 105784.8774685771
652577219.3674395084 108442.3565108579
649493420.8284676075 106492.5763296840
652742260.7113034725 108719.2802546898
652700880.0239882469 108713.8528297821
652284233.3553853035 108364.1311871912
666612462.7217156887 127577.5100818181
657697011.0742793083 116880.3774733962
655598215.5866644382 115071.0768107893
657059675.0064481497 116067.1516051712
655248506.7818926573 114313.1259677941
655082396.8647096157 113557.3876941735
656877068.1510987282 115133.2935538711
656901952.5927168131 115640.5850882949
660187872.3520069122 121824.8741327412
675934566.2454307079 140430.0248513715
660517071.6929570436 122581.5899568684
660821172.3937876225 123065.9781862386
657665127.0828067064 116463.0979937389
660456708.2781800032 122524.1092668660
657302002.6917771101 116459.8153059557
658384092.0932022333 119775.5101692751
658122100.2046221495 118992.7806055620
659305303.6150740385 120315.2674968168
658051532.6014604568 116962.7148728743
659134185.7657393217 119921.9353058413
660151675.5592683554 121280.2686449178
659241872.5710610151 120180.7102992460
675331952.3050315380 137145.4380486347
675368447.3058425188 137891.6218254901
674574854.5526707172 136460.3873001859
674001912.4808394909 135928.5821650364
663803906.7654550076 123239.4242192423
664176044.6883093119 123882.8457574761
664107073.0131365061 123870.2215280449
664474024.4081948996 124603.8959168801
664096704.5865130424 123309.3924341118
664827679.0007536411 125798.3670337116
664685949.6546708345 124749.6350659644
664739174.8818991184 125710.9601590550
665318050.5621718168 125977.1237121513
664671994.5952684879 124686.2420489704
665696798.5988298655 126225.9406726966
666572154.1783860922 126929.3932456598
666560773.6564673185 126815.0257456825
666490874.8316347599 126389.8982842491
666368985.4211133718 126234.8648493812
666528010.9248087406 126638.8623151407
666438881.4742897749 126266.7641073796
668764994.8117002249 129817.3449479342
668229919.1454429626 128792.6268378496
668420642.2642096281 128872.5881949663
672737097.4022973776 135435.2323889828
668935033.6486740112 130039.2365104144
669039951.7621392012 130348.3937179034
669055004.1043400764 130509.1981841510
669038560.4294942617 130060.8749381488
669311850.2265779972 131632.5710213908
669091648.8611395359 130566.7353126534
669215132.3622043133 131304.3791588077
671109864.9247162342 132226.2916430629
672117198.4437103271 133220.0431838132
672404534.2891825438 134602.2324423886
672238229.2945512533 133709.7379927731
671950893.4490792751 132327.5487341977
670722766.9446129799 131676.4096408039
670779487.4993741512 131703.1581517607
672004614.8926719427 132382.3750917263
672116466.3573997021 132876.3801671810
688006122.0121271610 151124.4327257384
687994474.0923467875 151029.4983766784
688741103.5530313253 151965.6898216158
688862245.1806908846 152399.6066993624
674307221.7016457319 136438.4561807920
686662279.3420287371 150764.0765809231
678895793.5223052502 140640.7650831171
678933960.1990336180 141028.9772966333
679257572.0224364996 141705.9956995808
697114452.2150114775 159572.7143867016
679705084.3586976528 144197.4045814686
679682495.1122571230 143908.7323154621
679656283.8612768650 143687.1833585910
679391092.5144211054 142921.8323253803
679441466.2138649225 143256.8674911670
679413903.2952449322 143031.0581554584
679885972.5814687014 144277.0172599964
680077441.0168019533 144286.0385288410
679779845.1864323616 144267.4613937549
680185924.0168355703 144336.7110423259
680207759.9900499582 144524.9801463298
680411628.2618522644 144715.8614162616
681550756.2098112106 145480.1045011692
680979529.8787949085 145227.3803385906
680566395.6478736401 145012.3403758220
695324185.5475575924 159263.2073020935
682352961.5003217459 145716.8374059200
685647850.4305257797 148106.1037783623
685646862.4566040039 147321.5333590508
682707802.2006705999 146424.7769224644
685464063.6844575405 146817.4002604485
685618002.6871091127 147295.6279940605
685212192.0208848715 146630.6981482506
691674809.8358068466 152709.9371700287
691460351.3998483419 152465.7758426666
691534978.3832277060 152522.9549922943
692567811.7561218739 153790.0219593048
691688213.2369809151 153043.4647903442
691618893.0298075676 152566.3910722733
691701277.4688341618 153582.0313415527
711887556.0127851963 166641.2848472595
693523345.2237268686 154745.5796012878
693847872.1158895493 155469.8284626007
693825312.8460693359 155001.1491413116
694211165.2253990173 155899.3852958679
694118942.5061480999 155536.5136222839
693518240.5305318832 154047.8777465820
701623374.0446531773 159845.7525949478
711146012.7751547098 165787.3068828583
708656509.6445113420 164380.6162357330
701379599.6997097731 159777.6546697617
701195056.6541343927 159687.2026586533
714524813.3696887493 168485.1740331650
702392128.1391756535 160244.9285154343
704072768.2599494457 160527.3901977539
705666309.9833813906 161057.5440106392
705668677.9682258368 161621.6167645454
705478249.7261611223 161003.6125226021
706386342.8461674452 161926.6470870972
705925682.9936060905 161638.8023252487
706093627.3137480021 161832.6767454147
706592526.3976174593 162319.1584439278
705016836.8337702751 160849.2677450180
707763333.3695063591 163430.1097707748
707368398.4750733376 162570.2836484909
710000750.8442387581 164470.7095375061
