453684564.2187072635 233345.2534062136
454344957.9781004190 262429.5703529818
456015638.0345134735 308994.8452474372
453369078.6603443623 210591.6996738780
453440255.3063950539 217280.9579373915
453464716.4290477037 218615.0343730468
453553346.6016719341 225090.9557072837
454558554.9133203030 270502.6822393136
565994168.6038963795 842877.3422241211
453423673.5471612811 214559.9285389837
453730570.4170115590 236869.8183864523
454237948.7262025476 258595.8813642962
552601494.2164998055 795753.0711307526
453403669.4700661898 214309.0694503393
456948059.2618099451 329396.1372474086
453924937.3552543521 245644.7592188548
454621732.7861810923 271389.7793599963
453698971.4390769601 234009.2575594764
453757373.0926291347 237688.7591950130
453898134.6796367168 244825.8184102941
454265601.5988054276 259449.7051411076
454159473.7407675385 254961.8321410138
455224942.0201985836 291048.3765458660
453451664.0240455866 217321.6066278126
454263153.3070155382 258795.5211296994
454569280.2323775887 270714.2695311327
563525370.8490483761 827299.4976806641
453459139.6965529919 218390.7317950744
458105889.3434947133 354416.1341603649
559457893.7429348230 809234.0337071419
453392260.7524154186 214268.4207599182
453648001.9049884081 232572.2397062946
454121737.3885824680 253635.6332899388
454104084.2592363358 253501.7204542374
456907926.9766138196 328038.8977773440
458161825.8497442603 355040.5669158351
453531014.2623649836 222541.9518356640
454003412.3406893015 249278.8084421372
471869954.6260985732 469179.2390122254
483704776.4396874905 532041.2724272591
453788765.2394826412 237948.9174093176
453843385.9435585737 241911.6712071132
457702239.6010152698 346594.4128873544
459428447.4802961946 366927.0559155102
455180506.4659081101 290773.7991761761
455570887.9687873721 299256.3644353943
455631666.8605002761 299914.3684501247
455615323.5230781436 299530.9418050842
453628663.2410206795 229817.6497404743
454310802.6162912250 259674.9803871615
453698623.7962125540 233364.6865073564
454068002.7828298807 250184.1848335778
454339649.1925734878 262111.7893016534
454329391.5813329816 261923.4664419210
453816583.2679410577 241092.7303985525
455405526.1434994936 295600.2557804286
546661021.7986091375 791306.6115999222
479773360.6150224805 496616.0365787604
453646127.0001841187 230400.8438168447
454610032.3550552130 270984.1332068359
453428669.1688355803 214588.8374655601
466493452.7990906835 425957.3591418322
453668984.2025805712 233124.7814140348
455731933.3390606642 303490.7620613175
456182068.0020690560 313780.0757648544
453563558.4881611466 226103.2651366871
554387093.9517098665 799623.4647068977
453457240.7565401196 218173.2206605580
455808820.8155070543 305373.8931674557
498526414.4203692675 564262.8253126370
454753388.9322133660 278033.8407514291
454529653.7448210716 269524.0606000619
454930590.4844264984 282920.7993500335
453495548.1129731536 218711.1485007163
454608103.5101317167 270838.4311785353
458811530.8132668734 362804.4318380411
456064443.3800332546 311254.7249347763
454801299.3301680684 278323.5482251840
455509174.7739249468 299115.8470534878
456454854.7940025330 318149.2795980227
465923209.0244786143 421136.8741784289
455341551.8361812234 295008.1968020992
455043854.9198052883 286391.9417790966
455674061.8771538138 302772.1596755581
466546984.7922495008 426815.8064074572
565692135.9324209690 842500.6295776367
456238816.0184348226 314777.6945716934
453353382.7232825756 206736.1886395896
454907688.1994431019 282685.3801759761
455756361.8514744043 304610.6920394497
565530333.8623740673 839930.0243530273
453797244.6039732099 238338.1404327322
455473157.5815953016 298664.5094241695
463376425.3698746562 403332.3583755689
483444336.3525826931 529354.9245954138
456819294.3802810311 325616.1646922779
479445550.9572107196 495448.6799241585
478862445.0706821084 492211.4238206429
459098500.7479596734 366604.6992790754
454084745.5952684879 250747.1304884171
455298131.0879437923 293299.1500062542
549704261.2563743591 793261.9073762894
454664647.7840654254 273941.6908281045
454471671.1447908282 266986.7743019564
454983608.2921330333 283898.1308723707
455899556.2768042684 307598.4123127060
459794315.1376394033 374145.9062073426
453711231.7530436516 234115.2284206320
454734786.6383664012 275490.7048231168
481507461.5422371626 520817.8717004955
456568106.6957792044 321584.7721669924
455947000.3547174931 308923.8207199275
458293381.2552397251 356639.3986885668
456532089.5034493804 321133.4345376742
453330833.1143400669 200096.1711835349
458228446.6238198280 355049.8856985765
565027414.4875886440 838677.7182006836
482208184.4599978924 523477.6812701098
560035367.1341122389 813753.2009277344
520811426.7283712029 670455.7772654891
519938085.6826315522 667827.9172226787
459053237.2576197982 365307.2541024144
453355587.7319865823 210356.1346888002
458885424.1017337441 363464.8481264169
461749085.0536957979 393023.7623307006
554215525.6981964111 798777.0448837280
561610965.7636194229 813758.8274993896
561725727.8664566278 816221.6255950928
563945186.5590153933 829103.4675598145
456780661.9076894522 325377.0703637552
562877166.6174147129 816506.9450872540
524860162.0159674287 678972.4458336430
524686297.6311703324 678564.2380699711
471733871.1014819741 466583.8975300629
471289101.8379248977 462461.5864949067
563700827.1110098362 828639.9469604492
471941791.5268312097 469328.4659561951
460412528.4123219252 381174.7424511313
458404896.3496177793 359118.5290772569
510156096.7665617466 606122.1553526354
510223431.4767955542 606435.6231260729
471719979.5854787230 465809.8002915223
460508849.8955914378 381783.9670395255
470930669.7637764812 462040.7016739686
552441335.2742401361 795394.4045152664
483761054.1324171424 533483.6836761077
456615774.8044607043 321720.7577416849
471404096.7984899879 465350.7378126961
457028725.3903447390 329965.2412879121
461822978.3421622515 393684.1786190765
483830416.7309007049 534071.9168439490
461735019.5708438158 392083.4156281250
457009099.9625656009 329644.7473914278
457099302.7987311482 330192.1173991215
456714163.2198284864 325357.4491651308
456652063.5097110271 325331.8085401308
457486939.7011819482 339636.5765780406
458771726.4731730819 362279.0460348184
543293944.7550472021 762191.4541997910
460494021.7239916325 381344.9881096482
459098083.4922887087 366401.3570699746
459701333.5112071037 372727.9606983019
543514588.0091255903 762533.1250982285
540114781.8240530491 759250.1382791924
456516674.0058489442 320787.3000161898
461050548.2374587655 389592.4191075563
460774833.0632359385 386063.3767491579
479742343.5474228859 496225.6828661544
480144278.8204607368 506135.1774657865
483976416.9075208306 534610.8442779166
456400483.7580356002 317477.1219156039
459990864.2027192712 377398.1580789285
460338635.1238554120 380514.3261627555
481330147.2207468748 514429.6109051389
483489978.5129128098 529970.6610456092
461564804.7991076112 390813.7747513549
456885685.7882313728 327546.3207071078
456480775.6724541187 320207.8364427340
483623637.2051110864 531042.5421491248
458055118.2523667812 353621.3178761852
457157903.2105327845 333034.7727627706
463865105.4209734201 413180.4239244657
469110837.2906002998 455103.6318307800
503061878.8132005334 585093.6523257792
502422734.7023316026 581906.2365542948
481313778.3587954640 512331.7923388166
480974235.9973837733 510015.2717756910
459536208.7064232826 368299.8601114703
460594429.6660693288 382928.3042895393
457882465.5992643237 350155.5734358924
457978787.0825340152 350780.0061913626
457105777.5496576428 330684.5661538494
458729747.6187661886 360151.9321412938
469394952.5446786880 455807.3902073783
491669591.8778614402 540160.7333913428
527549977.3898163438 687329.6893267540
461471227.8096668720 389944.9048087196
545487052.4228119850 776251.2192010880
458547032.9633758068 359696.6771323931
457638881.0595856309 343233.6220748675
468022820.2117750645 444737.6374197883
481017251.1833330393 510425.2557549161
466203878.4650883675 422300.8499928012
496176420.5246712565 560304.5991910922
555482420.7733685970 807943.8454780579
459590553.0717530251 370183.1851771724
457227107.9682259560 334784.8425849330
564795828.6034950018 829183.5051879883
458161365.8084500432 354882.3471730602
497995415.2783995271 562200.0660752284
507752473.7089307904 592397.4369859546
506968617.4645078778 591542.3429734721
532853310.4721870422 735667.9754442257
507920574.8093035221 592569.8684430999
545129018.7372759581 769291.7243890762
502122429.8166697025 567134.2189705884
563234376.9111065865 819440.2168731689
467654119.5982190967 442583.8362897930
482870964.4928939342 527636.6562033975
482221306.5531711578 525828.5538134063
457352850.2651674747 335736.9749701869
563199872.8545439243 817747.5190582275
466665773.5975920558 429466.0851099528
457153074.8219366074 330702.0947549891
484011763.1820195913 536414.6096059752
466387547.7090112567 424969.8252583041
459543826.1044769287 369500.9003864181
466585008.3199341893 428545.6411402263
546460457.6806365252 781717.7604236603
546113991.7616875172 780985.6534900665
457595761.4338693619 340236.3751531494
477651184.2220246196 491431.6490046373
531732303.7456037402 731789.5623716397
544118878.8269803524 767003.1972484589
543985734.6325007677 766979.1625690460
468865139.5589914322 453517.7392502708
457604810.6507959366 340443.1671859222
492988535.1150760651 544533.6896880252
492220412.9613306522 540719.0747295005
564802013.3998707533 830483.5917968750
480248316.4046564102 508322.3505713606
495921238.2656052113 558783.2707289683
564971346.6246569157 831603.2164306641
517846164.5686133504 649485.9271068556
468278934.8746879697 445781.2473593391
468471143.8654575348 449243.7069604957
467563747.5289231539 440956.8601582088
543623272.7532926798 764013.5223865509
467206489.9622324705 438165.0556061305
488146841.0817676187 539387.9414840323
463897286.4975066781 413885.2715993514
466994654.1517087817 434519.9174845256
472511118.9952570200 472934.3513123376
472343454.8027184010 472478.0257508141
466814267.4918914437 433926.6646626033
466991177.2236325741 434149.5902454890
539447165.7231833935 755787.5499398636
539126097.3487963676 752261.5501692223
464350379.1948645711 418007.5826345077
467010348.6771233082 438085.4125721492
463654419.6989830732 411699.2249684921
514283881.4077162147 631031.7823467535
466790326.0406721234 433901.6505024470
464797450.8251146078 421004.3378978362
464284343.8436467052 416882.0268626800
463443359.1571500897 410077.9055083385
464088578.2968608737 416285.6063008895
463661275.4826012254 412258.5130544296
467392454.9253163934 439578.4777700938
462616265.2472265363 400894.0767569289
462666351.5410636067 400895.3180443988
524634779.8889200091 674784.5512291474
530953360.9505848289 730752.7062725109
468756923.9972204566 449986.0436287803
561723237.0631281137 814468.2346801758
525138666.4136497974 686958.1269421485
470384896.4609538317 458206.8531733436
478356601.9199094772 491891.1170278182
514254887.1882975101 624476.6429382230
473549854.4687210917 474416.8512297571
473819878.8706831336 477228.3363091332
473204558.8122686744 472951.8184754235
529670992.8248093128 725810.0756343884
462279796.1656175256 399847.5950219379
464679750.1258056760 419719.6397419563
469733988.1919230819 457268.1431750340
462972320.7851254940 402765.3068945900
495783245.4518144727 544714.1836747212
463573744.4171425700 410455.4435139195
463152245.6254457831 402847.3957578533
462739968.3191785812 402578.3387953982
462939832.1512664557 402742.8075293869
537402228.9673864841 742479.9675367766
473402214.1763898730 473175.3561395291
528416914.3897287846 706849.4605527307
528795432.1505116224 708019.2183041956
523771159.3103818893 674334.6279350510
527974219.3467004299 701279.1575888383
475277454.9739537239 481659.3564087731
474699640.2081818581 477888.0705201012
