219054525.1087342501 1623794.4254150391
230636955.8850644231 2080335.8266601562
219415579.4115386903 1657097.4479980469
224746159.9086953402 1926861.2639160156
220992336.2231627703 1767621.5502929688
219354967.0044400990 1651400.9625244141
218592695.7222328782 1589424.1069335938
221398574.7611651421 1787371.8869628906
218675164.7079398334 1597652.8403320312
221278923.5533453822 1784233.9008789062
220639876.3142528534 1748740.4465332031
218724820.4140957594 1603601.7506103516
232145336.7980023324 2111573.0405273438
220147578.1102946699 1716832.7943115234
228145922.9780387282 2021138.7446289062
228987455.1746951938 2043865.5493164062
229732625.7378538847 2063717.9277343750
233472162.3379451334 2128615.6308593750
229645075.4084479213 2060257.4960937500
229493673.1897964776 2058775.6875000000
218798235.0473164916 1613260.1329345703
221119396.1997855604 1774385.6826171875
230281448.5951603949 2077119.9985351562
229536749.7863538265 2059200.6279296875
227515322.3372941911 2007593.8295898438
232101495.7298584878 2107647.1411132812
219845195.7617385387 1698109.2004394531
229835713.7168521285 2066753.7280273438
230735323.6859787703 2083937.0346679688
230728550.0755323470 2083881.1938476562
232590377.2591265738 2117262.1674804688
229735889.1276071072 2063824.6914062500
220147179.1612820625 1714180.9788818359
230431687.9300209582 2079403.0102539062
230894239.7750848830 2087068.8212890625
230063739.1027230620 2072594.9165039062
224221823.0830835104 1903624.1257324219
229328182.7320764363 2051481.0952148438
230431687.9300208688 2079083.3999023438
220497576.0667113364 1743722.6086425781
228923061.8996458948 2041916.7895507812
221208171.4417079389 1780974.9909667969
229015961.4504739046 2046482.7841796875
229372641.6036170423 2053234.4882812500
220756074.5157653987 1757646.5803222656
220701333.6840513945 1753091.8146972656
227911249.7599048018 2017713.3090820312
240030584.1849667728 2186403.1318359375
229227410.9823188782 2047532.2250976562
220850035.9756213129 1760786.4870605469
229194534.3690665662 2047486.5532226562
230044949.2342771590 2070675.5356445312
230038175.6238306463 2070484.8237304688
224619457.6778906882 1918544.0456542969
224225109.3895607591 1910000.3449707031
224619457.6778906584 1918355.8513183594
224008931.3059046566 1900339.7863769531
224355742.4958978593 1915395.4680175781
222264803.6652059257 1826857.9763183594
224281278.7683621943 1911765.3586425781
223864091.2411988378 1895250.4628906250
219902675.1423556209 1699359.7336425781
219988664.7827494740 1706405.9984130859
219541618.2996382117 1667632.4133300781
220212765.6608458161 1720623.8519287109
231274965.6082296371 2092757.4873046875
230015585.0448670685 2066960.2871093750
220620468.9502763450 1746561.6215820312
218899166.7192630768 1617812.8758544922
231342400.7475321293 2095571.4277343750
222330498.3503039777 1834677.0954589844
239250454.1140757799 2183555.4462890625
231342400.7475321293 2095423.1298828125
222372954.2349264920 1838002.4343261719
235848249.4097699225 2160196.5380859375
231342400.7475321293 2095781.9365234375
221597589.3804561794 1798541.4733886719
219817378.5362187922 1685731.6141357422
220181998.1908638477 1719370.4837646484
222438068.6292935908 1838535.5993652344
219338725.8355811834 1648751.7384033203
223174749.9728592038 1866580.0515136719
218834489.7638089359 1614472.6962890625
224540423.7906666994 1915427.4960937500
219190394.8299129307 1632444.6660156250
219274843.5857242644 1642125.5039062500
222836457.2766677439 1854099.1457519531
220558679.6584275067 1746423.3005371094
220229371.1289778054 1725405.2800292969
232406432.4975024462 2111769.5664062500
219205994.7831909060 1638159.8477783203
219766299.3194779754 1685140.7520751953
221046478.8379473090 1771580.2131347656
220742803.1976208091 1753723.2453613281
220348873.7751414180 1734210.7109375000
220160878.8151619732 1717598.1794433594
239766848.9050056040 2185963.4521484375
220390343.2887108326 1734842.1416015625
219696702.3625141978 1682098.7269287109
227433612.1440832317 2007093.3320312500
219492271.5810940862 1659010.7923583984
224823956.5538626611 1928080.0078125000
220062959.6724408269 1710131.1547851562
221029390.5278033614 1770335.5959472656
221851099.2828434706 1810238.4426269531
221196180.0784472525 1777614.2287597656
220110666.3598426580 1710746.2984619141
220068702.8763077259 1710252.6791992188
218949133.6861698031 1620486.9096679688
222697681.2077807486 1853402.4111328125
220910845.9793459177 1761042.4409179688
220271798.7402533889 1725465.0012207031
235513146.3960958719 2156551.1904296875
239596676.1925569177 2184215.1464843750
227610897.9004047513 2008876.1518554688
220928109.5628006756 1762865.6608886719
227159747.9248351455 1998203.8247070312
222829464.4058195055 1853534.8249511719
220104923.1559757590 1710610.1422119141
224805316.8608199060 1927227.4067382812
222600097.6635604203 1845796.8510742188
227365484.5828296244 2003824.8740234375
221405660.7501033843 1788938.5891113281
228877085.7398453057 2039421.8027343750
223817459.0618135035 1888880.6926269531
231320969.2381108403 2093466.2016601562
228893230.9637685120 2040708.1855468750
227413828.0507999957 2004902.2866210938
224965746.9314783514 1936409.7958984375
225120627.9568119943 1941878.2148437500
224994511.7852858007 1937525.7983398438
221496254.0726274848 1794139.7912597656
239748078.4112082422 2184995.6162109375
239746910.5946303010 2184390.3291015625
239748078.4112082124 2184765.0859375000
225397559.8885565996 1949648.0405273438
222623178.3215619028 1848655.4133300781
222460096.8372911811 1840636.4895019531
226622705.4717989564 1983369.8037109375
226696317.7259237468 1986662.4287109375
225683225.9427594841 1956760.0468750000
225378789.3947591484 1949399.1225585938
242311177.6605954468 2190878.5556640625
222864273.8492234945 1856211.0734863281
219197141.8332442641 1636827.9870605469
219054647.5603248775 1629103.6539306641
219148049.8801488876 1631191.1699218750
226804598.9119033515 1989075.3901367188
227255227.8207700849 2002756.6308593750
227273998.3145674765 2002816.2949218750
222857098.4675936997 1854903.9440917969
226961945.1354283690 1994695.3041992188
223079415.6894790232 1864726.8864746094
222120008.8465688825 1824267.3381347656
219622582.6055514216 1676101.3913574219
222592837.7712856233 1844295.3857421875
223842396.3144420683 1889994.8845214844
224692388.6357452571 1923253.4365234375
221724513.5099682212 1806246.5134277344
221719734.5425439477 1804821.1005859375
223242975.2751792073 1873870.9968261719
223520875.1896387637 1882099.9279785156
221535134.2261013389 1795656.6953125000
222912623.8752275705 1861035.1330566406
224564765.9106348753 1917914.5664062500
223224204.7813819349 1873779.7175292969
223257459.4349299967 1873878.0407714844
221365854.7650289237 1786750.8959960938
224628051.1711838245 1921518.4072265625
225309296.4134598970 1945044.8076171875
224642535.3309345841 1921522.1835937500
224921333.8565255105 1929548.1186523438
222360764.4355008900 1835320.1914062500
223723788.5634802878 1885257.6520996094
222065929.8612222672 1821090.1772460938
221961962.7079377174 1816216.5161132812
222279793.1149289608 1831027.1025390625
221855467.9261732101 1812178.9936523438
227048429.3778186142 1995572.5927734375
227628012.4857705235 2010737.2661132812
228303670.0311719477 2027103.6391601562
222443977.1184556782 1839078.1914062500
241659023.8923927546 2189199.6826171875
228157173.7827357948 2025636.6206054688
240969375.9247308373 2188673.4306640625
221646926.2527662814 1802394.0681152344
221873885.5113300085 1812271.7285156250
221734060.4642534852 1806978.6293945312
226402768.4271850586 1979209.0332031250
226402768.4271850586 1979398.2871093750
242234137.0371269882 2190665.2509765625
221095013.2251608968 1772327.4572753906
227124081.3759104908 1997670.6440429688
221926104.8141457736 1815797.0781250000
228602481.8061654866 2036025.2656250000
228684064.4873487353 2036434.5683593750
228390781.8020070493 2029043.0112304688
228030870.5731149912 2020572.9238281250
228308610.0354632735 2028701.7807617188
242206437.5061655939 2190648.7285156250
226689099.0719501078 1985006.0092773438
241463648.0058693290 2188978.6191406250
241481557.2288370132 2189109.0830078125
223734653.5031494796 1887167.1250000000
228447036.5097003877 2030084.8769531250
233503043.9488551617 2129834.4189453125
234150881.2379533648 2140684.1738281250
233535489.4405566156 2131220.3671875000
233586732.8544183075 2133487.5117187500
225816120.8108169734 1963681.8115234375
225756888.4887205660 1962538.9472656250
226137786.9327477515 1971353.7817382812
225772241.5735646784 1963047.3857421875
240726027.5858998001 2188221.8984375000
238849571.4760388136 2181709.0048828125
225963833.2506076097 1964788.3442382812
226218194.1021083295 1972812.0961914062
225609649.6722978950 1955770.7265625000
226266509.1587642133 1975116.2587890625
226291973.2687894702 1975304.0185546875
241681953.9672769010 2189436.8974609375
241728983.7946781218 2190406.8105468750
238749444.3163060546 2181566.7773437500
235295133.7539159656 2155536.6708984375
225978590.1107306778 1968224.0874023438
235295133.7539159656 2155182.8554687500
235295133.7539159656 2155679.5996093750
234305559.7533115745 2142768.0566406250
238974031.0088948905 2182180.1416015625
235572119.8704682589 2159759.3662109375
236153120.7863498330 2165967.1093750000
235851233.5075875819 2162104.9814453125
231933778.8180547655 2106142.4150390625
235851233.5075876415 2162267.4716796875
231933778.8180547059 2105994.5400390625
227052746.7488309145 1995814.7148437500
235310328.0078856349 2156430.9707031250
228021868.1494944990 2018336.6542968750
228021868.1494945884 2018518.2880859375
236060137.6307451129 2164797.6904296875
236944230.6656122506 2171131.6074218750
236060137.6307451129 2164825.5996093750
236933027.6344122589 2170282.8359375000
238974626.9059439003 2182507.5048828125
236933027.6344122589 2170353.6962890625
234807928.0074234009 2151351.8603515625
236467643.1675916314 2166943.0937500000
236482996.2524355352 2167469.6406250000
233028260.8017032146 2126206.1162109375
233981197.4241971970 2139834.1933593750
235054835.0892091691 2152280.0468750000
232810149.2155815959 2123094.6611328125
232972182.1075025499 2124387.1630859375
231109847.8969456255 2088503.8110351562
235108682.6831502318 2153857.1708984375
233700527.7398433387 2135476.9687500000
232646646.8310205340 2118718.5117187500
232472410.0813240111 2116017.2314453125
235087528.7599264979 2152499.9970703125
234466585.1665008962 2145904.9687500000
234545538.3769397140 2146319.3867187500
234408154.5499734581 2143383.7656250000
234173747.8557259440 2142275.2890625000
231022786.9200416505 2088432.3344726562
231202001.5680291653 2092316.3911132812
234560891.4617836177 2146563.8037109375
236815718.9741391838 2169385.4511718750
231471024.6900257468 2098646.9736328125
231556084.3105873764 2099907.7617187500
237046408.4167899787 2171581.8994140625
233182444.0293191373 2127428.7983398438
233188143.4738073647 2128169.9995117188
233188143.4738074243 2128397.3012695312
233188143.4738074243 2128523.8149414062
231945158.8121826947 2107046.9589843750
231859486.4072256386 2105425.7939453125
232133355.7808058560 2109787.6435546875
232143097.2528798580 2110617.0380859375
232143097.2528799474 2110804.0283203125
233772569.7754678428 2137407.5126953125
233772569.7754679918 2137546.2880859375
231647571.2952355444 2101999.2670898438
240108378.3847147524 2186423.7451171875
227221884.3743576109 1999138.2309570312
240108378.3847147822 2186446.4570312500
238667071.7480785847 2180978.9150390625
240322827.2832991183 2187467.4921875000
238633421.3777355254 2180977.4970703125
237189478.6168470681 2172158.0087890625
237189478.6168470681 2172360.3701171875
237710005.4654356837 2176951.7607421875
237849288.9048412442 2180510.9296875000
240260559.2017764151 2186690.2001953125
237768898.1179763973 2177329.2783203125
237368188.0218505859 2175566.6025390625
236229165.7081269324 2166077.8964843750
240260559.2017764151 2187400.5322265625
237368188.0218505561 2175451.3642578125
229688151.9638929367 2061283.2167968750
