171128146.0865451694 163269.1583743150
174910774.2383274138 186432.5624739894
172694483.9224837720 173054.3816225730
172731632.3990036845 174027.1650088035
174530907.0965293050 184359.7174476454
182378686.6019105613 215546.4509887695
171592664.7886229753 165345.4741112441
182764650.7218335271 216443.4331054688
184353855.9030072391 218531.8458862305
174917863.1001042128 186766.0157820949
173953816.4584286809 181181.6555335292
170003654.7885630727 149457.6945716729
170398567.1116519570 154603.1588641059
185601988.3370745182 219424.9063110352
182798042.9093389809 216492.2398681641
169649903.4236950576 144696.1065131370
170983926.5591344833 162170.3541956267
180584175.0121351480 211061.8550720215
174941709.0914312601 187024.6380494157
170873616.4530424774 161205.9127033603
174110849.5615856349 182120.5015365966
175103035.0719747543 187777.3724266955
180549237.9079647064 211045.6287536621
182111388.9744514823 215487.0741577148
170128084.7277787030 151556.8327582021
177568227.6052775979 199459.7597541809
182461859.1977329850 215830.3997802734
181172122.6010165215 213394.7176513672
169827530.0728855431 147118.5526423547
175205818.9175398648 188027.2228905627
178724648.3306123316 204545.6457748413
170668029.3421265781 159375.1963530437
169682186.2694707811 146862.5658942405
170761666.3426840007 159502.7812688005
183964781.9062686265 218477.9179077148
175201654.9602042139 188018.5322777698
170022396.9795563221 150213.1558508864
172722394.9487122893 173595.3460390769
170367217.5110435486 153727.5680819134
182083548.5964150429 215303.5067749023
177848183.7633515000 200619.1623249054
183098938.9371545613 217570.7991333008
179855357.3041543663 209452.3498229980
169953370.0236831307 149457.0193762770
169734777.1792191565 146982.0688624475
176605008.1662752926 195182.2636076877
181846284.6899986565 214818.8211059570
175077642.5918092728 187394.6186027894
170074077.7023062706 151070.9222035267
174857958.5789639056 186262.3554345369
174965010.0041834712 187081.7906762362
177847001.3202506006 200568.8593463898
173770523.7058102787 180080.6509959698
174594710.7491649389 184921.8195196390
180600991.5267230868 211164.7022705078
172356668.5866934061 170450.6023972826
175080569.0380251706 187493.8741346002
180717477.1652501523 211828.2480163574
173245466.1346032321 177035.3244206905
174661222.8585622311 185276.5848703384
182728618.1908806264 216352.5427246094
175745954.1175398827 191076.7730376193
170020605.7364000976 149663.1178860506
183587109.9466120005 218037.1260375977
170618407.6477255225 157838.7312359334
174732638.1430099607 185862.4364892244
182994671.2929290235 217089.0590209961
182858767.1238167584 216777.6831665039
182932636.2902601063 216999.7088012695
170929071.2853555679 161443.8973162730
170472657.7730407417 157076.4087139026
175264851.3460735381 188697.9624915123
170395451.2052566111 154281.5196995874
176636302.5234082639 195345.7813831568
180207540.9429953098 210324.5848083496
172592449.8333554268 172993.7631046557
171465504.3107290566 164705.6036894219
182038938.9592547417 214910.8751831055
171462988.0420599282 164649.8359914365
175342676.4027963877 189226.2419629097
173246736.5507072806 177124.7443336248
172751214.4948203862 174573.9984359741
175335355.7475935817 189184.6529280612
180220443.9121483266 210491.9467468262
178415268.2844104171 203204.3718719482
170451551.2033635974 154764.6254052185
175292052.8465366960 188874.5499388644
175425173.7929900289 189327.8812376925
181271001.2781524956 213777.4213256836
173250764.6376790106 177166.0571348323
172401358.0964754820 171593.5406726979
182054562.5668336451 215105.6167602539
174846610.8915737271 185922.5447119474
181787803.5736860335 214623.6251831055
172237658.7011112571 170013.0151371144
170942918.6306821406 161452.7886734564
179972504.2740089893 209576.0979919434
180744994.0988991559 211842.7211303711
171094120.0271309316 162268.3469546688
172538145.8084629178 171945.2886738228
181509919.8932637274 214112.6343383789
181087205.1067568958 213111.5189819336
178067735.6643735468 202081.4964599609
170436304.2379911542 154674.5446853478
177917786.3495230973 201291.1354598999
170419922.9419201910 154650.9477674345
171310197.2277030945 163798.8123095882
175973894.4788949490 191981.5426521301
171325868.0368092656 164579.1997953206
180964005.1944471896 212381.4667358398
172937119.6472387016 175509.6129997419
173096576.9608753324 176803.5269641327
173014289.3249731660 176034.6654061722
180280667.5067380965 210760.2760009766
178063273.9907893538 202002.6679687500
170588621.0611625314 157838.7025397670
171041529.1173824966 162175.2629569423
181163910.7938839197 213222.6058349609
171245183.4761773050 163617.6831894469
177850482.9654708505 200919.3014831543
170650367.3543804586 158572.5304315937
175259704.0801780522 188572.6576689482
180671660.4200782776 211680.3755493164
170339624.7621533275 153690.8762364526
177858598.1379317045 200962.1501770020
171085885.7924129367 162176.0641781138
183699191.8297972977 218116.3198852539
171116495.2254064381 163085.3884814632
177738143.9098124206 200436.7888641357
180395319.4573989511 210939.4172973633
180471754.8206415176 211036.0745849609
173257060.5822159946 177502.4210008532
173440253.1238501966 178092.8912767321
175392331.6653902829 189242.5221170187
180656482.5476289392 211634.4713134766
180969009.2329165936 212568.0081176758
171472168.9923839569 164898.9920118572
172907575.1017301679 175151.6280286955
173322729.2902764082 177786.9956619563
181566852.0944072604 214415.7400512695
177255722.3870390356 198030.5784870386
172497775.8099654019 171595.3847072423
180883348.6546368301 212171.1718750000
172357350.7206139565 170749.6294708550
179124698.9849246442 207184.7675476074
173929342.6334506869 180802.9541123705
177264071.7735735178 198168.8986927271
175729182.3325010836 190854.2219445178
179168027.7920463383 207265.9693603516
177383782.3297725618 198535.8288990259
178443673.6564999223 203772.1513174772
178621604.4293411672 204378.9963836670
175881550.7843608558 191777.3298926353
178252690.8801060021 202731.8725738525
177232911.0309696794 197811.3246784210
172323026.0732876956 170332.8703950793
178531318.6430786550 203915.2019500732
178432076.0174826384 203226.0447540283
170957037.9117698073 161763.1414177072
180805928.2334889770 211997.5783309937
170793338.5164055824 160137.4901789081
175049330.3890210688 187216.6606534319
172255736.7176571190 170204.6355584711
175856101.4488208294 191567.5080982447
182910576.3615436554 216896.3693237305
179940679.6376388073 209528.9426879883
172106633.7793898880 169286.0513820499
178020937.8388573527 201409.6247878075
178694536.4407668412 204396.7626495361
173076847.6708981693 176726.2133301692
173561089.4862114191 178823.0660326034
176301143.8973394036 193901.9119526148
178035401.2697067261 201605.9615020752
172888216.5667884946 174949.8454125719
173607226.4128748178 179345.9915383654
183080429.3892007172 217191.4569702148
178229979.3674047887 202448.7170410156
173815554.0065705478 180485.1409104662
178665429.2327566445 204387.8544769287
173857413.5714449286 180596.5532639818
187454728.4661480486 219712.9186401367
177316559.5866708159 198285.0177606344
180827439.2518276870 212088.8122558594
177540756.1315594018 199415.2811273336
170294866.2158673406 151617.4929031655
176463856.5146509111 194922.1821665764
179465929.0717470646 208057.9644393921
173673484.3474509120 179930.1221281933
173673124.4843626022 179669.8155528950
173631264.9194882214 179558.4031993793
178333721.6841740906 202809.2860450745
178817296.2363829911 205290.1971817017
179002264.0016738474 205806.2880554199
173067032.4153667390 176445.5419930862
174236857.7614036202 182368.8494009972
172047225.6399907768 168694.1229108423
181549393.5008627474 214186.6948852539
177308600.3295962214 198266.4757003784
173772785.9454957843 180131.3276170092
180169997.0484693050 209905.6367797852
173943741.8568903506 181052.9805169831
179440126.4923825562 208042.1703186035
171920740.2691812515 167954.9267031997
171782021.0027731359 166713.4059609416
174237993.2429077029 182563.0356681235
174493347.2190065086 183976.9707272723
173417579.4874082208 177851.8228436597
174480085.6500513256 183758.5149777606
174096148.9990948439 182108.0672633536
174402780.3933313787 183428.1468032077
182760492.6099846661 216363.2664794922
173485860.2114666402 178506.6184998639
176947024.2857797742 196679.9958572388
174005582.1734197438 181553.7343857177
176342151.8257918060 194083.1340252161
171759900.6059510112 165951.4112954289
171852871.6927780509 167179.1179704013
177980443.6631110907 201362.8700599670
171943705.8273818493 167956.4082355257
171887685.7645200789 167753.4586342814
173584220.4297614694 178888.1179181226
171913887.4435229301 167927.8859313967
178341272.0352358520 203139.2051391602
180179788.2576894164 209933.3191528320
180784198.3827088773 211979.2276611328
179369350.1792511344 207678.5901184082
180892467.0014496446 212194.7397155762
171617362.4514437616 165424.6354165226
177596391.1605536938 199953.0522727966
172048585.0547562838 168768.8474096301
177532272.5608077347 199232.4968332052
179626496.7834723592 208527.0220031738
185480367.1330578625 219408.7127075195
176039518.6028398573 192558.3963230848
177227013.1361253858 197621.4204559326
176076947.3524508476 192797.5902363062
172063700.1831272840 168863.2758764270
186924774.3161996305 219620.1781616211
176809089.6520258188 196108.2442122698
176517675.5439474583 194969.2020606995
175455339.5685269237 189503.9268176556
179765539.4760983288 208988.6836242676
183559269.5685754716 217899.4379272461
177181000.3104267418 197600.6176385880
176016591.4957749248 192476.7338066101
175536397.0747143924 190128.9040027857
186072335.5635887682 219614.2691040039
176249809.1534021497 193682.9007526636
171654799.6585192382 165557.4047073367
175159403.6072004139 188016.5305223465
176673124.1498730779 195452.6308364868
176773413.9718040824 195798.4910240173
175243894.8128131330 188436.2578097972
175479438.9514824748 189642.9438627958
171814782.7079095244 166756.0421226862
171688477.2926535010 165833.9529333356
176960055.2697001696 197287.6411683559
185629933.0884696543 219435.9124145508
174348044.9996378422 183136.4162404425
179251075.3867258728 207343.1738586426
179698079.0504458249 208762.8917236328
178878179.9965820312 205654.6640319824
173519910.0273979306 178603.9280922301
172010574.9706666470 168250.8069595339
180065562.8798959255 209884.9395141602
179031340.5154214799 206239.1338806152
182624326.1804812253 216097.3373413086
171766501.3499838710 166637.7504104617
178798735.2313535810 205210.0371398926
178928766.9561671615 205658.4453125000
176780155.1996152699 195961.1582902670
178732367.3263250887 204672.7308654785
176197185.0866515040 193522.5974197388
171675947.4781676233 165751.7694152835
185030045.4426883757 219261.9154663086
175932856.6641419828 191848.1999582052
172010524.5272733867 168246.0131811145
179346327.9852418303 207596.1126708984
179600987.2422714233 208517.3662414551
179680083.3326908350 208754.9323120117
176055346.5149139166 192735.5393747091
179113722.7011738420 206567.0159301758
175835254.7438597083 191478.0298227072
175095098.8780021071 187558.9337859154
179467950.9708761275 208150.5252380371
176384088.6065147817 194362.1545175314
175590521.1058155894 190444.9860013723
176295096.8290479481 193689.8769296408
175654798.5272169113 190658.6246458957
175628457.0998643339 190480.6622009277
184609698.4721707106 219250.0680541992
184477743.6393748820 218782.9442749023
175785129.4177855253 191304.1759027243
185057876.4244982302 219383.0368041992
174659284.0154181123 184926.8508628048
175491513.4582892656 189923.9939049482
177459273.8513972759 198887.2912235260
178721461.2321840823 204484.3291931152
174468949.7857244611 183694.0489305146
177515498.3246394396 198995.8238563538
