266040024.7752991617 1015014.2248497009
273386931.5256747603 1063671.6640625000
268311566.3958489895 1043604.3536224365
264578097.5346303582 995684.7105636746
267734991.2566311359 1037205.6988372803
268250356.6427376568 1042820.7051849365
265625985.6697776318 1007013.8764915466
262074292.7737135887 906077.7276573181
267206100.4790097177 1032391.4266014099
264688353.0272096694 998842.2142257839
264217791.5740322173 987605.2815475613
267443359.2019174099 1033827.0877342224
266248101.5985722840 1019050.5135154724
267421474.6897881627 1033615.8499412537
262472830.2448037267 939469.1397628933
265338840.4144890308 1004654.7442550808
262319543.5789505243 928946.5631485134
262094842.6763633490 906636.0175890923
263032773.1672993302 956001.0709152371
263381612.9073616862 965662.8687400818
262345861.0167734921 929721.2324142605
269850206.7626663446 1052082.7739257812
273014279.9031438231 1063637.9404296875
265626938.0744852424 1007552.7493858337
265903565.5892670453 1011970.4681053162
265118690.4294218719 1004505.7222824246
267563344.7531178892 1034029.3897552490
268103375.2465301156 1041051.4952239990
266815670.1808021069 1027117.6314353943
269779429.7793410420 1051384.3286132812
268092166.0361811221 1040957.8350677490
265727854.5724887848 1007860.7757225037
263632912.5242281556 970040.5306930691
264874084.8382294178 999932.5487899929
266155731.4696106911 1015951.4947471619
266079659.5809018612 1015277.7644920349
264997020.0462130606 1001012.0878524929
269849357.4494497180 1051883.9946289062
264381859.8864592910 989571.4835128933
263687387.0648300946 976732.6553878933
266017089.0585914552 1014707.5813865662
264367713.5441778004 987986.0003585964
267266110.6000068486 1033016.9173240662
267582696.5674290955 1034148.1832122803
263804389.8425978124 978640.0831222683
264542253.8088291585 992536.7730636746
262261933.8131485283 909253.1780624390
263544477.3625382483 969360.0260315463
265599036.2255368829 1006515.3587608337
268026790.5979054272 1040274.1050872803
267020842.8490450680 1029745.3997459412
269861007.2796815634 1052206.5537109375
263993523.1435332596 981472.7341842800
262754415.5858381987 951164.5450363308
266377122.1196873486 1020533.8792381287
268297649.3827258050 1043533.9898529053
272760073.1345537305 1061380.0258789062
266503284.8789957762 1022911.3125877380
262919097.8248528838 954146.5208664089
268456947.3719620109 1043651.7505950928
264577156.8710540533 992736.5220871121
266724347.2711171210 1025587.3662986755
268883510.2416760921 1047573.4288024902
263190574.9082580507 957986.0461121127
268206061.8848330379 1042493.9004974365
269958573.5149142146 1054177.2641601562
266795163.9017408490 1025768.5800437927
264061696.6487299204 986208.5410118103
266420516.5517373681 1021304.8650779724
270103758.9787061810 1055043.3891601562
264029195.0880693793 982150.3928756863
263649651.2879452705 971047.7574768588
262301726.9568206966 913861.7522659302
263382407.9329692721 967215.5304454863
271172036.1561794877 1059282.6357421875
265061144.4057374597 1001812.3602218777
262894939.8472830355 951635.8892746121
269072505.0858185291 1049107.2709960938
263253272.4966600239 960917.5279006958
266176783.1936408281 1016884.5996971130
264840615.3493148685 999073.4861984402
265376632.1527425349 1005187.3507003933
262935085.2868083119 955986.1854171902
263239195.5091376603 959476.0197449252
270900067.3160119653 1057945.8295898438
263675181.6680655777 971395.6339417025
268748179.2031319141 1046564.7061614990
267146562.1697679162 1030558.2347068787
266465859.9281359315 1021843.9771385193
265322094.0500134230 1004538.0103683621
262676215.1641347408 950245.0748214871
266985939.7868200839 1029450.0115623474
263977599.0527609885 981149.6404342800
264422488.2233526111 989611.3675498962
262653322.1651548147 945545.4685020447
270297974.4097378254 1057375.4619140625
272820005.1154748797 1061395.7587890625
265433052.0002026260 1006422.2276535183
263927804.2944323123 979816.6328086853
262283939.8681053221 913404.9864120483
265859347.8380342424 1010020.8888778836
266336053.4841912687 1019884.9611778259
263403754.0998775661 968822.7502975613
268104612.8648892343 1041184.3897552490
264669282.5934876204 995849.6385421902
265025472.4612013996 1001134.7015304714
270865164.2537869811 1057650.4414062500
269307558.3001984358 1050014.2294921875
272546544.3162352443 1060094.8813476562
272267531.7141226530 1059694.2778320312
267627561.9299659133 1035890.2244529724
267502692.0447458923 1034018.5144920349
266587664.1242637336 1025283.5005760193
268089059.1070653498 1040586.4727630615
264363308.7144758403 987691.7234420925
263226246.8527941406 958647.1545105502
266928825.0993583202 1028236.6892967224
268525892.7485846281 1043876.0679779053
265098220.0179276764 1002274.6703720242
268126995.5082470179 1041341.1324310303
263974000.1316019595 980600.1649398953
265872451.9784558713 1011681.1180381775
272966160.3747314811 1063414.2802734375
263631014.8124902546 969854.1476135775
264658161.0873029828 995716.2753524929
267901698.0011816025 1038528.0660247803
268689961.3803679347 1044790.8266601562
265303512.6866346896 1004516.6217880398
265743940.8522529006 1009460.1771202087
266943438.6611214280 1028302.8977928162
271117060.6750430465 1058391.8569335938
265367734.2037088573 1004791.1998214871
268652913.6121763587 1044757.5543060303
269421200.3018644452 1050126.8203125000
269956216.6438569427 1052511.8710937500
265961324.5039193630 1012601.5650596619
268005919.9334387779 1039440.5337982178
263356137.6221878529 962427.9155845642
269605257.5233267546 1050182.5654296875
267822631.6245956123 1037375.2979583740
268004535.5059020817 1039304.1021575928
