840624557.4203994274 9252725.0820312500
851428899.8887255192 9434489.9501953125
834068461.3794077635 9003809.3232421875
867692787.6060161591 9556094.6259765625
835983289.7231481075 9102068.8222656250
838339784.7476811409 9176990.8115234375
834517683.7335655689 9022266.3876953125
837224949.1194586754 9145328.7812500000
835493626.3608713150 9076552.6601562500
846339860.9093512297 9373157.2265625000
840585894.2944350243 9251641.4921875000
835563333.4461433887 9083331.6621093750
837570336.6468373537 9151480.8505859375
858989586.4401228428 9514487.2685546875
837776670.2103716135 9169944.9628906250
853228432.5698121786 9457234.8505859375
841721765.8566370010 9278764.3027343750
846266175.7559702396 9366568.7802734375
840823278.2361003160 9260087.8447265625
841107446.9932179451 9262765.6777343750
841192626.5650415421 9266445.1933593750
842277187.3145811558 9296715.2714843750
846467224.0646098852 9380856.4199218750
858945673.5332431793 9512489.3974609375
855052506.3878177404 9475793.0751953125
847451518.8792999983 9387873.0644531250
855499390.9158910513 9480233.4443359375
837019250.3753211498 9139820.4960937500
849841292.7349795103 9416037.4863281250
840420428.9587219954 9247541.2207031250
834918742.3926353455 9049780.5849609375
844344313.6086757183 9331474.5634765625
843919913.7395665646 9324015.7021484375
848685734.2048387527 9401713.5556640625
847752676.8845949173 9395582.3613281250
837656832.1500431299 9161343.9931640625
853185618.6100564003 9453239.2978515625
841196676.2280271053 9268223.6875000000
834087864.9506558180 9008513.9570312500
856330264.1054515839 9492798.3955078125
850755941.6917433739 9428355.3447265625
848610691.1652308702 9400385.4785156250
844897114.0168807507 9345204.8906250000
844626787.7357294559 9336314.1835937500
856641279.6289205551 9495588.8339843750
847591911.6042623520 9393961.5859375000
842522993.4260429144 9297321.7441406250
839725820.9019492865 9226711.0126953125
861491813.3932219744 9529409.1279296875
852483547.6762777567 9447442.7958984375
846210726.6441503763 9365902.2480468750
845259404.1330922842 9349843.9052734375
840888015.3054591417 9261579.6787109375
839335103.7978936434 9215779.4541015625
839596800.3271126747 9222042.5185546875
839209444.7813156843 9211468.3916015625
844505336.2374855280 9335417.8906250000
846925118.3336975574 9380981.8115234375
836585229.8822491169 9114678.5390625000
845468078.9279814959 9358873.2080078125
844897114.0168807507 9345175.9609375000
834610323.1454409361 9027576.1103515625
833834576.5473318100 8993248.1230468750
834799902.8978581429 9032211.8388671875
839084032.1478766203 9207634.3837890625
848233422.3856570721 9396034.6093750000
856862804.8216201067 9496558.4658203125
839030804.5445752144 9205005.9892578125
849854638.9639824629 9418009.6093750000
839533546.5177960396 9220514.5263671875
843546352.8417941332 9316433.2148437500
845896192.0051738024 9361968.4443359375
835733156.5655708313 9089905.7871093750
865967273.4805687666 9554268.3818359375
837367372.1612261534 9145424.4990234375
837415881.3740998507 9145520.6621093750
848815628.5341466665 9408746.2031250000
841485199.6108304262 9277117.3505859375
846289097.0144035816 9366828.8847656250
833547111.6152288914 8992354.5917968750
871410888.5538697243 9560313.1552734375
856118538.2608368397 9488135.5000000000
837163142.3287050724 9142634.1054687500
861912808.2413370609 9531203.8330078125
845007671.5771133900 9348772.7333984375
844941127.8543503284 9347871.5205078125
852337498.0178500414 9441669.7871093750
838340689.1032719612 9182912.7822265625
841411871.7956773043 9274189.1777343750
847190596.3273812532 9384295.8886718750
852933207.8599184752 9452100.4521484375
836769510.1130523682 9121320.1894531250
837540851.6602329016 9151036.2851562500
841192626.5650415421 9266194.7324218750
853446385.2650804520 9458552.4541015625
842204100.9119541645 9286168.7822265625
835118808.0273026228 9063642.1962890625
857839269.6738338470 9504876.3076171875
842903442.7532244921 9305772.2734375000
835242938.4487428665 9072301.4560546875
858059077.7884244919 9509956.3662109375
844694157.0369631052 9336826.8085937500
842903442.7532241344 9305712.3515625000
849559414.2540887594 9412645.2539062500
844941127.8543503284 9347865.3349609375
834940778.9473159313 9055728.5449218750
845562657.9098943472 9359661.8232421875
855327586.7513494492 9479502.9736328125
839792016.3789920807 9227428.5615234375
834620537.2912387848 9028925.5673828125
839928537.8810359240 9232767.6982421875
865629078.9184540510 9552242.5693359375
868655620.4379780293 9556977.7529296875
841161238.1607941389 9263510.3388671875
853398915.2331631184 9457315.4326171875
852531737.5901373625 9447952.8955078125
841721765.8566373587 9278800.8964843750
841793883.5176194906 9283770.7988281250
836509156.7454860210 9111948.1630859375
857294686.0046243668 9502070.9384765625
852337498.0178500414 9441643.2324218750
837975491.9635400772 9173986.7646484375
834293210.2797000408 9012752.0087890625
861116468.4939625263 9528071.1962890625
853943693.4267066717 9462939.7255859375
836669755.8564990759 9120068.5537109375
845681464.5778353214 9360368.8447265625
853958109.9072808027 9465048.9326171875
853223937.3006149530 9453693.2919921875
853616660.6294792891 9462323.8857421875
840005502.0886188745 9234135.6699218750
837606188.1449410915 9155805.2373046875
834940778.9473159313 9056262.1435546875
842174634.6819390059 9284138.0537109375
846029896.5111089945 9365262.9287109375
853616660.6294792891 9462603.2333984375
834523125.1028153896 9027463.3173828125
837775450.7584569454 9162059.9130859375
865500682.6787701845 9551542.4150390625
865344130.9820970297 9551381.7666015625
856495009.8792179823 9493201.6093750000
835928158.1921790838 9095886.2119140625
835643306.8897044659 9089659.2304687500
835769480.5306062698 9093333.3261718750
858042720.2697443962 9507092.2861328125
853105562.0944159031 9452792.3457031250
841358091.9007543325 9270748.7363281250
857239213.6849863529 9497592.2138671875
836355895.0180594921 9108351.2353515625
836930452.6589331627 9123528.2656250000
836421042.3240017891 9109712.8232421875
838582954.8403438330 9186841.7187500000
845457349.0276565552 9358412.4990234375
838068672.5705871582 9175676.9355468750
861883973.3536145687 9530859.4619140625
835379710.4116308689 9072326.4726562500
853321435.9195855856 9457239.0615234375
838792898.2371094227 9194583.9658203125
852566279.8652236462 9448076.1621093750
850448444.2520006895 9419212.8759765625
865656852.8689986467 9553640.4501953125
843682003.3962708712 9320859.2871093750
834823008.9815618992 9035394.7236328125
837681339.1207401752 9161641.2998046875
846198987.5094436407 9365858.1054687500
838909487.1676501036 9202686.1445312500
857292253.0743393898 9497897.0615234375
838465217.4655389786 9185943.9072265625
838654639.9289734364 9192773.1386718750
844219824.8275151253 9324168.7470703125
838602563.1967887878 9189599.7197265625
844872201.6092475653 9339977.8349609375
838804025.1188228130 9194700.1044921875
839069175.1756732464 9206837.7431640625
838809098.0353595018 9196900.4638671875
836305179.9878609180 9106130.3291015625
864665618.6017515659 9550720.3447265625
844821664.2096410990 9337284.3505859375
852384043.3557994366 9442759.5156250000
845305468.5846986771 9351928.1025390625
845935886.6203330755 9363783.3212890625
856162464.7633972168 9489466.6621093750
845385736.0616368055 9355768.7783203125
845338052.7070710659 9354099.1533203125
843660135.6247073412 9319115.8261718750
851306352.4096449614 9431892.2275390625
838750670.1348458529 9194340.9384765625
844821664.2096410990 9337307.5517578125
837424560.2003087997 9148957.7519531250
836057039.6174950600 9103705.6484375000
843479675.0981627703 9315711.8183593750
844821664.2096407413 9337247.6904296875
855785354.4408917427 9481313.8837890625
844548869.5014468431 9335490.4062500000
859172522.4305894375 9514997.0048828125
843069084.3380134106 9307235.1074218750
837036134.9246654510 9140489.2617187500
850448444.2520010471 9419247.3623046875
843340291.5486917496 9313153.8945312500
840192215.9490638971 9239288.6074218750
842671054.6782708168 9300764.2558593750
851341553.0245155096 9433421.8183593750
859326711.4048494101 9516718.4013671875
846012644.7042040825 9364526.4951171875
842764059.2037532330 9303253.7265625000
862025823.6314282417 9532216.4501953125
870939699.6252486706 9559551.8115234375
843153631.7612944841 9309458.2988281250
843639175.0720863342 9317543.9648437500
846012644.7042040825 9364696.8466796875
850458691.8352562189 9420520.1435546875
850560065.9152626991 9422842.4843750000
858448380.4280440807 9510355.4189453125
837583727.4482266903 9152957.9042968750
855797972.9296381474 9481541.5634765625
851837255.5937297344 9437663.5703125000
857765997.3379507065 9503521.3818359375
840527440.8403991461 9247666.4501953125
850334084.1296390295 9418674.2324218750
855887884.9069719315 9486879.6943359375
868732219.4956059456 9559085.4599609375
853539343.1264685392 9460541.4492187500
837616894.8006266356 9156796.2519531250
851018716.0245755911 9429213.3007812500
857616255.5450646877 9502884.4111328125
837452865.2639493942 9150575.9785156250
836985714.3755621910 9123875.5917968750
850544823.3555390835 9422560.0019531250
861299775.7494627237 9528222.5595703125
840166059.2411385775 9238601.4189453125
855879834.0425493717 9482827.8857421875
839369850.1701951027 9215894.1640625000
860642854.0960896015 9524970.7900390625
859986341.7000970840 9519799.9287109375
859639504.2543289661 9517189.7666015625
861326230.8670639992 9528416.8583984375
844219973.5272741318 9326051.7050781250
851786803.9471014738 9435586.8203125000
862047535.1549451351 9532668.8798828125
852978561.9600398540 9452406.0410156250
867920414.9101586342 9556701.1669921875
838389684.4788388014 9185146.9707031250
839536949.3267750740 9221447.2890625000
859642790.0589092970 9519757.1044921875
860070006.5098097324 9521483.8291015625
870585436.0835819244 9559178.5693359375
852790132.6446484327 9448959.8183593750
852351656.5910428762 9442114.1054687500
854661355.7190475464 9470764.4433593750
851661030.4742512703 9435229.5800781250
840004584.3694165945 9232904.1816406250
851917717.6615960598 9438496.7187500000
862443141.5147646666 9533353.7958984375
839602205.5562270880 9222765.2460937500
860830473.4862682819 9525776.2666015625
854771772.8943957090 9471126.4824218750
860811182.7507264614 9525520.1396484375
839840530.3407233953 9228319.5644531250
862144214.0897763968 9533232.4287109375
860811182.7507268190 9525521.9462890625
860479186.8107669353 9524442.2744140625
839155937.9878171682 9209308.4814453125
839262903.4831982851 9213061.1074218750
867014643.9314080477 9554402.4013671875
854323705.5026788712 9466517.6445312500
854499230.3684091568 9467864.6113281250
867421373.0038336515 9555428.3896484375
863715684.5194675922 9542158.1435546875
863689944.2692930698 9541747.4111328125
860240589.5239099264 9521932.5185546875
855004488.2253004313 9471217.8193359375
864052799.6448659897 9545104.6435546875
860039435.3969733715 9519955.4677734375
863753366.0840109587 9544552.7568359375
867610792.7205923796 9555572.6357421875
867280049.4636193514 9555100.9384765625
864136851.8529448509 9547548.0146484375
858825801.2696400881 9511080.3232421875
864540890.0970020294 9548215.9287109375
860409377.6394472122 9523265.7431640625
862759398.2295532227 9533850.3134765625
863316179.5017571449 9541611.1923828125
863152404.6503512859 9539454.8994140625
862789541.6144179106 9534755.9052734375
863145186.0486166477 9538249.7177734375
