631532193.2831319571 76467.1658203612
640912257.3724204302 82615.8388866829
654757715.5937860012 88988.2204351425
635367244.1378737688 79325.7067816370
637538343.3253389597 80462.5036215233
636457749.8228660822 80029.0308966088
632160375.6127502918 76939.8008720885
632979058.3718907833 77685.0028564940
645664584.3688433170 85076.9086158822
634120155.6289576292 78366.0251524561
632752971.2447489500 77541.2594063292
636256297.4169586897 79755.2705425667
628815466.4970012903 74077.1354681114
631765324.3217172623 76818.3592369566
633027700.0450663567 77703.6757979105
633682189.4864635468 77948.3655045043
634000644.2987967730 78191.5534117232
632557823.2575600147 77234.7457039366
631553432.6581724882 76579.1843903075
633683569.7555658817 77988.0396513902
646160016.4027671814 85397.7374370644
637788440.8827900887 80610.1621450829
637942580.3851690292 80710.0186514306
632641776.6851342916 77382.0959581780
633299850.4447319508 77916.1463882933
634913614.8083375692 79061.1912100427
621326898.3780052662 65178.7696921539
655209550.0974378586 89286.4192953110
655643266.4816234112 89413.5755453110
637278367.1054160595 80450.7690634179
646361480.5953314304 85544.9879615853
626421536.9287582636 71957.2744354299
632546201.8107440472 77204.3100923943
645464678.7034099102 85045.4650428431
620839943.2021896839 64077.2794359499
620671088.7604526281 63943.1452577882
630223420.7916398048 74982.4220054709
626964778.3137632608 72511.3718610863
633722713.7425338030 78087.8148148070
633273916.4024318457 77837.3616211424
621893259.1789739132 65587.9319273529
634012611.3178172112 78271.7435362349
621543289.7155376673 65377.0683333588
639702325.5702483654 81837.0355162072
640499776.3623456955 82461.3965992379
640499776.3623455763 82460.3281177926
634912850.1928572655 78975.5727980249
636346177.7032057047 80014.9290823388
645483268.7524608374 85057.8088501046
627288485.3489019871 72865.1254697899
626829713.8846834898 72122.8590077787
631310930.3767012358 76461.7354271422
627519494.1373096704 72924.3897274286
626867119.9999908209 72339.7368051308
645796201.7777818441 85131.9793346474
640953405.6918820143 82724.8436893868
638031299.9364764690 80905.7587502125
623243333.5735499859 67934.5853424780
628117361.0497087240 73444.7052274803
621967672.5343180895 65869.0446192932
631226368.4043254852 76069.1154723635
631230940.0444391966 76149.9327030182
650126125.1466813087 87102.9610610008
637741862.8399344683 80548.4198965478
655137080.9044415951 89257.2910757065
630768736.4418396950 75691.9748580046
650126125.1466811895 87100.7532362938
655643266.4816238880 89414.2798299789
624386977.8664537668 69638.1838675123
652323151.3334982395 87820.9874069920
651961115.4717798233 87813.9910004368
624405690.6589674950 69698.1436270159
643331579.6340582371 84013.1494929790
641360507.6158385277 82783.6373469942
630666607.3782010078 75656.6120395660
664539641.9731187820 90874.9734497070
624976215.0114140511 70160.5107507519
624707057.7627049685 69998.5563650709
627108434.1029993296 72817.0442777733
630829513.0573791265 75890.2381208222
643231117.8167854548 83957.8545329571
625620227.1055431366 70804.2642469555
623450994.7294342518 68464.2522929143
624077725.0698754787 69420.9918850344
623375510.3618509769 68456.8421332669
636799807.0327417850 80279.4446539330
623976257.7748118639 69079.5317576807
622773408.8612592220 67441.2646790259
649412350.1638301611 86707.0438034764
624942204.0630049706 70067.3346832674
623679717.4939137697 68488.4702174098
624001124.5318766832 69232.3978656214
632413021.6217558384 76963.4495357918
629065126.0568655729 74142.0435375172
632135292.4544845819 76842.2245172906
651961115.4717797041 87813.7989533177
627428663.5491015911 72924.2302257317
623301955.7426509857 68020.2992666513
664476947.6677027941 90861.4186782837
625493371.2567802668 70744.1971265255
629631666.2915780544 74533.9296223968
631234934.4581385851 76180.9336389947
621055121.3161554337 64466.7799976629
643181079.3569064140 83906.5288989544
623758651.3086802959 68953.7801903170
629407394.3760446310 74322.5947765308
643206007.0869934559 83949.7465503216
647042851.4319981337 85770.7692145339
639528126.9366971254 81723.0646788264
646758477.9746446609 85639.4871405592
636751053.8072524071 80073.1040777611
624997170.4568191767 70317.3027928025
630293744.3342062235 75128.3838500940
639000404.6879949570 81416.3302631152
639173214.7352855206 81563.9129581225
623943714.1493698359 69048.3067787569
634496009.3434153795 78727.2630407923
624047151.7507743835 69391.3322838228
621758528.4274588823 65533.9427401733
654589757.1453425884 88840.3163747787
625122456.9456105232 70317.4760887772
647829572.3376122713 86101.7970504761
626011691.0113117695 71375.3715574770
654589757.1453430653 88840.5084218979
621758528.4274586439 65533.8471324158
639976163.7822207212 82078.2221648815
639515753.2407634258 81612.2552890551
630455369.1881113052 75375.6561938050
635035248.4667505026 79132.8288333538
634275328.3901822567 78451.4217512720
634309602.1197496653 78523.8642261150
636054960.5884994268 79630.2665050152
634282329.1175071001 78488.6118152263
638590830.2704147100 81134.3325023425
622222775.5006452799 66446.5667296958
622342917.8967629671 66627.8024474692
630296625.3257459402 75224.2864803123
639870866.8150669336 81951.5499198559
622615662.2218879461 66976.7557555747
640375669.2857414484 82313.9531068576
634139592.3739055395 78425.7708118084
635489573.5758521557 79383.0158450725
634581550.3012990952 78759.8539798382
630270493.9085209370 75101.3605891364
640156616.6685537100 82274.2492112887
630333732.2805608511 75262.0301213621
629690139.3339368105 74656.5594426292
656385700.1343668699 89607.8591184616
656548387.7947006226 89752.1716489792
635831986.5614335537 79566.4855325344
627629592.4008256197 73108.3307932812
627588920.1388595104 73056.6413744884
636258657.6649559736 79805.9953728393
654386733.7192234993 88835.9412827492
638446248.1679855585 81059.1077670825
635348093.6979506016 79263.3329799297
640674890.4695332050 82585.0013932955
651442098.7778538465 87581.4217350712
638861036.0903769732 81393.2481441272
622429755.2825008631 66776.3668324065
635259635.5097758770 79261.5999896648
634386952.8326027393 78582.5120800047
634440070.4233975410 78641.4314143779
647982038.1164501905 86147.3372261754
643540028.7992359400 84190.8972251551
645167251.1632663012 84961.9922192761
622628735.5090274811 67096.6224910331
641933400.3212717772 83163.8199983127
622096651.4854310751 66120.6770732117
628616499.6045551300 73786.4107457298
623749369.3473360538 68773.1654917628
641933400.3212717772 83163.2228913791
628622362.3413046598 73794.8637791770
622416016.5843566656 66684.7171498847
642961529.0253753662 83751.6610416099
659572089.0161601305 90280.3625946045
625910718.7269495726 71111.9298570275
635545332.2724467516 79468.5781554962
634807637.4284410477 78909.5908572796
625706768.9693760872 71003.0919437826
648527561.3391948938 86424.0617840519
622198130.0367605686 66291.8137061310
663561907.1375485659 90857.8400115967
628737421.4353091717 73973.5913525718
626274607.3810731173 71380.4503486305
628275922.5515172482 73644.2469197410
628129785.9505279064 73479.3495274680
626290818.6343262196 71697.1271261462
625288895.2240470648 70616.1912205368
628998129.3918930292 74130.7138941949
629597489.8754216433 74502.8166108225
629451059.6891260147 74486.1167512033
629088777.9528322220 74320.4304373106
628145080.5123254061 73510.8650391857
627729269.3089832067 73265.1804448264
625814582.2373511791 71087.7314854085
649055025.7249752283 86651.0929749241
657734916.9137345552 90232.4483518600
661151384.4341983795 90729.2635650635
642708140.3193924427 83731.9694826528
661436964.0021978617 90773.9004821777
647423367.0540000200 85919.5996322632
647583918.8409672976 85925.0933532715
626598215.5528656244 72006.3244070300
630000963.5347706079 74818.0087283915
649800847.5773351192 87047.6168644658
649138411.3137491941 86655.7356446019
630135342.3779245615 74918.6842438197
642986167.1906903982 83886.9675447866
647143772.1243917942 85883.7762680054
649138411.3137493134 86655.9789002171
644306249.1443233490 84632.7056968348
661633208.8163510561 90784.8237609863
655029334.0265833139 89109.8553204536
650887784.5161612034 87484.4407227269
643715336.8741718531 84358.0925793216
643841959.9194411039 84466.8252418177
643531476.9741793871 84167.6390197413
644570544.5439100266 84710.6330344813
657498655.1102038622 90142.8337125778
655029334.0265830755 89109.1745953560
648933469.2795274258 86631.9873612156
648933469.2795271873 86630.1076004734
657420327.2488992214 90035.8417692184
663177539.0472662449 90813.8795089722
646989302.0614182949 85723.9133682251
657213660.3154990673 90026.1960630417
654879666.9814977646 89010.1766009331
643531476.9741792679 84167.1145141261
657483584.0891500711 90093.0224180222
648832375.6140365601 86627.7430680027
655381930.2400488853 89290.0095238686
657213660.3154989481 90025.6483030319
633710679.6031914949 78061.9541057396
650504037.1945201159 87418.3940003148
642099869.3702472448 83240.2785227505
645907579.5411844254 85192.4990759790
650370091.8057478666 87331.2970307103
645907579.5411844254 85193.0961829126
644870693.7070709467 84761.3152056753
645019799.9198768139 84907.1150679818
637097622.6904119253 80337.9762036922
626749409.8273013830 72074.6379257208
662862840.5375810862 90802.7154159546
662935059.2410107851 90811.6217880249
637097622.6904122829 80338.6128919246
636128475.1381701231 79645.0371530178
647879716.5407317877 86120.9361252080
648382572.2266638279 86355.1170658361
658366140.3960862160 90262.6965894699
648326507.5431585312 86337.8728946935
636244933.3320373297 79714.4291722896
638497958.8450046778 81082.1493968238
637953809.1423115730 80715.4696990671
635825457.4988428354 79503.7439115169
637966236.4407938719 80749.3962123516
651327354.8694237471 87575.0064804783
651688266.7877727747 87779.4920761815
651541418.6675080061 87700.4706528416
638730984.5550560951 81279.5034320476
651511109.1425815821 87590.4876435032
653113594.0584357977 88429.6657847689
653026876.3562021255 88315.1921710299
643055168.6180175543 83887.3957610130
653411309.6773800850 88558.0545329378
653264461.5571154356 88476.4490641878
642307283.7052210569 83498.3918731213
649705195.4438271523 86931.1020528674
649640132.8843642473 86923.5374776721
641573491.2598271370 83022.1461303234
641785722.4208832979 83100.7785689831
639594798.8445069790 81723.1436939957
639711462.4932898283 81841.8008442643
639687807.7445676327 81781.2183247330
653133995.9629375935 88430.9555186556
660987987.7894901037 90677.9807510376
652507428.8726325035 88023.0467204378
660553261.7352581024 90650.4572982788
641993351.4557827711 83206.3801736981
642058742.6352826357 83229.8648195416
652461383.0522764921 88006.5135936068
652879953.8851208687 88238.9041779116
652591267.9197063446 88126.7288887575
660352058.5218673944 90611.5759353638
660054342.9029229879 90484.3200607300
652327697.5553326607 87958.3288058565
652336184.1445469856 87988.5504626558
660153266.2073729038 90555.4386825562
659797207.0355573893 90386.4646530151
659634090.6982927322 90333.9232101440
659944055.1558220387 90466.7874679565
657060711.2320320606 89876.6120176315
653844194.4094464779 88726.0730812624
653361621.4520093203 88535.5435375422
654250110.5396584272 88738.3150843905
656253756.7413371801 89594.9796131253
656448318.7519840002 89662.0693917274
656116788.2282390594 89521.6114032865
654625761.1210994720 88927.0215809941
656116788.2282389402 89520.9071186185
