239354518.2001484334 6824324.3730468750
239817193.3974572122 6954308.0761718750
239824937.4322182834 6959372.6914062500
239913737.6136582494 6976596.5175781250
239881196.3248108029 6969542.2226562500
242250796.2414020598 7401987.1171875000
244120144.1259489059 7612190.7832031250
249698814.5629767179 7992208.9785156250
245761655.7599145472 7743083.0898437500
249911368.9710117579 8006194.1054687500
244281099.4142807424 7624667.1875000000
245020402.6323571503 7684842.4335937500
247184644.0872916877 7843839.9785156250
246721091.6787557602 7815239.2714843750
246593849.5044823587 7802650.7753906250
239093160.3986207247 6734514.3242187500
239175316.6460373998 6772033.8515625000
239120837.2254260480 6748605.9960937500
239533157.1442078650 6880089.1777343750
240717126.2164243162 7155696.6328125000
251793196.3988504410 8062097.1308593750
249038471.8986093700 7956919.7402343750
240112806.2433943450 7020834.6406250000
244247614.9030082524 7619054.6347656250
251550590.0313019753 8061801.3574218750
242449616.8717994392 7430313.1406250000
281496283.9030159712 8360315.4277343750
240738709.7172393203 7157945.9453125000
240736695.4959600866 7157164.1093750000
243902606.9903731644 7594306.6777343750
246680525.6188160479 7813317.6425781250
239745400.6899574101 6936317.2421875000
249586332.7851122916 7991772.7753906250
242100568.8445301652 7381832.2988281250
244952529.6267282665 7680380.3789062500
292992823.8256669044 8427190.8359375000
242301498.4475269020 7409155.1171875000
241834906.8869979084 7345478.9277343750
244037832.7816106677 7600155.5722656250
247306009.1250975430 7845596.2304687500
248449939.2440510988 7922698.4453125000
250872132.5244320929 8031596.2988281250
245807407.5648483634 7748524.8613281250
239119474.7286002040 6742148.6171875000
242063860.8917972147 7376122.0039062500
242404061.2683904171 7424522.5273437500
250533578.1449870765 8016585.9628906250
265438769.7026124299 8254084.2460937500
239419821.9327771068 6850219.5839843750
242329857.4606434405 7413098.7187500000
241731338.6470157206 7328200.1601562500
244067094.1492995322 7604454.0136718750
248919767.2891433239 7953923.3183593750
251397006.6618412435 8061456.3300781250
249846686.2550294101 7999951.7968750000
259312882.9367729723 8213372.9296875000
258950716.1712231338 8195774.7011718750
258582851.1617605388 8191070.7324218750
244333299.0340158045 7624761.3457031250
243957690.9513202608 7598051.3847656250
243811072.0255298615 7585596.9941406250
254265325.8618808091 8111613.1464843750
249566257.2824349403 7989838.3222656250
259644741.6650688052 8232847.1601562500
239120413.1069800854 6743099.2265625000
239092736.2801747322 6729007.5546875000
240174157.0032409132 7036249.7988281250
240163002.8018077016 7032663.1855468750
240504804.4666519761 7107286.9257812500
240499584.8728688061 7104988.0820312500
240762174.7904093266 7159568.4218750000
240697735.0770428181 7147104.0292968750
242397453.2537189126 7420114.6093750000
241815337.6074619889 7344011.4511718750
245614469.1690613031 7731596.6210937500
259559677.8846602738 8219910.8437500000
246400811.8736391664 7796412.3613281250
241493750.4532228410 7289085.1875000000
243287589.0623672009 7524166.9921875000
244660980.1173872948 7657643.1113281250
280292289.0251932740 8345844.9257812500
251218421.9933949411 8045513.7910156250
251195177.8413933814 8044076.6757812500
250280792.2328909636 8016360.6054687500
285829147.5151930451 8382635.4218750000
254107505.0670593679 8107200.9785156250
239658850.3851277828 6914570.1367187500
243042743.7825386226 7505154.6152343750
259135967.8288968503 8207650.8984375000
251809882.8093294799 8062478.2363281250
248287065.5412460566 7913583.6562500000
246386343.9257733822 7787788.3808593750
248474090.1555196047 7928934.4921875000
255491798.8307161033 8147450.4179687500
239142651.4859564602 6752520.8183593750
259403522.7661092281 8216263.6445312500
239317956.5830638707 6815188.0664062500
243192150.1352333128 7521904.2675781250
259489770.0102716386 8219567.2734375000
239212116.4782051146 6785551.3476562500
280457858.5806280375 8352026.7714843750
251325739.8590549827 8052766.8769531250
250988225.5101345479 8042341.4355468750
251242572.9048634470 8051749.8378906250
241645258.4558280706 7311992.8750000000
259388822.1894205213 8215472.4609375000
242816370.3807298839 7474849.0214843750
244431250.2106655836 7635494.7246093750
248077844.9118531942 7898970.0234375000
248712416.2731073499 7945091.9843750000
244213713.0750899017 7616908.4042968750
245824355.2178419828 7750033.9941406250
241965444.4205722511 7364300.7519531250
241760982.9834759235 7333579.7968750000
249390688.7983392775 7975838.8183593750
239425481.5934187770 6850721.7167968750
239555999.1878882945 6887604.1347656250
243026179.3209935129 7498132.1484375000
242442068.2001381218 7429009.3066406250
244702375.6476814747 7661290.0000000000
250841024.7781001329 8025182.7675781250
259459066.6967366934 8219125.3085937500
255973795.3868438601 8157717.3906250000
239388942.2997606993 6840582.2480468750
245862973.9733206034 7751395.5917968750
241663829.6048567593 7321103.7636718750
244351908.0169682503 7630347.1074218750
244883459.8329651654 7672511.6464843750
239484630.8055298924 6867159.1269531250
245021330.6072524488 7687370.7089843750
240269160.9117363393 7057811.7304687500
243636156.5168654919 7565802.7285156250
242775615.5863682330 7470266.8027343750
249476175.1348927021 7985181.5371093750
246983681.2184118330 7833846.3730468750
242655901.1509039104 7454677.9414062500
249391384.7099755406 7978180.9179687500
248871850.4949942231 7953692.4882812500
244010470.9863131344 7599504.4042968750
248594070.8480799198 7937387.8906250000
240088077.8488111496 7019252.1621093750
242568788.0664202571 7444712.8476562500
287843644.5506621599 8398270.2070312500
250257706.5006509721 8008347.0722656250
242087308.0867172778 7380119.6210937500
243390810.6116846204 7542069.0039062500
292301878.9886263013 8412313.0117187500
239701884.2520709038 6926009.5585937500
248518287.7540490329 7929526.1523437500
239327694.6460167468 6821174.6113281250
242420579.7551032603 7425773.3652343750
252642113.6381133199 8090064.7402343750
280698846.3296409845 8357889.1464843750
242795184.8659041226 7471734.2792968750
257461377.0277158022 8176598.6289062500
243743370.5235274732 7577708.4628906250
239605104.8543688655 6900890.4492187500
243190230.9697343111 7520135.8027343750
243219492.3374231160 7524155.3808593750
241447079.5059610605 7284086.0019531250
249007530.0756942928 7956186.8828125000
242504781.4041931331 7436323.5683593750
241002553.1190525293 7207252.9628906250
247804714.2772123814 7877113.9550781250
240855880.7167861760 7176643.7109375000
251188178.9593929052 8043529.9960937500
241861358.2045860589 7347871.9062500000
239258197.4276187122 6791886.5000000000
241544232.8845801055 7296562.2656250000
243706593.3170232475 7571855.3320312500
240781956.8132641613 7164862.7265625000
249174059.7331330478 7965711.8808593750
240836311.4372502863 7175176.2343750000
240044561.4109246433 7008944.4785156250
242454807.1728047729 7431199.1621093750
239273427.7331074178 6803740.6015625000
241563051.3035624623 7300579.4218750000
239651687.6936574578 6914181.0136718750
239664254.0664799809 6917327.8593750000
240165508.9452219605 7034723.1972656250
240614333.2181746662 7132781.9531250000
245733950.4441778362 7741016.9316406250
252597277.0343957841 8083982.6621093750
239243731.7956565022 6790223.1054687500
242590276.5114551485 7447948.7890625000
243651509.3560760915 7568110.6250000000
246134448.2694735825 7771479.4277343750
242140053.4848865867 7385608.4375000000
254264667.2975831926 8111417.6035156250
240871873.1270220578 7178631.8496093750
240600842.5521743000 7130096.2851562500
239863541.0552447736 6964767.9726562500
240444009.0221169591 7096232.7070312500
246307113.1997042000 7784253.3691406250
241349382.7301698327 7267724.4257812500
283941015.2447934151 8360574.6152343750
240442089.8566179276 7094464.2421875000
243470889.5054108202 7549761.7089843750
240834392.2717513144 7173407.7695312500
243296246.4638541341 7531207.9238281250
240649853.8428164423 7141175.1757812500
246628919.0602191687 7804386.0683593750
241268741.9262147248 7249502.8085937500
240781913.8388938904 7163922.3417968750
240322729.9659522474 7070589.3945312500
239400855.3971228898 6841159.1425781250
240373716.3486701846 7079809.6992187500
244333449.8751348853 7627425.2988281250
245857083.2734635174 7750052.3261718750
241225923.3720817864 7243427.3261718750
239994364.8525111973 6997115.9335937500
240943276.5586894155 7194755.8339843750
239659891.9354015887 6915058.2617187500
245076414.5681994855 7691115.4160156250
240570592.7851471901 7122653.7187500000
247056363.3524776101 7835272.7148437500
247957339.0686245859 7888875.2246093750
254573948.8007381856 8135365.1386718750
239891286.6163208783 6969837.2656250000
244764617.3811643124 7663160.2128906250
240729786.3631337881 7156606.4570312500
241089498.1808498502 7220724.2656250000
245627088.5467763543 7735360.1113281250
245919552.3246246874 7757554.0917968750
240403377.9058890343 7087305.5214843750
241882846.6496209204 7351107.8476562500
244446179.2792594135 7636164.9667968750
240887136.2218444645 7182051.1015625000
250814013.7992082238 8023135.1074218750
242520518.7746543586 7438915.7890625000
241069259.9070211947 7217247.1367187500
241174482.2899717391 7235375.8964843750
253942948.1201622784 8106660.7792968750
290095793.9082804322 8404120.1816406250
290335108.0478453040 8406686.2480468750
239861621.8897457719 6962999.5078125000
247624790.8480900526 7866577.3925781250
247954738.3708910942 7886302.7890625000
246103166.3964233398 7770261.5058593750
247376352.2152872980 7857520.4785156250
249137132.1987892687 7958862.9453125000
240252174.8212774694 7051069.4765625000
285818324.4655346870 8377584.6777343750
239356324.7169941068 6825950.4746093750
254278196.2900564671 8125986.3886718750
245694385.5892507136 7738316.4199218750
247458222.8267927468 7859909.2050781250
292529077.9909526706 8424695.0820312500
292779962.6569579244 8425093.0332031250
291297083.6285351515 8408579.1972656250
253452412.7618368268 8098413.9863281250
252462372.6136815250 8075667.4531250000
253227165.8935218155 8096143.7128906250
246306196.7075097263 7779726.6308593750
248380953.3377332985 7915260.1093750000
245381124.8470228016 7713028.0097656250
241521532.0127170682 7294220.0683593750
280612476.9645355344 8352445.8535156250
291374105.9785890579 8409638.0527343750
245512224.6667931080 7724438.2050781250
245472659.8118659556 7721737.6933593750
292334832.4923743606 8418542.3750000000
247541460.4404661059 7862363.2109375000
292649500.3698670864 8424891.8085937500
292524156.1787993908 8421781.7480468750
256829367.7688673437 8161364.8496093750
247556763.6083755195 7862783.9375000000
244804551.8416191638 7664923.5019531250
241252029.2906135917 7246172.5039062500
242564967.5312801600 7442604.5507812500
247586250.0252799690 7864109.7324218750
284550925.8991451263 8364774.4882812500
283957510.8756332397 8361191.2597656250
247524008.2917970121 7860819.4941406250
269798064.5230655074 8256499.8203125000
276709795.0481650233 8312303.2226562500
276806932.8148553967 8315224.5664062500
286601560.8328630328 8386860.6406250000
257362609.5052609146 8166684.3183593750
279982129.0646093488 8339829.4550781250
272529680.7981436849 8301317.6992187500
270480533.9479681849 8278302.7050781250
254183976.9027716219 8110489.7734375000
270060141.6279299855 8267003.0878906250
270416073.6045924425 8276115.1757812500
280137890.6624085307 8343942.0703125000
280037564.0997748971 8341222.1445312500
254432785.2493277192 8126435.5195312500
276273013.1505970955 8303125.2656250000
253882263.8393013477 8104936.9257812500
285309813.2598387599 8374870.6894531250
276237830.6118429303 8302786.0156250000
270353711.6898638010 8272438.9101562500
254880569.4311426282 8138911.0722656250
270406012.3034657240 8273805.0429687500
269881087.2164713740 8264123.9414062500
279785474.2623912692 8316376.4804687500
271041377.3887277842 8284832.1230468750
258356215.3830265999 8176716.7871093750
258386962.7537482083 8181617.1582031250
