452227538.5317602754 645.3113238811
452227538.5317602158 645.3110064864
452157290.4036887288 619.4155197524
452619162.9104672670 729.4506740744
452205783.6657034159 642.5059358206
452312021.1489076614 663.0505595501
452312021.1489076614 663.0505748946
452278372.4736683965 661.3720619547
452312021.1489076614 663.1474824246
452425737.3402977586 691.1245061993
452157290.4036885500 619.2258382820
564532834.3371385336 4192.2153544577
452157290.4036887288 619.3216038727
460367696.3312931657 1095.6937801366
452170567.2036893964 619.4605511877
452131445.8605812192 595.2653065615
452191991.0704767704 639.9640789358
452191991.0704767704 639.8671560613
452205267.8704773188 640.1033159033
452240815.3317607641 645.4450408029
452191991.0704767704 639.8671714151
452240815.3317608237 645.5486497092
452191991.0704767704 639.8671714114
452205267.8704773784 640.1047414080
452157290.4036886692 619.3212988757
452339574.3587218523 670.2849859551
452205267.8704774380 640.2002387777
452131445.8605812788 595.2653065625
452144784.9543247223 616.3726186941
452465100.5632867217 693.6057669907
481143771.0080124140 1939.5372108842
481329241.0963336229 1941.0116600419
452334147.6639845967 669.7933637402
452131445.8605812788 595.3606723736
452465100.5632867217 693.6072293906
522897751.2802696824 3245.6717509795
522258999.7458503842 3227.3899113629
452131445.8605812788 595.4564353417
452131445.8605812192 595.2653065597
540441210.0962142944 3577.9011151019
541612623.1745421886 3598.2326284548
452131445.8605811596 595.2652915905
452131445.8605812788 595.2653073364
452131445.8605812788 595.2667079161
510468658.2716134191 2852.0784690285
544238316.4760928154 3614.3198006908
567460606.9579032660 4413.5761566162
543277699.2347010374 3611.8457401004
452884049.0262761712 735.7791253182
546153268.0370423794 3697.8023191573
567753820.7716774940 4418.8773097992
567544861.6483867168 4417.2942051888
567544861.6483867168 4417.5009222031
564077307.5818396807 4184.9671391618
563642225.1261054277 4167.7093724382
567246476.2528245449 4403.6650424004
452598818.0664353967 712.3061735001
500106715.2897908688 2630.6688096391
545160868.9809112549 3695.2762241467
506928004.1295770407 2741.8531161225
506388783.2138718367 2729.4192024840
565966075.1945899725 4242.1549044177
547214363.3313097954 3717.9211898252
555884151.2440787554 4022.0470231677
506597869.5438998938 2735.3816643684
502163307.1513611078 2650.6745789722
452347933.0039733052 676.4596625268
452365276.0298011899 676.9279928421
452366095.7720171809 679.3625860305
497817419.0832176805 2489.4352011296
515525191.2444419265 2938.8193806527
499187540.4368828535 2531.3817142397
452419135.2999406457 681.7002102600
549454880.2755957842 3727.2471672382
566538899.4012767076 4280.8018178158
490060660.3010744452 2258.7384404412
560675638.3699595928 4060.9489863467
469304352.1170635223 1550.4020155112
551473249.3010076284 3832.1000462519
452987465.4750304818 737.1717052077
452900666.6526559591 737.1193385964
452900666.6526559591 737.1203209988
453009354.3455473185 740.9658339078
474562371.0479595661 1710.7547861020
479132242.7404885292 1835.9574742350
550468593.3186382055 3763.4933669914
532786221.6889807582 3566.2399020694
524596661.8615961671 3365.8756871853
524233344.6212087274 3365.4326949750
459313236.3005869985 1032.5016312509
458617567.7997339964 988.2571258194
453163803.8150198460 772.6605172105
560285287.2396900654 4058.2808903238
496686339.3291870356 2453.2958588447
496130747.2552955151 2431.8668503608
517270797.9912366271 2957.3799096217
516656808.8528819680 2939.9535065761
475675420.8704848886 1739.6266937179
484393784.4834055901 2075.5715169239
503577396.9232321382 2662.6439801672
488741577.2234035730 2215.7666356353
511020977.4495292306 2859.2934123625
453067398.9014941454 740.9784601076
453100559.3329762220 756.4129340871
453128516.9146546125 756.7106091602
560862126.5825426579 4136.4424092234
560903392.3456399441 4139.6059728325
496079000.6028803587 2429.9485368799
554826400.6837701797 3904.3892136995
453082430.7845447659 741.3719540560
472327719.9236508012 1647.9347669447
453408136.2595568299 791.0509782872
453408136.2595568299 791.1731983266
520970922.1790753007 3101.2032140467
453344005.1692271829 785.6546837027
480451081.4084253907 1868.0610681533
453384563.8150120974 785.9949213225
548661940.7233990431 3720.1251814829
510064400.7265005112 2815.4487428187
453384563.8150121570 785.9963676878
494092913.4001187682 2382.2255930873
550003570.1248757839 3763.4089333642
453820951.7969858050 809.9635341867
453715390.4750836492 808.7879296084
514287329.6629378796 2921.8638994322
514312231.9895190597 2927.2168690786
453780953.9695789218 809.6826648739
453410671.0110133886 803.2693207693
511537645.2020875812 2862.5039858831
453541922.2620388269 803.9719337319
453604834.4642294049 805.5951456613
481764948.5651812553 2003.9745017077
494382646.1926062703 2403.5746414014
492583233.1813034415 2368.7569975521
492119171.0192786455 2331.5453168188
551027546.8648108244 3779.6811867525
454699559.1026631594 859.9126828082
466003644.4756215215 1455.4635502635
465393657.2551220059 1431.7026863577
453994976.0812964439 836.5775978930
474320835.2282561064 1652.5798961279
471190487.1774861813 1586.3051577186
470422173.2456417680 1563.7394056892
453887290.2600951195 813.2408585001
453887290.2600951195 813.2408618826
453915147.7738063931 830.3241136701
454170729.9848225713 845.1926943409
453887290.2600951791 813.3636353511
498824913.7737182379 2504.6605024247
498311142.2035661936 2491.3910243633
454364425.1751391292 855.0604967909
519749882.4396806955 3037.5807982283
549473809.0835826397 3736.4008798943
548930066.3127244711 3726.1337935184
486703953.7012519836 2136.4878228001
486741872.3328930140 2146.7698421894
454754126.7326979637 862.4514409993
454909235.6847026348 893.7745133854
509470924.6351731420 2794.8843670353
514024277.5441269279 2882.5458534756
514175151.2791127563 2903.4481950055
565900447.0854450464 4224.8225775957
518677801.0287078023 2978.9063337995
550661479.6120334864 3775.3304479238
550537225.0221028328 3768.7163911481
519265372.7030177116 3015.9767190701
455433937.3286036849 895.3776970590
476062593.0520798564 1829.1524812546
475886068.2463510036 1822.7326099243
464010159.7632617354 1238.2914734385
500053297.4024858475 2539.2846250272
455860116.1088103056 908.3538140080
456043854.0408772230 928.9843903719
455660183.1150984764 904.8629881631
461602436.2812083960 1140.0712443202
462018582.7113292217 1152.9612357140
461470872.4469081759 1120.0272840842
461814416.0105241537 1149.4447414417
461470872.4469082952 1120.0287880286
462572205.8693090677 1168.0425567219
462925801.5579134226 1194.0363461725
462893312.2467123270 1173.2085897897
464283310.6118590832 1270.7164897529
463713284.4466168284 1228.9419724808
463713284.4466168880 1228.9626413041
463713284.4466168880 1229.0348487205
463730441.8324812651 1232.7357884671
464030947.4866386652 1241.3525360573
464809158.7104157209 1281.4492523840
464194575.4146732092 1255.3755291416
464144672.6488649249 1250.5282723053
465163007.9647420645 1295.1588959569
486663927.8978781104 2096.2927225390
486242073.0438140035 2083.2737158099
513768040.1049594283 2877.0121597717
513168345.3465778232 2872.4372497867
508358443.2845160365 2745.5766145559
508366390.9557943344 2748.7446448719
508600537.4811436534 2761.0787153104
509041346.1890309453 2761.9749696108
514171588.2162192464 2885.1513914466
517110891.3479129672 2941.2867179066
517035623.1243705750 2940.5745618958
517111770.7121587396 2943.3272325285
