194065831.2688124180 2127105.1074218750
196650715.0166856050 2149063.1601562500
194710241.5726827681 2136625.5136718750
192220454.9773317873 2069592.8408203125
193671905.1397899389 2121285.3349609375
195207534.7417390943 2142110.3222656250
196545572.4988817573 2148784.5097656250
193192197.8249623179 2109143.1044921875
192283360.1926059723 2076735.0058593750
193691839.8538981676 2124920.1132812500
193513146.9094597399 2118583.7021484375
193979762.2014414668 2126258.5937500000
193425100.0303768218 2117814.2226562500
198833995.9198668301 2153428.2324218750
194002906.3030238450 2126558.0117187500
192360238.2570143640 2080644.3076171875
192846941.4072715640 2100844.6982421875
192763086.2804224789 2095032.0351562500
194405968.9048187733 2131567.1523437500
192957058.7456860542 2103073.6132812500
194683323.5899888873 2136061.7822265625
193269036.7907096148 2114465.6181640625
194088975.3703947663 2127276.6445312500
193880890.7671220899 2124944.3730468750
195111788.1920431852 2141873.6601562500
196728695.6672832966 2149775.8007812500
195710875.0656143427 2145992.1621093750
194404299.8897118270 2131444.4150390625
192162980.1457311809 2067750.0126953125
194241856.2324945927 2130773.0039062500
193922407.9104232788 2125429.9130859375
196108179.9002711475 2147708.4238281250
192013424.4936760068 2065448.9326171875
192743905.1484424472 2091975.0107421875
196022421.0056180954 2146995.7832031250
194438974.9419914484 2134411.6562500000
194438974.9419914484 2134455.9082031250
194002906.3030238450 2126475.8808593750
192544213.5982353091 2090592.0810546875
193218555.2599526048 2112170.1289062500
193209175.7574797869 2109452.8486328125
191947853.8904384375 2060233.8652343750
192668607.6507953405 2090895.0107421875
196352273.0197086930 2148503.1621093750
192265590.5855292678 2074283.2080078125
194088975.3703947663 2127440.2617187500
192342468.6499376595 2078302.0898437500
192283360.1926059723 2076625.4257812500
192779352.6775115132 2096662.0000000000
195913654.9578415751 2146737.5410156250
194824768.3654362559 2136895.5078125000
194337801.9385098219 2131250.0000000000
193969117.6736943126 2126047.3330078125
194484473.8041526675 2135157.0351562500
195727657.8562180996 2146024.9003906250
196923630.0023744106 2150331.8984375000
195296121.8298019767 2143025.1640625000
198622224.9800955653 2153066.7011718750
196317607.0826560855 2148244.1601562500
194250464.7218912840 2130989.6621093750
194835379.5865480602 2137104.7617187500
193905429.9779057503 2125120.0205078125
193145206.4157091081 2108072.5751953125
194204965.8597300649 2130244.2832031250
194554151.3709295392 2135249.2363281250
193162184.3482266068 2108973.4169921875
192265590.5855292678 2073692.1103515625
197367417.3948635459 2151137.2226562500
196017117.4610942602 2146844.9023437500
193651506.1310883164 2119367.0966796875
194802706.8443036079 2136784.9511718750
199406634.7345427275 2155262.5351562500
194836774.3958716393 2137249.1240234375
195610004.5364992023 2145279.5214843750
194363664.4364429712 2131277.8779296875
194088975.3703947663 2127322.3945312500
196629124.3470380902 2148870.6328125000
198433785.9435295463 2152302.8808593750
193115319.7605539560 2105124.2226562500
195908498.9797044396 2146290.1523437500
197369135.2667354345 2152284.8789062500
195005980.9323530197 2139923.9316406250
194187365.2945112586 2130126.1406250000
195014154.1217935681 2140652.3027343750
192745485.7152037024 2094913.8925781250
193013840.8473724127 2103151.5039062500
192745485.7152036428 2094322.7949218750
193943255.1757612228 2125970.7539062500
192145379.5805124640 2067602.5986328125
194554151.3709294796 2135204.9843750000
194409470.1645725071 2133660.2832031250
195105552.0695524216 2141364.9433593750
198965334.2799458504 2154074.5058593750
195486551.4224247336 2143306.1464843750
197122919.2025085092 2150584.9140625000
196786547.9177898765 2150242.7011718750
197327058.9703739882 2151118.5507812500
194047326.9401428103 2126611.3466796875
192168799.6021946669 2069193.7265625000
196933868.2892845869 2150568.6171875000
192508870.8119601607 2081066.9384765625
194918496.3980439901 2137476.6914062500
194224255.6672757268 2130654.8613281250
194224255.6672757864 2130702.1406250000
194587686.3320495188 2135919.0351562500
195694241.0140472054 2145296.5292968750
194421374.3767725825 2134293.5136718750
196017117.4610943198 2146963.0449218750
193068328.3513008058 2104644.7910156250
194140373.8852580190 2129609.4062500000
195057917.3777239919 2140669.3105468750
193132297.6930714846 2105433.9667968750
192516715.9517223835 2081082.8603515625
194330514.7170106173 2131049.2333984375
195900395.4809637070 2146027.4687500000
194173947.9973500967 2129816.0253906250
199019415.0246042013 2154156.6640625000
199002476.4153165221 2154156.6035156250
194537789.4029128551 2135201.2871093750
194983582.2598606050 2139872.6113281250
200256651.1477944851 2155799.7207031250
198787550.9930078089 2153329.4023437500
199766185.9941368699 2155349.4843750000
199253830.8698998690 2155138.6757812500
198888789.6054993868 2153792.5957031250
198489135.7354289889 2152936.1113281250
194928085.0544226170 2139805.7890625000
198859293.6964392066 2153428.2929687500
200064601.2517158389 2155742.7753906250
199108219.4769638181 2154869.2441406250
198717673.3540310562 2153155.5664062500
199940850.9376089275 2155413.3964843750
