157344301.6967818737 1438686.3457031250
157854372.9640780091 1465594.8715820312
157853780.0301715434 1465260.1791992188
155831376.8034447730 1269442.9165039062
157038918.0883767903 1416511.9189453125
156874668.7431895733 1407891.2182617188
157464637.1014749110 1446353.7573242188
157637605.0713183284 1453590.9775390625
158264380.5796849132 1487214.2021484375
156521468.7189579308 1383467.1250000000
156479391.3013531268 1379707.7727050781
159004880.4628176391 1514514.4194335938
160809870.6576396227 1546593.3818359375
155765753.3463855684 1257196.0625000000
156679835.1338741779 1398233.0717773438
157884233.6668416262 1468124.6865234375
157313848.0601118207 1435911.3095703125
159559860.7253618538 1527932.3090820312
156490580.4366456866 1381544.0854492188
155943272.4973488748 1294406.8115234375
158312676.3257248402 1487952.6533203125
157955444.3980243802 1473201.2133789062
158077170.7910204232 1479390.3715820312
157649829.4103105068 1456517.6010742188
156530476.3128849864 1384299.4062500000
157263301.5016056597 1434455.6396484375
157969534.6389913261 1473894.2700195312
160674137.5019037127 1545068.8837890625
157504192.4156613052 1449876.5249023438
172601864.0672065616 1567876.3056640625
157230091.6130430698 1429804.6123046875
159324531.0834765136 1522530.0297851562
156554659.8092800975 1387597.2070312500
157755798.2453737557 1460660.9921875000
157979429.7646477222 1474001.3554687500
156082819.0256425738 1332569.5053710938
157188360.4575133622 1428223.4003906250
157313848.0601117611 1435655.8823242188
160008946.2414770126 1537834.8930664062
157092389.3708034754 1418930.6113281250
159036247.8165503740 1516342.7875976562
155898301.3010230660 1288639.2182617188
159036247.8165503740 1516587.2856445312
157131462.1408854425 1422673.5371093750
157179835.8716281056 1425459.8344726562
166985664.5385042131 1566498.1069335938
156172915.4382925928 1346585.2207031250
155955003.3480865359 1295208.3588867188
156089823.7773396373 1334690.2504882812
156072974.9505517483 1331213.3168945312
157230091.6130430698 1429799.5317382812
157247969.2294806838 1431414.3959960938
156163073.4562382400 1345398.6103515625
156239199.1295386553 1353656.1601562500
166767108.4350961745 1565938.0463867188
156416819.0446517169 1377182.5737304688
160809870.6576396525 1547853.9785156250
158379733.0546376109 1492068.5732421875
156182497.0824751854 1346979.8281250000
158497989.8530718684 1498501.1777343750
155961805.9776695967 1298190.5263671875
156659170.9611975551 1394592.0825195312
156249041.1115930080 1354842.7705078125
158396727.6190860569 1493932.4101562500
156578170.7660213709 1390121.8139648438
158251749.8538773358 1484994.8618164062
155965771.6699476242 1301751.7915039062
157460082.0286532640 1445286.7509765625
158087791.4374254942 1479919.4213867188
157149091.4178668857 1425329.2631835938
156209916.5446191132 1350626.7373046875
157135001.1768999398 1425091.2753906250
155775199.1796617508 1260876.8383789062
158253244.4063637555 1486883.5087890625
159548402.9168782234 1527799.8979492188
159029943.7521501482 1515855.4575195312
159471422.1364879310 1526765.9116210938
156137625.4362277687 1341449.5449218750
157304362.0766580999 1434828.8637695312
157803029.0534451008 1465022.6572265625
157304362.0766580701 1434708.0126953125
156856776.2926551402 1405025.2829589844
156072974.9505517185 1330893.5141601562
157589954.8661153316 1453194.5112304688
159966995.4658745229 1537362.2885742188
159607471.0026766360 1529529.9418945312
158917428.8929025829 1512558.3950195312
157073130.9389991164 1418617.0312500000
156713304.3616615832 1398328.1520996094
159494956.1434291601 1527424.6860351562
157721513.5158511698 1460355.0107421875
159471422.1364879012 1526466.0922851562
159283319.6608503759 1521164.5356445312
157795437.7061800063 1464773.6982421875
157768801.7493271232 1463759.1181640625
157656403.3420201838 1459295.2968750000
155986375.3061114848 1316359.2661132812
156307856.7551910281 1366491.2084960938
158798958.6745687723 1508021.9350585938
157389982.3319225013 1441095.8193359375
159607471.0026766360 1530580.3686523438
156730287.6443812847 1400547.4433593750
156019068.5470134914 1320291.7827148438
155914935.9854874313 1293478.9223632812
159494956.1434291601 1527421.4282226562
157429862.0056719780 1442908.2822265625
157491646.6997753084 1449036.8535156250
157554738.9741673768 1451354.2626953125
159494956.1434291601 1526897.9750976562
157865358.7424328923 1467228.0097656250
156842686.0516881645 1405018.4628906250
157477556.4588084221 1448880.9248046875
155838249.7899065316 1269820.6132812500
156654928.8268841803 1391976.3593750000
157477556.4588083625 1448730.6899414062
159813868.2676328719 1534197.4897460938
164050124.8185113966 1562653.1860351562
155977383.5392370522 1313333.5371093750
156393078.8264580369 1373442.1010742188
156120164.2482903302 1334701.0781250000
156360309.5428670645 1368398.5024414062
155914935.9854873419 1293476.8491210938
155774745.1132599711 1260221.7915039062
157035623.1758669615 1414593.6604003906
157028671.9316086173 1414222.2109375000
156252656.4419760108 1357424.5966796875
157375892.0909556150 1440993.4482421875
156269911.1935100555 1362508.1220703125
156949567.4289998710 1410117.7104492188
159029943.7521501184 1515779.8745117188
158342342.2111883759 1491081.7407226562
157375892.0909556150 1440995.7148437500
155898301.3010230362 1288637.0756835938
156330750.6958829761 1367534.9833984375
156393078.8264579773 1373438.5180664062
156451459.1000609994 1378379.5517578125
156300015.0503055751 1365131.8334960938
157375892.0909555554 1440789.6557617188
156136922.6394493282 1337138.7817382812
156300015.0503056347 1365265.4179687500
156217758.2495045662 1351989.0876464844
156209916.5446191132 1350667.7441406250
158366973.6599370241 1491921.1103515625
156205822.1038963795 1348971.4279785156
166132247.2237786949 1565505.1440429688
159613775.0670769215 1531331.0698242188
159200368.8121027946 1520694.5043945312
158686443.8153212667 1505062.9516601562
165565353.4707010984 1565152.9096679688
159399611.0040607452 1524664.8002929688
155895226.0773521066 1286708.5915527344
156038492.1732504070 1321873.0004882812
161947693.8043161035 1556017.4921875000
156323161.0821660161 1367038.8027343750
157604045.1070822179 1453500.6748046875
158730661.1765884757 1506109.7978515625
159200368.8121027946 1520621.7094726562
155798509.5840977728 1261359.5996093750
159925681.6659178436 1535961.8408203125
155929953.0247744024 1293533.8173828125
156067465.0654392540 1323962.5974121094
157782891.9902941287 1464521.4096679688
164976471.0088622868 1564410.7045898438
157901148.7887282968 1470483.6108398438
170676025.0786754787 1567447.2119140625
157782891.9902940691 1464452.1879882812
159280792.0804130137 1520878.4252929688
157782891.9902941585 1464626.9233398438
158686443.8153212368 1504876.9311523438
158357523.7325511575 1491897.1894531250
158357523.7325511575 1491686.9648437500
156067465.0654392838 1324091.0085449219
157594595.1796963811 1453477.3632812500
159749520.8301447630 1532908.2514648438
157782891.9902940989 1464453.2763671875
163589978.4390515685 1562036.7280273438
158563100.0269027352 1499532.9853515625
162732302.3575267196 1559057.1567382812
157949675.8054986000 1471772.9501953125
157239988.5981818438 1430248.4853515625
158686443.8153212070 1504827.7885742188
158190739.9173465967 1484366.2026367188
156782783.6137952209 1402669.8920898438
157580504.9387294352 1453171.1997070312
158577901.8825769722 1499938.1269531250
156949567.4289998412 1409994.2373046875
158058392.8779454231 1477641.7231445312
172371507.4989272356 1567868.1259765625
157949675.8054987192 1471947.6855468750
168774022.2939727902 1566973.3168945312
155887918.7294361591 1271813.7910156250
157949675.8054986894 1471824.7148437500
156506904.7002431750 1383186.8935546875
157420306.2533749640 1441325.7954101562
160116674.1939253807 1537925.1782226562
162735788.5664358735 1559200.9458007812
160116674.1939254105 1539329.2749023438
161288698.2839202881 1551468.5522460938
160116674.1939253807 1538005.8940429688
155887918.7294360697 1271812.2744140625
157063735.1111217439 1418139.7880859375
157057742.2559823692 1417468.4863281250
158686443.8153212667 1505041.4282226562
159296803.4030446410 1522525.2436523438
156500911.8451038599 1382515.5917968750
159813868.2676329017 1534569.7133789062
158152135.9315648079 1482299.6166992188
158329540.3931743503 1490139.5820312500
159576347.4302756786 1529203.4233398438
159288324.3362034857 1521705.9584960938
158339345.7202292383 1490535.6679687500
156500911.8451038897 1382519.1748046875
159591390.7343710065 1529326.9448242188
156792233.5411810875 1402704.0913085938
158782878.4062631130 1507811.1655273438
160285043.6471979022 1540488.1254882812
158471692.7596303225 1496831.8085937500
159294124.4464180768 1522126.8081054688
156825922.9732234776 1402942.4650878906
158366973.6599370241 1491910.0332031250
156825922.9732234180 1402864.0295410156
156367852.8818490207 1371450.5893554688
160285043.6471978426 1539540.0668945312
158366973.6599370539 1491945.4394531250
156269744.1816090345 1359857.9877929688
156623979.8116050363 1391187.3046875000
165061946.6115171313 1564834.5737304688
158740111.1039743423 1506133.1093750000
158471692.7596303821 1497066.9716796875
156924580.5805822313 1409020.5119628906
159143764.2297554016 1517737.4575195312
159078097.9478829503 1517186.0825195312
158162756.5779698193 1482818.8198242188
170207636.7962830961 1567025.9384765625
156924580.5805822313 1408887.7810058594
161482697.7441334724 1553451.2026367188
171630291.8187100887 1567850.5419921875
158162756.5779698491 1483034.9028320312
162535485.3948306441 1558237.4291992188
162535485.3948306739 1558321.4243164062
166300240.8523050249 1565664.4116210938
162535485.3948306143 1557785.9809570312
170228466.5646604300 1567238.1523437500
164217427.0048167408 1563513.6235351562
161336987.8860711753 1552237.1440429688
166361266.7396598756 1565682.1313476562
160911391.8083990216 1548069.9091796875
165749175.3247340322 1565223.9008789062
162357190.2385933697 1557073.2294921875
161801983.9462538660 1555280.5683593750
162526736.6544495523 1557762.5356445312
171345545.4952102304 1567548.5703125000
164728227.9057536721 1563745.3286132812
166645987.7357870936 1565923.3784179688
163532758.3222662508 1561095.9086914062
167190791.3050215542 1566724.2890625000
161336987.8860711753 1552129.5034179688
164082900.6657458246 1563019.6625976562
161336987.8860711455 1552105.7436523438
166027364.0776339173 1565263.9477539062
166027364.0776339471 1565326.2456054688
165917376.7962747216 1565236.0561523438
162303277.6614057422 1556540.7705078125
162303277.6614057422 1557034.5087890625
164892240.0282379091 1564118.9155273438
163393150.7796218395 1561084.5795898438
162665054.0745426118 1558658.9135742188
165337761.9635579586 1564836.4516601562
162843539.7798392773 1559593.0854492188
164925735.4421225488 1564281.8110351562
163276838.3632751107 1560821.8012695312
163078686.3045634627 1560199.2377929688
160451460.1247224212 1542383.1269531250
163078686.3045634925 1560685.0522460938
160433986.6300538182 1541642.7949218750
162843539.7798392773 1559270.3608398438
163904414.9604491591 1562085.4907226562
162843539.7798392773 1559764.0991210938
164476648.9087043107 1563594.1469726562
164766427.0649979711 1564057.4389648438
160562117.8428765237 1543541.0312500000
160607376.5447226763 1543740.6601562500
160607376.5447226763 1544709.6533203125
160607376.5447226763 1544541.1025390625
162056021.1574584544 1556467.7500000000
162056021.1574584544 1556309.4335937500
161652556.6184811294 1554532.6005859375
161610383.4497770667 1553499.7089843750
163976298.2078217864 1562359.8032226562
161713362.7674287260 1554549.6958007812
162371349.6606126130 1557299.1982421875
160669636.2592529953 1545015.9541015625
160911944.7076371610 1548640.8281250000
161137762.4016673267 1551139.4794921875
160423240.0863327682 1541252.6118164062
161060115.8413400054 1550258.4541015625
162289441.5452203155 1556492.8920898438
161444425.5110933185 1552586.1201171875
161060115.8413400054 1550267.6923828125
160423240.0863327980 1541577.5190429688
