632423980.3379544020 373555.7929970151
632462248.3907675743 374598.0964485531
632639874.2010419369 376619.2191771042
632865344.3605765104 383196.5036297996
632865344.3605761528 383195.9870282371
633037151.9240212440 389869.3410528708
633510194.9636675119 401614.1315409500
633630714.7607579231 403980.5549149221
634804205.1305934191 428699.9624452997
635189949.8822176456 433467.2824252914
635657003.2501363754 439368.1915937737
642769799.0157171488 523407.2321309065
642344623.8964965343 521876.3963173842
636927334.1811292171 460515.8708437644
643512096.5736788511 529991.0679307808
711976456.3150290251 730089.8580513783
711601828.4121415615 729105.1405897923
639587789.3367253542 496922.0666490719
637358825.3214625120 464792.7915689067
639808544.5555469990 499228.9582106851
637763167.9619774818 466665.8042883053
632394550.5240211487 370499.3746010190
632328658.3704388142 369433.4819618588
632305332.7520480156 366590.5110451108
632698375.8597562313 378499.5956135761
632783511.9312386513 380781.3209019561
633173617.4867768288 392957.4044849683
633116501.4135675430 392346.8540381003
633371916.1621198654 400561.5882024724
633257574.0153611898 395212.0516699363
633536908.6979749203 402251.0656828840
633792703.9574291706 404654.2247452444
634164642.8935787678 416993.4660675633
634243992.3831255436 419470.5009338963
634487389.4513125420 421074.8808736611
634164642.8935786486 416992.9879486668
634525431.5080792904 422275.5851518161
635584519.3236702681 438602.7696954678
634391156.1129139662 419564.0722359963
637795571.5240510702 467144.7968543486
632831942.2400035858 382293.4023283232
632993124.1588875055 387167.2103460837
633541288.9473043680 402358.2473688085
633871631.0733400583 406956.9377791245
633676300.2211738825 404242.1361444896
633851862.3781094551 405351.5221586117
634603609.6699334383 423344.4728937693
635050137.4929510355 430502.6516842912
637628270.5960928202 466062.5169939175
638186113.0420075655 479409.6914982179
639674207.9705678225 499228.2071299187
639437847.0292154551 496823.4955240414
647840842.0941840410 544428.5625666068
659408460.2190006971 601498.8035240127
632703789.5186923742 379288.5114763748
632788925.5901755095 381570.2367647548
632912693.2956222296 383687.0599231903
633686086.3111510277 404243.5939240163
633842076.2881315947 405350.0643790850
633961484.4922293425 412938.3872518524
643557656.6452635527 530199.0804754132
646781637.7217689753 535651.9510754016
637119345.7992709875 464349.5255178586
632924022.6346527338 384926.3071745146
633349922.4130567312 398542.0058059354
633297298.0151957273 398427.5529088933
633292566.6725734472 398084.0752172429
633616370.4918264151 402651.3581102885
633371916.1621206999 400579.9592962224
633826563.9278599024 405133.4273733870
633961299.5842369795 408746.4804467991
634155356.8284038305 415582.3988066952
638134600.6180343628 475351.8031765781
752292544.5631200075 865812.6263580322
644033104.2009357214 532603.5915227765
643353628.2958766222 529760.7724309796
633241224.5437799692 394611.4248935540
633894851.9259306192 408529.3974114732
633950602.7158797979 408584.0048017210
633986160.5838078260 412970.2573630795
635674175.5335550308 439819.6616787277
636886909.7960733175 456405.8869417997
752294973.1608766317 866866.6524810791
635863425.0713074207 445690.5079312394
635669752.2132111788 439392.4698453359
641171615.8761128187 506478.5519144079
658830090.6982551813 597724.9893302871
743210894.6255693436 845131.7325072587
636379860.9366250038 447280.8896613792
632982610.9749763012 387096.0318335105
633236493.2011576891 394267.9472019036
633986160.5838074684 412969.7407615170
634758599.3995969296 426891.6176826130
638120152.8345160484 472645.8973857454
636679723.8079894781 456274.5423272140
634618348.8232591152 424180.9070213135
635037269.6556533575 429772.4742555119
658830090.6982549429 597693.6685295058
658325454.2837184668 595039.1445674850
640370302.5130510330 499988.3088669479
634081806.1533662081 413255.6577848229
635135573.7240211964 431107.0423465335
635700355.8008285761 441851.3528973311
715408015.0319327116 761558.4050409808
715263608.0773506165 761271.6239120383
636461890.3486866951 451972.2999044172
641179594.7450439930 507985.0125353364
711519775.1546292305 724976.3880104686
639255509.3847544193 492600.9560509846
637901360.8420437574 471224.8856507465
633859648.8267604113 406911.5010894613
636384185.0370011330 449612.8152573779
636272448.1109418869 446304.9003090616
638688086.7779346704 487648.7321356514
731508084.7636435032 793409.1950933151
635337078.8039051294 436183.7828930542
658532972.8433146477 596219.2338100700
739466966.0744807720 828965.5155347325
739844599.1066269875 832533.3757031895
637010064.1570683718 461172.6047872023
638447589.4241056442 483902.0184654573
638948518.0469306707 491815.8920753151
638207832.9503525496 480115.0237474830
638890432.4950252771 488005.3701638430
644029079.5724296570 531934.9188937517
647781473.3637434244 541893.0833216361
647438732.8976299763 537926.3485346488
646723101.2097554207 534829.5577631644
639260685.8322682381 492926.9470621273
643250159.7400475740 523667.5954913470
643332850.4939764738 524151.4584063860
639157163.4989066124 492040.1232873127
641811136.6315115690 513756.5995043871
643250159.7400469780 523666.6014727923
649738106.7264114618 556088.9584760210
649620918.1025019884 555857.6571626212
641355846.3555074930 508611.8817734960
641679383.7235938311 508971.8820218046
641479958.0224540234 508760.7440888635
640516526.4713411331 502623.2493742984
725378807.3857179880 782647.0013359806
729496637.2195602655 785775.4433141686
658176950.1020691395 590551.4397684289
658211005.3444676399 591394.3518778039
730804007.0771857500 793210.3221368790
641108787.4106191397 504975.9520554785
751702572.4809976816 861106.6859893799
751296498.2643901110 859846.2980804443
736857523.3961937428 805373.9837241508
736982437.3787059784 807593.8983970024
656441851.4557634592 580349.8903261102
751126168.7347193956 851417.0217742920
751084375.1790868044 850535.6345672607
718173625.6342751980 765923.7778323800
718135077.0171041489 763531.1901219026
646950791.0670521259 535680.3839765075
657726517.9476045370 582622.6653405033
646588043.0204038620 532617.7069222028
750361778.6924184561 845794.8397674561
688136104.1065756083 659413.1161818255
699041850.7852308750 708050.9890646337
677386544.7926634550 642345.2826358080
676867439.5247389078 640520.4783278704
690572832.8678290844 681264.2865599314
750523565.0823928118 848131.7856292725
728245940.8752140999 785572.5642650020
684771885.6957633495 652741.0861658808
652060033.7920303345 556892.2804141964
750897385.3990937471 848697.8444061279
722968502.6610532999 781700.7997958660
713363032.8901590109 736114.3593221796
652550773.0701553822 565406.6690756327
734458226.4535250664 793612.6677220374
658076689.6249200106 589423.4699456735
661003132.2648026943 604451.3318779091
651783176.4751743078 556417.3656955685
661295727.7054420710 604777.0733497958
713359435.1100724936 732948.9600926638
657619237.1723178625 582101.1163414079
661447696.9807325602 606245.7370854835
738791868.9181891680 808571.9936546087
653518789.6116707325 569050.2670268039
653019412.1836555004 566438.9391092877
652150849.0662621260 558732.2282475259
660543048.8888294697 603344.7086465578
647673785.7255892754 539172.4861408656
647186238.0718698502 536228.3326374476
655589371.2892718315 576689.0292520518
649046719.4863704443 547662.4359957164
652479250.1883593798 559759.2150353517
659937814.4927977324 602694.7374036531
653151192.0985448360 567675.0848234540
647373064.1789231300 536293.7823444789
663140649.4858639240 610049.1881768131
662971693.4264652729 609285.5325700180
663298551.7336632013 611704.9300899561
662860930.6346991062 606387.8500115299
654693309.8684418201 572040.6757450482
654319808.2316664457 571004.5273855111
709522642.5996681452 715290.2318395536
709761900.6876018047 717438.8452211410
672676718.5285458565 615717.7611005569
673125993.3170381784 620166.8774779106
673773100.6717114449 621229.2898638512
673035320.8217622042 619074.5480025078
672803448.7524932623 616950.8046553398
672297171.0216205120 614242.9789765144
672055556.1736483574 613798.8242371345
