542290948.7075495720 5176787.1240234375
546298946.6064331532 5300799.5224609375
546988141.3923332691 5313749.5087890625
548517751.5955486298 5345123.4384765625
550918529.3468190432 5397330.1015625000
545825102.5458985567 5296508.2480468750
553257936.0033854246 5443309.6259765625
553743697.4401841164 5460547.5800781250
541747611.8193084002 5145534.1440429688
551996041.9304186106 5421163.8652343750
547881512.4947713614 5333210.0732421875
594894268.4763599634 5772943.3574218750
558916739.8003499508 5533737.2910156250
543200958.4521982670 5202748.2470703125
558598190.9539504051 5528679.4091796875
553537560.3859181404 5460229.2187500000
543410693.2358719110 5215492.9746093750
548290435.6130172014 5339710.3271484375
540866563.3374508619 5120538.5644531250
540129956.8642578125 5089489.6318359375
546675516.6691056490 5304413.1796875000
548415744.5118913651 5343681.8955078125
554547951.6816730499 5476339.0517578125
547695942.0567542315 5331310.8232421875
555040491.2012499571 5483014.8310546875
547925121.1184326410 5334757.3740234375
542853053.8250650167 5201511.4609375000
543310362.9554753304 5211866.8408203125
546274317.5360604525 5298319.8056640625
539987250.0743794441 5082988.1816406250
539816741.8816291094 5051844.0693359375
541364976.8724825382 5144338.7128906250
540910839.1656160355 5125071.0839843750
553528031.1112848520 5453181.1005859375
543501881.5363993645 5219509.9394531250
539357479.4365358353 5035833.5712890625
559324411.4180254936 5542273.1640625000
553438134.9239058495 5449935.3642578125
540260507.0781739950 5091562.4951171875
539182276.5754742622 5030903.4443359375
553330757.6017818451 5447756.0859375000
539848415.3078211546 5055764.8701171875
541329957.6782057285 5129263.0351562500
565173713.8690886497 5608352.2773437500
546728381.8187339306 5309201.5175781250
539350174.4067524672 5034399.8437500000
552974661.9172589779 5436617.2519531250
549772402.3600033522 5372635.6279296875
540376673.6885658503 5113539.2802734375
547174921.8762202263 5313793.3330078125
542443511.1613566875 5182109.6474609375
539182276.5754742622 5030948.3369140625
543220808.4334986210 5206978.3427734375
553384983.9881256819 5449259.8037109375
558919924.3571784496 5535644.5527343750
558781151.2134149075 5532194.5175781250
546853843.8175891638 5313172.3437500000
546507553.4544589520 5302416.1435546875
539614903.1383838654 5050517.7343750000
540376673.6885658503 5113547.1630859375
540448977.6821217537 5120120.3193359375
547398817.8884098530 5321023.7724609375
547570186.2296241522 5327528.3037109375
547179494.4387983084 5315370.0419921875
542133208.7320363522 5163426.7998046875
542476331.9039971828 5192381.5341796875
554998008.5631424189 5479502.9677734375
546463049.6622698307 5301254.6464843750
558464840.5909237862 5527922.4765625000
557791404.1947387457 5525736.7519531250
565110205.3237239122 5607347.3964843750
549695326.6118611097 5372229.6396484375
544740653.4415256977 5249772.9033203125
542267578.8278115988 5164123.9980468750
565315660.6029493809 5613284.2558593750
547242807.6138024330 5320094.1630859375
551546864.5908653736 5414434.0087890625
545774193.0983440876 5274100.0380859375
545204021.2600946426 5269829.5126953125
551546864.5908653736 5414533.0458984375
557408244.6617779732 5515177.3515625000
551471097.0919954777 5409123.7275390625
543232559.0493552685 5207691.2392578125
567811722.3412311077 5637559.9023437500
555986904.5956939459 5498399.9042968750
558196311.1283003092 5526379.7207031250
539525838.5727789402 5037981.1396484375
542589442.1452478170 5192703.4082031250
557791404.1947387457 5525776.1835937500
551556082.0922347307 5415580.3535156250
593393849.0723142624 5771808.3398437500
543220808.4334985018 5206970.5810546875
548870159.9862519503 5359861.2177734375
548689774.5434257984 5353777.5458984375
544800265.1296211481 5259297.8173828125
552043618.5974998474 5425640.6230468750
551533801.7771869898 5410123.6142578125
554668612.6993932724 5477928.2373046875
543984402.9937576056 5231680.5742187500
544551350.9827672243 5243328.2500000000
552792769.5980199575 5433602.5693359375
544115326.4713115692 5240175.5605468750
542824227.4092495441 5197371.7636718750
590769021.0629328489 5762068.8535156250
552043618.5974998474 5425728.9472656250
544551350.9827672243 5243319.8906250000
552484236.5802466869 5429282.5996093750
552792769.5980198383 5433471.0986328125
591233973.4433333874 5763937.2031250000
544001809.6941348314 5237387.3779296875
542933783.5209766626 5201795.3095703125
552985573.6914149523 5441651.8300781250
544245757.7955355644 5242604.8720703125
552632826.6538351774 5430984.3496093750
552330564.4854635000 5429016.9833984375
545627673.9264714718 5273460.1406250000
544725289.0827158689 5246106.0742187500
559345164.9726791382 5542982.2031250000
586393578.4112063646 5752690.1025390625
567612686.7573605776 5636111.9140625000
548595789.6520130634 5348214.7402343750
551832551.6593798399 5418434.4560546875
558323493.3349279165 5527484.9033203125
568136814.4928447008 5642905.8720703125
543515626.5647619963 5223298.3642578125
544671264.1394597292 5245610.3339843750
591651449.7296177149 5765327.3759765625
543738793.6105320454 5224070.5742187500
552800396.9198701382 5434711.4316406250
554348898.4217946529 5468586.7548828125
591158425.0813716650 5763825.9453125000
570767399.5534405708 5664687.6162109375
554509705.3467975855 5469992.2705078125
555527401.4847518206 5490961.7519531250
573223266.5320475101 5681480.5507812500
556247741.8825198412 5501667.2744140625
557007287.3609634638 5511032.9316406250
556963925.0673938990 5508942.2246093750
554887050.2209643126 5478362.9179687500
555527401.4847518206 5490827.7480468750
555556054.4420086145 5492526.5429687500
556869254.0380405188 5508573.7236328125
593757899.2453737259 5772531.9257812500
542033357.0533645153 5154863.3369140625
556573098.1393334866 5507000.4833984375
570044920.6532576084 5658492.8779296875
549042700.3507263660 5362691.5332031250
556719106.8369319439 5508376.1396484375
548683610.6411124468 5350510.2617187500
548683610.6411120892 5350468.8515625000
549273784.6001299620 5369396.6425781250
560942274.4239586592 5565954.8574218750
548683610.6411122084 5350488.8750000000
569745020.5993632078 5656786.1601562500
551261960.3876417875 5408874.8193359375
541987199.5055717230 5149627.4267578125
541987199.5055717230 5149463.5029296875
573758301.1718385220 5683366.7929687500
559123942.6357525587 5539593.6376953125
562479692.6600054502 5584015.8056640625
576226544.0661096573 5705263.7158203125
561753300.3715959787 5576830.5478515625
548358327.9429340363 5339833.9912109375
541905466.9461615086 5148919.8466796875
550100856.1955044270 5378510.1796875000
550422022.1448214054 5388457.8476562500
557526999.0286893845 5518094.5029296875
541905466.9461615086 5148891.7919921875
550196343.9475582838 5381106.9892578125
557526999.0286896229 5518241.8779296875
557052898.9001598358 5511689.5839843750
550724808.5798199177 5394454.0263671875
558969066.9972431660 5538178.4746093750
557638997.6548793316 5522095.2578125000
545776075.4543865919 5275251.9863281250
557618692.9900749922 5520985.4941406250
567102239.9353836775 5635399.2246093750
566181994.2697339058 5626956.6621093750
561794004.8351529837 5577425.4960937500
566337096.9707345963 5628993.9589843750
569362868.3913284540 5652085.6445312500
566027215.7380352020 5625774.4580078125
579869374.6302433014 5729443.5029296875
545170926.2986654043 5261124.0058593750
566630797.5581860542 5630701.0810546875
549878285.3757685423 5378115.7636718750
570098726.0206151009 5658503.7841796875
579716727.2810510397 5726542.8457031250
581813402.7296227217 5737215.5009765625
560538307.3884561062 5562451.5166015625
592674584.4477413893 5769023.0800781250
581184216.8866719007 5732861.9921875000
592897767.3582051992 5770590.2421875000
545179270.0893220901 5262705.2666015625
550329533.4826653004 5383397.4716796875
560308831.8258334398 5561360.6279296875
587195212.0033338070 5757762.4921875000
565943842.8499448299 5624303.9580078125
580496089.9536336660 5730239.2109375000
559390442.1287320852 5546179.9755859375
580029994.0760309696 5729796.4443359375
580562529.2564651966 5731541.6367187500
559760406.4940671921 5552279.6376953125
559781535.6870285273 5554173.7138671875
559517446.8468545675 5550263.8681640625
580493227.1167908907 5730192.5048828125
578548671.3788621426 5718686.1171875000
578309290.9520398378 5716390.0400390625
559950797.1100612879 5558857.2099609375
560087245.2637269497 5559424.8232421875
550340656.4482494593 5386533.2705078125
550554026.9319020510 5390400.4013671875
561030753.7670317888 5568776.8193359375
573117042.4636204243 5679682.6445312500
584898549.1508827209 5748152.0712890625
561318791.1753917933 5571741.8681640625
565344446.4443523884 5619377.8349609375
579495839.3823488951 5724922.8339843750
561749912.5550806522 5575275.0732421875
562045118.3747217655 5579747.8251953125
590555081.8714901209 5760149.1005859375
551146503.8994323015 5403495.2558593750
550927330.4981007576 5399224.5273437500
565709241.1288878918 5620917.4375000000
589925710.3027580976 5759091.3447265625
586662340.9742090702 5753551.4912109375
585735419.6477741003 5750616.0390625000
576022276.1441112757 5703971.1123046875
590040900.6156479120 5759110.3974609375
576456972.3848438263 5706973.0458984375
586712526.0307716131 5755246.2138671875
578423498.7404736280 5717664.5517578125
574477294.9413330555 5694049.9462890625
578697156.1801667213 5719182.4423828125
577710099.9461474419 5714367.7861328125
577022607.0620195866 5711758.5761718750
576802971.7564395666 5709402.3505859375
575485647.4056701660 5699595.4443359375
575584619.1549540758 5699596.3613281250
575955999.7077705860 5703836.2626953125
584183379.3548879623 5745872.2763671875
575702874.0956836939 5702549.2685546875
584458325.6959778070 5746912.5498046875
574351041.3138313293 5692494.7451171875
585195119.5449675322 5749122.3183593750
563033137.6053179502 5590364.7705078125
575932885.3329460621 5703281.8671875000
563849172.2996233702 5598499.6142578125
563780915.1314516068 5598463.1503906250
563994922.7667390108 5603913.2978515625
562717282.6091333628 5586805.5087890625
574690192.7049856186 5696201.4755859375
563628186.3941920996 5597731.8554687500
583302686.7021991014 5741963.4433593750
584411657.6091799736 5746834.9550781250
579165312.7885800600 5724299.6875000000
574036665.4583299160 5689809.0810546875
585125502.7525277138 5748902.0068359375
562915979.1982743740 5587089.9580078125
582405292.5281375647 5738290.7529296875
578149230.2497838736 5715789.8955078125
582317397.3624089956 5737548.9423828125
582625315.0409371853 5739412.1494140625
590220368.7238390446 5759177.4814453125
571933007.0410449505 5670703.0585937500
570644309.4109141827 5663131.2578125000
571171905.0438551903 5666593.0957031250
572015056.9010077715 5674600.0449218750
572015056.9010082483 5674647.7675781250
572163033.0260766745 5676838.3730468750
581139066.4417130947 5732390.7929687500
573973209.7253364325 5687892.7646484375
570328252.9282772541 5661951.5283203125
584327481.9426932335 5746358.8447265625
568176175.7367609739 5645471.5947265625
582197056.8254638910 5737398.9111328125
569494501.0057905912 5654685.0966796875
570177972.5207630396 5659383.0166015625
575658564.4833338261 5700116.8447265625
568794794.7244026661 5649251.8417968750
583302059.0007853508 5741039.6054687500
568484493.6743320227 5646514.1513671875
568352785.2764407396 5646312.3730468750
568547748.1649162769 5647790.5703125000
564615316.6960868835 5607003.9316406250
568483098.8880212307 5646364.7812500000
567863088.9632914066 5642508.4101562500
564615316.6960870028 5607008.1269531250
581523924.4072706699 5737098.6933593750
564625209.3027245998 5607072.8066406250
563892931.7420272827 5599851.0664062500
573761523.0936608315 5686776.4892578125
572578022.2032020092 5678413.5117187500
572667503.4877090454 5679097.6250000000
571231162.0353500843 5669450.3427734375
573262444.1668262482 5682653.0615234375
573256589.6601632833 5682554.9755859375
579068040.0199033022 5722547.4140625000
566969245.2245328426 5631465.4003906250
