160462028.4805032313 280041.0144097276
163170248.2594960928 385264.1034109592
164439195.6815962493 409573.4245416224
165731199.6628522277 430766.0220147669
160633376.6771423817 288174.1860004396
161202829.4661635756 317589.4649273315
161369620.7129776478 320385.8614461580
161820755.2354873717 339624.9139300147
161893609.0160880089 340342.4001020947
161676853.2120214701 330374.6773754517
163560584.4149797559 387643.0049177347
163734817.3049076200 395862.7424538136
167338116.0976599753 463197.7219008803
173115901.2786050439 547408.8444688823
161036263.8335731626 310225.5842852751
161353239.6728439033 320385.2405983368
161496970.7067447007 327033.3157918612
162390974.6538333297 361396.6484153271
162117532.6345998645 350963.2840865711
162686051.7651548088 369154.1991965771
162823579.1209816337 370932.5972361581
190497802.2609798312 680864.6442871094
160513478.5488109589 280843.4078016945
161326112.0543833375 319774.0521350065
162452666.5511323810 362657.0080534220
164162106.6801497340 402383.2996990681
190626745.4413172305 681989.6484375000
160497542.5803398192 280287.4648952978
166277501.9935013354 436316.5967765301
163921348.3097518682 397883.5729720592
163631790.0310837924 394625.7489178181
164019045.1660995781 401095.2049098313
167789688.5163668096 470905.0843524337
160914123.5545541644 304057.3970837593
161453462.0481503904 326421.5064807096
165089986.3709874749 422818.8652764857
162910473.7102168500 371582.4356787205
160714725.6242603064 289488.7853196592
160844812.1661191881 297357.5676159859
161304354.2681370676 319425.3604846159
163606775.9258714914 394477.4805405140
162577796.8701023161 363824.8848974705
167875213.3187654316 473497.7338443995
167397643.2142139077 465695.4496840835
163270367.8634673953 387078.4805405140
160615766.5324339867 288094.2170080701
160905149.3245251775 303364.6043163696
162080202.8027887344 346290.5489640534
162610472.3905892074 364080.1072446108
165174479.2511990964 423008.4712335169
160810816.4368145764 296511.2130962769
161270603.5172835588 318236.6626809994
163238953.4128842354 386015.4819067733
163574228.7995148003 391980.2780210972
163167485.3036560416 384222.7272398472
173931149.4067767859 551633.4821641948
160530202.9751729369 280888.4370685287
161598867.9752376974 328256.3452561870
166279542.0187063515 436464.5311065167
160702886.5062836409 289233.1666502953
160684826.7454501092 288976.5793924064
161035509.0972152948 310182.0282810787
161389512.7715661526 324857.5342630306
162551416.8876189888 363285.2740086019
161074668.2860211432 310715.6467968384
161681567.8160940111 330463.6385570923
164421740.8198772371 407930.7617590725
165254344.4407910407 424616.4873726368
160568968.2911258638 281485.3937005997
171400316.7965516150 513648.2277421635
170864408.0374411047 508234.8588731792
160461658.0306021273 275014.7445698278
160835487.0810030103 296991.0081793994
164148016.7247413099 401416.8894942105
190416188.0900560319 671489.1640014648
160707282.8004680276 289367.1885993213
162451022.8620643616 362573.2785577774
166195049.1384948492 436274.9251494855
184578189.6662916839 601527.9119757190
162187066.0904784203 353373.4133481979
163583610.3543866277 393634.1450290680
162331246.3586334586 355064.2739123264
163178656.8200467229 385876.5942478180
167178216.3847071230 459097.9167250991
163502772.9437090755 387352.7595883608
160548262.7360064387 281109.7728911377
161748047.5214403272 336660.8892196277
162092622.6160488427 346346.6833829880
166378617.5327554047 439031.4758037329
160683468.1737765074 288909.6605447689
162008708.5318408310 345563.0532407761
165274779.8628388643 427686.4270589799
164719717.7877702713 420550.8799398392
160612300.6721219420 282802.8167819539
163001127.7914313376 378606.4185217635
164090504.2243719697 401140.5789473355
163117675.7856759429 379595.2088071108
169424972.4046456218 485990.4958457947
168899675.0593216121 478232.9450645447
164659951.3896062076 415733.9006552994
164525127.9858329296 415670.0735762417
161231615.4807201624 317956.5523028532
162000537.9467227161 341354.8116682917
163014922.1278051734 379162.9919152260
160535848.0154213309 281049.2001485387
160908913.8398061395 303578.1299395720
160908159.1034482718 303534.5739353755
161240056.2202045619 317983.1350665251
160986922.1450572014 304235.1427837769
161066654.9639436603 310335.5900333980
161433021.4301604629 325469.3435741821
169628027.2843563855 492346.2050138712
184672189.1799231470 607707.6071661487
165542520.2742975056 430577.1905657053
160880127.8252495527 303211.0425640503
161280887.8266307116 318473.1975780884
169460509.6742609739 490327.0217912644
177813549.9839011729 560151.9635199681
161083920.2118809819 310968.5933453003
161211270.2056479752 317616.0476910034
162515660.6570406556 363091.3169592635
171595604.2627522051 529738.2820882531
173078103.7204859555 541522.9235704448
161165057.3757200837 316428.4480816284
172489586.3488406837 535578.6708848979
164337247.9396657646 407741.1558020413
166302629.9533786476 437233.1244903058
162920333.3032925725 378119.0434665680
165413677.5332166851 429194.2148858607
160513391.1809725463 280570.4256233731
160604849.2339654267 282154.1883186856
161642116.1173028648 329378.1733537251
173067271.7744585872 541513.5004747417
164175392.5918738246 407261.4892388880
161622263.5526510179 329346.8085232303
173250710.0316186249 548097.6159118861
161202003.0841698050 317521.9191770256
161617548.9485785663 329257.8473415896
162752547.5216395855 370848.8677405135
160797871.9561927319 295833.0878886739
162311464.7380204201 354183.8735293166
169565043.4313254654 490764.8672502488
160502794.7317281365 280494.4896208802
189182447.4090301096 670448.9100189209
164873425.2032884359 422776.5908013880
161202332.1981875896 317577.2293535322
172387902.5883199275 535316.1954210307
160742542.1105652153 290152.0837306539
161091179.5146089494 314438.1745247180
161013602.1864692867 309858.4969097534
160675287.7466846704 288613.4077076912
160752779.5622114837 295609.4900125423
160808806.1433704495 295975.1379009644
162701978.4509923756 370500.3803442733
167579585.6675739884 465973.5920504481
167327709.4451413155 459098.1352633387
161605075.0548541546 328897.8459611470
168729362.6727690697 476024.4955140065
162099470.6754814982 350931.9059235230
166096397.4968788028 431145.0868907273
163976242.8384054005 399332.5714646876
160668890.7769789994 288420.6364860097
164266532.0839267373 407303.7637139857
186079444.4989937246 639455.3658103943
160599597.0825771391 281989.2304856339
162485463.8325391114 362742.8295630233
167583439.6230820417 466007.4899444133
172862154.2847891450 541495.4485948589
162679403.1916642189 368951.8483114243
173432513.9982919991 549928.5142686870
162016051.5197185576 346154.0066099167
162208508.9136569500 353549.8745255768
183133867.3707975447 594408.0298070081
186362279.8753055632 648128.0953826904
168756210.8862697184 477814.7235302329
169873986.1843665242 498332.8120744675
169820089.1752026081 497175.8381479234
169867140.8608779311 498235.6219930649
161585340.1430800259 327973.1121921539
172790796.1282497048 539080.1271845382
162077431.9452119470 346226.8818497956
169592843.3039668202 491113.6245744675
172859654.6123464406 540647.2040850203
168225774.7904933095 474141.4929293543
167599803.1448958516 468657.7038668543
169906639.7888374627 501614.9683244675
169690260.4762509763 496518.0745256394
186008251.6618566513 639053.8083152771
163911791.9980613291 396423.2758599818
162255925.5403941870 353665.8351278305
166479506.0718207657 442990.0223136395
162673762.8293277919 368104.4905786514
161691972.5417047143 331337.3346864358
161993708.1416174173 340680.1120103747
181546894.7183099389 585278.2364629228
162316133.7174016535 354825.2577044964
173549541.5895861685 551034.5281530302
162397962.7184750140 361423.3859090805
166608118.3930606544 449504.2237601727
162000137.9897025228 340711.4768408695
184579056.7319023311 606971.5556755066
184750624.7130768597 610223.9160270691
162304922.4307935536 353666.6871997360
163941801.0060506761 398217.7143365443
166344031.1283261478 438045.8688701391
166391139.7750660181 442755.6741729230
188874318.4309659302 667084.5125579834
162306070.2024676204 353979.2529985905
169035098.0718541145 482826.3118560761
189309920.7110438645 670786.6771087646
166589866.0908896923 443949.7526057214
172155279.6640836895 530980.9235216659
169480550.5511139631 490575.2612932175
170303445.2741913795 503930.8252401575
168692910.3490644991 475565.5332125574
177158338.5312714279 559605.8524142653
169352351.2422637641 483195.6472795457
188264548.9405962229 652706.9061126709
185288545.2934841514 622093.8283143044
188400005.4627269208 661920.7134857178
170645890.4594373703 505637.4324197173
188277312.7047161758 656912.2291107178
181541986.1033978462 561197.5182271004
166161654.7713801265 432091.3479115963
165449672.3175731301 429622.1165893525
188596734.5840001404 662929.5501556396
188744030.5246224701 663815.1170501709
