263307893.4718936086 3601022.6582031250
263405628.0225112438 3611781.4541015625
265550474.8786340952 3833576.3837890625
265531058.8833389878 3825387.7910156250
268059972.8326320648 4041156.4443359375
267489685.6817856133 3999885.7333984375
268520394.9443485141 4072950.6337890625
324087155.4106552601 5334249.7851562500
263125848.1023309529 3573294.7041015625
264713204.5124562383 3757044.6406250000
264893546.0362097919 3773080.6181640625
265118128.7763247490 3791223.5000000000
266150808.5489449799 3895900.7080078125
267268355.4666307569 3987064.6699218750
267006494.4955129027 3967666.7363281250
264267385.5622014999 3713590.2109375000
265179851.3023871183 3796193.9677734375
267003120.6773020923 3964519.1552734375
323488708.7422083020 5326368.0273437500
280685380.7327571511 4713795.0390625000
265833049.2334902585 3852140.3505859375
277379089.0954254270 4543006.6953125000
287861406.6472833157 4862629.9335937500
315735829.6426988244 5264143.3398437500
322438819.0824508667 5318836.5234375000
264100737.1128430963 3699686.8330078125
268765277.8215298653 4087866.1357421875
322678723.9828698635 5321536.4687500000
275952934.3230786920 4473615.7792968750
278062005.3645178676 4580538.4023437500
264543318.3999386132 3739326.5117187500
346653001.2114882469 5424556.8105468750
263318046.6511356235 3602277.0390625000
267831484.8606852889 4024022.0371093750
267681157.8223864734 4011492.6523437500
277387218.4002796412 4548949.7246093750
302652764.2931271195 5071675.9755859375
263832282.4990100265 3674623.9501953125
266295366.0524978638 3903273.8876953125
415290260.9851701260 5857862.7675781250
323813728.4505639076 5331878.3300781250
410118931.8239134550 5827913.9609375000
263171776.1294158697 3580775.6445312500
264752533.7592960894 3757396.4052734375
265255063.3318338692 3804677.9326171875
268321707.9050647318 4055513.0273437500
268189037.2579558790 4053807.3447265625
278502674.8452458382 4617205.9121093750
279205562.6566828489 4646991.2226562500
323598991.4149266481 5328446.0859375000
267972256.4912741482 4035557.2382812500
303856362.0674846768 5089352.1982421875
263707406.4802889526 3656625.1250000000
264395642.1037188768 3721975.5634765625
425302035.7824378014 5916496.5371093750
264030242.3002745509 3691026.9687500000
263929196.3771799803 3681248.8964843750
264305763.8729449213 3715733.5927734375
266476701.8793380260 3928850.7500000000
263116904.1106356680 3563544.8408203125
267388961.3129948378 3996012.0937500000
282445752.0905394554 4770909.9218750000
265877119.9612914920 3869049.3593750000
268019916.3001090288 4038424.1865234375
269346626.9702128768 4123053.5605468750
267757278.8932579756 4017130.8095703125
269736873.2080144286 4147720.8994140625
265958183.9527626038 3877091.7236328125
267760225.6929401457 4022110.4511718750
263621305.1715489030 3641027.6777343750
269637294.6957695484 4138809.4687500000
302448162.5668136477 5067971.6650390625
298747614.0037534237 5047243.5888671875
263117171.6085632741 3573009.8818359375
272709839.2270640135 4308933.6513671875
266311380.8500804603 3909143.1953125000
266190775.0037159026 3900195.7714843750
277767657.5539474487 4557189.3291015625
264213245.1072482467 3706832.2548828125
267571689.5602606833 4008863.5429687500
268118616.3354224861 4041841.5664062500
319428066.0420997143 5291489.1718750000
266818674.1621480882 3954741.3828125000
268461117.6116371155 4068502.9052734375
270091979.5343347192 4165204.2333984375
271578674.0951799750 4256209.4257812500
373281990.2944574356 5621024.0410156250
267160021.6735609770 3982838.7148437500
268186382.2349202335 4048126.1035156250
304922249.4573638439 5124950.0039062500
283527915.0684069395 4783707.8847656250
275078745.1049203873 4440509.2197265625
281485868.6643283367 4730711.0761718750
273524117.3067204356 4364609.4160156250
353605347.2294229269 5482539.9375000000
408474561.0372260213 5822305.6269531250
352063352.6617578864 5471051.8085937500
266796825.3960399330 3949781.3027343750
268307152.4681018889 4055088.4746093750
276022185.8485664725 4482179.2333984375
284843665.8960612416 4806897.4687500000
366837743.0421298146 5569179.8398437500
265403140.2953721285 3819696.3984375000
274695669.8202867508 4425226.5185546875
268852861.4242910743 4089460.2597656250
272897661.6139295101 4317997.3222656250
272849457.6453580260 4315202.2392578125
269088551.5042600632 4107023.9892578125
277030034.2241975069 4524956.3525390625
274433832.8960160017 4407316.0498046875
303881988.7657503486 5093886.1884765625
263074264.8326451778 3561545.2685546875
272848129.0244916081 4314743.0244140625
318251846.2272323966 5276213.1914062500
282229063.5534776449 4756820.0722656250
270462047.0900098085 4182819.5966796875
272766350.1071176529 4309988.4052734375
273702009.1995750666 4372942.1542968750
285223636.4767143726 4821272.6367187500
263145608.9387642145 3576788.0800781250
264073481.4209242165 3694321.9238281250
265671388.1932766736 3841312.2099609375
273648466.6033552289 4364852.8417968750
266397364.3918891549 3915625.7714843750
270098331.1181221604 4168271.4687500000
270792128.7103824019 4208835.0263671875
266580533.1871665120 3929263.8183593750
270157971.1368228197 4169000.7207031250
283960515.8474242687 4790219.6601562500
263431316.9780060649 3616665.2177734375
301982209.1513906121 5062698.9472656250
269706064.1217104197 4141478.2646484375
274691727.4945449829 4417722.0341796875
277961188.4772665501 4576174.5644531250
278931067.5113490224 4628290.0800781250
273494367.5535221100 4358738.9160156250
274111419.3242862225 4388624.4941406250
272290328.8845903873 4285601.0800781250
271262737.0669330359 4237483.9062500000
273756204.4777929187 4376649.3847656250
269972441.4686001539 4158919.4042968750
265750391.6508548260 3850973.9677734375
270901038.2174658179 4224672.0605468750
304193913.6291410923 5110762.3896484375
303974070.5915452242 5110553.1396484375
272486893.9514537454 4304748.0166015625
271907740.8017748594 4280359.0517578125
275180065.8390198350 4449243.3632812500
278169956.5540493727 4587638.4160156250
273246631.2779128551 4333453.6650390625
275716114.2209087610 4470562.3466796875
273134637.5614909530 4327048.7441406250
276039289.9350595474 4485776.0673828125
282558069.7995486856 4774070.0234375000
264875561.6490014195 3770727.8662109375
275437641.3730448484 4456143.7050781250
303945846.6068808436 5102753.4833984375
269957342.7137745023 4156411.4042968750
316059473.9387086630 5270369.6347656250
271565606.4552935958 4254035.1660156250
315504343.1884148717 5252714.8574218750
274318891.4295898080 4397501.5566406250
277369074.3071508408 4540648.0957031250
270517377.8032314181 4191665.7490234375
282330573.6863789558 4764733.9335937500
276001895.5724097490 4479430.8447265625
276212402.4635607600 4490291.9580078125
269550185.3946416974 4136228.9892578125
271077729.2487230301 4229332.4707031250
279289321.2350903749 4654338.8378906250
284606890.2297474742 4805003.2910156250
269230690.1046459675 4117226.5009765625
279157383.7677040100 4638799.6562500000
283296704.7550597191 4777068.8652343750
315297255.2754389644 5249577.0136718750
315468641.0417097211 5251610.1816406250
415914617.4823731184 5863630.5488281250
303550722.2092929482 5086916.4931640625
278390128.8621135950 4606339.2324218750
273312357.4166625738 4338131.9667968750
318325384.0578509569 5283441.8242187500
386264335.4417064786 5671352.6757812500
280337788.9081762433 4689355.4062500000
281699167.5619620085 4742052.8632812500
273423988.8751006722 4343838.6533203125
281235279.9622500539 4717745.4101562500
270682360.1703888774 4199296.7822265625
281929902.1323278546 4755471.4218750000
280209361.0162593722 4685580.3349609375
322281602.4915575981 5307119.4355468750
322227460.4776182175 5305272.3164062500
273485829.3167502284 4350449.9785156250
281234193.8287252784 4714292.1289062500
280362144.5783878565 4693824.7578125000
274193253.3712704778 4391249.5439453125
284494324.6690797210 4796892.6386718750
275980470.1819729209 4476499.7128906250
278359144.5037950873 4597427.1533203125
313751812.5331868529 5228047.0781250000
386507333.7486677766 5676197.3847656250
385921790.8353344798 5671153.3789062500
273046882.5501992702 4318844.7802734375
273442158.9887499213 4346946.6611328125
286532997.5253974795 4843536.1591796875
286089224.6530192494 4830175.9970703125
284572860.1143376827 4801237.4951171875
284153928.0093684196 4794793.8544921875
281812172.1727778912 4748513.2480468750
289327317.4987183213 4907810.4052734375
288688619.7787083983 4884740.5205078125
283826218.4327271581 4786050.9980468750
304509182.3019797206 5111084.9443359375
279914840.4136188030 4680304.1435546875
280406273.4513124824 4697828.3173828125
271828410.6634778976 4263924.4921875000
312273585.6902108788 5219198.4335937500
311635228.6597683430 5213513.9257812500
321281467.2603623867 5297960.3671875000
278941295.9741907120 4630326.5332031250
339937531.8878511786 5365381.2626953125
340266927.3575806618 5369818.2744140625
278292523.5779022574 4593704.6201171875
321702491.8189826012 5304895.8886718750
423479310.2122575045 5902036.1835937500
423943660.7666574121 5903581.4882812500
277146685.9279822111 4529441.4326171875
318982708.5835419297 5285386.3867187500
313770361.7530946136 5230950.9570312500
312805676.0046202540 5224562.7304687500
423262681.1905580759 5900219.8085937500
390602455.1998625398 5695781.9179687500
390494732.9645852447 5695255.2402343750
306736424.0168445110 5130442.2099609375
421170149.6280628443 5893506.4296875000
370837213.6447444558 5601501.8339843750
384154964.9600795507 5625644.5019531250
357678151.2604103684 5524295.8515625000
413954978.4197151065 5856362.6816406250
403626571.3183919191 5772234.6542968750
335020775.4104238749 5349387.9609375000
384785274.5837599635 5634061.6210937500
289187530.9196849465 4902345.1025390625
368966765.1424828768 5589973.3964843750
368716940.4632943273 5588701.3476562500
412396583.5461032987 5846352.3046875000
412804781.2073574662 5847942.8398437500
289376154.9443813562 4912772.9248046875
345249793.9226765633 5401157.9335937500
292025752.3716916442 4957513.0712890625
418335637.4517183900 5875476.7734375000
401110196.4317124486 5752827.3378906250
290082338.0771138072 4926484.2080078125
293100087.7484208941 4975928.2412109375
292231951.2068371177 4961742.1728515625
309823697.3131031394 5146689.3964843750
309449362.1852430701 5143045.0097656250
406770665.9828082323 5811621.2246093750
422313856.3584199548 5895053.2734375000
421916681.7030727863 5894375.0156250000
420651605.4394659996 5886278.7167968750
420968006.8471316099 5893400.7011718750
341132217.7786805630 5372469.9687500000
310255656.6441807747 5165335.7597656250
330724191.9101754427 5334778.3437500000
404325027.7934855819 5806749.6269531250
402478658.6126423478 5771642.4628906250
401506322.4709747434 5759316.4941406250
315262306.9921780229 5243836.5175781250
396424909.3200722933 5751899.3769531250
395320662.6089127064 5739891.6035156250
330769945.8018803596 5335480.9062500000
288424027.0383626223 4875903.8017578125
348490595.6708333492 5435863.9160156250
355905389.0202039480 5489097.9238281250
311413803.0282183886 5194334.5332031250
310784979.4817370176 5168521.2207031250
290907630.4407844543 4929043.8232421875
291810690.9892298579 4949446.5751953125
345504982.5223906040 5409008.1210937500
311323225.6062625647 5194004.5937500000
291187402.9742412567 4941830.1044921875
303371153.3347060084 5086882.7822265625
303907009.4477474093 5094162.1474609375
356473271.6720204353 5498950.4863281250
357049599.9117300510 5506850.6308593750
303334100.0352115035 5081907.9736328125
308668303.4678806663 5136902.4833984375
287490628.3897030950 4849443.6679687500
287376769.0592585802 4846895.8320312500
287841833.4595116973 4857874.7988281250
296928775.5111240149 5004683.0156250000
296634979.9253475666 5001282.2089843750
297251612.4651309252 5009510.4941406250
297750899.6398229599 5014978.2070312500
296952236.4061447978 5006147.8417968750
297966462.7952121496 5024901.5117187500
297947111.6630284786 5017066.6425781250
297346208.8121449947 5012762.1894531250
297249657.1520418525 5007347.9960937500
301920979.4092208147 5057112.1279296875
