86934976.0655969977 75034.2559225485
89904688.6931122243 125394.3922480736
86860464.3802624047 74363.1257406399
89068181.4850452989 113312.6181718502
110064292.4053408206 217187.6830139160
87068306.6357905418 78858.8750997707
86797218.5622981489 70914.5144356415
87015492.8403932750 78642.8838888332
89039608.3476210684 113219.3374449704
86408030.9570190907 58330.9030284211
87231353.8637304157 82864.0267006084
93316943.7575105727 146367.2637126635
86785382.9145865738 70910.4284981415
86738350.4118349254 70623.3277596161
87284401.6085542887 85483.8617530987
86729257.4729188979 70167.1673567221
88070517.4775672108 98862.1327728960
87749529.8476384282 94235.6617103741
90553539.2422775030 128418.2807332776
87307892.8324722201 85814.5348488018
86969904.8279342800 77893.7824687958
93332326.1447612494 146398.5832927416
86398067.3977688551 57837.1716667339
87414723.0934524238 86905.9472532272
87097714.7128100842 79150.0617757961
87533050.9523520470 89695.4183937237
87481993.8128048927 89606.1727882549
86780715.4808591306 70879.6066492721
87339163.1482680738 85834.4396082982
93706093.9407249987 149982.8926670740
86685285.9617962539 69010.6526176780
87219518.2160188705 82859.9407631084
86566666.6408568174 65108.4187309593
88410977.1634153873 103191.3098148033
93634240.7491261959 149347.3741862963
87163198.8755037785 82360.8649269268
87284167.6591276824 83080.0179115459
86500663.8251724541 62346.4328157827
86645029.9043890387 66685.8150570318
91931584.2529843450 144418.6966374815
91047723.1631430686 133106.4124330580
89480078.6358138174 117498.7478368282
86457315.3224523067 61493.2855827659
93656913.5597214103 149818.4772136401
91059314.7162584960 133242.8474059305
86610529.2783628851 66453.2024319097
86566045.1457657814 63043.3306893036
87113436.2163173705 81688.1378761455
86489964.5697555989 62330.8913967535
90633828.9787739366 128974.1689193600
86979797.0653970093 77974.1729513332
90648850.4284130782 128978.5801116130
87298000.5950095057 85734.1443662643
88301860.2988068014 102984.4386144802
88428418.1544050127 103407.0546274185
86402850.6644648761 58089.8728109524
86372518.6358235478 57469.8063242286
86838999.6895036250 74071.9390646145
93732770.4341856241 150549.2695832442
87439725.5095320642 86975.1681562588
86996138.0481180251 78212.6913938522
86191333.4429321587 48310.5251428932
86765188.8453046679 70689.4185415432
86214351.6020370275 48328.9901512787
88659822.3348555118 107170.5765520260
87003657.1926817298 78638.7979513332
89066262.1744701862 113248.6196571980
89457366.5407496840 117498.2956946064
86375038.3752618283 57518.8512022346
88465195.8074168116 103546.5192121193
86577880.0310596079 65615.5966179222
86542718.4178729951 62885.8835762665
88427441.0755191892 103285.6070696041
88218484.3315391541 99537.0817314312
87674487.5399560034 91092.2015867159
89965701.3449422270 125408.6108739376
86663283.1264802814 67008.1946114227
87003638.6289210021 78234.5377784893
86885685.6673472524 74736.5640646145
86822659.8557267189 71207.5622770786
89425023.6538329720 117405.4162938595
86730688.2192785144 70456.8059164211
86833916.6559607238 73373.9543945715
87218889.6550415754 82765.1949239895
109728637.8298978657 216967.5006408691
87103543.9788546562 81607.7473936081
91177828.3354732394 133311.6412018440
86528595.6656263769 62453.2140635774
87352528.8059619069 86479.1598488018
87137296.3436020911 82352.7628761455
87149131.9913136363 82356.8488136455
87201945.7867109030 82572.8400245830
87340693.1582503617 86475.0739113018
86676418.2320553511 67165.6417244598
88888342.4487562627 109239.9071406517
110786673.0231519938 220802.7109375000
88149926.4002729952 99296.2223650143
86452828.3128152490 60714.8064310402
87435194.6506425589 86948.5320548937
86633816.5141862482 66610.6495449468
88625777.1577913314 107166.4906145260
86599315.8881600946 65946.0245449468
87824410.6898949593 94739.8217377397
88297031.6652251929 102954.9339739010
105807327.3235002607 203423.3533477783
86520915.1627388597 62373.1749088690
88161762.0479845554 99300.3083025143
88348088.8047723025 103044.1795793697
86619974.7133359462 66501.0167244598
87996103.8122760653 95842.6222673580
87470165.1354203522 86979.9440303966
86768781.3557460606 70780.7748726532
86884430.4237528592 74520.5728536770
92062811.1453467906 144569.6085573733
91455395.7171010822 135969.9597915858
86654475.3393620700 66733.6293495819
90922459.7581590116 133075.1167498729
88357414.5482545495 103105.5892997906
87697224.4587893933 91286.8343009874
86720416.5400809050 70048.4598060772
86816916.3211616278 71125.0718966648
88103331.6245443821 99284.7487858343
86565036.1103860587 62995.5163967535
87812575.0421834439 94735.7358002397
87856076.5753714144 94849.3281974718
93508172.2106310725 149288.2450359057
87423359.0029309988 86944.4461173937
87605979.9713742882 91066.7571525499
87617815.6190858334 91070.8430900499
90679904.6486385912 129118.1431726119
87780956.2001266032 94714.7006341144
87832013.3396737725 94803.9462395832
86849307.5402179658 74359.0398031399
86234380.8437359333 48779.0336322933
87709497.5949682891 94136.8299337551
86715994.3619088978 69949.6280294582
87879138.7408020645 95554.7440423965
90779943.5866287649 133069.5715666912
89021107.8854518980 112989.2687616348
87379771.3615728021 86883.4200216457
87562392.3300160915 91005.7310568020
87574227.9777276367 91009.8169943020
86802568.6922306418 71112.0345544815
104690449.2155782729 196410.1878967285
110296561.8508465588 220083.5720214844
110133581.4647265524 218528.9897460938
110364089.5779848695 220468.8457031250
86335891.2453032881 57370.9745476097
110277559.0834351480 219703.9438476562
86185781.9390277863 45088.4340020679
87670071.9405226409 91077.0443464443
86838094.1500151604 73851.8619161770
87209757.9193855077 82680.7185039520
88892579.7628354281 110565.7481465191
89756303.6113982499 121680.5128188133
109443047.5326877087 216637.7213439941
106269982.8779747486 204581.4854431152
91337996.3232131600 133484.2748961649
86872594.7760412991 74516.4869161770
86217402.2122669071 48778.0940658897
88561400.3635880053 106880.6235964298
86428425.9757205993 60577.0514937299
87856843.8262762874 95070.4896398708
89128138.5713518560 115109.9442297146
107603523.0110468417 211639.3421020508
89662697.7130009681 121276.6711130738
86235935.8168137968 52333.1395151466
86258621.5048668683 52490.0864908546
88825449.6614975482 109146.5755976830
88511582.5965315849 105219.8982832283
87549298.0031903833 90510.9761879370
86455163.9727094471 60898.7822849751
88005445.0499688238 98832.6229387447
88248557.9029768705 102713.5064836666
86172631.6413803697 44238.5522443056
93882498.4508237094 153628.6391399096
86173745.1862500906 44628.7178385109
90457049.2325002700 126025.2502040863
90068570.2113118470 125844.7482884824
89679153.4057713002 121390.5696933866
93453566.3137948364 146949.3933513354
86458292.4020776600 61804.0106686130
88037063.8920256346 98858.0416418239
88242417.8352417201 100151.6168371364
86259584.3365446329 52855.8588211387
88099956.6792843342 98951.3731847927
88048899.5397371650 98862.1275793239
87054827.1640904397 78713.9634634182
86372237.0556316823 57454.9320683107
91716773.6183330417 137539.9792626351
86363051.9426255971 57397.3803531975
86352352.6872087568 57381.8389341682
88876506.8010446876 109235.8212031517
86386080.9651326239 57715.7008176968
86375381.7097157836 57700.1593986675
86326219.4775817543 56978.1698562950
89541538.8433457911 117833.3818334043
89633351.8995961249 121272.5851755738
86313212.2618125975 56555.1472132057
91714049.5112355351 136881.6531386003
88788687.9089034200 108949.7211203277
87985740.4277359843 95719.7658239529
89408943.7852476984 117398.5403347639
86259076.7034455091 52840.3174021095
86315520.2221649140 56962.6284372658
86214980.8410174251 48733.5477859825
89246993.2368626446 116863.6700949371
90712000.7919868976 132522.0052301711
86435971.4428978413 60577.7615854591
86277159.5472303182 53559.3885983005
89351201.9206135273 117163.9888036251
89778532.6109371781 121718.3513158262
89745962.7195975631 121434.4471449852
88501306.2718025148 104734.0785422027
86302513.0063957572 56455.4505503029
88920460.8618767262 110987.6331945583
90633468.0411623865 128947.2605315349
86245722.1477194726 52432.1260863203
89750865.3395263553 121539.5494836271
91876512.1013941467 138323.7118844976
88935570.0779647529 112452.0589041412
88864029.9204040915 109218.8653075695
86248370.9463418275 52432.8361780494
101357161.1683730781 184548.9453882873
101209977.4613828361 184106.9529566467
89620631.9759314358 121257.6609461308
89877200.9442354292 122226.7634787261
89573384.4026495814 118116.8494994640
88829758.0175737292 109216.0259227753
89550499.7259157151 117835.2313964367
89259745.2047468722 117132.8142821789
88481440.6963328272 103644.9776769802
106468502.5491921604 207326.0103149414
107179278.7365981489 210623.4529418945
88708074.1017254591 108856.3895773590
89587177.3169948310 121223.3226828277
103659262.5394739360 192859.1382274628
103011742.8046848923 190178.4611492157
99004886.5687698275 172951.4015402496
99162007.1242654473 174774.8781027496
108020701.9123570025 213459.9962158203
106651527.6066048443 208968.5984497070
108233727.9990114868 216122.3815917969
106666431.3837867975 210480.3115844727
97657621.7242043018 162077.7993292511
97134139.3765569031 158626.3839850128
101996693.4794907570 185393.1094703674
95748988.9707516581 153736.7386398315
96223216.6477655917 154637.7668228149
96247100.3523667008 156349.7104110718
96227794.8982914835 155843.5525360107
98945497.0631937683 165033.5437622070
98623109.5570448488 163226.3658752441
98278718.6957687289 162805.5554199219
100167686.8933668435 174855.2934570312
98745362.4358192235 164477.3481140137
100493583.3203202933 176182.5903625488
100840892.4011539966 177130.2915344238
