67013436.5062779859 1051557.7646484375
66177663.0135733038 1048952.4589843750
64160242.9468383491 908464.4628906250
65237511.4293559268 1034525.1445312500
67917392.6670814008 1052523.4023437500
64336049.8650481775 938747.9121093750
64222877.8229634836 923273.6049804688
64427910.6268580183 951371.5649414062
64258613.5170398653 927269.9960937500
64398322.2355585769 948992.7050781250
64200917.2130417228 916553.1718750000
64382502.1814584062 946215.3701171875
66053447.0407687277 1047581.7929687500
64061659.5939238220 889014.8188476562
64121947.7635554820 899992.2387695312
64191550.2051836774 914946.1748046875
64102186.1766583249 894374.0571289062
64287756.3261838630 930217.2031250000
64283396.2477602959 928750.9028320312
64582261.1515687853 971707.8813476562
64048943.7761084437 880800.7785644531
64392174.9327816293 947375.1738281250
64095071.0963017344 894331.2216796875
67345308.4284611344 1051948.2939453125
66067987.0610125065 1048152.7070312500
64209226.0801805928 918095.7055664062
67003892.7951683626 1051297.4306640625
64580749.2827510312 970993.3471679688
64124507.2527619526 903396.6162109375
64141400.2148878723 905809.1376953125
64196592.8918939307 915665.9897460938
64185654.7004589066 913757.0668945312
64108333.4794352502 895991.5883789062
64032724.1957424134 878456.0588378906
64458601.3534409106 954944.4067382812
66927507.8184355423 1051260.7968750000
64274594.4667838439 927987.2563476562
65225337.2062577531 1034139.2324218750
64072597.7853588611 890923.7416992188
64023113.7130268216 878342.4704589844
65059405.5687083751 1019629.0747070312
64740631.3607666865 989858.1147460938
64058849.4071032107 884115.9477539062
65261086.4370498136 1034938.6894531250
64268186.5410928130 927277.7910156250
64658360.3235512823 980436.9179687500
64605942.3890949115 973572.0839843750
66641146.7102907300 1051122.0937500000
64190750.1930844933 914877.6347656250
64689843.4001161307 984404.0498046875
64184854.6883597150 913688.5268554688
64177135.9089642614 910876.9843750000
64008203.9325589910 865736.0419921875
66534640.2010800764 1050190.8154296875
66552535.0763794854 1050495.4267578125
64121504.5338552967 898098.4785156250
64721825.9203187823 988277.9028320312
66339962.4426780045 1049807.9296875000
65534105.1067512557 1042861.2705078125
66288550.7621356174 1049051.6123046875
65941105.1512349397 1047202.0546875000
64346113.6392722800 939307.8442382812
64335851.2428753749 938398.5180664062
64014536.5012408346 870401.6767578125
65053678.3813815489 1019607.4731445312
65926565.1309911534 1046631.1406250000
64311610.1832326427 934432.3574218750
64569907.6332269162 969436.1020507812
64905292.7414722443 1007253.5517578125
64136648.9824237227 903834.6240234375
64677823.2327999175 982212.0820312500
64258576.0583772138 927164.2026367188
64595552.1955845132 972790.8852539062
64184124.5360107049 912021.5717773438
64639554.8831033781 978856.7060546875
64561943.8423031196 969413.1352539062
64854504.6709589288 1001234.9970703125
65314500.5748879239 1036808.8808593750
67371603.6561450064 1052460.4541015625
65248772.0461316183 1034708.6074218750
64578319.3657645807 969649.3173828125
66063344.9455697015 1047619.2695312500
65929566.6755047515 1046819.5175781250
64693717.8105013892 985180.6865234375
64708648.8405640423 985984.2617187500
64853576.5035121813 1000487.1318359375
64684297.2863468230 982841.4404296875
64484461.1075314358 958621.1816406250
64590395.1686332002 972365.1879882812
65480088.3296056613 1042577.6171875000
64001857.2007193938 851867.4367675781
64517941.1547842622 963347.3144531250
65467229.5100412145 1042061.8134765625
65394998.8735003993 1041206.1132812500
64712523.2509492859 986760.8984375000
64206334.4037969261 916753.5004882812
64662234.7339365259 981213.5546875000
64091916.1425558329 893227.8664550781
64156558.8772187755 906132.5585937500
64855004.2244594917 1001706.2080078125
64557732.7407764569 968021.4316406250
64306293.7238868922 933262.5761718750
65273252.7181113437 1035462.5185546875
64499299.2347321212 960399.9775390625
67045631.2966771275 1051772.9570312500
65363595.8140121326 1039653.4824218750
65183677.7192861363 1031430.7246093750
66430743.7874072120 1049953.9814453125
64928964.7500294745 1008055.3818359375
64001874.9053706601 863303.3769531250
65728893.4719887078 1044975.8369140625
64481680.1640231237 957045.5170898438
64552333.3595875353 967668.1323242188
65815664.1287733093 1046402.4511718750
65143543.6210361272 1028278.8701171875
66311933.9768218696 1049335.3447265625
65743433.4922324941 1045546.7509765625
64644905.2209107950 979633.3427734375
64472779.8367099687 956348.9472656250
65803743.7652340606 1045690.7490234375
64834417.5994713753 1000078.3222656250
67122016.2734099329 1051809.5908203125
64630490.9246913940 975946.3818359375
65270145.0795438960 1035457.7968750000
64815612.1590234637 998498.1103515625
65477652.3407151997 1042338.6718750000
64635100.7012337968 977111.7031250000
65519903.6792917699 1042623.1630859375
64538927.3003285453 966441.2197265625
64463748.3993734121 955146.6132812500
64516782.5242288336 962414.7680664062
64468274.1047641337 956104.2104492188
64612232.3593158796 974960.4790039062
64631037.7997637913 976540.6909179688
64438256.5218832865 951522.3652343750
64447066.5385187119 953137.0341796875
64182178.5956745222 911596.7993164062
65080886.9953033850 1022814.0825195312
64323379.2180988640 936212.4028320312
65868133.7063947618 1046546.4492187500
65383377.0210851282 1040968.0058593750
65999943.3754051179 1047368.2216796875
64649992.7859231606 979656.4580078125
64600902.5333919376 973567.5219726562
64494924.6128096879 960375.3989257812
64508909.7174477056 962144.9804687500
64334537.4488857314 937677.8803710938
65740949.4165972099 1045105.0478515625
64485893.1754731312 959173.0649414062
64589215.8173413053 971988.5634765625
64852267.0541013554 1000107.7216796875
64877095.4191070870 1004844.4648437500
64478100.8681874499 956681.7133789062
64442365.1741110608 951613.8666992188
64524563.1437179893 964542.9238281250
64727672.5625570640 989076.9135742188
65734743.2228579447 1045104.4550781250
65964337.1353048980 1047345.4599609375
64668798.2263710573 981236.6699218750
64700281.3029358983 985203.8017578125
64501546.6017434150 961571.0083007812
64376413.3429542854 943480.5576171875
64254974.3074271157 925554.5913085938
64943749.6066329032 1008945.8803710938
64674638.4377016425 981808.7587890625
64158009.8376134112 906441.9853515625
64171240.4042394832 909687.8764648438
64360759.9166840091 941082.6142578125
65645527.1116662025 1044803.9833984375
66481018.1486444548 1049965.7070312500
64298976.9949459806 932002.6416015625
64617319.9243282229 974983.5942382812
65220332.6143640280 1033040.3359375000
64427037.4304885343 949814.7939453125
64544014.8653408960 966464.3349609375
64529650.7087303251 964566.0390625000
64746478.0030049756 990657.1254882812
64945068.9696531370 1009662.6201171875
64195792.8797947541 915597.4497070312
64376748.9134757817 944267.4501953125
65612757.0351639017 1044305.4443359375
65023379.0216561481 1017525.3510742188
65279493.3769098446 1035953.1806640625
64299312.5654674768 932789.5341796875
65335511.0035425946 1039596.5019531250
65195851.9423842952 1032286.4248046875
64506634.1667557508 961594.1235351562
65331812.7565128133 1036894.4482421875
65447673.0427509546 1041767.4628906250
65041494.9298673645 1019605.9848632812
64711771.5794091374 986002.8081054688
65370518.2015206739 1040452.2021484375
66293716.5876457319 1049098.5107421875
64245942.8700905591 924734.4868164062
65122956.9960480109 1026267.8701171875
64947362.7422168702 1010707.3393554688
65110798.1978703588 1023908.8769531250
65434814.2231865078 1041251.6591796875
64537950.0701756179 965375.8984375000
64777961.0795698166 994624.2573242188
64620911.4487832934 975596.1059570312
65581350.6203057989 1043593.2958984375
64719086.7433838099 986784.0136718750
65175265.3173961863 1030277.4365234375
65132711.0288176686 1026392.9091796875
65540851.5399194509 1043505.9873046875
64426701.8599670455 949027.9013671875
64332410.6554354280 937032.5073242188
64514933.5282010436 962403.9829101562
64707553.2008147985 985816.3134765625
65160036.3301408216 1029237.5693359375
65219448.0217219964 1032798.0439453125
66252298.0685657561 1049022.7031250000
65163091.0942980200 1029802.8388671875
65060300.3703152761 1021186.1967773438
65036347.5825997069 1017595.2797851562
65156459.8769482747 1029078.3271484375
65093803.2512155399 1023613.5395507812
65297380.0964881331 1036752.2109375000
65074557.1647742316 1022385.3544921875
65459294.8951662332 1042005.5703125000
64490980.7404854745 959196.1801757812
64817699.8709377274 998631.8120117188
64793747.0832221583 995424.0092773438
64319777.4671487659 934602.7915039062
64932664.8180186525 1008104.1542968750
66063361.5637520030 1048001.8066406250
64829883.3224519119 998634.1850585938
64860753.3287685663 1002034.7490234375
64954444.8704256639 1010902.3071289062
64796766.5200177282 996204.4692382812
64606765.4450997189 973987.2358398438
64772114.4373315349 993825.2465820312
64884461.2868596688 1004845.2060546875
64771609.4715046063 992432.2895507812
64978397.6581412256 1014493.2241210938
65062382.9416760653 1021529.6542968750
64865900.6760362238 1004045.4541015625
64959592.2176933214 1012913.0122070312
64999726.3159433305 1016064.8666992188
64623653.8999554515 975782.6005859375
65041385.8029149473 1018773.3745117188
64936769.6082078442 1008852.7607421875
65114691.2630242407 1025537.2089843750
66104899.0753099173 1048167.3730468750
65011900.5390414968 1016920.5668945312
64790919.8777794391 995405.4584960938
64898675.4667260945 1006424.6767578125
64806505.1278668717 997832.8012695312
66170514.6148748249 1048182.4042968750
65011204.7985579818 1016669.6508789062
65081188.3821239769 1023109.8662109375
64903266.7273075804 1006425.4179687500
64989876.1407558843 1015098.0083007812
64908414.0745752379 1008053.0087890625
64884706.1164841354 1005625.6660156250
64756216.6108541191 992285.4575195312
65037280.4556514993 1017695.1254882812
64684445.2217336446 983407.6914062500
