390282818.4102773070 20954.7544146131
390057887.3715158105 19629.7413724053
390124051.2265744209 20295.0288042659
390097640.0782178640 19981.4263446837
391405547.4222427607 23559.8238059748
389882712.9131646752 18487.5172764163
390009253.1954541206 19569.1227090086
390191954.1973588467 20339.9509506909
390040493.6999813914 19628.2846005547
390267790.7729931474 20953.2976427625
479463126.5194637179 66442.3672685661
389905793.6928513050 18517.4764992707
441987964.4828352332 48591.3066730746
441560174.6449974775 48486.6776604382
390033286.8885787129 19626.9732523561
390084298.5198723078 19943.3438319875
390737860.7207661271 22418.4668542570
393097645.5204789639 25665.6128921001
389784605.2233482003 17377.0289316426
389769620.2874620557 17364.9425283919
390158845.1747508049 20298.6655077571
489711300.6522963643 71673.9379196167
390413731.8559437394 21319.5062351725
390372832.2846318483 21318.9623082827
389779651.1205435991 17367.7738713275
389982842.0470976830 19255.5202494264
390897188.6929990053 22843.1112584354
390708645.1290271878 22336.5785308689
390442615.0577276945 21349.3546671679
390345332.1173107624 21008.4688030681
389952106.5856516361 18887.9951008671
390309163.7480748892 21006.3097180973
393672790.9652977586 26451.9746256183
393222070.2269743085 26053.7638278613
389792869.0749527812 17399.7418971013
390216738.7664498687 20665.7327910360
389936529.1542972922 18885.0016478301
415069663.4038386345 36995.0686655692
421611647.4024238586 39193.8357122695
389890134.6399796009 18516.5420979374
389860579.6200025678 18157.9321471031
389869649.4702513814 18159.3341719223
391368690.7457097769 23498.5049378635
390984462.2618924379 23176.9210896163
413205122.1066402793 35139.9873853160
473059418.6500365138 64199.1065438539
472423058.9900302887 63901.6915202886
389800368.1699402928 17755.1610950480
389792247.6483721137 17388.2326492320
389815741.2675189376 17786.5698207940
390163561.5168252587 20336.8553743885
390570820.8776395917 22010.2534647793
389948791.7732694149 18886.2892661654
390008809.4604034424 19259.0536172937
390462406.5767943263 21675.7407559029
390553606.1837906241 21684.0804896030
410645597.9185870290 33543.0233921702
457178508.3938082457 53773.1610140736
390611704.4102516770 22030.1929493221
390357365.0651556849 21310.0760903827
489982688.4624753594 71790.1598587036
390483547.3087460995 21676.4436335984
390122814.6246763468 19985.2380207091
394626971.7836130261 26992.9883918508
390444638.6340491772 21643.8859215636
389979002.3554700613 18888.3941686800
389876932.3609385490 18477.9745035495
389935809.1288751960 18518.6498609894
466428819.6059871316 59732.6040888034
401761263.8624308705 29225.2830640531
466035624.6617948413 59678.3383643829
401913256.6659882069 29288.3309156156
389802279.6879607439 17784.9546627130
389834752.9440637231 18107.8331021394
393187219.8126415014 26022.3913397203
400932985.5980281830 28893.9300009466
430473262.0502694845 43059.3813040749
429961251.2681623697 42689.9761129961
390299700.9954472780 20969.4430046564
390346656.1047714353 21285.9205196402
390555536.1103816628 21721.9289506411
394470384.6653536558 26986.2437448247
390905343.5515103340 23080.2336205354
390117406.3891102076 19983.6117389708
489893714.5711708665 71678.1342391968
394586837.9336631298 26987.5553463443
394298458.4635111690 26741.4778927310
399270326.4063603282 27446.9090411634
394669453.0751115680 27001.8281155868
392587943.1310158372 25357.3837680067
489423771.9772225022 71522.0875930786
466705541.2571825981 60837.8690802664
462164225.6819788814 56441.7778317172
471290860.4000417590 61518.5108308469
393641900.9312933683 26338.2587765848
476346828.4041416645 64438.1615445861
394846400.5875458121 27101.2859832390
462778361.6108878255 58973.2275086851
391534731.0863179564 23887.2035248797
423839982.7791796327 39955.9904466788
423283885.1271723509 39606.4109026114
411400928.1131004095 33976.0393936827
391861016.0405506492 24145.0072754282
418952662.9499186873 38749.3200109756
391271720.4769261479 23484.5865323204
454176536.7285146713 52846.1789420500
394835485.9234213829 27021.0375841601
392666561.5547884703 25393.4381256546
391967659.5564224720 24258.6565278094
391475093.8980894089 23739.2024513143
394605923.9329159856 26991.7947821040
394169707.5713710785 26616.1023434146
392474926.0646980405 24756.2589827782
489446556.4755712748 71643.8478469849
489197893.1342587471 71487.7433242798
391234368.5770336390 23234.8639650005
408962632.4956237078 32851.0062923116
392285609.0024391413 24485.8819091246
392096642.8350216150 24344.6437249339
489438196.7131045461 71527.5226974487
471249572.0743737221 61234.3449060270
404736312.1661584377 31100.8880319019
425625662.4064437747 40898.7316071062
392532935.7879406214 24845.0422006516
391822812.3363114595 24072.1890785486
392224374.0489556789 24370.7026267102
409478823.2436914444 32978.4404976560
409879487.1964136958 33284.6494515135
395055331.6197217107 27215.3192666924
392461006.8275351524 24678.9191460765
391244694.1827602386 23286.9720168151
392807311.1603909135 25637.2116126744
392269289.5479468703 24421.3053002513
391641283.4272732139 24020.3389613070
413586755.3009779453 35159.5179081857
392321095.3376892209 24551.5602958985
391719228.0719691515 24063.2161328523
425529832.0503991842 40869.8387428589
407632107.6734821200 31876.0138144537
450524190.2315645814 52784.0793212344
479225183.6901562214 64701.9790292420
478897745.3279231191 64650.7025094666
462505812.1381970644 56505.7125025969
482688475.8721115589 66528.7467862982
488868849.4622829556 70883.9187240601
488407037.7099087834 70481.1696777344
489134688.0529935360 70972.7035140991
409060592.6221335530 32868.4146928983
488200818.7242237329 70470.9037933350
482768049.8302672505 66531.4231573958
405428022.7574784160 31610.0467545110
488709435.7460911274 70609.1678848267
427796498.8242840767 41349.6593703479
427454302.4940094352 41348.2284015208
405858386.6978577375 31623.0662857610
431087296.3436962962 44313.9697586661
488807225.1506320238 70617.2053451538
460882541.6831849217 56135.0760830888
460129534.6971949935 56086.3891781816
449181908.7228498459 51033.7649512836
449397461.1007725000 51205.8727088520
413595605.6490225792 35552.0674366132
428063624.2612786889 42120.4016132359
412142351.8437814116 34881.6269011276
435489023.4452187419 45487.8490713299
411808517.6744874120 34071.2317938583
411195675.6195395589 33952.0827536361
428356374.0392049551 42604.6333609284
411038779.2952455282 33730.9606433816
404448733.3451837301 29658.8604096187
458699279.8427429199 55333.4289895303
484137972.1254404783 66754.0066129775
484802632.3755406141 66811.5929929824
456764241.0334658623 53319.9208438013
457136755.6776491404 53717.4616006162
414614739.7904153466 35683.2127065267
414990932.2615852356 35766.2565753202
418487775.4276536703 37433.8794791072
418013294.9974699616 37052.2054558664
418131379.1271099448 37345.1834763092
447682398.3087561727 49461.6103433005
417886828.9791092277 37018.6906115812
418948984.5589920282 37462.0375445214
420189567.1704887152 38847.1879572271
434758893.0730796456 44968.4487838975
434490454.5382532477 44966.0681995383
442996286.2535480261 49017.3335141174
442834228.7722396255 48781.1154288284
425445431.2093173862 40321.5312257853
425251053.7787677646 40001.5430128646
425286731.0330945253 40090.5845367757
426399900.3821565509 41255.1837157828
439657769.3907344341 46147.3926539868
440335344.8579451442 47341.7468254529
439309702.1422964931 46054.6441808728
438990721.0452113152 46045.4713248400
438941020.6687695384 45683.7880995659
439995368.7661802769 46182.2509770443
440055471.7350364923 46753.9144741595
440049031.2847621441 46219.5531957535
441183073.2596063614 47519.0169600298
440477269.0507884026 47435.3987201502
440600957.3293088675 47461.9294940619
458666785.7990624309 54373.1234164238
447641265.7122486234 49279.5022770651
447601259.2319555879 49137.7326199301
447570623.6522814631 49063.8747326620
447984295.9365179539 49788.3885202408
447948180.9165731072 49762.6548866518
447878444.0665338039 49589.0758369354
448254921.6656337380 50421.4841236360
448543484.2560630441 50732.2965072878
448271345.4142524600 50669.0945390947
448154761.5651383400 50318.6302952059
448154761.5651384592 50325.3884891756
458349962.3226085305 54234.8494152315
458259527.6179254055 53832.3365372904
