827875627.1926174164 7924998.1513671875
832536584.6057971716 8246625.0996093750
841378341.3510496616 8673411.7856445312
947412138.8445179462 9799556.5380859375
824196456.2809489965 7580470.9707031250
822268309.3307969570 7326163.4082031250
823363612.4684307575 7488224.7988281250
826315603.0176926851 7800035.4941406250
830005574.0435805321 8076258.5576171875
836635845.0094375610 8474936.8715820312
822511346.7538460493 7358986.2744140625
822850505.7272535563 7411762.3369140625
829338851.5929616690 8028823.3544921875
835893535.7589160204 8437442.0532226562
822637079.6881004572 7378777.7636718750
822327977.3429752588 7336805.9863281250
826595361.5599159002 7818744.6054687500
864836240.4651368856 9236577.7460937500
839525829.9555716515 8608054.6923828125
822430784.7284501791 7342922.7080078125
822950716.0384522676 7428162.6132812500
827990197.9419649839 7925896.7246093750
832505291.3512003422 8242465.3203125000
831911117.5822914839 8200133.2221679688
829434958.8568652868 8034032.3046875000
839628944.7376388311 8614026.8330078125
824640182.2557960749 7627472.5263671875
834047791.7986094952 8335933.8266601562
837940054.6392054558 8542947.6826171875
822171576.3214665651 7301345.6523437500
823104686.8364124298 7451229.1464843750
824342815.4849069118 7600855.2441406250
824552686.1142854691 7621984.8808593750
841698513.3309991360 8684502.5659179688
928297266.3630169630 9740432.8564453125
822215327.4738233089 7311582.0292968750
823461110.0953342915 7503182.3134765625
823569315.1391097307 7513885.5898437500
825956977.0097669363 7764576.0341796875
823659848.2303254604 7523522.2646484375
824981331.8234789371 7669691.5727539062
841304443.6072202921 8670831.8427734375
841558228.5271389484 8684183.0708007812
840411572.3263306618 8645386.7666015625
822789517.1461050510 7404648.6894531250
822689703.0255601406 7386891.5810546875
822889727.4573036432 7420998.4873046875
824214579.3260219097 7587982.4355468750
847921145.0951881409 8875895.4169921875
823516896.7123589516 7505703.0019531250
823453923.1769288778 7498925.9951171875
823206679.0708286762 7466269.7807617188
844151454.8475050926 8780029.4619140625
824650309.6847271919 7634560.5371093750
831705193.5577937365 8185796.8500976562
826517896.3619780540 7808926.4892578125
836434675.1063271761 8463395.1420898438
850574468.9325238466 8944232.0175781250
851559770.3722301722 8963894.5166015625
852637926.4092359543 9002855.5361328125
840378730.5098478794 8634472.8647460938
825515544.2103432417 7727276.3085937500
841558228.5271389484 8684244.1352539062
841778206.9117072821 8693175.0541992188
822445481.2646394968 7346950.9199218750
824132202.5028712749 7574647.0004882812
829155298.5243165493 8016500.5219726562
844110720.2942839861 8777589.6542968750
847369070.9519724846 8847646.1953125000
826216008.3260874748 7783284.9404296875
825691849.5662165880 7744787.3212890625
851068509.8614302874 8950373.6005859375
856808059.9753018618 9076455.3271484375
826544489.1774866581 7813967.1796875000
829037348.8663730621 8003899.4082031250
874483150.9123357534 9356290.3632812500
826392734.4890549183 7801039.0273437500
965636693.5375018120 9941016.6865234375
826984547.4449220896 7851536.6074218750
826940146.3407169580 7847827.7275390625
826887622.3087717295 7844821.0546875000
823094644.3608028889 7449708.4047851562
826429145.7935525179 7806092.5180664062
844110720.2942839861 8777496.7968750000
826267151.8090375662 7792870.7304687500
835671105.4726836681 8428214.9760742188
852192226.3373061419 8982652.4472656250
834968243.6639943123 8393003.8066406250
828263489.6386922598 7952880.3535156250
837809752.0308279991 8537436.3496093750
826624570.4183362722 7819667.9072265625
826187771.5893145800 7782155.3574218750
855208087.9373363256 9048416.8222656250
838514481.7455966473 8565247.2387695312
837593116.3569037914 8530303.7910156250
822097754.9172894955 7268334.3007812500
822097754.9172897339 7268336.5400390625
835533628.3306378126 8421042.0761718750
852799133.3790549040 9005809.1826171875
829733431.4844006300 8048499.7753906250
839883613.5033119917 8620835.5673828125
824803351.0364583731 7652523.1020507812
831508452.5514320135 8166546.2348632812
822682252.3071700335 7386372.9033203125
830207266.0354559422 8095546.0571289062
835637259.4083155394 8427251.5229492188
831552341.2382973433 8177071.3212890625
855604114.4657988548 9061575.8994140625
834596580.6993256807 8363353.6577148438
835764429.5544136763 8431294.3090820312
822706901.7461726665 7388058.0229492188
834683041.4794957638 8378956.5458984375
832592914.9598315954 8252089.7539062500
965277159.8957767487 9940290.2021484375
824120471.0992420912 7571888.9101562500
848532937.4002221823 8886947.4902343750
838898716.4643487930 8579493.6948242188
832842584.4415061474 8266366.4960937500
843434076.2449312210 8752329.7949218750
833007472.5306476355 8276782.8164062500
843397214.2948596478 8745794.9707031250
828232557.5242670774 7945340.6835937500
839864970.9521523714 8619798.8759765625
832776892.5258303881 8262466.0634765625
877932361.7527648211 9383286.4062500000
907671478.5686978102 9631142.4648437500
965227761.7131098509 9938967.4599609375
847795345.0398194790 8866740.1328125000
831026030.6733400822 8145553.5292968750
831484161.9497550726 8166072.4931640625
964967403.5550392866 9935339.5751953125
862375735.2747011185 9213502.3017578125
823719541.3651691675 7528854.2587890625
831614017.1657876968 8183971.6025390625
965139469.6932972670 9935721.5498046875
826986861.9402436018 7854083.8510742188
830759019.9251914024 8125726.4257812500
834154537.7669708729 8345616.4833984375
830630409.0167758465 8120914.8115234375
833034772.5361021757 8280113.1933593750
831521573.0377355814 8170791.1289062500
827115273.6779983044 7864572.3227539062
829504679.3058432341 8040916.5927734375
831067439.6333788633 8147218.7177734375
830332584.5159114599 8102908.1948242188
829095167.3907470703 8009089.8740234375
964740874.0413273573 9928136.4736328125
831330411.4553197622 8163444.4843750000
831154442.4110950232 8155969.9648437500
827112729.1255772114 7863979.3149414062
832542680.1446959972 8246708.0673828125
826842480.1937896013 7841183.2133789062
827038791.0035115480 7859624.8647460938
828441229.9256744385 7968008.8750000000
873286364.4870530367 9346825.4335937500
828823324.4652163982 7992785.9199218750
844477844.4988000393 8790497.8447265625
826681736.6632161140 7825274.1796875000
830406391.4607932568 8105038.1899414062
839961078.1266609430 8622580.9414062500
824916454.6494059563 7663688.2856445312
844110720.2942839861 8777448.4101562500
825121999.6736594439 7687778.1176757812
824748282.1076078415 7641000.5175781250
833158545.9064137936 8282717.9921875000
852507912.7685288191 8997581.4853515625
828188380.0641511679 7945061.0468750000
862212520.4911181927 9205173.3554687500
826767794.4675171375 7830597.4570312500
824748282.1076078415 7641005.6611328125
824356008.2728612423 7601349.9785156250
827362832.8721686602 7878393.0395507812
860512580.7573552132 9158177.6533203125
825575871.5183037519 7729403.3510742188
828001069.1269271374 7933340.7070312500
827417985.1208629608 7885849.4790039062
831019451.7205473185 8142215.8437500000
833348352.5359256268 8292811.8945312500
825328874.3251500130 7706728.5610351562
825603037.1587734222 7733331.9516601562
829607862.8161154985 8044572.6445312500
831754705.8617064953 8189451.2392578125
833758916.1104067564 8321035.8261718750
827806704.7174892426 7915327.3271484375
838234678.6044716835 8552572.9838867188
825364318.2851269245 7707421.5561523438
866648427.5267205238 9252373.6015625000
859103564.3731963634 9116088.4238281250
864012191.0160590410 9228178.8740234375
863945991.1792954206 9219936.3232421875
835232917.0251067877 8395831.4287109375
835279975.5585544109 8397531.2958984375
841718198.3537511826 8690346.3237304688
964548733.5968216658 9923929.2216796875
964590729.1207057238 9926949.6318359375
950630436.1663975716 9834290.2089843750
831000315.8678781986 8137185.9755859375
854189080.7924981117 9026716.3623046875
830556181.8837010860 8112192.5058593750
840012334.1524449587 8626815.5966796875
838787512.4725968838 8571492.8647460938
837916816.2056506872 8540890.5371093750
831878387.5809111595 8191586.4233398438
840012334.1524449587 8626658.1123046875
862105170.4648984671 9199187.3564453125
861826870.5494318008 9196837.2041015625
840012334.1524449587 8626684.5166015625
900251771.1027799845 9538386.9941406250
844231552.8312432766 8784210.2070312500
835516526.0133951902 8412398.4589843750
850465391.2465479374 8925643.8408203125
905794617.4187467098 9608021.2158203125
917812881.1235831976 9690204.6474609375
927238970.6085447073 9700670.2949218750
844555236.4163975716 8794821.4189453125
844247774.9909685850 8789192.7236328125
844141614.8006404638 8779823.3076171875
834525614.4018437862 8360381.1811523438
902131173.2641471624 9579826.0048828125
834154372.6924847364 8336271.6010742188
942143574.6333909035 9790643.7675781250
857185844.5513436794 9083093.5058593750
842472098.9090847969 8719793.8227539062
840003784.1842569113 8625288.4023437500
847833374.9501807690 8871580.4462890625
836139325.9595174789 8451413.3022460938
838628589.9549413919 8569100.7104492188
856835418.3127177954 9081910.4277343750
917235103.2737663984 9676326.2890625000
842358258.3921903372 8718388.5512695312
958271440.2939575911 9865632.7060546875
858765862.4364129305 9114458.2021484375
859386664.5226883888 9124832.0664062500
837207136.7679386139 8505101.3989257812
841176471.2575894594 8657572.4677734375
949166689.7844669819 9806470.5439453125
842192404.1082106829 8712530.9428710938
848220227.1773036718 8883956.6728515625
836932244.6980725527 8491233.5434570312
859719208.6227606535 9135179.9589843750
857679596.3595153093 9097035.9150390625
876657806.8113865852 9372773.1181640625
843689863.8982776403 8764527.3984375000
837120417.6689124107 8502161.1323242188
860689189.8325358629 9162275.8115234375
860122626.9444415569 9147509.8808593750
895807299.6151291132 9537325.3212890625
895643897.8088980913 9536984.6279296875
860426412.9316930771 9153168.5166015625
857831768.5353440046 9110488.7226562500
847612501.8515027761 8859511.2753906250
944998068.0142911673 9793826.1494140625
859332844.5518324375 9121928.3232421875
837447261.7593281269 8516546.6127929688
837304072.7482684851 8508803.5385742188
877428401.2403671741 9380996.9765625000
848950021.6512218714 8910232.8046875000
848722451.2734810114 8903225.6523437500
849783762.2190848589 8917987.2294921875
941875690.8648103476 9773847.7021484375
852089906.4899908304 8972611.0585937500
926885324.0502294302 9693763.6806640625
871469246.4159593582 9308061.8896484375
870087623.6778917313 9296296.3437500000
869958759.4799150229 9292827.3164062500
843712370.8977541924 8771476.4111328125
849765786.3574711084 8917589.0751953125
849209588.7566757202 8910858.1015625000
849127932.8228123188 8910327.7050781250
930244557.6529959440 9760838.9882812500
848901315.4191075563 8908152.0214843750
876301868.4341919422 9360833.6220703125
936937779.4377231598 9764321.3535156250
876453470.3104121685 9366102.5839843750
845456524.1212141514 8821281.2353515625
916437758.5587055683 9673556.5937500000
939419798.2657513618 9770251.0244140625
905651777.9190214872 9588707.1269531250
900324705.3110131025 9555475.6074218750
844793220.3539080620 8796854.8906250000
844929898.6195374727 8802570.9667968750
845037806.7364159822 8803877.6572265625
876536931.0540107489 9368963.9804687500
854935162.2801120281 9028345.6992187500
873958888.1511187553 9346860.8681640625
876251788.8705947399 9359913.3818359375
876373666.2486506701 9363639.9843750000
850109882.8551186323 8918139.7529296875
872143953.6504112482 9327387.3261718750
845844921.4579271078 8824943.0996093750
851523204.4434038401 8957510.7460937500
846303443.4762381315 8832915.6660156250
886050552.9705427885 9426261.2109375000
886289802.7027009726 9431642.8066406250
884573201.9269678593 9392515.1093750000
884223483.8863892555 9389670.7343750000
892088875.0336515903 9444304.7373046875
869214645.7793686390 9259366.6298828125
869419801.5016055107 9279276.7050781250
869247630.5057835579 9277781.7851562500
