539983469.8243955374 2464233.5187988281
545604846.6015295982 2905633.5937500000
553379620.9792628288 3337885.4328613281
536174825.2401926517 2028281.4923095703
536861539.3348860145 2143742.8947753906
537970235.5328073502 2293202.7486572266
540970810.1522547007 2563128.8898925781
545595334.3319236040 2905512.6748046875
553982816.3734073639 3369682.5534667969
634568304.5648186207 4856384.4628906250
577083582.5718539953 4111658.2729492188
576761697.4138836861 4099778.9296875000
555715894.7005016804 3435059.0839843750
536114471.8863742948 1995870.2109375000
537889732.8638169765 2285426.8466796875
541502923.9926003218 2605501.5932617188
555679897.8972055912 3430266.5917968750
552335968.9214173555 3290375.6120605469
535986416.3329356313 1967295.2332763672
536314755.8573434353 2057469.3179931641
536253919.5102564692 2043862.1146240234
538899395.9925590754 2389275.6098632812
542498461.5002729893 2689793.9344482422
538489333.8783370256 2347548.2192382812
539367055.0735747814 2428115.2926025391
541054762.3446435928 2573987.2104492188
540762721.0678137541 2548162.7324218750
552579176.3988298178 3306358.6437988281
546166679.1265615225 2937546.5480957031
545809161.7098742723 2923287.8891601562
546856689.7989636660 2989823.5983886719
558328622.0578792095 3551025.4794921875
559426182.9959042072 3578128.4667968750
536263286.7329803705 2048571.7247314453
536404278.6466602683 2069502.9367675781
536057510.5907558203 1980098.7998046875
539122705.0920062065 2400009.9389648438
542687156.8633090258 2706650.3663330078
542639602.2134072781 2700623.0321044922
536191963.7315703630 2033584.1260986328
591945219.8958107233 4357379.0830078125
549297408.7985610962 3126054.5751953125
551260957.3484705687 3231957.9902343750
568985260.4057955742 3932712.6630859375
550164714.9409316778 3167846.4653320312
545776936.7713054419 2918949.0483398438
563814121.3870868683 3749315.0571289062
541663272.4517042637 2621593.2894287109
564785417.7386168242 3773268.4975585938
592497898.2374410629 4378039.0234375000
538055429.9508776665 2302157.5167236328
540719916.8814023733 2545463.0399169922
568666688.2189960480 3909954.2338867188
552480479.5425764322 3299474.2468261719
566818611.1156221628 3831460.6875000000
541283282.4885511398 2593416.5069580078
536531834.6071333885 2092818.7504882812
539462635.6640067101 2438588.6569824219
568730606.5032386780 3922540.2558593750
539213566.6395195723 2418998.2337646484
536479653.6552561522 2085483.3676757812
552107724.4609103203 3287574.5314941406
539413620.4142971039 2434788.8846435547
541961084.3829394579 2651802.5687255859
576930253.8790700436 4100431.9394531250
539325329.9147648811 2422551.0688476562
542850505.4750434160 2712808.2152099609
536623978.4506079555 2105490.6298828125
567455567.7274413109 3865556.1821289062
539322517.7952611446 2421514.6873779297
541728758.1548374891 2627378.9534912109
541050566.4208471775 2567937.4188232422
537319578.6334254742 2208892.3505859375
577036371.8920173645 4102807.2314453125
539612284.5654804707 2449133.2286376953
538145181.4083132744 2312848.1152343750
540278587.5291736126 2508263.2489013672
542072946.7714738846 2657872.6405029297
536761527.0007338524 2129760.1425781250
552481139.6722748280 3300391.7263183594
539180631.7565090656 2410394.5206298828
537735833.2705571651 2266850.9096679688
542174473.6415711641 2660327.6746826172
542375773.3245604038 2681123.9417724609
579467918.3927041292 4133424.2163085938
542042748.5034146309 2654409.6585693359
565735704.4218832254 3816790.4609375000
539020364.4291720390 2398711.0944824219
573901213.8396490812 4040139.6420898438
578055124.2768970728 4127265.2436523438
537031933.1248505116 2168525.1948242188
541790663.9725674391 2634563.7796630859
569138036.0803841352 3934814.3291015625
560133909.0292305946 3615109.7583007812
560345207.6610363722 3639281.0644531250
537131164.0445467234 2184796.8342285156
538371487.9848563671 2333252.3496093750
568486846.6135950089 3907141.1289062500
552417988.6715295315 3297555.9226074219
576218621.3789349794 4082110.7714843750
575928976.5984002352 4080608.5898437500
571939595.6560872793 3997378.5317382812
538714375.0108751059 2370658.3864746094
537488456.3027558327 2232821.6098632812
589255956.2973721027 4296625.4414062500
588725372.8468768597 4286021.7548828125
540786163.9219483137 2550120.9868164062
564247706.8538539410 3751029.1132812500
542297044.4150812626 2670447.8690185547
618888765.5602874756 4655434.1767578125
537570599.5212057829 2242983.6328125000
567679469.2716196775 3890348.9077148438
538551725.5178394318 2356184.5048828125
568691894.9272766113 3920670.1152343750
592104640.3905414343 4363835.5273437500
538104321.6832065582 2308274.0449218750
586100179.8690837622 4285931.8959960938
585639695.8603153229 4277557.1831054688
577511890.1932007074 4114300.7084960938
607888411.3413106203 4554274.3476562500
536495471.3057546616 2085575.9831542969
543220968.5537133217 2739866.6986083984
537929566.9488770962 2289623.0092773438
539651562.3085333109 2451991.6722412109
549384638.5470325947 3131033.3037109375
554307316.3341861963 3387818.9316406250
543254556.8616144657 2744090.6352539062
585133091.3695766926 4274942.6469726562
585048689.2448735237 4268194.2495117188
539137399.0492405891 2405743.4578857422
591203248.4286888838 4340441.3842773438
537457935.8807895184 2226513.8452148438
560837907.8111002445 3659667.5146484375
616584403.0852997303 4650884.1796875000
545093248.1705555916 2865017.2562255859
537201763.4987659454 2189502.5830078125
539632995.8843978643 2450855.4281005859
544476891.2626730204 2829024.8208007812
606212062.9214708805 4540077.7045898438
544413212.2950849533 2824246.5668945312
551509414.0823609829 3250715.0551757812
544691730.0347648859 2844855.3867187500
555780674.7440589666 3437206.4633789062
553946126.2313740253 3366965.6394042969
601002053.3601529598 4489467.3281250000
600912516.8709046841 4489337.7275390625
574929210.8944201469 4043491.0151367188
560829642.3564019203 3655141.5532226562
593694932.4779733419 4381755.6201171875
553280841.9249572754 3334569.3776855469
544599664.7282559872 2837345.3259277344
545867405.2423665524 2926050.0395507812
559801301.5229027271 3605027.6308593750
540381785.2271960974 2515857.8415527344
551361779.4573016167 3241301.8649902344
536901619.4624513388 2151278.1074218750
554178372.0435265303 3381988.9748535156
626805929.0069128275 4797394.1835937500
561446392.6010519266 3685453.7226562500
539613474.3976334333 2449945.9166259766
551763591.6423937082 3255946.4877929688
555176545.2516454458 3416793.8283691406
549556197.2762373686 3140587.5244140625
560946347.4619663954 3664625.0859375000
563476493.3848556280 3726917.3847656250
537120573.0923020840 2181308.1987304688
552782678.4830404520 3319875.2111816406
564129204.3238201141 3749479.0976562500
548851476.8043584824 3098034.5498046875
547005151.1763210297 2996502.1634521484
555572650.2923067808 3430161.9785156250
543486789.7409874201 2760808.7584228516
548488731.4215965271 3067883.0117187500
566707383.8547632694 3824854.0537109375
584250388.5629870892 4255184.1997070312
554141327.1982718706 3375874.3615722656
591632644.9030044079 4356032.4501953125
568078083.3285305500 3906653.9501953125
625480212.7534652948 4781516.8427734375
555854392.7837547064 3445532.3107910156
628585558.5604937077 4828976.8916015625
560714254.2574009895 3653864.4555664062
569873212.3148020506 3960887.2275390625
596155686.8531944752 4416319.2680664062
561242965.3875730038 3682035.8955078125
592209181.9375139475 4369911.3134765625
554042961.2202392817 3370549.0197753906
545052642.5493531227 2863318.5203857422
547851578.8702652454 3039848.2772216797
627961364.1770629883 4822323.5107421875
594347564.3946790695 4382768.7070312500
628535765.0322698355 4827300.4697265625
547033880.0729520321 2998840.7451171875
546969068.3771600723 2992680.8070068359
589802652.2301299572 4316460.4047851562
589463530.1852704287 4306112.6757812500
545761682.5975725651 2918627.5654296875
562038971.9108586311 3693687.9853515625
562908338.1492289305 3720453.0283203125
544231977.6887562275 2812507.5850830078
590275258.2062617540 4330568.8090820312
560772173.3354576826 3654076.8627929688
569624407.5525008440 3949815.8774414062
546402377.2183148861 2958914.1032714844
564284797.7834067345 3754543.3984375000
591758157.1954931021 4356331.6875000000
546178777.4305833578 2944127.2558593750
634857472.2824025154 4869309.5390625000
571547954.8364515305 3995398.4033203125
570978380.1826338768 3979936.2265625000
589242020.7412505150 4291034.9409179688
589248852.1529411077 4296278.0830078125
638038154.2323601246 4919487.8261718750
595465519.0205105543 4389124.2119140625
570849494.4037734270 3964934.1855468750
577569005.1851520538 4123180.3583984375
564407255.3819813728 3765257.6840820312
617803765.7805819511 4655119.3486328125
572555015.2542982101 4008717.9003906250
572703085.5095318556 4011119.6591796875
620778847.8640264273 4689103.7607421875
623401708.0868916512 4750066.7509765625
575370523.8401263952 4061613.4428710938
573233592.0257250071 4023031.0307617188
549478939.0723913908 3136371.0463867188
638454275.4371585846 4925340.5859375000
543763679.5865788460 2775909.4018554688
556016080.0413349867 3451551.0205078125
547992810.6188315153 3048875.5122070312
548147571.8679252863 3056803.1333007812
549693838.3081684113 3147311.7460937500
543435144.1936217546 2753579.2861328125
550888570.1274840832 3207909.1611328125
611523135.5438399315 4578123.9252929688
609007307.0820535421 4573829.7705078125
606925508.3665050268 4552966.2875976562
544822150.3737058640 2849991.1536865234
543941964.8583482504 2787696.7224121094
542963176.1010621786 2720211.1239013672
591053237.2227522135 4332064.7456054688
549860968.8192994595 3159317.0278320312
612665256.6281545162 4612861.3300781250
634166739.0403829813 4854453.0693359375
582436540.1153256893 4200689.5249023438
582480982.7762373686 4205527.0639648438
619664042.0664664507 4679056.9775390625
619396624.6810995340 4667568.1250000000
550945318.9088401794 3217183.1445312500
622555838.6151746511 4727370.8271484375
565620052.1334649324 3799418.5615234375
620998697.8934396505 4709407.5058593750
550452019.8390505314 3191439.2954101562
582089787.0564433336 4176418.4980468750
581832820.8439135551 4176055.9736328125
625210851.6207886934 4779319.7841796875
554908404.9098340273 3407032.0720214844
554524888.4769227505 3399666.6691894531
550243946.9309734106 3175619.1909179688
562875432.5828120708 3711699.6887207031
624472542.6995333433 4778709.0244140625
581403973.7257015705 4169500.8193359375
563650160.1389576197 3734220.3437500000
598045327.1816165447 4461847.7792968750
558430189.7452241182 3551619.7705078125
550531568.5512621403 3193817.1069335938
556214464.8745045662 3458142.2202148438
633432981.5827989578 4847785.7578125000
637267556.5769970417 4904803.6250000000
558893268.8484250307 3570235.2363281250
556334196.0349349976 3468806.4360351562
627810555.1408379078 4803924.2783203125
637799469.8461884260 4911798.8564453125
634647885.6154018641 4863551.6044921875
634571605.3832675219 4861381.2968750000
637996380.9390128851 4912833.3750000000
614020825.7232989073 4619914.6855468750
565279321.8268646002 3794294.3847656250
584124105.3622153997 4213790.0371093750
637581949.4460645914 4905337.5322265625
579242588.9053335190 4131719.8237304688
611673554.4527214766 4593528.5810546875
637167044.7726427317 4902472.4902343750
625872820.3524267673 4784429.0126953125
548633499.1606676579 3078274.7192382812
637011969.4020875692 4897256.6435546875
579932042.0645744801 4139895.9169921875
579955538.2405290604 4146004.6757812500
581186744.7578037977 4158632.8740234375
557366319.6249928474 3512550.0063476562
557175020.3113189936 3499444.2016601562
556654555.6801129580 3477407.4458007812
556496514.8674780130 3474215.5068359375
556545595.4505329132 3477251.2539062500
556733928.6019496918 3479819.5917968750
562432376.1866222620 3694564.8095703125
580186994.9948900938 4150038.3906250000
580090548.7858444452 4148715.4765625000
582326544.8668880463 4177370.6630859375
559311889.2856260538 3576953.2456054688
573861725.4210630655 4027644.7231445312
