910584059.0783203840 123419.2770234622
900583845.8381539583 111579.6597257527
941076563.3041304350 138507.9348468781
917508521.8036136627 128441.9462196879
918616098.5628846884 128984.4956858210
907912326.2194942236 120999.2302232025
908848491.7587777376 122216.9263431427
900901086.8781141043 112008.0291428241
901991329.5798329115 113564.3905229802
905473024.7417031527 118481.0487239929
903956852.3363875151 116546.1508035856
904121994.1561516523 117000.6254167753
917901563.0771107674 128612.6406038578
918009021.7582223415 128644.3079719882
900063755.6189376116 110898.0135723623
940891760.2714030743 138453.0689563751
900288912.9983109236 111236.5222287449
903932120.2949316502 116433.5890313788
901685070.8595409393 113449.8154282803
902011182.2358306646 113810.4631498093
902302264.3341060877 114071.9842850799
922047738.8762450218 131047.6407321040
904423912.6923528910 117236.1116605001
900150632.1662136316 110989.9330287250
905540117.5042250156 118613.6808052259
914792235.9748260975 126315.8367616857
904770612.8766671419 117571.3342625304
902785865.6054873466 114538.1588112945
906943783.2836288214 120219.2456838827
900380996.6588977575 111330.2220793041
901290676.8618329763 112583.0482096943
912988080.8991839886 125185.2418961615
906204573.5931828022 119395.2546266134
906480824.9654439688 119754.2085622366
902726580.9792557955 114472.8938242051
917710334.2519259453 128550.7601564701
905057402.8317908049 117888.7509334712
905168669.2990176678 118190.9677189021
906160304.1855509281 119212.8266455609
906705127.4448480606 120100.9467252310
901111777.6673274040 112077.2863254818
933644112.9430803061 136467.7675390244
905797234.9649337530 118760.9539292427
914351319.4848270416 126103.4458721547
908709878.1125702858 121898.5206547538
940642365.3760396242 138449.6798114777
906705127.4448481798 120103.5044644888
930939724.1740731001 135618.5458927155
900624290.2674038410 111690.9903717312
908473642.1229386330 121502.4623025740
914632125.7569700480 126249.5972878384
913108458.8443229198 125434.5578848253
931881339.8045156002 135947.9971103668
906924240.9252223969 120113.8508390005
923319681.8470027447 131680.6530300323
931881339.8045157194 135949.6272678375
927445703.3784090281 133911.0602521244
899004261.0920413733 108625.9413210424
933740241.4428403378 136556.9959697723
905546328.8071399927 118688.6710927825
902793547.3970209360 114779.7389722917
918071217.4089611769 128651.0390081045
908715511.3480522633 121932.8118237937
912217407.2948626280 124698.9092842470
911565058.7198610306 124134.6401458379
903315510.9735833406 115589.9967079651
898321917.2046289444 105144.0318499413
904499806.8630949259 117308.0709751581
906515912.9511055946 119758.8136386092
911859658.8540210724 124477.5880271028
906964118.1838766336 120418.1844075735
914882152.1630907059 126355.0334898695
907364519.1114070415 120795.7327416952
900244848.1481519938 111164.4067240032
945440847.3423675299 138940.5009078979
915319732.4047442675 126696.5733015611
945440847.3423675299 138934.0672225952
905979315.9486901760 119154.9126885946
916809766.0226812363 127887.5155212224
902565286.2235993147 114253.8648880246
921099841.5845257044 130462.5180507842
911734507.6465235949 124302.1791582868
900728248.8465563059 111717.7700113545
916203558.3668835163 127277.0031802574
898179430.1996992826 104444.4990097490
912947066.5245628357 125156.9545061027
912230011.2125403881 124755.1215307787
899692784.6085387468 108647.0894790562
942746774.5900669098 138757.4503345490
907303215.6852999926 120551.3639047864
902421718.2074053288 114146.9167712564
899991534.1154994965 110233.4030891928
907352332.9878607988 120636.8999689343
920420694.4090880156 130061.1085821334
908115743.6924122572 121169.3503729748
907352332.9878607988 120643.1868036511
899930221.8567918539 109149.7575619566
898434165.9857544899 105358.9682087210
899826121.3458956480 108766.3502548608
898987337.6485675573 106830.5255683886
907829700.1906802654 120815.3779856610
942674812.3118978739 138753.7329883575
911361848.9131412506 123922.8179140479
920420694.4090880156 130051.1673284713
914536345.9096031189 126115.4589062370
898752780.6083472967 105539.1038603988
911669443.8461174965 124166.6860628516
898580508.1240847111 105515.6984107700
911121001.7835485935 123912.9171982572
944932440.0049332380 138888.1219635010
944877127.0112403631 138791.9543609619
915755265.6957530975 127136.6791720983
903393019.8765376806 115619.8207754832
903098628.7292512655 115501.3283099871
917245509.0429236889 128089.9535754661
899881078.8303294182 108867.1708691465
903998245.6928864717 116696.2147793513
910924909.9169631004 123689.5197315977
911063817.7096792459 123881.7250290678
917144422.3064444065 128005.1901448707
921325009.1412539482 130758.8097391129
916350329.9432688951 127642.3684915046
910828628.1048872471 123640.5973683164
920590970.9405081272 130261.7461658660
921709867.1643763781 130816.9553716779
921021861.9902642965 130288.3626382590
942005735.9685498476 138664.0630388260
922408330.1467983723 131112.0753316879
905807080.7237226963 118791.8762936118
909959856.2500349283 122910.6775437162
921061055.9874057770 130359.9076979160
898884152.9212892056 106367.0926844087
898785615.4495882988 106112.9783903566
931063922.8343551159 135666.2047061920
903081848.6580795050 115402.2460241061
908161212.9475083351 121393.8019264239
910149378.9738620520 123090.3924933241
907960917.6987739801 121094.8149833056
936558621.8718674183 137610.3710212708
910149378.9738615751 123085.7343817518
910628525.1650420427 123574.4928456114
903963123.5738259554 116593.1685273391
898311016.7076760530 104650.1562792268
918110730.5473635197 128697.6815945900
907867481.5536040068 120905.9095650213
910348015.6329843998 123171.3122443647
910436079.7837822437 123376.4544782133
909386208.9651080370 122513.2868818390
927642880.5110019445 133954.2525129318
903446399.8904218674 115724.6326186400
929963656.4078980684 135193.5454082489
903735486.8265496492 116279.8984682303
903536001.8600155115 116218.1490270835
898640293.7078224421 105534.9396493342
908620248.1530181170 121540.4573040437
924855129.4192700386 132538.6748790741
924149822.2857049704 132146.8180910349
910149378.9738616943 123085.9458685682
898497939.2646884918 105504.6252953020
903455148.2497668266 115931.7204372470
905384606.5260561705 118273.4580612304
930121595.9599645138 135239.6258659363
930122640.8227548599 135361.4747180939
903429790.5824960470 115645.5230567199
942529491.7279440165 138706.2646961212
905438174.6688444614 118333.3824915412
931596942.2562983036 135940.4587039948
916608260.9517773390 127644.9021950758
942151145.6787458658 138692.4339160919
929797054.9810924530 135078.7452831268
930374742.7901878357 135384.3462657928
929924132.0466814041 135114.1281604767
938813219.6230258942 138196.1447811127
904207860.0961325169 117016.7152440291
955749312.5790630579 139434.5280761719
913457080.5101952553 125672.1725512247
927740495.6010717154 133994.2114794850
911456356.2846635580 124106.9386286031
936558621.8718674183 137610.2402229309
911616875.3100503683 124144.3147488336
909969008.9375474453 122943.7956242065
911731176.1043434143 124278.6959962637
938421060.6844806671 137941.5116405487
938459951.4090138674 137966.8109188080
956380973.2817593813 139504.7273941040
909757082.0876773596 122695.0713574986
910366767.0512146950 123261.2636579971
909708315.0525622368 122575.3322446446
909602204.7610701323 122542.1221845250
930681290.7379400730 135548.8066196442
924703020.0062752962 132505.1512130201
924282492.7970240116 132319.2285852432
955664208.6946953535 139388.3847961426
950814499.4838800430 139356.9317512512
956108189.9368382692 139458.0481033325
902989108.4124871492 115236.4080967870
922536734.4141993523 131397.9228794379
925034404.0671029091 132707.8412208557
938644722.3706636429 138138.4932460785
901460260.1830152273 112642.2222027211
924606116.6505324841 132469.5019454956
936558621.8718675375 137628.0139045715
924594798.9644904137 132387.8429594040
924252816.8084325790 132299.5594730377
935575562.0787496567 137241.4163856506
919037748.6609220505 129169.7286968834
915565311.4648703337 126848.5536170702
919130858.1703615189 129211.0475286784
919317019.0330233574 129362.2123786903
914950377.1387356520 126491.7059738527
915281055.4763389826 126639.9699947725
919030726.8431000710 129115.0457592613
928610455.3315614462 134450.2606226802
928974892.7927235365 134644.7048117518
928123305.6175609827 134221.6923446655
929139167.0409984589 134800.8662592769
928859733.1902425289 134630.6571108699
949419560.4584789276 139082.0299739838
928123305.6175609827 134213.1293563843
925441501.3710193634 133000.7642869949
902580258.6381803751 114349.3613282974
934014401.6395272017 136645.1394443512
949342762.5733615160 139072.0888423920
949342762.5733616352 139074.6417598724
927852315.6237652302 134115.2251854241
912167992.3966401815 124554.0989144842
929724443.9448442459 135019.4001261592
919133546.6204161644 129213.6584873206
928235401.7728165388 134350.5647926629
929107800.5404894352 134775.2709566951
919578014.8380172253 129582.2171417875
912436779.1027615070 124948.1623730759
926842895.9433003664 133474.1216161251
925869322.8361594677 133045.4350239336
921853704.4174156189 130863.9024898214
930544573.5662465096 135453.3553905487
920074032.0174002647 129844.1192316902
917350195.1684672832 128136.3553824431
926713880.3253891468 133441.2822459340
913799427.2666555643 125815.1118064026
920211277.9491094351 129966.1841551466
922486020.9762834311 131234.2623521490
913799427.2666556835 125819.7290244202
917274686.2906332016 128119.0345082290
917206611.0197803974 128027.8231139190
917451364.4518318176 128242.9181876189
913799427.2666555643 125815.3495688538
913639692.9806947708 125730.2041101760
948769458.7000180483 139035.1544933319
947958036.9748814106 139015.3514518738
912593250.5749413967 125088.9329158465
913889281.2164721489 125976.0605899493
914913581.1390382051 126443.3241473440
920058277.4639449120 129752.9618450804
929585453.1144739389 134935.9941972196
926864565.7706438303 133682.4399430752
923573536.7139484882 131846.7631337941
926271004.0252678394 133291.3434104919
918198916.6114720106 128701.3345064434
914663545.0557034016 126291.4079235799
923048523.9212872982 131516.3549611866
923642842.1380473375 132007.7737233937
937398618.4900356531 137837.5313294828
929784608.0329070091 135026.9753255844
915314541.6592416763 126658.1100891835
926301924.9060118198 133301.4576041698
926345263.9174511433 133322.1777261198
926431184.0673159361 133396.7273454666
927555274.6941542625 133950.8340616226
915662154.7024160624 126884.9248149697
923233771.2406442165 131544.6052157283
923255495.5195435286 131561.9549776912
934137266.9132381678 136864.6503696442
937088184.9389039278 137705.6228818893
933187051.4910837412 136367.8258848190
927310107.3700373173 133882.7897348404
935752971.0480475426 137460.9947996140
937192487.5876115561 137779.1893844604
937192487.5876115561 137805.2556076050
936349891.3393583298 137536.9752759933
936307663.2356765270 137488.5383672714
938040357.0240334272 137924.8891677856
932435663.5083880424 136115.5031147003
934559481.2369232178 137029.0511112213
934409011.9450861216 136997.5454425812
934805873.3663212061 137143.5836086273
934398484.0475323200 136923.9820499420
934078578.7929148674 136722.0315036774
935560598.3407914639 137239.8472347260
935588029.3236440420 137248.5373363495
935143555.7379113436 137225.4472980499
932910474.3205184937 136306.5430507660
932423668.5834431648 136091.1907730103
932313758.3631985188 136076.0883045197
932144035.2075735331 136039.7334461212
941322743.7087695599 138568.9100418091
939268541.6536840200 138267.7850284576
939355586.0906797647 138366.4305839539
939587682.4209394455 138436.9284458160
937905930.6218043566 137893.8757114410
