325154340.8189514279 339688.9335021973
324301855.7098878026 336088.9666366577
315659138.9025156498 282128.7880664824
316018973.6613485813 285240.2270313262
315975314.9021704197 285096.6293750762
315750096.2662974596 284084.2026172637
318111707.9980459213 300103.4491674802
325848383.4296457171 342641.6505126953
318577200.5551239252 303009.8450624845
316758850.5060009956 290891.5035231016
316705978.7399564981 290715.1584239958
314487166.7611813545 267124.9029093608
316883677.1941227913 291841.5163099668
318746422.7769218683 304215.7334220409
326761631.7890283465 346309.7500000000
313966954.0841280222 256738.9305617437
326086017.7645930052 343583.9857788086
326988873.9538623691 347190.7796020508
325981670.4225711226 343405.5545043945
323360218.4280406237 332107.5656890869
326221372.8913979530 344502.2005004883
322109797.3899309039 325681.2524871826
315206828.8714938164 276021.4444094524
323466343.6742346287 332880.2516632080
323011938.0283030272 330634.3574371338
316320165.5311759710 287987.0774799346
327556633.0987010598 348018.9381103516
318517662.8575108051 302768.6929018400
327211311.9586938024 347483.0755615234
321048041.4435885549 319528.4785118103
325345917.0902427435 340701.2634582520
323232889.2602991462 331321.0619659424
329605099.0416555405 353075.0715332031
315644419.5916327834 279806.7930039149
317432081.9185059667 296010.8418245441
317289662.4227765799 295088.9442974089
316611245.2540196180 289608.4089186094
318941399.1869611144 305318.8419271752
318202468.2971534729 300553.2440783880
317785970.0838465691 298186.1456575519
325338627.0259198546 340688.7539367676
315212113.7836371064 277619.6787017584
322801057.7382538319 329972.5642547607
323652471.7979833484 333706.8153228760
323365280.3557078242 332477.3175201416
324015838.2983551621 334615.9093856812
329219301.1518777013 352366.1483154297
317546267.6150197983 297089.4996614582
318748721.5098261237 304251.8450399681
318627467.5637285709 303238.3887411400
321193156.3729959726 319986.2599334717
330087320.6342975497 354093.8406982422
315389321.0302224755 279432.4490402918
314346114.0830916762 265462.4422770366
327308999.9803849459 347572.9266357422
318095450.6774294972 299915.8987203881
317875180.6599445939 298473.0530493162
319188402.2672182918 306833.2288284302
318437027.5313483477 302267.8992006681
314743819.4390961528 269635.1832438335
314446668.8332637548 266357.3041182384
326835039.5145595670 346880.4958496094
319374645.0013827682 308146.3191604614
323755623.0868449807 334374.8641510010
327873477.2316891551 348397.8489990234
314324460.3945860267 265322.6591959819
329024947.2894096971 352344.5220336914
314905897.7103258371 275232.8409243450
319261341.4063439369 307476.3975524902
314616413.1100696325 269394.0310831890
314164314.9695186615 263193.3141032085
315056588.7116454840 275838.5719977245
318286629.1867675781 301493.8280957964
323512081.9495381713 332969.8632965088
316792048.9459176064 291131.9986097715
322770128.8209731579 329589.1242523193
329238500.7422599196 352658.5404663086
327020429.5867722034 347333.5826416016
331984212.6519838572 355178.9099121094
323813453.6012052298 334465.6070709229
320311692.7233805656 314358.5390672684
315376540.2184352875 278304.8126029596
327498802.5843409300 347928.4796142578
314595999.0149812698 268226.8822852001
323515920.6180180907 333278.2181549072
329337015.4107418060 352702.3724365234
317257799.0936312675 294337.9230016819
314405497.3342803717 265709.2300577983
327667447.9300968051 348187.3062744141
318164081.6160616875 300501.2643597161
317222506.6092610359 294103.0319409720
316237936.9210357070 286614.1195882540
314067451.1952178478 260652.1501813754
328072080.2327626944 349208.2052001953
316759984.7455769777 290909.4475271604
322441447.8811732531 327801.8832244873
317101873.8784644604 293667.6144754789
321444454.6891605258 322089.2744150162
314866839.7030308247 273412.0954657421
314233476.0866314173 264939.2040205821
316096336.6392168999 286067.5356647815
316923398.0988478065 292533.9386855825
317090620.0346856713 293399.3975422417
322669937.3996469378 329114.9169769287
314773670.4091167450 273304.2935248241
317935525.3892069459 299568.8490796438
317824635.2260520458 298397.5525548807
320334802.9877200723 314578.2643699646
328779248.4871053696 351366.4906616211
314159556.4437040091 260875.4692850932
314055585.4053502083 259431.2491160259
321046866.9134155512 318917.8907890320
319473908.3528156281 308977.7626419067
330246362.2601228952 354174.2078857422
325325610.4951848388 340570.0580444336
320225944.8840172887 314074.3895072937
318491309.4749813080 302335.4015596039
326313489.9069168568 344883.0890502930
324603766.8031131625 337228.9391098022
322623996.7770103216 329018.9511566162
322561355.2694267035 328875.9182586670
316426107.2890844941 288601.1045668027
319383283.2983315587 308248.2989807129
322434189.2781672478 327592.2058067322
322697906.4493919015 329304.5154266357
316600508.2531369328 289575.9564417154
315581792.6972609162 279767.1599078160
317705062.5389634967 297687.9471716038
317893564.5782488585 298788.0247290037
321217097.2922117710 320281.3980507851
326906830.2824275494 346967.9567260742
323072235.1624800563 330706.3137664795
321422932.3933925629 321999.4814462662
328169284.6240127683 349295.6242675781
314720965.2465397120 269566.9294043407
330305389.9727622867 354370.1314697266
323082661.6711121798 330940.5475616455
317427274.1938647032 295631.0221044919
326371320.4212770462 344973.5475463867
323275339.3482467532 332081.9735260010
322325402.0589585900 327091.9169158936
322935683.9825146198 330277.7165985107
321396857.1972016692 321942.1790170670
326611022.8901039362 346070.1935424805
322504907.2411251664 328390.1857757568
328334905.6052488685 349892.3170471191
330409984.2630978823 354518.8925170898
323411890.5282121301 332510.5706939697
323272935.5658813715 331847.4495391846
315926430.3331277370 284541.7903736811
324368297.9192286730 336625.8559303284
320322836.9844419360 314525.4072008133
318804557.6464254260 304551.7711586952
314394399.6683461666 265462.8384810314
326150768.9294208288 343858.2395629883
316631600.9575874805 290586.0803541294
325445399.2497838736 341473.3390502930
319518665.6015421152 309477.5777435303
319254982.8275700808 307391.1758942604
316358107.0466521978 288373.7968885801
325515029.8484818339 341629.5529785156
326515519.9936597347 345325.5042724609
317916690.7125976086 298792.6732885740
316254948.8449848294 287258.2476942441
325511553.8359806538 341595.6234741211
326167449.2933943868 343940.8449707031
324664105.3115523458 337499.5434913635
326913667.9722185135 346989.1424560547
316585917.3590988517 289285.9941236875
324309167.4257202148 336291.3457984924
321307034.3750308752 321102.1187143326
325459728.1100752950 341498.3585205078
328574608.0740756392 350988.9630432129
329672007.4012689590 353191.6024780273
326210166.0840433240 344027.7779541016
326572150.8385929465 345930.6665039062
323170491.1949405074 331057.1029930115
329779630.2824306488 353296.4074707031
320917205.2323399186 318365.7012748718
326491253.2763403654 345276.3521118164
317631666.9495419264 297225.7402635938
316160331.2816221714 286251.2998182676
315962376.2750948071 284650.7886704188
320870180.4406476617 318234.6664237976
316848806.8839926720 291214.1412756345
326147435.5963747501 343697.9166564941
326112438.7414177656 343588.7418212891
326987546.4763000607 347007.7086791992
316496280.9089103937 289136.2302381895
316260492.7524231672 287379.5250379941
317266085.7023858428 294481.3918554685
326147679.6552078128 343707.9389343262
314524832.2859025598 267198.6369543895
327717113.5452671647 348392.4105834961
327426562.9605631232 347888.8929443359
329132886.3937891722 352354.7257690430
316319113.9165103436 287381.5634506941
319604041.1821368933 310167.1884613037
319109645.5424814820 306540.4369416237
317084368.6161941290 293212.2349734530
317426388.3459157348 295191.8918465376
316191639.5566160679 286346.1625896916
318927763.6724773645 304723.2972667664
330028900.7571231723 353940.3304443359
320016081.3341018558 312864.3519806862
324094775.4140311480 335606.8845558167
319943954.5231292844 312528.7965607643
324070127.9098245502 335065.4837532043
334051543.7801433206 356364.4225463867
314770304.4701973200 269697.8474799022
325624807.4160037041 342297.6488647461
318261632.7404652834 301222.1811976656
326570220.9071434736 345777.8683471680
317035989.3828645349 292753.9874758944
332236313.7764487267 355260.2906494141
328661946.5810698271 351081.4484252930
328880702.0169610381 351431.0378417969
329869491.8111870885 353813.8421020508
319576635.5258786082 309703.0004560947
325898635.5098278522 343322.3732299805
322171679.8868600726 326633.5184869766
315286699.9560240507 277744.7597418651
328759941.0535674691 351117.0261230469
321496080.5639166832 322212.9800081253
328558617.5368736982 350429.7227172852
321887901.3271378279 324687.0647592545
319676692.0042605996 310263.8018534184
321595504.6431869864 323027.1443948746
328313025.7345302701 349811.7180786133
321933824.4781959653 324988.6749887466
318364996.5199576020 302103.0339037366
331652147.7459999919 354998.9174194336
333588251.4711695313 356064.6641235352
328950801.7152479887 351684.6492309570
324020003.0104413629 334832.3379554749
319023313.7222949862 305767.3252511024
324232381.3505786061 335729.1738929749
326467518.2674651146 345052.3974609375
321705938.6448343396 323774.4570932388
328438947.1513230205 350067.9979858398
329856216.1621363759 353362.9442749023
331887064.4278941751 355097.2109985352
325549570.4613133669 341787.1701049805
319840862.6853833199 311327.7015953064
327600584.4431211948 348027.9899902344
325614584.2288039327 342025.9348754883
321643286.0458655357 323414.4755411148
320975351.8463275433 318779.6692161560
319331422.9274882078 307727.7176475525
319905719.0005962849 311807.0912132263
321167313.5407102704 319610.8542594910
319000570.0318399668 305340.4481506348
319748639.5810638070 311026.3949851990
321627563.0605639219 323290.7608346939
324874238.9069268107 338529.4956359863
319923202.0210898519 312237.3139076233
325013792.0425080061 339062.8804321289
321791127.4062971473 324346.2232370377
320161443.7289887667 313842.1403007507
320067830.1443255544 313124.5702934265
325330212.5567930937 340618.8922119141
322029931.0944390297 325331.6306161880
320346658.8075128794 315483.2311820984
325306619.0528884530 340563.9444274902
325195414.7979704738 339986.6852416992
320501793.5662116408 316012.1593558788
324897797.0121302009 338656.8265075684
322381258.6164843440 327507.9978952408
320672646.3193607926 317093.4425964355
333686122.1918137074 356212.0768432617
320983284.9680382609 318870.1175880432
320254399.5674543381 314140.2838401794
332879589.1397825480 355501.2918090820
320111074.0229878426 313661.4554710388
318509738.1986665130 302385.1313469671
325167070.9447821975 339800.4595642090
320526999.3454771042 316591.1502075195
320775700.9446405768 317916.1595191956
321834396.3894301653 324407.4473581314
320429136.9410074949 315777.1152648926
322137749.2381310463 326191.6705636978
325104767.7553562522 339637.2795715332
325533598.5352076888 341644.9506835938
321983805.0834319592 325313.3810129166
320676126.2316722870 317373.6540870667
325156577.1288959384 339778.5422363281
333196122.4057449698 355793.8140258789
325098497.4155315161 339634.1685791016
320532191.5662874579 316599.8321876526
320621427.2911131382 317039.5738563538
328300874.1830472350 349420.6904296875
327907632.1313855052 348581.5173339844
332456145.0672433972 355278.1265258789
333405194.2788185477 356049.1754760742
332619749.2923071980 355371.6710815430
332722115.4309226274 355451.8688354492
332990011.7197618484 355643.3927612305
333205327.3863474131 355818.9961547852
332977384.0917552114 355625.3132934570
332653687.0358435512 355449.7098999023
