442995893.3691303730 81850.6279125214
443538430.3428455591 82127.5851459503
438859282.3849654794 79856.1750965118
435451602.7096896172 76774.7127165794
438272976.8713326454 79578.8722896576
441496714.5249957442 81307.4105091095
443429769.6627141237 82064.4450244904
436392973.5947230458 77918.3126997948
441088599.7591914535 81267.1888446808
439824958.9475695491 80558.6375064850
437465728.1822429895 79045.3644661903
444572836.9524289966 82308.2262458801
437886701.0503757596 79132.6130046844
434881116.9558437467 76150.5690889359
446288650.0507760644 82781.8603820801
447354327.7004564404 82784.8084716797
436739754.0500182509 78211.6766114235
436055492.0014211535 77854.9544005394
438957931.0559126139 79910.5487537384
442966509.7170383930 81811.9645786285
442966509.7170383930 81805.3139133453
440553202.8270284534 80871.8342075348
441834292.5740171671 81387.0343799591
440904283.5664446354 81162.6869945526
436605880.5583094358 78177.3777174950
437217924.1412655115 78616.4563279152
437240338.4973051548 78945.0711236000
439088860.5637953877 80120.0448398590
438109154.9638063312 79419.6093463898
435293718.2169079781 76515.9509034157
438038884.7374798059 79396.0601902008
438884431.8643221259 79872.6568584442
439964208.5212589502 80743.6885356903
442858544.2007675767 81756.9486408234
442966509.7170382738 81804.9971408844
436392973.5947230458 77910.7422652245
439608984.8602685928 80327.7437534332
436052071.7316564918 77494.0190672874
438612623.8006626964 79825.8183994293
445049337.6418790221 82499.4971542358
441826797.9344748855 81346.6308460236
442431771.3957135677 81562.3567066193
437005691.6055566669 78607.9136681557
444097095.8447334766 82303.0152778625
439692397.4978958368 80557.1691837311
446061894.1719792485 82635.4902000427
443538430.3428454995 82124.4261188507
439918631.8186586499 80610.8339939117
439612820.8065057397 80450.7703647614
440670089.8671255112 81125.3031787872
435293718.2169079781 76519.7751832008
435359400.8713766336 76549.0302605629
443993475.7389468551 82222.7448596954
442181199.3775635958 81475.4107456207
438112383.9290704131 79529.9388103485
435695624.1463552117 77263.3849673271
446253821.4764547944 82675.1746139526
434123608.7673759460 74054.8274745941
447839343.4693791270 82798.7704162598
439286016.3929777145 80124.7525730133
444808386.5650008321 82400.6216964722
436927537.4331865907 78439.8220872879
440670089.8671253324 81121.6739978790
437753639.5069937110 79106.7199196815
435866851.5533323884 77478.4055647850
434196851.9476359487 75623.9155488014
439305340.7096915841 80227.2755527496
442479278.6118429899 81591.1708774567
435090998.4425751567 76515.0862469673
439502258.9734407663 80322.5563449860
447427492.0145809054 82784.8125610352
443429769.6627141237 82060.5037708282
435505622.3926147819 76968.7005820274
435436459.0122457743 76599.4429678917
434196851.9476359487 75633.1817231178
434192839.2060686350 74059.5294704437
438541875.9521948695 79611.3649501801
445442863.0305216908 82531.7050533295
438957931.0559126735 79918.1191883087
437928171.3065339923 79349.8214821815
444599856.3608419895 82341.7329330444
443279046.7270562053 81953.9589328766
443382873.3631759882 81963.6983127594
434724763.9275299907 76007.6175384521
442657781.2628893852 81728.8415851593
442966509.7170383930 81808.3532810211
443733743.6732863188 82169.1675930023
445360333.1378029585 82502.5075607300
444056942.7777585983 82228.6565723419
434102852.6849999428 74046.4779300690
441279209.6803000569 81297.2470722198
436887244.7946408391 78402.6469826698
445008880.4562913179 82415.8399887085
434971837.3638957143 76180.0693941116
433956711.3489104509 73743.6117687225
442826858.1588327885 81752.9726505280
446036803.0386239886 82548.9006004333
443354461.2698384523 81959.1840610504
443382873.3631759286 81959.6312961578
