136704249.8629006743 1731437.2148437500
145116986.2424302995 1842915.2695312500
132467256.4566761404 1616865.7377929688
132426344.0235548615 1616572.7890625000
130638425.0363419205 1544457.3339843750
128034035.2654675990 1418622.5815429688
127104506.7353172600 1364179.2690429688
133489500.5194863677 1646448.2158203125
132147959.2471026629 1606809.6972656250
130897718.3125037700 1555429.7919921875
132511796.3113465756 1621572.6503906250
129963453.5188494027 1515325.6791992188
133032140.7367109358 1631233.3310546875
140179197.3130712211 1798347.9199218750
127361222.2228235155 1376876.9375000000
146148741.1501247287 1848624.1250000000
132152959.2066960484 1607706.3515625000
128361067.3732243329 1434801.7387695312
127644261.0400805324 1394020.2231445312
127504732.6944597960 1392029.3593750000
132169490.1865474135 1608024.8398437500
151656640.7068472505 1864519.1640625000
132130378.3933471292 1606760.0126953125
137250045.2681200206 1742498.6542968750
130892718.3529103696 1555064.0478515625
127374519.4860867858 1381334.3710937500
130786467.4868581295 1551614.7519531250
128507482.1338624805 1443479.1523437500
130791467.4464515299 1551980.4960937500
131886720.7323981673 1594788.5625000000
131974436.1547380835 1595528.8632812500
128267957.3522977680 1433358.5805664062
138155612.2381559014 1766754.1191406250
127908695.1024123430 1412592.2172851562
126967306.2677377015 1345428.1469726562
127463307.2782990932 1386380.4296875000
129942817.4138472378 1513572.8100585938
132391924.7704493701 1615339.3339843750
132481846.0735119730 1618416.0068359375
132801602.2039847374 1630137.5771484375
132575951.5523573458 1626328.2724609375
133256547.6809351444 1640751.5830078125
130712789.6714676470 1547381.6494140625
131693684.0096829236 1585032.7880859375
126885222.8269643635 1344323.7075195312
145910846.8415952623 1847514.2597656250
130691306.4853197485 1547029.2255859375
130610585.4159948230 1540966.2993164062
127589082.0370376408 1392733.3959960938
133360538.9614035040 1641877.6396484375
130985100.0638832301 1557360.3686523438
131046581.1175321490 1558942.7456054688
127827342.8250878900 1411430.5742187500
131687147.4779793769 1584074.9130859375
130600216.2523760796 1540545.4223632812
127773586.6689636707 1406212.1953125000
127763217.5053449869 1405791.3183593750
127497366.4607537389 1386854.6738281250
127267014.4100318700 1374683.2080078125
143744079.9595021009 1834785.3769531250
144588423.4400265515 1839268.8349609375
126963953.7723030299 1345098.6884765625
131099729.7821534872 1560844.1372070312
126899999.1970173419 1344736.7099609375
127349097.8508052081 1375787.6474609375
145732888.5215057135 1847160.1894531250
127672529.6553561091 1404769.0371093750
146473212.4347022772 1851552.4726562500
129475141.7631367445 1491755.0170898438
146707296.3947967589 1851935.1738281250
128601427.1351020932 1448976.5434570312
129674774.6044170409 1500283.1508789062
127048541.2620174736 1357146.5473632812
131240024.9348587394 1568782.0585937500
127174635.0304927528 1369092.7592773438
127081541.4314574450 1363177.3759765625
136889187.2776076496 1735292.8886718750
127226466.0713300556 1371048.5058593750
126982082.6377906799 1345841.1494140625
140405089.8609959781 1800267.5009765625
126982276.5806963742 1355534.4238281250
127822062.5113610476 1407031.9702148438
130181629.6558056474 1521833.6069335938
128821313.4810537696 1459643.2817382812
127089292.9325731248 1363497.0454101562
127824484.6822987795 1407452.8471679688
131172680.7473917902 1565452.2617187500
128095825.7146828771 1421314.9936523438
128251812.3890275806 1428955.0976562500
127983874.0005650967 1415660.9174804688
138367095.8398017287 1768028.2255859375
145197670.3706370294 1844462.9453125000
136062415.0063306391 1717984.7519531250
132331418.8822840005 1614909.8945312500
128497087.9963578582 1439297.5092773438
129760488.1058471352 1505925.6357421875
127826003.9024983346 1408409.3691406250
132050185.0805780143 1600258.4091796875
129272650.5135479122 1480932.0454101562
133760148.7768452168 1656741.0429687500
133898923.6625282317 1657865.8837890625
131419928.5339072794 1573444.1083984375
129840459.5365353227 1510064.0971679688
151788482.2876858711 1864850.0937500000
133789578.9556740671 1657093.4667968750
132871074.9012233168 1630528.2255859375
137684492.6011558175 1755881.6630859375
132250148.5552842766 1608243.2304687500
128416085.4941073358 1439278.7602539062
128079480.5318526030 1419298.2905273438
136549978.0611496568 1725664.9843750000
141640312.5567985475 1817023.0078125000
131695452.0930760950 1586422.0083007812
130767772.8813109398 1550209.6347656250
146783849.3584963083 1852424.9404296875
145455189.1064194441 1845682.0927734375
141624004.3379542232 1816835.4394531250
130200123.3906278759 1523369.4291992188
146024056.6037576497 1848453.2783203125
148206844.5017861426 1855633.1679687500
131443072.0824612826 1573884.9248046875
131386012.7828119397 1571675.7622070312
147119085.3216415048 1853485.0488281250
132300697.6509640813 1609680.4736328125
148256849.1245681047 1857342.0507812500
130554251.4435275346 1539493.6723632812
130335808.9212290645 1531130.5673828125
150672807.8390143812 1862047.8398437500
148295588.5775298476 1858164.6777343750
129836407.8264867365 1507424.9409179688
130531335.8189005554 1539490.5297851562
130268903.9075732231 1530546.6137695312
131612233.5599165261 1583487.1860351562
130267863.7394244522 1530105.7973632812
130530295.6507517993 1539049.7133789062
129992746.2882869542 1517178.1689453125
130016702.0810626894 1517622.1279296875
129993786.4564356953 1517618.9853515625
130020241.5284637511 1518877.5175781250
146180588.7371747196 1849163.8466796875
149154353.9283198416 1859447.3007812500
131500634.3818457127 1578871.0874023438
131820463.5508518219 1592936.5200195312
129499946.1697487235 1492307.8798828125
129360846.7506976873 1490542.2226562500
150780064.8899716437 1863569.6210937500
128146908.2774212807 1421440.7197265625
129574763.8514198512 1495374.9882812500
131449049.7133513838 1576212.8579101562
129588799.1795174479 1496146.5112304688
128874821.0416858345 1461537.7724609375
128961079.2852630168 1468756.3906250000
129392717.4098983705 1490956.7812500000
130042372.0784726590 1521049.6484375000
128618418.1439032257 1451483.9946289062
128316587.0165124685 1434123.8339843750
128772719.1303739399 1459100.6020507812
131714609.9797012061 1590266.8559570312
133084593.6462740600 1636153.6083984375
127643107.6497061998 1392866.4667968750
131597056.2303383052 1581853.9370117188
147035436.9545256793 1853153.4140625000
137399631.5731419027 1747461.3925781250
129020550.9488963038 1472275.0205078125
128852090.4268035740 1460621.0327148438
138546599.3644993305 1770491.2197265625
128573656.5643291622 1447109.0493164062
144085758.7544651031 1837601.0009765625
149271537.1119147539 1860457.9921875000
149396465.9901210368 1861307.8398437500
128526612.8868783563 1445746.8452148438
129262014.7916881293 1478282.7939453125
144156046.9713351727 1837658.1845703125
138334656.4002872705 1767157.1660156250
149270446.7804852426 1860024.2402343750
151357328.3787533641 1864078.8847656250
129111870.2800963521 1476693.4731445312
133480706.9607180059 1645854.2724609375
131496659.7912234664 1578099.3422851562
129203925.4989420623 1477965.9267578125
128684340.1704330593 1455972.7680664062
144182634.4599682093 1837831.4248046875
133445275.6220217198 1643152.6494140625
132972094.4512127787 1630567.8369140625
132111796.6625597775 1603115.8662109375
131981961.3788706660 1597769.9868164062
128924334.3130576462 1466033.7416992188
129309695.3010844141 1484515.5185546875
144784566.4277327955 1842288.9130859375
133655547.5754037201 1652140.2753906250
144043483.5674216151 1836789.4658203125
134667828.0581857562 1686355.8652343750
144999573.8400845230 1842291.2080078125
148851039.0666042268 1859073.5937500000
135190637.6303645670 1699425.9277343750
149158447.4461713135 1859852.1972656250
134366249.3899649084 1672153.3525390625
134177699.6882754862 1670209.2333984375
135024387.8467710912 1696845.4355468750
133965128.1055599451 1664315.0820312500
133865304.7900507301 1657465.1406250000
134831870.3965896666 1692090.6386718750
135227403.4509657919 1701919.0341796875
149324895.4881638288 1860742.6035156250
135008135.7606053054 1693909.5273437500
134762095.7812395096 1686744.5869140625
134391621.7112748027 1672673.7578125000
135504662.5673976541 1710257.1376953125
135815124.8869532645 1715694.6455078125
131347482.8702699393 1569802.1831054688
135354768.1546092629 1705129.1113281250
134316249.7432319522 1671670.3144531250
136238549.8091312945 1721967.4042968750
134455519.6394898295 1675588.8046875000
135870029.8606544137 1716247.3691406250
134101863.5554949790 1667584.6513671875
135987853.3876324296 1716777.8515625000
146805746.3155297935 1852488.8867187500
135735569.1056286097 1712825.0292968750
134482476.8251260817 1681159.2138671875
136330275.4113252759 1722535.7412109375
131702462.3793008178 1586760.5068359375
141382888.6124707162 1813083.5957031250
133951993.8640449792 1658452.7128906250
147133863.2244731784 1854225.4316406250
132026401.6731178313 1598699.6284179688
134599051.6108500361 1683419.7099609375
143037898.9755249321 1829299.9277343750
133204349.6532220840 1637481.0136718750
143440800.7992643118 1833709.5976562500
138819176.2935949564 1775881.0527343750
142914625.4362569153 1827657.2353515625
145952983.7189033329 1847974.9287109375
143324175.1834463775 1832244.9472656250
143224795.8687390983 1831520.7265625000
139218605.0860595405 1782415.4667968750
141295366.3135569692 1811010.4941406250
141221616.9284958541 1810935.1523437500
142189051.6418562531 1822996.3095703125
136669287.0307672918 1730183.4873046875
137672594.4182621241 1753404.0244140625
143637697.0098705590 1834002.3095703125
137763433.8667135239 1758089.6191406250
138023152.6226840913 1763970.8222656250
136594677.6391865015 1730145.9121093750
137961114.0170194209 1759445.0224609375
139194972.2560612559 1782357.2968750000
137565220.9491446614 1752442.7822265625
148166120.7036725879 1855365.1796875000
143715140.7015788853 1834171.6367187500
146312745.4582180083 1849840.3974609375
138993881.7739354372 1780551.3076171875
139388128.0228741467 1784468.2382812500
142118692.4402603507 1821167.2822265625
136926264.9912478924 1738132.9589843750
139551877.0870153904 1788667.3701171875
137330351.3452237844 1744836.3681640625
142709611.7461694181 1826770.3564453125
143790409.1985363662 1836774.5410156250
142105505.0181016028 1820957.1748046875
137146999.1842176020 1742071.3505859375
147882040.6699953675 1854909.1914062500
141609283.2899910510 1815972.0400390625
139946083.2336446345 1793845.0566406250
143106254.3816652894 1830014.4531250000
145169811.8167037666 1843165.7246093750
147859067.9689789414 1854339.5195312500
141797047.3804748058 1819026.9355468750
139731711.8415648639 1790649.2978515625
140830138.3673950732 1806713.1904296875
144404880.2225816846 1838361.1162109375
140134209.3639325202 1797798.9931640625
138859580.4267744422 1776433.7685546875
143199797.1160998046 1830247.4277343750
138451305.0489829481 1768201.4003906250
137286178.2058029175 1744645.7851562500
142840222.8540895581 1827385.4794921875
138900763.5915771723 1776955.3974609375
138623651.0022871792 1772641.4833984375
138930546.3144159317 1777258.3427734375
140431694.5587213635 1802639.8613281250
139832977.7328155637 1792941.3437500000
141902486.8350675404 1819781.7304687500
140066247.5546403825 1796155.2841796875
140482623.9284037948 1804576.7783203125
140834194.9933895469 1806880.3564453125
141150990.8293333352 1810627.4921875000
141906634.2183920443 1820842.9873046875
142400186.9431576431 1824944.2070312500
140410958.3296932876 1801149.2646484375
141434155.8439435363 1814564.8603515625
140421209.0006692410 1802084.2148437500
140940815.4296270907 1808587.0732421875
136765963.6275535226 1733610.7070312500
136759434.5693367422 1732147.2353515625
140079091.1601545811 1797526.0673828125
139452220.6268287301 1785888.9511718750
137099734.1152110100 1740333.0087890625
137129924.0878464282 1740921.3027343750
138480114.8131361902 1769291.9541015625
