196499600.3785096705 12703.5774250847
196468869.7730827928 12661.0760633569
196309319.0647930801 10413.1374989016
196368789.1634191573 11550.3035223435
220612476.9658836722 30465.2290305533
196321966.5001686513 10449.9698727594
196436311.4215401411 12286.5226504427
217428278.6084587872 29284.8714156151
197724964.0952697992 17313.6405056556
197408145.5375185609 17021.4735439856
196325547.2761686146 10810.5721524280
196359978.8529577851 11496.2060377549
196793561.8348333240 14792.8087553042
228196126.5458275080 32825.5727026463
196818301.9084616899 14826.0058124082
196428540.0736097097 12245.8097328793
197407968.0987451971 17013.2622193095
197278453.7485687137 16313.7714196981
196611926.8413706124 13744.7001883745
198481044.4402800202 18221.8333070419
197996000.7185096741 17618.7467286728
198217695.3238260746 17870.6929872177
197976240.2751667500 17607.4476961988
198240738.8267671466 17942.0770907301
196746850.9902910888 14500.7303613739
196514106.7329679430 13033.1488499295
196374492.8032632172 11819.6394617182
196383303.1137245297 11873.7369463068
197673821.6786024570 17235.9946932691
196390629.0883644819 11874.2949585568
196325300.6817745268 10486.3784175441
232662588.5588990152 35657.0022964478
233018057.0883739889 35726.3351058960
196676593.7806183398 14093.3180828154
196324060.7927352786 10480.7381991391
197654224.1250622571 17227.7832414705
235480085.3837659061 37286.7551879883
198313869.9883992374 17978.9006991285
210694534.4346154034 27384.7985375226
196307120.9410786629 10151.9786389337
197256139.9154420197 16307.3235761465
197895377.2850435674 17434.3350558180
197445609.3458817601 17062.8820528883
196312653.2463989556 10449.5460436863
197297728.9256356061 16641.8090892573
197110268.3710167110 16279.2153495987
196831025.6431964934 14834.2172642068
196704740.8724302948 14444.1908608633
196503611.3273503780 12897.5889929383
225863388.8564777374 32362.9438591599
225724444.0480387509 32051.6724209785
197391969.1935674846 16745.7261043329
196487269.6102050543 12668.0819191586
230394482.2042223513 34463.2926820368
196966279.6710079610 15565.1271531524
196401702.9508468807 11880.7428021084
223142455.1181637645 31566.4121039398
222861802.2929655910 31247.3821051605
222155398.6213729680 31014.0338837989
196708388.9089728892 14450.5769330221
196561415.7778356373 13379.6332576036
204634697.4019362330 22624.2860082330
196323263.3947034478 10466.9184873459
230142613.2740084529 34163.2957958132
196626223.7524295449 13751.0862605333
196337851.3313952088 10828.8003722163
208882260.9832608998 25716.1537769735
196645498.9294964969 14079.1239300924
227955206.8899953961 32750.3670828342
196603909.9193028510 13744.6384169817
235527110.0899507701 37401.0964660645
218013915.9149455130 29522.1685967445
196527313.8229150772 13039.5349220883
228543992.4428823590 33317.6415753961
213625481.7256579697 27824.0340596139
196359006.7841739655 11491.0428471247
197048468.0544074476 15945.1949791153
196731761.5182240605 14458.7883848208
227308789.7896453440 32667.1854701787
235921811.1134430170 37489.7917480469
196355672.6025680900 11454.6343023401
224591449.8866408169 32025.8794395030
196586681.3955812752 13707.2057845354
196344492.8338685334 11167.6094231615
196628270.4057749212 14041.6912976461
196876040.4148408473 15200.0602223815
196341158.6522626877 11131.2008783768
197205155.1392330527 16306.5182466049
208806175.8661644459 25238.5369461477
196958262.7489401698 15565.0653817595
196349968.9627240002 11185.2983629655
196458045.4402683377 12329.9370510289
196420523.1515419185 12245.7479614865
229912337.6975809932 34024.6151775271
196999851.7591337860 15899.5508948703
196757762.4693069756 14778.2112313467
196888815.7581268549 15200.0602224519
196979335.3610950410 15590.9940344044
196856735.8925172389 15193.6123789003
196905096.7235041559 15528.0978920110
197038500.2883122265 15899.5508949407
196578842.6525736153 13406.2890987108
235302559.4808493257 37274.3724212646
205834702.8918350637 23485.0693865985
230492604.3847524226 34546.0265274346
196405037.1324526668 11917.1513468930
204098444.6208528876 21940.2442333640
199871452.8430996835 18350.3099191734
196821013.5718432665 14828.6072195222
196462112.1617355347 12580.2334745972
196353303.1443298757 11221.7069077501
233594854.9117903113 36668.3750057220
221426781.5046102405 30564.4647624530
196838013.8371796012 15156.6498582917
212870123.0434665680 27690.0195496529
196662780.2247716188 14085.1066310167
209509436.7360376120 26802.4541466534
234760889.8378517032 37105.7258300781
234963327.5507793427 37142.1042480469
196453081.5030846000 12307.8542756687
216962734.8617982864 28920.2233620696
216618692.8456455767 28873.7753563933
196364482.9130294323 11508.7317869287
196367817.0946352780 11545.1403317134
222612177.7876737118 31033.1321738064
234989929.5874052644 37172.0354309082
215003462.7198458314 28554.1584665850
214611664.6459216475 28322.7022612169
227138960.4139070511 32665.1149771214
221541076.8366370499 30633.7431237586
196532244.0509157777 13039.7710846643
235241807.1082470417 37250.1201324463
235352495.0158045292 37280.2200775146
230723813.0494458675 34976.3151264191
202182710.7285908759 19712.8885182084
220532263.8443860114 30113.3718529679
231429981.1751889586 35133.7800683975
232163654.6004053056 35367.6878862381
235141317.1915699840 37173.7571563721
220204675.8412550986 30100.8413983062
196433686.1667115390 12258.7215370785
201498041.1501705945 19237.8619998039
201187438.7178646624 19004.8973239006
196683145.2229503989 14413.1443005758
196454136.9833836257 12312.8190216671
196547678.8210938275 13367.5725916474
234660197.4838883877 37035.7679901123
222009068.9391567111 30634.3406245746
222085022.6543244421 30696.2984837890
230529180.7658737302 34612.4716568291
201693214.7567164004 19428.8528302552
196506089.8109001517 13033.0870785366
196579435.3439795673 13659.5561434984
196536782.9731826484 13313.4751070588
196641556.2127567828 14078.6587874651
196635347.8526616395 14041.9279178637
196590331.1918906868 13713.6536280870
208652753.7865451276 24936.2623710334
207763919.8870281279 24836.8420178890
226633286.5459893048 32387.1865588441
216567996.6764344573 28668.7575170994
206825256.2934586406 23980.8242321908
233214658.3670265973 35920.4662551880
206835206.8046639264 24024.6095002861
229348564.8354024291 33637.9922501445
229195059.1813078523 33630.9689652324
205014194.5984188914 23170.6726621360
205370401.0689963996 23440.6758588523
222337969.2603843212 31025.4586076140
202695768.2618606985 21131.0976809205
202416689.2799091637 20772.1498433591
202221928.3903144598 20442.9919263364
226673930.3541759849 32521.4893093550
219347877.7160588503 29686.5668411180
202113385.3339702785 19656.4789873827
200227436.3671582341 18385.0829888480
200465817.5886651874 18639.9743790213
200357686.2786586881 18494.1915735817
202069984.7704964876 19516.0180679396
