570269457.5616838932 1411.8662362144
569887244.3815010786 1330.8543493870
570080815.0358753204 1401.9849146906
569999887.2582050562 1395.5155444305
600325313.1955896616 2856.9032223791
570031402.9585014582 1396.3770971532
569918003.9951347113 1372.1804595153
682057628.9204877615 5427.1834151745
570425008.0769894123 1429.4029447201
570216444.6902418137 1409.9513095978
569905969.5861680508 1331.0918984573
569954045.7698326111 1378.2764135500
681638359.4968838692 5409.2713216543
681191978.1562466621 5379.5871695280
681614931.2919594049 5398.3700035810
569977638.7178893089 1380.0720713750
570198876.0090701580 1407.8847767260
570706788.4607367516 1432.4096766791
570340891.4757908583 1413.9102937648
570185858.7057021856 1407.0165976103
570181659.5244606733 1406.8180061322
598178078.5506219864 2678.9898935311
570450875.2277984619 1430.2196758018
604662527.1601246595 3032.2296042420
601913912.9262305498 2924.9998814329
602837309.5312837362 2925.8798248116
588385684.7799568176 2346.7568900419
587931757.3675856590 2323.3834292723
596718281.0928641558 2609.9334454149
570391145.7940137386 1414.4052438085
593086707.5124802589 2489.2978722945
584652753.5183230639 2160.8330481623
584214602.8289875984 2137.2750959960
680999098.4038068056 5353.5830665827
591873555.2007459402 2450.3231307716
592042358.5438238382 2451.4825011939
680844956.9853608608 5345.9624940157
680411319.6284896135 5299.7921255827
680798637.8187184334 5317.7560280561
676046111.9270373583 5182.0807017535
676158652.0484702587 5183.4503092021
571194479.4956551790 1434.5259158335
571654724.5232422352 1446.0458707783
571170922.0739487410 1434.5258914493
591342239.9633283615 2393.9566805468
571274923.4072312117 1442.0429342942
571434503.4766612053 1443.7362880859
571239104.8904875517 1440.4515082793
605916237.2011249065 3099.4846733502
656835857.5143042803 4555.0861820772
662120292.6444654465 4670.3016146500
572265979.8297803402 1446.0691516419
675661146.5869473219 4992.5900447319
572746177.9053094387 1493.8497622868
572530695.9952806234 1471.2751925721
573105730.4667785168 1509.2884539726
572467495.3673162460 1469.9083947971
572422874.1885628700 1462.4642813935
573018817.2477923632 1503.1380148802
573278300.5668878555 1512.1537976992
572585669.5283259153 1488.7287393343
572866521.7077460289 1495.4917176470
600236213.1201066971 2843.8342559789
599623923.6876025200 2822.7584266742
573532216.6650131941 1517.9527906548
606108109.6989866495 3116.4993007141
665606976.8252819777 4773.7340755847
665306375.7622503042 4770.3923917201
605151340.6695225239 3034.2331428733
610094605.7033828497 3320.3154034349
574334469.9689332247 1545.0371722244
574901231.6643921137 1552.1055949251
608255055.3096933365 3235.1868939678
575552001.4471496344 1552.8469288949
575846579.4171271324 1573.1263178681
575792679.8729085922 1563.6872954137
575826384.5045715570 1569.1591508045
575772715.3636335135 1554.8659581410
575893685.3636056185 1575.0009486106
600670609.7614306211 2882.7572549518
575845221.4138990641 1571.2238721150
576010969.4733123779 1601.5094664825
576053551.7868505716 1614.4344086481
576354025.6450569630 1622.8713291692
598389506.8264364004 2725.3273532782
576710966.8623116016 1640.0406460237
576585132.6291277409 1627.7169069955
576782056.4488241673 1640.2561935314
576684400.7426214218 1632.3690130980
576865982.6104421616 1664.1676387453
577021786.3978257179 1691.6642650627
576822448.0623710155 1662.5110445135
576887398.3823733330 1688.6780486667
576793057.0172069073 1643.3354807674
577247116.2405782938 1716.2949849051
576865982.6104424000 1664.1693973207
577062687.8824638128 1693.6154853703
577074056.7550891638 1714.5230279953
606290994.7399256229 3207.0739141454
670305498.3636810780 4862.7838783860
579092780.4255952835 1732.3490529126
579540915.4920973778 1763.0623342209
579856751.1391395330 1812.3896645906
579544457.6305336952 1768.5664726034
579639587.9858686924 1798.2833533041
579926547.2782361507 1830.8358645744
580005331.4864988327 1836.7329691291
579851725.7772754431 1810.5956675771
579851725.7772760391 1810.7688901189
580334272.4783215523 1860.7271352919
579860945.3886810541 1828.3099414023
580272815.8170166016 1837.3220919007
581877773.1630220413 1867.3687203880
582355286.5720489025 1872.7393549869
583160253.4007116556 1890.8715909875
583239407.1614668369 1894.4923844493
584026765.9611307383 1927.7400667990
583858214.8957148790 1922.5286691011
583851585.3699692488 1922.0189321084
584056543.7363065481 1941.6326002856
587737590.8612151146 2175.4092591829
587716110.0981194973 2166.6667210665
587772576.4287221432 2180.5291397944
587662410.1758356094 2163.1420567907
587844620.2477028370 2199.3058376894
674020800.3994568586 4903.3331860602
673634592.5340844393 4868.1584160626
673267432.2572617531 4865.1440537274
590342253.5062448978 2349.6683128932
591101996.9531469345 2364.4669664944
590997788.1699973345 2351.4261781462
592697929.8857891560 2454.4157648741
593025186.6647559404 2462.0118007495
593357748.3548789024 2490.0920581866
594063317.3462548256 2509.8231875428
593850996.7196439505 2498.7278791244
594389379.1032460928 2521.5971895480
594889842.6113630533 2529.0207619878
594760959.4036146402 2525.7108014417
595330208.9193748236 2547.2777213356
595526834.6489317417 2555.1417996016
595779566.2611669302 2565.5462831989
595659808.2392445803 2562.6808827873
596264566.2307201624 2585.6545296604
596665367.9525458813 2591.9728535399
596524284.0213100910 2590.5033995383
597826185.9775154591 2641.0181203421
597730275.6845360994 2632.8802050330
597850394.1300274134 2649.3271131436
597968059.8044556379 2662.5196120455
597968059.8044559956 2662.5327031328
597968059.8044559956 2662.8387705996
597968059.8044559956 2663.2461735918
603642420.6305805445 2947.2007678840
603642420.6305810213 2947.2475131247
603642420.6305810213 2947.5370401237
604227800.9052848816 2997.9478259596
603487170.1730698347 2937.8608884967
603736274.3012088537 2964.4820261232
603468578.6991758347 2926.5022572211
604430607.5813108683 3018.5867923726
604032143.0887986422 2987.9353340212
604610347.2125023603 3024.5159156576
605260748.3568328619 3051.2726643513
609867435.5714234114 3246.4718502514
610770173.6548202038 3325.4857911968
610995268.0841293335 3375.9154263342
610808118.8707020283 3350.6957433128
610808118.8707020283 3350.6850621605
611284346.4749103785 3388.8500217104
610808118.8707019091 3350.6726701164
612569289.5756216049 3408.8571945632
612537146.8010004759 3393.3095265532
612537146.8009999990 3393.2914134169
612733612.7723630667 3422.8424355888
612933766.3738707304 3439.9023013616
613033980.5210427046 3446.6107135916
613867368.6746962070 3471.3444368406
615620053.7369362116 3494.7427222223
615056041.6242053509 3485.4600457872
615302882.8550156355 3490.0542120724
617429969.3893229961 3597.4543623380
616119329.0269834995 3518.9054521317
616930942.7619520426 3561.2429026823
616216084.1027265787 3552.4404195847
615788738.5654221773 3516.8226359488
616201415.3577253819 3521.0982069070
616186217.5570541620 3520.8645659680
616186217.5570544004 3520.8709374661
616186217.5570546389 3520.9375144238
617482347.9599212408 3598.1141579799
617578939.5758576393 3613.2184608599
619478631.7534412146 3746.6218883127
619330017.2107222080 3746.5961111226
619129465.8236799240 3723.2724932484
618064235.8572835922 3689.1599829892
618055166.4336348772 3674.6803301076
618552770.5547069311 3702.2638929287
618174385.4949188232 3699.5128691649
617927750.0772004128 3654.9099812094
622371469.4865127802 3778.6164999419
621974613.0556625128 3758.4387607468
622323806.6156445742 3762.7126335991
622819534.1635130644 3796.2028664244
622359101.2760432959 3769.3323099208
622193202.1463217735 3758.9986512256
622332349.6597905159 3766.7146207881
624174724.4886844158 3812.6432986094
624411304.4340901375 3816.7799183002
624461172.8013718128 3824.6831374338
624737001.7297658920 3830.2371506244
627726110.0032548904 3926.6606193428
628050219.7851303816 3937.1076261644
625291612.3079905510 3864.3496238647
624972274.7803528309 3848.2580819374
625963279.9309706688 3892.2360651201
625641904.2567677498 3888.0242939053
626203919.3830698729 3896.8742025552
626203919.3830702305 3896.8976953683
626897560.8451696634 3901.6911343319
628454831.6476186514 3954.1462984924
628318520.8371880054 3941.9862751050
628718432.2406871319 3975.5162216668
640899731.3380347490 4232.0297772866
626795505.5034641027 3898.6440004092
627006479.8505414724 3914.9794932399
629075604.8270281553 3985.3241717468
631055202.0704559088 4039.1500487477
630598419.5995866060 4003.5824966282
629137702.1293444633 3989.2830855499
630863237.8787269592 4012.0230088085
630843757.9351255894 4006.0476815552
631008324.9898153543 4012.7361991554
632164863.1341979504 4046.8255769163
631839911.7588968277 4043.7596135885
632347057.7917183638 4064.5326712281
632650477.3100290298 4095.1524304897
632516629.1222574711 4066.5550336987
632849560.1221870184 4106.9515447170
633044315.5194225311 4120.0385871381
633240255.5396791697 4149.3177909851
633044315.5194221735 4119.7125602216
635080486.6304446459 4165.6421207488
634805679.1466677189 4154.2643538117
635290124.9609856606 4194.1688872278
637753400.2701973915 4195.4236409378
642032374.8327344656 4232.9921040395
642143114.1142047644 4239.6968445638
643346343.6176575422 4264.6586142257
642396881.9310719967 4240.8969067943
643922594.1392439604 4328.3973071128
643263879.7296874523 4246.7575122118
643876281.7419084311 4314.6284517050
643767853.4062495232 4286.9982618093
644631185.4575697184 4329.7035908699
646335356.8533293009 4376.9667544365
645972963.3427644968 4358.9757168293
646150225.0565409660 4364.8179144859
646830019.0727366209 4401.2807154655
647011213.7943857908 4407.5206721425
648206312.8571754694 4470.3673771024
646150225.0565404892 4364.7685008049
646188791.9936261177 4376.9389176369
647011213.7943857908 4407.8820317388
647011213.7943851948 4407.4640429616
647940799.7481690645 4445.3962807655
648704294.8245341778 4474.2528575659
648932804.5421919823 4474.8090512753
647294947.8400007486 4422.9369013906
655677159.0646635294 4508.3318810463
655601619.7353085279 4507.8825854659
655376836.9715381861 4499.3383026123
655313900.8194063902 4489.2996015549
655313900.8194068670 4489.3785562515
655884813.1287381649 4531.2440690994
655753400.6892937422 4511.8286745548
657179263.8437155485 4560.1177253723
657480867.8275727034 4571.9540610313
657831617.8866052628 4593.2238662243
661882120.6391931772 4612.5878719687
661807800.5867581367 4599.9425672889
