163884757.4170636535 5401.8868262343
163860385.1300034225 5329.9939715350
163852911.1201620102 5326.9313424782
181814394.6529145241 9958.4304330349
163972849.4496354759 5601.9156412806
163765162.6224151254 4905.4391971746
164483640.0175138712 6049.5836969698
163959710.0920206308 5598.4385218944
163821381.0966165066 5222.3166491473
191976871.8564475477 12035.6609499454
163809957.4825102389 5218.7864978397
163767450.7554597855 4912.6386970431
163885408.5784837902 5401.8956763320
163799373.2359662950 5208.8699577026
163791060.4056424201 5111.7741261020
182315295.6125966012 10025.8142755032
193291567.2384862006 12391.8803329468
193003620.4172160327 12376.6396789551
163983061.1868119836 5611.5998441959
185963274.7415282428 10788.4278878402
163822538.3249922991 5324.6406081105
189431578.4828291535 11506.2330791056
192090159.6445990205 12087.6122057438
163788585.0131868124 5110.9621919350
163761298.2419765592 4818.8644865006
164407416.1972603500 6029.0469538057
164541943.2935930490 6059.9590677725
190775531.5256501138 11786.9571266174
164504382.3754808307 6050.2495600069
163932870.3217226267 5519.3563837732
164324761.7805590034 5927.8877343026
189938376.8080563247 11568.8300499596
164450579.9641002715 6047.7485761748
163777385.1226957142 5012.6186716604
164076448.1959737241 5719.2558278169
164491454.5418815911 6050.0734710479
163760839.6027933359 4818.7790220231
163763944.0152720809 4819.1476591080
164191469.4380250871 5829.8052088106
163760234.6294018626 4817.7046655634
192971946.0365685225 12373.0460510254
190084260.7332423031 11570.9385003820
190373127.0154137611 11676.9520234838
192379240.4084723294 12283.6567325592
163785697.9530196190 5109.7146177019
163786156.5922026634 5109.7999677385
163928346.1687084436 5516.3220826583
163777843.7618787885 5012.7041361379
163773475.4527389109 5002.5351432162
164358523.3720926344 5940.0156351412
163784206.2809519172 5100.5265354859
163773934.0919220746 5002.6204932528
185926796.4305922985 10133.6337368259
164346172.2022040486 5939.5607211078
163765621.2615981996 4905.5246616522
192615555.0185136199 12370.0616607666
164016617.5805932283 5635.6403649406
163771983.7806713283 4993.3470610002
165732813.2005690038 6134.0299865630
163766597.1484749615 4905.5270649114
163792519.1112757921 5197.6223670866
164096551.6184929609 5806.8310255024
186365083.7885874212 10828.2047967147
186384884.4234271944 10836.9994515609
164073498.3391463757 5719.2274998750
163780296.6109952033 5090.4428926008
188665680.6408464313 11011.8155878484
163780272.1828629971 5013.8663603344
192615280.0625972152 12327.1564598083
188296596.9464854300 10944.5883404740
191180501.6501368284 11842.5638546776
163776362.5129062235 5003.7827174493
163769999.9938330948 4915.9603181013
182192881.1358363330 10020.9594399929
193172102.6185532808 12385.0896377563
188368430.9767844081 10989.6102156410
163769541.3546499312 4915.8749680646
163764131.3227235973 4903.8978273490
164391870.5527980924 5941.2490881235
164449053.4885936379 6036.1964289034
189146478.8200721145 11219.8780935786
165670268.8973039389 6133.9352823580
163755911.6097801328 4731.0444904119
163757228.7236137390 4731.3388629705
163754124.9070716798 4730.9566226751
193126302.2805119753 12381.8135261536
163763980.1642195880 4819.1612623185
164345384.0144778192 5936.5344263995
164352858.0243193507 5939.6783924314
182454898.7514818311 10036.9471361637
164355573.5152652860 5939.9873071993
163759855.0965339541 4731.4368930608
164044085.5729582012 5715.7727126904
164185451.4428023398 5828.6340437041
164148834.2222726047 5812.0881871308
163942801.2160275280 5527.2509007112
164335800.4993682504 5935.2829624989
189264725.6915543377 11411.8751074453
163922680.8209351003 5515.9849009837
163995780.5335335433 5621.4391174146
191318260.6665010750 11929.8910713196
164051559.5827997327 5718.9154885368
164416939.0819662809 6031.5957296745
190287786.2590180933 11655.3973655701
186733318.5360157192 10865.2835268211
188879365.7796928287 11154.4743865409
188962515.9883498549 11212.4650538840
163762663.0503859818 4818.8668897599
185960010.3803912103 10140.0402378567
190667907.5993455946 11777.3702497482
189316843.5012487769 11419.0486880919
164006428.0798057318 5632.2688821511
187206480.2066685259 10920.6336220931
164402363.6907287538 5957.7271816985
164037290.1515856981 5705.5915034162
164211002.5386898518 5838.3657032956
164053646.8516786695 5718.9399865226
189330799.6658551991 11419.1788425004
164184205.5145977736 5827.8952673332
188798929.9083069265 11137.9020343655
191686339.6623546183 11962.9291040897
177479740.2347130179 9019.7469264523
164173793.8693546951 5827.0628269998
189359797.1389004588 11475.2335521281
163961534.6848415732 5601.8408503260
192221865.3843549192 12172.8026275635
180482071.4766524732 9700.8367288113
163967812.3239291310 5601.8637156214
164167851.3592590094 5826.6016398628
179497588.0498559475 9614.2192108221
182498021.2567662895 10086.6771523952
163769385.8083070517 4913.8016547778
190960996.9277524948 11792.2192807030
182980422.8852585852 10122.5506265163
188753846.0706706345 11017.8250051403
163988227.4186520875 5614.2285192863
163919507.2845044136 5508.0505518641
164162722.5321449041 5825.0408778746
163969899.5928080976 5601.8873133387
164050724.3326837420 5718.4263447610
163889742.8465839028 5426.1609034266
189248481.5693578124 11243.9066341221
163876553.6468527615 5399.9067448232
163940135.1548874974 5519.7313837732
163906879.1589545608 5438.1469229118
163916469.6534488797 5507.7702168081
163798698.8275816143 5208.7608039550
163955720.7810125351 5531.0273544574
163904163.6680085361 5437.8380081439
163907790.4446004629 5438.1469375873
163806883.9906920195 5211.9336243570
163902542.4298109114 5436.0439884448
163956834.9875696898 5531.2859298969
163805783.9158903658 5211.8256455362
163816368.1624343097 5221.7421856734
163898218.8100968599 5435.7436802173
163855251.5498616397 5327.8887607837
163894399.4559767246 5429.3366547526
166288377.0839610100 6314.1364797603
166039288.6602186561 6208.3382677312
166081752.0153730810 6223.3382577595
166153302.0661564767 6261.3714760611
166016686.4432544112 6137.1037821242
166035577.4997391403 6144.0702960852
166044884.0458315313 6214.8902102892
166097957.0283630192 6233.6518514746
166261384.5539675355 6284.1175403455
166300768.3859191835 6367.2438141753
166284767.2624507844 6306.7499840011
166568345.2022361159 6449.3426993457
166715690.3456374705 6473.9518496087
167062638.5542668998 6609.0098705160
166931206.9869084954 6525.3589581744
166976760.6955401599 6542.8157672035
166937063.4670424759 6541.9235333416
167045255.5911718905 6598.1075249849
166846629.1542952955 6514.6110709552
166984265.4747892022 6557.0513197122
167332400.9257435799 6697.2673291536
167099095.0892196298 6629.5362529243
167208422.4144255817 6665.7419143987
167030492.1503131688 6579.4995457006
167367868.6113649905 6715.2559893294
167196609.9649731815 6636.9462940855
167416762.4786281586 6718.7897740835
167081971.2854060829 6625.9611530376
167466568.5500240028 6832.1058906888
167732612.9878976643 6970.0673759897
167753633.5557734072 7028.3765311207
167503563.3038685024 6952.2559631880
167752674.8221054673 7017.7675339992
167481157.9833520353 6840.0744878117
167488363.2001062036 6917.7186678465
167628265.9737230241 6960.3561077540
167677699.4539683759 6964.9718065456
168066192.5283756852 7038.0180292696
168197322.9670476317 7071.0808287751
168447858.4229948521 7169.8283159644
168396994.3937824965 7077.6833135993
168414953.6091278493 7108.5861119649
168397452.6641905010 7102.6993729579
169413131.7070540488 7175.1449782702
169347548.1803548336 7175.0745378040
169718775.7234023511 7244.6762845784
169894438.7290312350 7269.2962115078
169462160.7699436545 7178.6554447689
169547856.9577289224 7185.0840417424
169611859.2170715630 7212.5204308301
169692105.3805999458 7215.4639745488
170196778.4565225840 7291.0027786491
170418609.9775636792 7301.0436906161
170499725.6558257937 7303.2448070704
170539802.6900019050 7316.5397288023
170545089.0745108128 7367.7123651970
170670357.8894196749 7384.3681128992
171116137.5174686909 7394.3464414984
171220002.8999460042 7423.1996334511
171436714.2387093008 7635.3992102313
171323671.2779536843 7624.9155252239
171154702.4741933346 7415.4925859830
171238968.7781991661 7441.1135922930
171497638.4180287719 7643.3158467159
171025071.0152545869 7384.4986100141
171294074.6508820057 7497.5082749247
171303282.0411401987 7524.7249733469
172082524.6943926811 7719.5626038250
171836896.9523734450 7713.9124325628
172057353.0394171178 7714.9832445667
172157364.1097429991 7739.7077965335
172505970.6266266406 7794.0195665852
172217302.0660143197 7765.5974650875
172310141.2305833399 7767.4611564175
172819696.5648303628 7868.8012937503
172564977.4233232439 7818.3556808429
172481849.0557844639 7772.3878792720
172706241.6169306040 7830.4096757779
172536472.6477197707 7799.7873230814
172614691.2617817521 7826.6830181398
173527427.1601274610 8191.8270370858
172998178.6211106479 8009.8315806286
172900810.0769010484 7883.7527873851
173171347.3321748674 8010.1287383176
173278729.4911319017 8044.2679690458
172972203.9608134329 7966.3856925108
173341218.3966419697 8077.1855052607
173487894.0661216080 8104.4017274277
173490198.8960053623 8118.7714760201
173882721.3251701891 8244.1727845566
173559284.9167280793 8202.1151687996
173606719.8507790565 8215.6159146922
173499828.6180098951 8125.7456161873
173975278.0631892681 8310.9122257121
174534748.6922588646 8513.0377221042
174487562.1896444261 8425.6379504138
173898639.0542122424 8283.6115420954
173504102.8410848677 8127.5115503701
173725079.7077404261 8236.1644402640
175105057.0778035522 8684.5268715620
174756464.3349955380 8566.9537049755
174859288.3564411402 8657.4391821846
174742783.1350133717 8547.6600247845
175448666.7204017639 8752.9438928887
175192461.9449236095 8695.5092729852
174461037.3508385718 8403.1338987239
174102171.7548794150 8338.3779023001
174407298.6214902699 8354.6765395291
175601892.2257493436 8782.1914713681
174453506.0517617464 8398.5634902613
174326308.1204929948 8353.1292436011
175516703.1437856257 8773.6258707345
175961834.7082619965 8811.8630016148
175736280.1019771695 8787.3681195080
176948538.4586133063 9003.6163926125
176057319.6897396743 8826.9231925309
175874050.1904434562 8810.7614643872
176788578.7538748384 9000.5882423446
176116670.7216949165 8964.6246262658
176097853.1713489294 8945.2257195581
177620750.5669143200 9131.0287769437
178109844.7014818788 9310.1176792979
177826009.5057880282 9190.2985637784
177991768.4358603358 9257.1357545257
178099133.0688707530 9258.8078660369
178113852.2955204248 9349.4217104316
178166392.0166650116 9431.7833183408
178859126.9119429886 9566.0775064826
180296887.0638324320 9660.5378326476
178709997.4509706795 9545.6609480977
178526909.6016882360 9510.1032032371
180264939.3947227001 9625.1305738688
180997439.7320929468 9779.9395145476
181301141.0374978185 9879.8673427701
181003416.3171407580 9796.4615142941
181164441.0374509990 9826.1972168088
181264220.9855280519 9833.7168968320
180595846.0550066531 9713.4571817517
180708434.6113840640 9760.5664651990
181393364.8602153361 9889.4982590675
180901912.0135894418 9778.1355102658
182128748.8465881348 9972.8091676831
