152382199.2825002968 453535.1082092673
160296236.2507682741 766085.2521854639
163871218.9430213571 822833.6627349854
180209681.6866315901 923471.5427246094
154023754.6428630352 587589.8682931811
160206214.5785439909 761893.6022831202
153596313.9833291769 564632.3989796340
152480477.4336402416 468418.9636984617
160466122.2022354007 770707.2949100733
156725924.2594290376 681255.8016953468
153453942.1523106694 556008.3939466774
154888576.3970624208 626228.9461258203
155466897.9565523267 648838.2705939561
155433990.0212994516 644379.2487484366
160221072.1762214303 764352.8710819483
152427626.9090648890 460698.4265509397
152304378.9029390216 431244.2312311083
163433491.1699375212 817314.0341949463
153524430.3886221945 558795.3504685313
152670580.8162929714 487189.0165019631
162082752.8711130619 787209.8952343464
152791907.0291472077 501971.3471942544
155489035.8793856800 648981.7334845811
152340623.3215709627 439149.9356721789
156408563.0897041857 678825.5966782570
153463813.4079964161 556777.0274014175
157524840.4412383735 701935.2493424416
157734872.1508542597 707738.6852555275
152905715.3809243441 516033.8601614386
160057980.8208175302 759778.5219271183
155220657.7148549259 639784.5032740384
153304016.3986195624 548062.2252163589
152358510.3937281072 445966.4591919333
156723098.4962309301 681075.4691623524
152460264.0505742133 462435.9160941392
154160926.4057249129 594450.5332311541
154418599.5829549134 604298.8707555681
160810608.2138759792 775385.4707483053
160533633.8399609923 770762.1533085108
157557726.0872369111 703033.4363236427
153644631.8020817637 566256.2064865977
152889404.1435182095 515236.6268625557
163588801.5157824159 820271.7434234619
156518207.6803652346 680589.5610337257
175460781.0737046003 891729.9928894043
160767705.6725368798 773954.6279178858
163623356.0678576231 820937.9486236572
161566703.9512615204 778335.0859906673
152365649.9747425616 446761.6548413187
153182055.3898443282 540304.6744351089
155165438.5916039944 636487.7974313647
152593453.7665383518 478878.6031679362
156360202.8404930830 674394.0683729649
163291880.1481747627 813037.4250640869
158850081.0640747249 729713.1702131629
152826802.6811777651 508213.8129663765
160180448.8576363623 761455.2800174952
152477018.5158029795 467510.9806144983
156229560.2364336550 672688.5473618507
156251698.1592669785 672832.0102524757
152329513.3015111387 438961.0339082628
152347400.3736682832 445777.5574280173
157620876.4388811290 703779.4553971291
159979964.0579356253 758440.4200927615
180246677.0766286850 925274.3979492188
153235645.4979254603 541759.8919262588
152368127.8207775652 446798.6684750468
152557776.2751123309 476993.7662528306
152379721.4364652634 453498.0945755392
154497272.1092831492 609885.1353830248
160763001.8477220535 773770.5155284405
153471815.0551300347 556967.6113653481
154120176.9865253270 591788.7024848610
154990861.6350417733 628731.6608902365
155007954.0394360125 629679.3308088183
157838111.1442342103 709190.3127517700
154995869.9233182371 628911.1436625272
155374740.9069088101 642743.6224809438
152815611.1205382943 507479.0760813057
172036289.8065493703 846081.7589263916
155193196.6173610985 636777.9896021634
155876045.2138671279 658727.3261376172
153177787.5389613807 539758.5554991066
159813928.8381059766 750292.8007837683
157765358.0450214446 709103.5434098244
159600733.4940564632 743561.6135408878
180552876.7196105123 926783.6357421875
157996686.1476950347 714902.4868607521
152682839.0736003220 491963.9745188057
160023987.5036530197 758626.6394230127
152356032.5476931036 445929.4455582052
152400448.8835745454 454519.2056225687
160305649.4737836421 766309.5068241358
163713786.0259018242 821895.9036407471
155892924.7550588548 663461.9446204454
155026275.3376794755 632283.4979446679
153041474.7095388472 530751.5487793833
154424495.0959946215 607305.3844274431
158141845.2187836170 718704.8295211196
157844464.9829311967 710579.7547745705
154076701.1967611611 589166.3684224039
163856888.2851385474 822270.7509307861
154564884.9423703253 611897.3759173751
155269571.2625094950 640971.4246543199
153113195.5130956173 534533.3408575356
152344922.5276332796 445740.5437942892
152867644.7433788180 510301.6507407874
152977516.2013949752 523791.4109426886
160396664.6282122731 767154.3285404444
154691249.7030195892 618362.1001861840
152802868.9306067526 502544.0999595374
156915633.9457822144 693801.0152955055
153855910.9693590999 579457.3284882456
156282756.0841062069 673058.1531133652
156290709.3376324773 673317.8342428207
152322265.9750961661 438060.7547508627
157925862.3292602599 714719.2879091650
152694030.6342397630 492698.7114038765
153057785.9469449520 531548.7820782661
152961204.9639888406 522994.1776438057
156622062.0693191588 680903.9026551247
162951231.8737823367 808075.6793899536
153204690.9193901718 540496.0349307358
175133154.5290123522 886656.4903259277
158105153.6896745861 718548.5378861427
152631119.3332027197 484877.3009794056
180382962.7933600843 926668.4150390625
152580582.5847970843 478220.5110851377
162758827.0019766986 802782.2980117798
152646404.6579816639 486041.9215096086
158089840.0020438731 717903.9560256004
154095856.5735858977 589901.1053074747
156915262.3297494650 686728.3428711891
155852967.2519614995 658391.0077962875
156162658.5006022453 670494.1874947548
158151814.8072748482 719261.6630158424
163379561.6991315782 813831.9647979736
160406331.0384000242 769791.9785921574
153094163.9139347672 533582.3597422689
154989869.2335457802 627635.5310439467
154967731.3107124865 627492.0681533217
160541947.4311044216 771069.9419896156
156744905.1000528634 686188.1452240944
154330440.7368486524 603312.3248280436
175070004.1773681343 885910.4712524414
163387916.1458174288 814881.6311187744
158932528.8021090925 732170.9452452064
156072131.6079653502 666257.8537359238
153381413.1034488082 550629.4314887226
153104072.4213716388 534155.1125075519
152813881.4510087073 506571.0929973423
153270968.0837861896 543168.2454838455
156485845.1136374772 679133.8699784279
153079189.2597507834 532839.5661994666
152924449.4169052839 517324.4646369666
153427454.1521900296 554725.5160472691
159778373.7434597313 748987.0302759558
152515592.4211845398 470193.4668753892
152952834.8453537822 522086.1945598423
153220032.4798468053 541452.5098028481
160608906.3458807170 772955.4490066785
152494864.9740752578 469172.3558283597
152374651.1746735275 452903.8621359617
152340515.5761704445 439044.8521641642
158703305.7801004052 726150.7604903579
153194474.3730528951 540493.2923841774
152747614.8863723874 499721.5253000557
152834345.1565192640 508769.6805568337
155135429.4139759839 634352.5417866707
154013992.8617162704 587587.1257466227
157360485.2738515437 695912.6094574928
153087637.4063017666 533574.1234388649
152881108.1621467769 514328.6437785923
154286796.1553775668 601250.8326085955
153356529.9418278635 549313.8851806372
163059768.2365241647 812042.8107452393
153033104.5909037888 529843.5656954199
152811566.6396166682 506561.9316013157
152676862.3696036935 490982.9703955948
152649465.4032326341 486167.9054549336
152735356.6290650666 494946.5672832131
154398654.9042415321 603767.5786589980
162244899.5309967399 797558.9427907800
154035187.0816295743 588321.8626316935
155839733.1135940850 658311.1737275124
154949101.9834323823 627320.9978122115
154926964.0605990589 627177.5349215865
156733660.4317773283 682066.0981447697
153719572.8686642051 571699.7777069956
152319202.6441849470 432027.5968902856
153877105.1892724335 580192.0653733164
157540086.0438753664 702850.8650040627
179551605.8969121277 918351.6551513672
159444504.4978840351 742725.6932289228
159127843.6322659552 737141.0473250747
180740519.8115088940 927397.0180664062
157302369.5938787460 695067.5645051003
154057325.0044628978 588465.3255223185
152977293.9369663596 523367.6376393437
158549664.5822470784 725692.1034774184
158870429.9389788806 731213.5527345538
161890236.8963108063 785684.2754020691
161655131.6657743156 782122.9909782410
154760838.5867058933 619625.2222136855
158949238.2713908255 736864.9616317153
158554207.3871831596 725775.6489180923
167137703.1120522022 825078.5034637451
153638512.7169156075 566190.6422460228
153482603.4982660413 557150.4481879175
159921551.6337062120 752807.6592148542
159641415.4636021852 744997.7020342350
160949756.8006449342 777922.3821566105
152416211.7722397149 455048.7200043201
152553827.5614802837 476385.0133130848
158520075.5671936274 724147.8207930923
154713000.6910240948 619130.2873324752
176680267.8781310618 905581.7644653320
159947850.8131942153 753247.6131333113
155991884.9860055745 665267.7647399306
152638661.8085442483 485433.1685698628
155667940.3194507957 655550.9943132699
155440922.5411527157 647793.4435320199
154114053.0554817617 591029.8436410725
152511342.6955631077 469830.4479111582
155305333.6006189883 641114.8875449449
152724165.0684255958 494211.8303981423
152795297.3133365512 502065.2860719413
157708065.5396136642 706434.0881347060
154176957.7428994179 594791.2613819987
153536451.3781608045 560360.4773257077
179764213.7146419287 922550.7880859375
153955373.9169064164 584441.4057791531
154153203.4676667750 594447.7906845957
155497220.4468804598 649487.0763840675
157711494.2813487649 707656.7941512465
154432097.1490814686 608262.3889449984
152392801.5406159163 453847.0978544056
152396118.9679813981 454251.4867054373
179367737.4268982112 917188.1533203125
179659422.0581913590 921791.3793945312
180008661.8139987588 922633.6162109375
179560130.0914784074 920759.4218750000
154380131.5787875354 603665.0952700973
175957867.9982442558 902032.6074829102
180074418.7851068676 922903.5991210938
179409790.7150735855 918147.7846679688
154527227.5520672500 611372.7365512252
152471042.2343113422 463299.6419622153
155643482.7740074396 653097.1820188910
155601960.9579321444 650860.3005523086
155606393.3706097007 650897.3141860366
153997660.6536438167 587179.5134323984
176809691.3150030673 912433.6654663086
154298288.8518619835 602192.0854252726
154250352.5747375190 596402.4793700576
157507710.3129951060 699309.7220879346
155077042.9858251512 634013.3997420669
153978445.0191013813 586235.5180691630
154666439.6334115565 617459.2861124426
155019847.0645344853 631019.8527497202
154254111.8196814954 596525.7372455001
174277155.8927561045 879876.9814376831
154863718.4599651694 625967.0710301399
153811738.8507555425 576667.8355176747
153900042.8035877645 580557.0653714091
154010657.1618058383 587565.0159500986
154687875.6060254276 618231.6300454140
153621433.7158556283 565508.2135609537
158763132.9905567765 729247.0121271610
173928865.3330373764 875908.6808853149
174131374.9066680670 876448.1808853149
175490157.8742600977 897454.2326965332
158746606.2533357143 726932.8097890615
176366857.3793935776 904759.7284545898
157499471.6254546046 699309.5424422622
158444535.0808538198 720515.6349843740
153761814.5259519517 573279.0203827769
157477325.8681803942 699276.5488701612
153919896.4183090925 581408.8176411539
158474919.5256686509 720548.8082021475
157469087.1806397736 699276.3692244887
154063499.2389439642 588708.9724263102
153906899.9101471305 581023.3151234537
154092306.7419210076 589479.9021191597
157650974.4331682920 704958.8071441054
175318950.3490283489 889586.0734176636
172479900.3964428008 854060.6114513874
174689259.9096251726 883372.9070949554
173854596.7559381723 872655.0426845551
170070364.7771884203 825314.8808746338
171415931.8392882645 840769.3533458710
171850687.9086779952 842616.3460216522
179055175.4414410591 916720.6274414062
172110542.0973329246 847446.1858654022
174412190.1062796712 880341.8850173950
172859885.1533843875 857111.3415330981
172996775.1657792330 861911.1725877856
155853886.9693136513 658625.9858191758
173053225.7638406754 863301.0834560394
173438358.0083864629 868271.6886806488
