389677252.8828276396 707070.8647990227
386169747.6908397079 669870.0187986605
377185407.7186813951 533969.4587170593
377852446.9794323444 557115.2219001139
376299074.2999929786 502764.7330341805
383195741.3934706450 637063.2187901847
376470858.4173133969 508805.6743680806
386631925.5782743692 675294.1422208548
380419931.9175063968 601714.7266751640
376955836.0079190135 533739.1655976288
393822797.1521874666 736354.8838739395
386612555.3161434531 674851.5350431204
375896027.3166757822 474815.4763611667
376396944.9676519632 505487.5010913722
382739789.8794860840 631481.3971152306
386612555.3161435127 674933.5577481985
376150258.5309148431 487406.0135010593
378047692.4919133782 563692.9115544641
391024075.8195288181 716192.4886088371
399770440.7730080485 774964.3363976479
385511610.4645481706 661926.9177030325
377478925.3275906444 552721.2202092493
379428084.5894768238 583407.1810819022
385799142.6697930098 666738.3986814730
388938844.1128245592 699289.9336695671
382442202.8735178113 629820.7455235831
390069517.3775608540 710308.4436564445
397146960.4286540151 760461.3670678139
376651196.4089698792 529904.7866946599
376145891.7223613262 485858.6927307956
385435250.9955590367 660645.7365506887
399648339.2465594411 773913.4124474525
383444466.7148908973 641122.2044922821
397035201.3690368533 760276.5955834389
387310876.7743659616 680951.4894880056
376947356.2758110166 530874.2679030467
377213325.8068107963 538405.1107924450
377731586.4182140827 555906.4277469059
385435250.9955590367 660684.3105252981
383335910.8185999393 638719.2509461753
376470858.4173135161 508987.0657922597
381895919.3542069793 620492.5632569306
386167424.2550679445 668920.1853116751
387330247.0364969373 681399.0864118338
382204007.2807005644 623192.4867726676
391206048.1788162589 717028.6244931221
383348714.0481345654 639362.3738038056
385553493.3586349487 662264.5376280062
396671458.4671891928 756847.0565819740
392698286.8750522137 729050.6893320084
387441603.3584386110 682035.3748639822
390276979.6748348475 712875.5095744133
398420006.6653332114 767324.1199045181
382961284.0266785026 635224.7030274384
382852361.4818164706 632753.0268179290
387508578.7366700768 682095.2642682791
384303977.5813386440 649512.1107875109
383303063.5284749866 638621.7478272431
375984731.0150085688 479063.0948914401
389629030.7928582430 706186.1326212883
400200579.5002797842 775448.1938195229
387242505.9566249847 679672.3702232838
389019199.8903992772 700369.7998805046
377426184.5014741421 542721.6523421276
377426184.5014740825 542721.1774886120
382421684.6506665945 628630.6954871528
390095878.2630921602 710636.6463160515
380156894.6527417302 597386.1295687696
377360160.2774763703 538915.8220503796
377282523.2790942192 538523.9620181462
391556489.8961767554 719972.3678097725
376342539.5811922550 504361.7028834195
391627665.8704498410 720446.5181818008
390829558.7729675770 715342.3821330070
399456627.4764748216 773593.2557091713
380087005.2656523585 597106.5986167304
388672751.0268398523 697991.7488551140
388883920.0356249213 698310.1300959587
390897294.3188682795 715659.8651652336
395433166.1685436964 747818.3044061661
383266430.4509396553 638373.9554286711
405496876.8177627921 787194.6794433594
387767152.7594550252 686945.9645173550
388524198.9058177471 694713.8876643181
389937952.5751874447 707722.3345179558
380235776.7115676999 598230.4055014960
389990938.6637385488 708885.9118189812
387731534.1004459858 684249.5996335745
385702706.3820162416 664752.7214658968
380576371.1730398536 604193.8361760490
376098049.8716464639 485822.4539307468
388924807.3437191844 699257.5237574577
390522492.1682786345 713298.2279582024
388949647.6354873776 699781.6394801140
379885015.7557231784 593441.5583945625
385942459.1399540901 667955.1716306917
379567708.2759857774 586557.5654478781
388983000.2768988013 699805.5132594109
389344728.2177670598 703506.2307887077
376060670.3750646114 485561.3208741061
392741204.2438867092 730312.6690607071
390729406.5947872400 714598.1461939812
393105046.1020585895 733540.0602960587
376483329.2005435228 516403.2896917788
379155375.6030501723 579248.4434767477
384393044.8029537201 650276.0079505444
386049506.3071651459 668805.0808103792
389130610.2842593789 700868.6952662468
389344728.2177668810 703472.7224879265
377966354.9666646123 559969.8200023044
379709256.2071394324 590472.2919150703
383589333.8895329833 642427.8917572498
392835791.8338922858 730775.3573007584
387389831.6264047027 681488.5401674025
388611753.0278704762 695369.9489588737
399456627.4764748216 773622.5120568275
389204856.2188454270 701577.9241480827
377464158.0690274239 546366.0950604221
392187180.6900409460 726454.5827875137
387146758.0235394835 678693.9937742464
395500607.6436255574 749791.2565546036
376052231.1739989519 485330.2798584811
379503877.4305761456 585663.1477404051
386408908.6135945916 672741.4681165926
392087694.4518482089 725019.2050714493
390665068.2218070626 714445.5991969109
379105892.8266775012 578978.4211378805
392096964.2929167747 725384.3019952774
383428265.6593315601 639451.5628658049
400459293.5142189264 775558.3817749023
392790697.0963990688 730462.2505731583
383770100.6572089195 644289.0017955927
396592991.9916575551 756341.9415535927
379199188.5044728518 582016.1871435046
379681877.9399498701 590315.4809285514
398985408.6941845417 771366.2108483315
377828029.9421670437 556252.5423890962
383664453.0243245959 643393.7716804259
386237340.0429399610 671186.1201170199
392355714.7850655913 727814.6588373184
379983598.7557224631 594591.3761540763
385645819.5198723674 662889.2023142092
377886692.4392536879 559951.6849230286
384545246.0708935857 651608.9700307362
388192601.4891247153 692058.6037843227
384048857.1135969162 646772.4885112047
387260940.2363614440 680736.6753629446
381522837.5009378195 616755.4667836539
399086306.1110734940 773109.3982872963
384548632.6438139677 652178.3017518036
398649922.6163068414 769877.3764877319
388949647.6354874969 699782.2473902702
379351202.7861732244 582885.3199560046
379909599.6019250154 593635.7170847766
379951991.9593073130 594490.2670115344
387685986.8871318698 683900.3016496897
378980500.6313700676 576539.3258567322
387532952.8082205653 683280.4630266428
390816530.1935426593 714762.3279566765
393859113.1251106858 739828.5772943497
403741829.3159182668 786979.2851562500
403741829.3159182668 786974.6813964844
378793477.8534621000 574744.8581622113
384120365.7660489678 648200.3707972765
388429674.8434073329 692251.6115870476
383202317.5876426101 637088.5429972522
384762724.9572448134 653978.1919337511
392941307.3837572932 732068.4872064590
385104384.7882292271 657913.4938628785
393859113.1251106262 739791.2904291153
392724024.2367246151 729943.0561456680
383806977.6468895078 645281.9606319182
386838518.9514206648 676588.4788658619
377863449.9566714168 559355.6141222473
388429674.8434073329 692290.1855616570
393840583.6155329347 739763.2940912247
386833267.2584778666 676353.2550134091
384277942.8290262222 648986.6459713094
385742868.8309431076 665750.5522093773
386519285.2394369245 673877.6211082935
386838518.9514205456 676549.9048912525
385346676.6436195374 659564.1384432428
387246632.0081088543 680029.6543969540
393888387.1508268118 739865.5726556778
391777067.6718783975 723367.1473045349
391937043.1344254017 724320.9490623474
379637510.9197287560 587455.0738186948
398432875.3230171204 768431.0139389038
398753130.8181447387 770376.4929428101
397202174.5737788081 761212.3420724869
388170572.9907403588 688680.4536175132
378399449.5964070559 567119.5256553162
378207439.3902820945 564852.5594077576
391476670.6079972982 718694.3787364960
386028096.9003750682 668018.4154051058
379617068.2360879183 586661.6320462339
379394449.6287289262 583155.3944974057
389427936.0937365890 703530.1045680046
384660510.0182471871 652749.9475050084
398389360.0996354818 767259.3584213257
405522503.9747398496 787793.1997070312
394096713.4692009687 740453.5012216568
393902231.3525164127 740111.3958749771
378500884.5811738968 570201.4010942448
378676928.6114674211 570986.6847306602
378500884.5811738372 570146.6540239323
380360861.1718208194 598823.1581046693
382683185.4210464358 630563.7735997550
381852728.4066908956 620391.4766942374
378500884.5811737180 570141.1137407292
378703985.2082349658 572661.1375454240
394613745.6249704361 742794.1925058365
378479373.4596961737 567832.2250688542
388025387.1678112149 688111.5115175359
404845026.7749505043 787193.6455078125
381752054.1306516528 620085.1871739738
394374308.8148532510 741658.8238534927
396185708.4562453032 754851.8760690689
391511107.5998727083 718943.5919427872
403128590.2444839478 785910.0364990234
380982982.3327380419 609501.1506034248
384728384.5158151388 653183.5005975179
384934124.7694374323 655844.1279168539
382586220.6940388083 630087.8572379462
382562406.2498908043 629888.2598058097
383154898.2394196987 635895.2197209708
382378518.6898272634 628019.2150565498
382115751.1239935756 622840.3663321845
382218623.9262797832 624584.4951163642
381615319.2342149019 617243.6361686103
382254485.7459762096 625030.3432303779
380926940.0746148229 607732.0844823234
385013717.7188079357 656644.7907433920
381417721.6078269482 615150.0867301337
384244069.5481762290 648729.9919678681
385301454.4555884600 658829.4580323212
384806825.8358900547 655368.6447998993
380752183.6383931041 605088.4925528876
380884058.1439180970 605510.8361808173
398104960.0585671663 766546.7850656509
381254786.6027132869 611837.9709540717
381961651.3091564775 620835.1093390100
392520329.5025013089 728685.6491632462
398104960.0585671663 766630.2464914322
380798734.5873831511 605419.5520011298
382310905.6770364046 626322.8947440498
380798734.5873829722 605414.3195792548
392867899.3761307001 730928.2713556290
397806866.7323144078 764253.4994821548
398357652.7937652469 767139.0902414322
397394229.8628737926 762442.2650461197
385263641.0042557120 658553.2528718822
397001732.3381260633 759993.4049997330
397001732.3381262422 760075.2865915298
397432133.1863207817 762737.1228342056
397272299.2956137657 762428.1178293228
397211366.5775483847 761453.6471872330
402307461.1459311247 783812.7395019531
404360700.9359626770 787140.5576171875
396674582.0948082805 758244.9618234634
396196586.8124706149 754947.8871469498
397256419.3919833899 762167.0780344009
395492717.7179136872 749102.1145968682
395863122.2134186625 752361.0140695572
396641848.4343113303 756556.2388644463
396403624.2004107237 755791.8619699478
396007246.8387404680 753547.1020822525
401091955.3624469042 779032.9567871094
394657562.0924426317 743620.4717416763
396819460.2577446699 759278.7247629166
395604535.3377529979 750932.6270151138
396417071.9897497296 755873.7435617447
395563456.2789390087 750904.9749155045
401593240.9838436842 781298.6225585938
394853743.1063783169 744869.1885385513
394964107.0268502831 746389.5684213638
395488232.7503942251 748789.1300058365
396539002.5570096374 755888.4127511978
402769600.9259170294 785241.2537841797
400532491.1989213228 776446.4171142578
400951495.0244404078 777070.7591552734
401384073.8965594769 780014.1225585938
401087800.1214339137 777241.7629394531
394825866.4792085886 743706.5989694595
401934761.6239528656 782412.4235839844
402474959.6699776649 785143.6451416016
395272613.0457747579 747310.1292428970
394473464.6850328445 742172.9853830338
400931358.8538452983 776813.7081146240
403670514.5695303679 786972.2644042969
400526733.8494138122 776077.5767669678
403670514.5695303082 786951.9716796875
401784120.5212972760 781673.5496826172
401824543.7733470201 781935.9237060547
403100667.8720806837 785836.7235107422
403093332.3659606576 785733.3729248047
403259892.2903238535 786037.0718994141
401510371.0060084462 780150.8824462891
402167936.9372254610 782864.1756591797
401173879.3380174041 779848.1442871094
