552769660.1722791195 381905.5669863266
552911967.1165122986 389318.7797931847
553123051.5955586433 399142.0435802978
552022722.1920645237 338604.8766346946
551850741.9153190851 334171.5192229887
552044958.2613990307 342751.2293769149
552658219.5170987844 377104.5745570776
554141809.2527208328 429309.2759184293
553939760.1079450846 422222.3530306038
554614559.2309495211 441363.9576754025
558265429.7853657007 501851.3348144046
558180531.5483978987 501535.2274608095
633252155.5161010027 829793.5215010161
564782249.9022780657 558808.3992470357
560140892.9140857458 526502.0164815298
551786011.6642282009 326764.5996582881
551804932.3675627708 330149.5169809004
551968422.0849246979 338576.1403413145
552150411.4791213274 347013.0677083759
552655626.4642467499 374880.2015853240
552604199.4899086952 373568.9478851673
552890694.3667861223 388966.6595499930
553217610.9908188581 401608.0110174832
553617155.8125927448 413036.5083336052
554228073.9376373291 432850.9562429837
554856517.3843615055 445824.2381855254
563420559.5389356613 553081.2773124209
551804932.3675628901 330255.8949105879
551936446.6832447052 338276.3263061186
551862228.5788267851 334278.3622896811
552025989.6442115307 342583.2357723741
552368069.3871127367 360909.7435867279
561487775.6957155466 536289.0885522146
557593719.7627991438 497729.0237792484
551784231.8693071604 323822.2587104216
551830420.4786186218 330921.9495765939
551829370.4229196310 330759.0779726170
552131442.8619339466 346845.0741038350
552293934.5933917761 356922.0120250015
553628478.0481287241 413041.8960546670
555334000.4885423183 456650.2222782527
562145730.7443283796 542623.6922540105
566304097.6150182486 571429.3227858244
561267466.4818545580 534870.0018961657
560571951.0206664801 527163.7649319581
551758574.0808730125 322885.4717941657
552512912.6812870502 369450.9888082859
552446924.5332180262 365071.5241793781
552628023.3799852133 374422.7145476653
552988777.1293842793 391163.0901949448
553239548.1182805300 401609.8146601147
557387102.1012668610 495332.3501220881
556960641.9911180735 491974.0282435794
556863861.7553670406 488852.7971431962
557019312.4955024719 492366.4769832841
556724299.8262162209 488691.3740474931
555377716.1047092676 457243.5488991593
552076149.9337228537 346553.2662899522
552293257.1380678415 354687.3864651113
551921782.2547397614 334661.3740232019
552198576.9135992527 350600.9311306505
552192046.3721379042 349371.8965847520
552580112.9695587158 373331.0236326572
560411245.5630929470 526770.4836819581
559985442.1739505529 522988.3366414419
552467486.5574648380 365279.1177145359
552800484.1370497942 384663.6858828110
553695375.0331496000 415594.9019244132
554044606.7915238142 425705.7412692676
552242206.6616491079 353341.9271023301
552478773.3991589546 365429.1272590277
552578484.2345569134 373010.3184220907
552876259.9759383202 386376.1383516830
558160758.3155072927 498753.1543685994
555905753.3670979738 470031.5524776787
554579080.6743649244 440148.2791017941
555740647.5697380304 466470.7437995127
552309406.9499205351 357221.9619267015
552414934.3396512270 364394.5737475543
552960914.0350168943 390469.7303478760
552971388.9822108746 390521.2708781180
557338290.8738960028 495064.7191298571
553509626.3663469553 409753.9769192110
555240482.4911427498 454493.1338247708
555220181.1620478630 453089.7645363663
552489620.5644212961 368515.2837454197
553329052.7467701435 404633.3556448636
567986332.2952430248 584601.2640132083
567486734.2832570076 580413.0410275086
552751189.6053467989 379382.4771740478
554733552.5002768040 443367.7740320615
554727296.1607464552 442297.7700318466
556871485.4733256102 489595.3687599381
598597285.5523151159 683105.6768913720
552232866.8314547539 352220.3567942767
552575002.2886896133 371269.4467173335
553733323.3415760994 416901.0687288460
554109423.1651700735 427461.4615375171
553311232.9536970854 404605.6123127160
553873081.4440937042 421023.3797640023
553433898.0402178764 408439.8073717770
562859106.4646619558 549742.8641065216
555999526.4072222710 471391.5675943703
561183725.3678818941 534451.9446907825
553750416.3575726748 417189.1847049412
552188564.4262709618 347631.0248799948
552344252.1055128574 358773.6672184258
552945937.0964570045 389649.3506777328
552956412.0436517000 390010.3487275061
553036147.3261938095 393952.3243449149
553395949.7317911386 407302.3707223353
553977928.1276724339 424506.7680026661
565083767.3376182318 561859.3927610515
552797630.5111808777 383337.7727702078
552984289.9987479448 390549.6783490595
561592379.0714055300 541287.7346292889
553855263.0411518812 420672.5729436050
558315936.1257042885 504104.0820117387
560857660.2761482000 531761.4528388473
556721735.1363809109 486067.8812322547
562626743.6453779936 547139.7130954718
560021608.6703584194 523572.6726872432
552481302.9325082302 366434.0720237284
552761664.5525411367 379434.0177042899
559360645.2538295984 518607.8907976261
659489030.4601074457 902169.7126007080
659589782.2341849804 902772.0967559814
574736645.9454796314 613742.9844203744
552708797.4426440001 378373.9247086463
566629276.2905846834 572508.9664296581
629757647.8047480583 812734.0173425495
659778723.6671012640 902849.3148956299
578037729.6910839081 626370.9681807476
552290222.2731683254 354240.6552794962
552956412.0436513424 389858.0682099280
562272209.5130381584 544321.2693241598
552551710.1718236208 370333.7416544673
552224650.7198985815 350681.3256656914
574672962.7104953527 612928.5641903881
563858255.9922158718 554098.8692234015
560836462.9793514013 529827.8356180879
574546095.0115270615 610304.1713903401
553025929.2285895348 393547.9823038992
556604660.9695414305 484695.7695777691
553165449.9587861300 399932.2117960867
558178355.4050583839 500107.5200820719
578612136.4462602139 633203.1725309732
552277791.7657936811 353649.1470774799
554139441.1355713606 427468.5921620498
625352947.3293918371 786178.2174169272
553094998.8304363489 397448.7384837088
553454592.1362652779 409212.4818331418
554403099.3976647854 435411.8432990680
554585676.3789607286 440156.7911350182
556123214.2677874565 474129.4920881069
553527444.7692888975 410104.7837396082
558178355.4050583839 500086.6878066813
562507016.8761208057 544577.5219413975
558805836.4422687292 511500.6726048010
559724687.7758468390 520954.0186595189
566582046.4829126596 572238.3421620800
644033884.5324224234 862614.6164788008
643909574.1650699377 862251.0200432539
556455965.1878612041 481177.1631772793
659429270.6723129749 901121.7708282471
552480743.9154121876 365964.7936808225
553820125.1645460129 419846.6525911507
553553413.5357053280 410497.3058085865
554148404.9573162794 429317.7879516534
554422000.0718988180 435750.9237541608
556229551.7101169825 477038.7920301235
553977928.1276726723 424567.2362643848
553820125.1645460129 419954.9184602913
554758705.2659162283 443963.7261509351
559027385.6598334312 515526.9136335867
553946460.0367293358 423600.6639246163
558428970.9853720665 506233.5708478334
555009855.0970737934 450580.1016239575
567325640.0073437691 575848.7091789137
558968886.1355502605 512553.3806822317
556583909.3883827925 481509.8765982366
553967193.3323731422 423780.6904880666
634359904.3893064260 832118.4113747494
631991554.1338618994 817270.9739465534
555239324.2013794184 454352.0539869717
560434104.0497270823 527031.8276072236
555291481.1595683098 455638.7664894513
555022454.3277955055 451044.4109898033
555055135.9284712076 452200.3123875083
555509346.4878660440 461015.8881760291
556196043.6584886312 476966.0198158184
563728178.5714597702 554060.6990573859
556069239.5997980833 473085.1130207828
637007036.6615457535 840904.1269798168
636431380.6069796085 838994.9398460278
553589110.7093259096 410598.2577051339
578209777.5166358948 630389.1928785684
578826281.5797100067 638541.1645357599
554434599.3026201725 436215.2331200065
555142887.8016083241 453073.6253290451
556514268.2679585218 481476.4105341858
556363476.4549072981 480664.3809321350
554861719.3431127071 447517.9382249764
609240969.2178090811 745624.6676052809
554911989.5934026241 448232.8947069100
555428088.7544826269 458569.2148005269
562629855.9712042809 547188.5196674826
555636478.3355288506 463053.0557615617
600471376.5341920853 688448.4032880053
555126610.2260078192 453009.2696252740
553571290.9162526131 410570.5143729863
554541291.3330839872 436844.8397648600
554784269.0916817188 444391.5690233163
556066257.1771631241 473028.6249927930
563887530.3137208223 554583.3397146586
558139608.6532562971 498706.7541508450
555513088.7273651361 462156.8035510937
580399644.3099718094 648072.5188006166
571434297.4261497259 600727.5115797612
579783277.5899435282 647255.0747793916
643126369.6929856539 857565.2975385973
643072263.1983441114 854914.9716566392
563695526.6621716022 553469.9148776984
577409122.9189184904 623874.6160008701
577209126.9417028427 623389.6030422392
625901044.8416887522 797255.5298408270
625668388.0967402458 794380.8061355352
563363965.4496064186 550567.2022312140
565406277.3961869478 562585.3983790803
578818865.1531015635 636566.0059937242
645480539.8227335215 865056.4699558616
577514592.7881023884 624797.9403061112
554844856.6163485050 445370.4398157052
659321740.9062880278 900454.6632232666
651848738.4744590521 886121.4412078857
579481244.0407581329 640462.8358488831
578658611.6890976429 636357.6562090669
554886312.0810331106 447689.0994419507
555386284.6686743498 458007.6728791050
564740803.7344981432 555615.7068473193
555456826.2318354845 458998.6298943437
555309801.1377687454 456212.2646316937
555342785.4696488380 456874.6828758768
568200810.6102187634 587722.6744561419
567732620.1442092657 583594.8531958390
613998965.7709536552 770819.0672743320
602374429.0337290764 695697.0605126623
649909189.7463225126 881252.2720794678
566015194.4824930429 564202.9771573487
555454837.1735759974 458828.4631729997
622641134.4441826344 779147.8698343039
555340796.4113893509 456704.5161545328
639991991.9888689518 852827.7217097878
573028295.1463462114 604207.0149645734
566917909.2907290459 573679.9709737430
603422817.6552879810 704628.2676658630
560559628.9959521294 527146.2827464197
560769710.1069598198 527625.0017410371
566972930.3517394066 575758.6130991149
648512533.5672531128 871683.3424606323
602645594.4214076996 700235.4014161006
622727772.0513074398 780782.5084001014
632972883.3085217476 818611.1486997770
566092301.9711682796 564447.9032663050
576212806.6185011864 620531.4004026208
602340933.8404113054 693501.5568712208
575765507.6979204416 620196.9981990609
576343696.4507616758 622430.0047954473
591891857.7737047672 668508.6554935876
569035990.0369170904 588103.4554299641
578041562.6955221891 627371.7801536921
649865368.1680406332 879566.2440032959
612850053.1843023300 746431.5504059792
638408559.3092217445 847025.3252702355
659132086.5603005886 900148.6608428955
605259881.2319631577 717775.6283740405
642732103.3193085194 853685.4196777344
594183357.3899319172 680988.8497992977
593441304.0615757704 678742.2212935910
617474952.9896891117 773218.8480949402
636399764.2057613134 838063.9021383524
631473375.7410370111 813884.1161795259
631417561.5978525877 813814.4848740101
606834188.7726460695 719404.3885053238
658859168.7092421055 890263.4154205322
658478486.6461670399 889613.7877349854
605146076.9860942364 706603.6517781317
623051763.6774971485 783798.7220864580
657781894.3869849443 889527.6461944580
658013768.6075270176 889566.5011749268
657124732.3813849688 887846.4772491455
657166471.8515837193 888077.7464141846
628261160.3501658440 811576.5970602036
573862453.8984465599 607657.2706980770
627170366.2074879408 806684.0126455277
626770057.3982373476 806679.5535390824
570057142.8122758865 591967.5641370555
573613332.5077465773 604502.9710307149
573821019.9955307245 605256.0686527519
625389182.5453482866 787394.5023425370
