904231532.9774408340 51.7312150665
936146003.8508828878 60.0067948825
898849230.9859578609 47.7674202320
898849230.9859578609 47.7691520747
912696709.7551016808 54.7186805907
904423901.6645230055 51.7816900010
906590873.2110718489 52.5824946328
920318773.5709186792 56.9053357689
904325883.7793906927 51.7569147940
902845876.8624166250 50.9206814386
949373911.8269637823 61.0306821149
929814388.0056941509 59.0044060475
945674107.6892098188 60.6604322520
934483742.8876824379 59.7128523107
948096429.3911231756 60.9224013519
935330264.3165583611 59.9052191404
905384821.1663746834 52.1906318687
908824137.7756429911 53.3573877580
899662068.7441927195 49.2621658082
900975983.6679136753 50.0760378219
909090147.1299289465 53.4887459745
909491261.6845598221 53.5562834188
912936171.5393719673 54.7937867411
904922483.8536405563 52.0728421308
901916859.5412138700 50.3752805568
904618173.8795983791 51.9110220675
904769102.9032973051 51.9933775298
900396039.2688691616 49.5893222829
899014107.5423684120 48.7002683654
903522393.0842810869 51.3173900440
905681629.2597062588 52.2561614109
906986498.3506150246 52.7909289745
921918511.3848921061 57.3564568302
903692207.7012974024 51.4631237696
899786484.5847439766 49.3901833960
921133210.8665283918 57.0513639103
934557506.6072106361 59.7944390404
934580330.5539116859 59.8062724921
928891044.0579280853 58.7771701508
935051271.7566957474 59.8399342792
899259265.9049742222 48.8695084574
918213967.1119691133 56.3945010231
929161949.0051600933 58.8157717270
899736973.6793413162 49.2650916670
902157871.8003304005 50.5949823308
900154759.2795749903 49.4691359851
923914164.1649069786 57.8195628947
905989248.5207825899 52.4124646610
905079162.2377741337 52.1648969954
943259704.0421814919 60.6337755774
940531519.4314795732 60.3860270320
931286833.9621716738 59.2177629351
922236580.8359552622 57.3988925429
920545098.8542056084 56.9840762785
909596997.4409797192 53.7109444151
910119876.7951980829 53.8079065015
903775850.3991479874 51.5310109740
903787917.9929273129 51.6773759311
914313127.7459237576 55.1708169159
949056088.5927455425 60.9705963116
905720712.3240108490 52.3275413828
930308215.3322763443 59.0952609631
898347210.9342460632 47.0941487228
934456749.7485201359 59.7062142606
934088173.7537254095 59.6950040525
928855242.1575372219 58.6626149615
920647220.6839801073 57.0135090348
909321249.4629182816 53.5534594162
912317826.6743812561 54.5769055790
900959735.4230065346 49.8854462570
911299362.1372550726 54.2435337692
902302628.7036060095 50.7797662774
907435534.5638525486 52.9375026704
912135297.9881566763 54.5420451553
900868894.4851865768 49.8556348290
912317826.6743812561 54.5782625234
928165432.2591410875 58.5408824024
898232242.8744478226 47.0419190725
923202430.6273294687 57.6051559489
900400895.9936642647 49.6079651470
904711420.4191730022 51.9556293386
910926612.1246987581 54.2176071197
940141425.8630572557 60.3177220054
923785155.2426602840 57.7679610573
917933050.4553613663 56.2617539757
899550052.6401364803 49.0477362146
907189016.8566286564 52.9298031549
898935438.0803409815 48.5490839575
939763657.1892161369 60.3055542573
899086380.4331755638 48.8488403260
912245247.3402752876 54.5725894796
899876137.6089377403 49.4205526393
916669066.8315336704 55.9083339086
912416332.7607769966 54.5934868346
899270026.3572673798 48.9337705011
899277237.8114006519 49.0083818744
917715040.5818511248 56.1512636776
948623016.3270254135 60.9504657816
908061596.8069260120 53.1440868149
912416332.7607769966 54.5960481654
916706787.5241949558 55.9345236829
930440141.6207138300 59.1099635961
930308215.3322764635 59.0959294143
909088550.8095458746 53.4566034903
905966173.5476179123 52.3998539680
912416332.7607769966 54.5916184078
906895657.4127948284 52.7667680817
940223114.1486930847 60.3563038870
928234352.3287254572 58.5822633395
929781496.3170951605 58.9754054148
914965007.8697252274 55.4250341482
916193057.8358936310 55.7189807491
907720838.0294716358 53.0810404797
906739011.1233853102 52.6471242951
942205589.3870283365 60.5145891387
928436934.6002800465 58.6327332165
913246273.8300127983 54.8733429251
912877619.6589913368 54.7544979333
929400877.2496867180 58.9025694162
923785155.2426604033 57.7709434502
923994163.1259826422 57.8230839208
932122957.2541363239 59.3794530641
939763657.1892161369 60.3040632620
908551716.5550643206 53.3402644963
936940340.9502105713 60.0206481032
906541483.5247178078 52.5492668897
907620441.6040940285 53.0651762413
901961974.4755570889 50.5011516380
939898478.9655044079 60.3095153361
906560000.4996984005 52.5658162621
942082533.2076436281 60.5075460453
942082533.2076438665 60.5083448071
901395945.6376395226 50.0943158682
901598817.8935762644 50.2030016582
907933977.3839535713 53.1426838409
932913235.5166052580 59.4700616607
932330751.7553976774 59.4321191135
933053616.0784634352 59.5341958561
908228672.7169501781 53.1944249091
902980700.1421920061 51.0695364310
931952696.1327751875 59.3602726545
931407152.7958389521 59.3118489340
939334569.2632303238 60.3005874991
900711908.9409207106 49.7639253714
929781496.3170952797 58.9770738531
901882787.5726425648 50.3550224666
899567296.6180644035 49.1438598811
915177746.7597894669 55.4897623134
915420139.9874594212 55.5898350636
900307491.2822948694 49.5605796395
923258436.2274792194 57.6461702151
903066740.2749432325 51.0983505222
930841628.2704621553 59.1558693970
938156869.4575855732 60.1709663470
902952128.3751943111 50.9823359134
903108983.1979295015 51.1505402432
903128693.3251239061 51.2283963834
942511621.1336294413 60.5176916574
899615284.9549112320 49.2586518082
901874451.8305960894 50.3398596258
930841628.2704621553 59.1551128352
946275071.2657480240 60.7497637528
946593072.6565587521 60.8574988684
916193057.8358937502 55.7274428056
937991286.7008373737 60.1360467349
929614543.5808613300 58.9076183843
898392344.5534482002 47.2151445675
932688316.9147598743 59.4542682180
898665908.9121088982 47.3457409049
923162798.5739760399 57.5945330053
922821786.3683668375 57.5378785727
903292829.6814118624 51.3096265023
916040310.8692606688 55.7021229318
905466101.0906320810 52.2410471034
929025036.2463687658 58.7953562801
918798912.7770755291 56.5536314976
918867094.9930189848 56.5860809625
933569761.6845209599 59.6267798490
918700034.4247872829 56.5513169058
927325501.1414015293 58.4252354971
902238941.7256630659 50.7321716308
938797145.5384525061 60.1960539346
941975934.0766552687 60.4918186445
932980803.0777547359 59.5124453713
924255024.6111633778 57.8920734053
925353890.4369688034 58.0541388846
928741161.6880543232 58.6591971641
922708386.3469548225 57.5332605378
932980803.0777547359 59.5143494864
941975934.0766552687 60.4928107787
933985761.2487448454 59.6606373166
933510549.9775722027 59.6152771956
927209907.2299836874 58.3779987188
927147958.9732080698 58.3364226276
927426222.0144687891 58.5054210595
898675208.2351558208 47.4586887232
918561792.8502498865 56.4997870513
901855838.6024187803 50.2913883437
918003772.0814392567 56.2798312549
898420898.5339345932 47.3388615589
925358914.0984700918 58.0654845095
902075614.0133265257 50.5081736010
919479538.5335497856 56.7303963706
925343393.4715449810 58.0490880000
898707277.6320517063 47.4831012900
910777233.5785034895 54.1073464454
930880433.7806581259 59.1897478552
902536945.3848149776 50.8286038477
905930018.8879396915 52.3505672871
905674645.4606840611 52.2424270367
938962728.2952008247 60.2327120130
938797145.5384527445 60.1992247974
923449231.4802089930 57.7139100389
900581621.5159758329 49.7341588555
925343393.4715451002 58.0491344768
942082533.2076438665 60.5084830750
922692800.3927400112 57.5011382632
938582545.3246139288 60.1865925317
900401782.8648959398 49.7027504766
927309980.5144762993 58.4224269691
901732152.0145810843 50.2799662758
919882128.9747771025 56.8360114727
919064933.2356857061 56.6084417355
919251143.6649129391 56.6323970522
922413062.7401019335 57.4429787144
921200770.7538902760 57.2045075517
926791485.8587819338 58.3045689037
921269414.9204733372 57.2091306651
920391674.3809674978 56.9478238046
927325501.1414016485 58.4252927473
926796509.5202833414 58.3054775318
921536113.8537067175 57.2718219443
921536113.8537067175 57.2732948943
921669631.9599300623 57.3026717433
947667821.4566632509 60.8993214164
924618322.4137538671 57.9896424501
921185250.1269651651 57.1959227673
925632049.8337795734 58.1938567057
924618322.4137538671 57.9846396237
922498400.7890850306 57.4816271782
920153095.1442773342 56.8861424156
921536113.8537069559 57.2742282881
923960004.8154501915 57.8211288380
926796509.5202834606 58.3095717302
920084092.0299549103 56.8792088962
923026235.4340302944 57.5665213927
925436999.2867878675 58.1216774945
919779975.0927820206 56.7838371798
913178087.5020297766 54.8567626614
929336911.8185150623 58.8244698487
941182735.3356567621 60.4783355151
928106901.9894742966 58.5142492227
912928866.4069879055 54.7918241679
913826355.1705673933 55.0921785196
907491613.8854973316 52.9571704231
919304611.2733936310 56.6498286586
915469350.2383534908 55.6107156944
911504100.7442789078 54.2998189786
906200197.3077188730 52.4414451684
910707803.1606501341 54.0978019776
911679633.3384306431 54.3874910458
913884899.3353581429 55.1163340563
910521975.3900605440 53.9394992515
913383017.6419537067 54.9494456219
913884899.3353581429 55.1156690622
911780076.3610284328 54.3895592209
912074264.1651195288 54.4975239145
906436222.4960669279 52.5151809281
906664052.3444015980 52.5884410534
907148237.8919482231 52.8046015466
908149101.5971539021 53.1810988755
909156342.3468110561 53.5297313663
916419487.8858783245 55.8509396786
915630919.4106974602 55.6387439794
913524764.2820469141 55.0034204589
916570317.9778639078 55.8942447003
916754435.1143299341 55.9472588550
910582970.4052519798 53.9518499403
917804942.2294164896 56.1550488671
917229869.0600695610 56.0713154557
916269390.0337166786 55.8096221385
910236491.0337450504 53.8685235983
910171446.5378789902 53.8465909721
910236491.0337450504 53.8712094879
945877455.7446643114 60.6727563012
910236491.0337450504 53.8667917555
914314175.0314126015 55.2492894162
913980448.3734976053 55.1354974071
913638525.9040346146 55.0455548945
914102152.6640783548 55.1569005005
914469489.6237813234 55.2997454484
945535851.5190457106 60.6487130914
914706607.4875936508 55.3791068713
914599280.3314638138 55.3247462004
915796992.9718010426 55.6846728163
945250674.2449587584 60.6485371906
917774395.6785023212 56.1536477900
914949932.4013481140 55.4181278061
917676150.7371387482 56.1430620905
917393814.6760295630 56.0964397732
