82223176.0303084254 22943.6255470924
80645007.5414217561 12333.9156139735
80938610.5351194292 16019.8835901832
80739020.8735539615 13356.2224529628
97012960.0051741451 39983.7969360352
97216314.8962490410 40073.5315551758
80918278.4384643137 15981.5146658216
81559273.6868165582 21149.2409030236
82352515.0778837800 23835.0024487190
81168593.9579278678 18620.6649422226
81282503.6095170230 19361.1209324142
80581472.3352526724 10531.9822810137
81145014.1538956910 18466.0940973638
80600846.6808552593 11267.5445509534
80673841.5473536253 12375.8827440230
80568119.0780116022 9644.5526795046
80590631.9485937208 10644.9868375914
94738428.9716880918 38034.2570800781
80538790.3197355121 8732.6411361446
85328299.3553309739 26862.7304484798
83677065.2242236733 24660.3400896415
80587456.1044348180 10552.0236131636
80920160.7583444864 15981.6338756923
80572166.4455241412 9664.7124538195
80844848.9230837375 15069.7043102626
81166992.1358628571 18620.6548048249
81072002.3809466958 17782.5358299222
80843247.1010187268 15069.6941728648
80767058.7896284610 14157.7747448329
80962560.6836340278 16642.3643137729
80995814.0695564598 16870.6164018903
80545163.9672328085 8738.5319700036
80524779.6674593091 7104.8045777005
80557937.8438862860 8762.8333826251
82244742.1800585389 23202.7001257809
80528182.4078641981 8023.1302420845
80522849.3530728221 7016.6944679038
80767286.9516484141 14166.6667992864
80813646.3834810853 15045.5981561281
80693042.6409443170 13104.1322759073
80864596.7660464644 15155.9580806922
80614713.2906873077 11463.9531785933
80792970.9421189874 14171.7574758381
80876355.4735535532 15268.6386598814
81616672.2886611670 21338.1845636694
80795815.1797147095 14223.0624306947
80714793.6183779687 13352.2667034511
80703016.2739340812 13173.8111856729
80704135.7980880737 13245.8451794032
80755476.6269637346 14092.6024040710
80799992.3702369034 14298.9368389491
80531444.1293772161 8039.6894223421
80901643.6215242147 15898.2647534497
81096463.0195271224 17827.7509001177
80809458.7149180174 14818.5051829135
80985157.4067529738 16866.6606523786
80893906.6542935371 15824.7649063598
81797065.1030201167 21754.9201018764
80830396.8379047215 15065.7485607509
80829831.6422055811 15065.6293508802
80756402.1268249899 14153.8189953212
80559059.2289381623 8848.8619413171
80609676.3022135496 11291.9253050033
80861378.4974069148 15114.9092430603
81110787.0918196291 17862.4914701860
80551181.3675433397 8755.0911502612
81505237.8702243716 20511.5023202850
80894698.6344321668 15826.9438209627
81519254.2853783816 20549.8160108184
80954906.6528238505 16642.3541763751
80561079.5819353908 8949.3107259004
80812822.1860162914 14890.6690564211
80703472.2992143184 13201.6617455017
80632398.6397686154 12179.4741163831
80574432.8391764611 9753.2178141823
80623029.5594546199 12179.3549065124
80682157.8161209375 13091.2844719421
81542785.5259519517 20608.1916903667
80644082.0415604711 12268.8624830823
80739498.4525110424 14003.2140373718
80689739.2761587054 13091.4036818128
80566676.2408981770 9472.5709874518
81146615.9759607166 18466.1042347616
96617675.9185444415 39670.2202758789
80703210.2982267886 13180.7920485120
80610006.2941962630 11380.5491075311
83963077.9226165563 24795.8487300687
80671790.0365110785 12372.7396172956
81036409.1070087403 16920.2558493391
81064400.5686292797 17636.4097519144
96963977.8253565878 39866.8967895508
94779056.0932765007 38062.7197570801
81154643.7207696140 18555.4926014608
80754449.8879753351 14003.3332472425
81307679.6199350953 19588.1616792446
95037320.8601223677 38491.5576171875
80887240.1511614025 15730.5539582139
81713526.0471656770 21663.0089077428
81011166.4180946946 16876.8705241000
82235640.8315721601 22970.3670632057
81270920.1003645957 18840.4120630836
80877871.0708474070 15730.4347483432
81640928.0185405165 21349.8219226701
80976059.1624669731 16745.8329939619
81188779.1892339885 18665.8698750203
81205776.8467357308 18700.6104450887
81441922.8115670681 20234.3322776919
80899870.8510767370 15837.0481621996
81233222.4650222063 18721.0868960216
81292194.4287044704 19475.6471566325
94303238.8288248330 37537.1103019714
81298805.8843878210 19479.0408492303
81149542.4895537347 18552.4670776641
82197892.3135980070 22819.3291850537
94932131.4007451981 38098.6882629395
81939357.3452262133 22356.9624458961
82139631.9273104966 22361.9053780250
81036309.0794714540 16903.1500120526
81448025.3179315925 20299.4630939877
84505326.4911015183 25803.7314960584
84119006.7637778968 24911.3742979802
82208803.7464946061 22904.8753639869
96850870.2411455959 39770.4832153320
81316325.6326071024 19589.1691638594
81358086.3075429052 19627.8553460417
81455050.3015456796 20387.1588267004
81522771.9150614291 20550.5236854292
81484086.0248403549 20438.0115671111
81339138.0660015792 19619.9497073926
81683038.8276737630 21349.9411325408
81056456.2191364765 16961.2008400746
80914557.5011587441 15930.1930073686
81440917.7015184164 19784.7210568106
95303639.0423001498 38933.0739440918
95312441.0184795558 39188.2406921387
80964536.2196977735 16731.7526804721
81501083.6823420972 20472.7521371795
95756582.6862944216 39590.6978759766
82312186.7305204868 23773.0550581999
81684706.7959063649 21474.3378922157
81469327.2719680816 20430.9212213298
91063691.4727661014 33848.9214587212
90532224.1939149201 33250.6052653715
96113683.0770503730 39649.6196289062
81529191.5151442289 20567.8438851051
81401448.8124229461 19664.2651040964
81484912.5422066301 20447.5891405903
93097010.3925707936 36465.4265489578
81694523.8888935149 21487.4174463339
81512193.8576424867 20533.1033150367
81037882.6168535650 16949.9503265359
84799963.5265796930 26417.5243576542
83710696.6631787717 24667.2015169486
82176367.1366160661 22765.0861488990
92906341.6194505244 35550.0227540135
92522121.7803936154 35306.4783814549
85503798.9647322595 27372.6536752805
95181316.0203304887 38611.8352050781
93670038.4372001737 36882.4572505951
82589386.0180230290 24101.3882443830
82570027.8345588744 24043.0294497926
82721043.5105429590 24302.7792822439
94128160.2840155214 37024.9986419678
94137901.5194130093 37311.8982849121
93991515.1310550272 36971.7249298096
84564797.9410375804 26215.6435552835
84292981.5130328536 25150.0876818895
84345778.7390823960 25560.0267157555
84073258.1891270876 24820.3948031664
84155595.0086167455 24951.9238247871
85297000.5204991102 26664.0928916931
85433556.7602578700 27295.9119529724
85606172.9077026993 27603.4753189087
85672042.5413087904 28492.1780891418
86076010.9855635613 29424.3525886536
85867352.1006047577 28569.7624397278
86135274.6559131593 30109.9490280151
86257298.2593975663 30175.9750556946
85907645.9108755738 29371.0627326965
86012229.8269210756 29391.9978218079
86863631.5056101382 30176.5840339661
86950006.1194726229 30181.5213813782
87289722.8198534548 30283.5829963684
87577247.9133266062 31580.7267227173
87346147.2285654098 30918.8997116089
90049288.2387161106 31876.1522521973
90070629.4769389033 31907.0573730469
90385433.2176688313 32991.5394744873
90352587.4743185192 32660.2778320312
90246190.7346677035 32525.0782012939
92339267.0778140128 35227.6118698120
92230165.4478555173 34351.7811355591
92312145.9939085394 34581.0177536011
