139543140.8070389926 1366084.7282714844
144652609.6618959606 1780841.4230957031
144336551.9409706295 1766393.0637207031
152252734.0049145520 2019837.7368164062
152365095.0882835090 2025102.0307617188
152273492.0546884239 2024958.2675781250
146212343.6629803181 1854334.8354492188
150829261.8417513371 1982866.0097656250
158585201.2397241294 2160738.6152343750
145389336.5051052272 1819320.2048339844
143222432.2436972558 1702576.4855957031
144206593.4830192924 1761183.7243652344
140562724.2380479574 1516048.3151855469
143273869.1747265458 1708851.3281250000
173665727.7062125206 2308119.4990234375
139988097.7617438734 1446273.2773437500
140055493.7541688085 1453726.6125488281
142669988.4260511994 1676066.4074707031
139347197.8929745555 1314978.0434570312
139913419.7834665775 1435868.2984619141
150375047.8292274177 1970238.9116210938
159518542.0480434299 2165648.1367187500
155383859.9218643606 2104780.9316406250
139423698.4809003174 1339822.0883789062
152437783.1308004558 2028889.8823242188
148406577.9312878251 1922226.5146484375
139891606.3538561165 1433436.1297607422
170773727.8599843681 2280670.2978515625
140383123.3033739626 1496077.6623535156
141134264.7568426728 1569561.4611816406
140268477.5863279998 1481995.8815917969
142609834.6803971529 1673528.4013671875
142625178.3849459291 1674044.5571289062
141124037.2316313088 1566931.6179199219
149651305.2443778813 1954523.0678710938
148567637.4600394070 1922773.9023437500
146996261.6568423212 1873478.4790039062
170105420.6674273610 2275642.9111328125
152596200.4739354253 2033665.8813476562
145197115.4644762576 1806888.0004882812
141485880.0315397084 1596299.6118164062
144012024.6624261737 1752157.9448242188
139681214.8066487014 1397587.0588378906
173706954.9766289294 2308495.8349609375
142547950.3343845606 1668379.3354492188
148953824.3580313623 1940059.5561523438
151973139.3245440423 2016631.9331054688
140867072.2830980718 1546574.9741210938
152939104.7882419825 2045533.6655273438
142777838.3908435106 1681714.1835937500
144692332.8277314305 1783962.7023925781
143512456.8590863943 1721688.9645996094
142787958.1014933586 1682361.6166992188
143849081.9085411429 1742535.0759277344
142456749.3512202203 1663878.0231933594
144637547.7167987227 1779659.7421875000
149452507.8831155598 1954369.8945312500
148322225.2357444167 1915466.5107421875
148480766.8623925447 1922437.0273437500
143983592.8650066555 1749038.5708007812
151662269.4882888794 2005138.6132812500
142603814.7784049511 1670499.4526367188
139414682.0452519655 1331912.6519775391
143872865.2856512368 1746008.0671386719
147814646.4449330866 1905308.7983398438
146372543.1610750258 1855922.2529296875
139559180.0171602070 1370847.4843750000
141889054.3634898067 1626354.9433593750
142301518.2120375037 1652431.6262207031
139600961.3412021697 1380927.8758544922
144588874.9412404299 1779422.9157714844
142868140.2617077827 1688888.9565429688
139874108.6147195697 1430444.2144775391
143316213.1229317188 1712100.4204101562
142670244.8914256096 1677216.7280273438
139522615.8266242743 1360950.8874511719
144210954.0629247725 1762327.2353515625
139588366.4876014590 1374578.3861083984
141758901.4032436311 1616956.9230957031
152046313.3022396863 2017116.2709960938
143303847.9675875008 1710566.6416015625
141002475.9776988029 1559322.6367187500
143421708.4691560268 1716453.3801269531
143731310.9873503149 1735343.6274414062
139516810.3476999402 1360901.2741699219
139438410.0967065096 1341789.8669433594
146781795.3642879426 1872776.8120117188
151967092.0878107250 2016626.4233398438
148052765.0106182992 1909959.8330078125
154453000.9852588773 2081547.4731445312
139841284.4535109997 1424645.5440673828
140811349.7005072236 1540457.0112304688
141060284.7231321335 1564400.7553710938
167125200.1757211089 2258718.4843750000
152590153.2372021079 2033660.3715820312
140890824.2855660319 1548899.2836914062
153889439.3036714494 2060861.8354492188
152765451.3772691488 2045083.5092773438
139450131.5934104919 1342048.0463867188
147530630.3273875117 1896486.7812500000
141779558.3172279596 1620847.8596191406
143734022.2787475586 1736972.5246582031
144443618.7414533794 1771320.0915527344
148621336.1954030693 1930180.8774414062
143602165.9104494452 1729663.7565917969
158471393.2445808947 2157719.5087890625
147175360.2856708169 1880855.3061523438
139367124.7510555983 1322199.8206787109
153700641.0765516460 2056818.2250976562
147173117.5958695710 1875544.1215820312
152267015.1424668431 2020298.8149414062
142488866.2065121233 1664849.2385253906
151248321.6315605342 1990877.0351562500
141652754.1044102609 1609131.9675292969
152387254.6863992214 2025174.1372070312
173600367.1117032170 2307301.6943359375
143532892.7302293479 1724725.8710937500
146389297.4094102383 1858546.2973632812
143491850.4256624579 1720736.7241210938
150489082.8083174825 1970917.7709960938
173524417.4188738167 2306812.0986328125
143578382.5333393514 1726190.7653808594
152229880.8616645038 2019485.0820312500
148064478.3623658717 1912470.3027343750
147455188.5222521424 1894592.2851562500
142499892.8887290061 1665102.2036132812
148813586.2428480983 1938438.8095703125
153788783.7867651582 2057495.0737304688
142371357.0276317298 1658614.9074707031
156496760.7050604820 2132345.4794921875
142820362.4638308287 1684618.7175292969
154535621.1424089968 2084475.1293945312
156739242.2685680985 2140715.7011718750
163815531.7278748155 2199841.5170898438
156278330.2422152460 2127516.2734375000
143557583.2797144651 1724896.8874511719
143793733.0943916440 1737978.8840332031
144732831.0053341687 1784276.2185058594
140452608.6480867863 1502469.3642578125
147351169.4948936403 1890335.3354492188
145016120.1924753487 1802067.7336425781
145633695.4511518180 1831291.2927246094
139970600.0226073861 1443281.3620605469
141291542.5698789954 1581344.3103027344
147088521.3792585433 1875201.6220703125
144704549.7274857163 1783976.8444824219
154315894.4417856932 2069741.0375976562
159495488.3555961847 2165256.4765625000
141577218.3798829019 1604869.9672851562
152513204.5179277956 2031978.1259765625
154560978.1348719895 2093427.3769531250
140472982.6271963418 1505826.9497070312
141831266.6281031668 1622863.4023437500
140920765.2868626714 1550707.5981445312
146606223.4493923485 1864566.5908203125
146725011.2685675919 1870299.0595703125
150724582.2199454904 1978829.8833007812
140179531.0377133191 1471354.7641601562
140341759.8538140953 1491295.2426757812
156243302.8282417059 2127282.9560546875
142512990.0443291962 1667241.1223144531
158361219.7887591124 2150179.7714843750
140137554.8906352520 1465612.6315917969
155252903.9186832011 2096121.7558593750
141559915.1866054237 1602782.2553710938
144720822.5929127038 1784274.1384277344
140533614.4314239621 1511299.4582519531
156586338.4960267842 2133040.4531250000
156911088.7612482309 2143145.1152343750
156461733.2910869718 2132112.1621093750
140833506.8185825944 1542244.5297851562
139403631.1730729043 1330107.6998291016
143065471.0978219211 1698431.5163574219
151519670.4444946945 2001192.9907226562
151262407.5543222129 1991382.1743164062
145057323.0747239888 1802613.6481933594
145120800.5543995500 1804595.2780761719
157019099.5089131594 2145915.7412109375
139420639.0077010095 1337177.0875244141
147790995.4242691696 1904541.6347656250
156897064.3590775132 2141566.9580078125
164364641.1871614754 2208924.8115234375
144004331.5487230122 1749629.8430175781
155765114.5413627326 2112829.5087890625
153087785.7822105289 2048597.1943359375
156390714.5397510231 2130208.4697265625
147311083.9935691953 1885911.2866210938
145978570.8007775843 1849895.3256835938
145778979.9387903214 1838994.6315917969
145259959.9169662595 1813779.1335449219
173570621.4488461614 2306923.8154296875
140599316.3021045923 1519070.9123535156
140632290.3938223720 1522082.5090332031
166303873.7490732670 2240682.6162109375
145620355.3371785879 1830954.4177246094
155325675.6036469340 2101330.8037109375
154549707.0651706755 2084771.3603515625
139534631.5967945457 1363760.7366943359
140741408.1869494915 1532629.7192382812
140730323.8653482199 1530637.2453613281
143524672.7917632163 1722719.5700683594
150771395.2514928877 1978911.6533203125
140427033.6034442484 1500125.8327636719
140768431.6999883950 1536416.0551757812
145842345.2437241673 1840621.6416015625
156064600.2116597295 2121611.2607421875
139712913.0431659520 1403517.8614501953
155152238.8799184859 2096108.0786132812
145642595.8119021356 1832079.8500976562
151825388.7205863893 2011103.3540039062
145735032.9269421101 1834402.3735351562
145495261.4289663434 1826160.7700195312
149944627.2239141464 1961639.1816406250
156676264.6070525646 2137588.3662109375
160494872.4007398486 2173519.6054687500
160616301.7169564366 2181655.3242187500
155926455.7944204807 2120072.5410156250
141414470.5943641365 1591856.2429199219
173520363.0634863079 2306547.4345703125
139647483.6984598041 1389949.5936279297
140676761.6044683158 1527814.5454101562
142556703.1690650582 1670352.2824707031
141441411.4565168023 1593164.5397949219
156635212.2912838757 2134818.0966796875
145129700.9151497781 1805618.1176757812
150269767.7405067682 1961689.1616210938
140408633.6441525221 1497855.9143066406
145885614.8182545900 1844197.1230468750
165221420.8133721054 2215486.4375000000
165502799.8792156279 2224560.8144531250
140202556.6395883262 1473426.4025878906
141383445.2786270082 1588460.2282714844
150513994.6867983937 1973255.3056640625
150321844.4450225234 1965873.6298828125
139761703.5153380334 1411111.7481689453
140274208.6620934606 1483285.1052246094
142168620.9276270568 1644099.9602050781
140282299.9692442715 1483834.5029296875
139606635.6976855695 1382931.1270751953
156212303.5541816056 2124247.5107421875
161744413.0306110978 2194277.1074218750
151753290.0051458478 2005658.3916015625
142322643.6241065860 1653967.2165527344
141429586.4291464686 1592021.7429199219
142035365.7067422867 1635878.8525390625
144937241.3086521327 1797305.4541015625
140048482.7759858966 1453467.9909667969
140111979.8459927142 1463344.6267089844
153204225.5196867287 2051817.0717773438
153212542.3943317235 2052493.7045898438
141631504.1232163012 1607671.0473632812
141533314.1652648449 1599611.4665527344
139780538.6757243276 1413370.1544189453
173161984.0862506628 2306461.0966796875
140178173.5159867108 1469801.4414062500
140089685.6582346261 1458339.0622558594
173010567.6983587146 2306017.1884765625
142164618.8181595504 1642954.7067871094
139641762.9088755250 1388915.0626220703
139529032.5460766256 1363709.2386474609
139540754.0427806079 1363950.2259521484
139488843.6662355661 1351677.6114501953
142124879.9580695927 1641607.1989746094
142959187.2276376486 1692462.6833496094
142357256.8083278537 1657384.3801269531
167582588.2802423239 2266131.7617187500
167748439.3770792484 2274594.9326171875
172022453.6110711098 2303516.8369140625
171059312.6168470979 2290835.0742187500
170145550.4873078167 2278641.3242187500
142063353.3090981543 1638145.6308593750
172291435.9212353230 2305844.1162109375
172508123.3336664140 2306013.9853515625
139624745.4299703836 1385482.7635498047
139642722.9471823573 1389942.4959716797
164289487.9208405614 2206601.5966796875
166453555.4164674282 2241539.4667968750
162075470.3943932950 2195616.9160156250
166497247.7137967646 2246618.9169921875
166572068.3580390513 2246873.9990234375
159459420.5591200292 2163804.8593750000
169585797.0144788325 2275133.6542968750
170948660.6706869006 2285925.0048828125
166854247.0723701417 2247074.4482421875
160318964.1597982049 2167539.3330078125
160585074.5025056303 2177410.8818359375
139932105.5720839798 1437826.2468261719
139946133.8229728937 1438706.1450195312
167030023.2964111269 2256724.6572265625
149414766.2652831376 1945169.3867187500
171522087.7917041779 2296021.6015625000
171699449.8100688756 2299679.6904296875
171650153.4077289402 2296884.6328125000
164743295.4175778925 2210863.6035156250
171930322.1991470456 2299823.8779296875
166015070.1009275615 2234799.9658203125
164364134.9484633505 2207252.2304687500
150709889.4122537673 1978024.0449218750
165047148.8566426337 2211385.3681640625
149276851.1025606096 1941656.2988281250
