137039648.9764293134 2282928.0644531250
135250499.8114375770 2097794.9082031250
141844158.0095224679 2492654.2050781250
139174751.2562518418 2407483.3925781250
134825834.3744833767 2040157.5634765625
140203832.8876465261 2450532.5917968750
134227936.6738570333 1918263.3017578125
138027433.3976525664 2347068.4902343750
136269548.1133960783 2214822.8837890625
135273794.6427791417 2103513.7050781250
134335223.7420182526 1973156.0468750000
134757291.6319835186 2028081.7050781250
143047572.8444672525 2512877.2714843750
134234641.7974497974 1953930.7294921875
142146627.1079864204 2497241.9667968750
135305453.5043445826 2104817.0039062500
136259984.9431166053 2211077.9199218750
134453723.3785504103 1991138.8876953125
143157844.9560545087 2515679.9472656250
140574048.5023083687 2462404.1386718750
134566272.9005830884 2001849.0283203125
135323281.4787532687 2110228.4628906250
134517256.2995499969 1997698.4248046875
135935004.9931123555 2182430.1914062500
140155455.8378376067 2449104.5566406250
139516951.9787825346 2424474.5136718750
139125278.9749954939 2406292.6875000000
140431820.6770050526 2457093.7871093750
134384364.2978343368 1975704.4677734375
139166563.5879840851 2407302.3085937500
139859869.7323870659 2439305.3652343750
137835434.6690567732 2335913.2148437500
134484621.7649633884 1994062.7265625000
140057624.6813382804 2446567.5410156250
140281084.0281524658 2455141.9628906250
134460863.0196441412 1991661.0185546875
134642797.3819325268 2013711.9179687500
135749622.7185394764 2158438.0839843750
136733251.6670950949 2258153.1347656250
137032351.3337136805 2282094.8906250000
135772276.1996419430 2162888.6113281250
139533372.7967554033 2425306.5351562500
141451875.3847124577 2483814.1230468750
134327626.5169647336 1967548.9560546875
135064663.6780039668 2073612.0927734375
136442853.9606023431 2231845.0449218750
135062477.0844361782 2073417.4658203125
135685866.6491093636 2150455.0566406250
134937887.5280948281 2056739.8173828125
139605812.9490079880 2427283.5566406250
139506662.3718519807 2422960.9746093750
140407459.4218631387 2456400.1953125000
134210486.3652862310 1911815.3535156250
139727535.6892312765 2432141.1074218750
134435670.5299858451 1980827.3779296875
140231671.7125630677 2452002.4082031250
141197944.3871077001 2477453.7480468750
140716527.2098286450 2464303.9746093750
140001902.5151211619 2444740.2324218750
141008265.5768151283 2472833.1718750000
134474349.5480018258 1993260.9326171875
142150772.4593754411 2499283.4570312500
138352723.8141011596 2366710.2578125000
136923317.6428388953 2272528.9355468750
138457484.2691994011 2372747.6640625000
134284436.7099653482 1956214.0253906250
141765345.4898937345 2490616.2539062500
139822134.0079266429 2435735.0351562500
134973847.1338451803 2063705.9541015625
143351415.3108694851 2516228.6699218750
139300623.3152829111 2414280.0136718750
138682679.4470861256 2383581.7539062500
138664368.0111260116 2383293.0292968750
135038253.5877758563 2073053.8867187500
135117822.3822563291 2082708.5058593750
136804556.7912390232 2264118.9023437500
134282542.1402583420 1954860.0039062500
138525571.3912065923 2376317.9941406250
138554280.8520710468 2377544.3476562500
136922325.3616093099 2272334.3085937500
134799917.7382552028 2038256.2363281250
134192268.1221196055 1911735.7392578125
134293287.1532435417 1963429.4091796875
141451113.8052938282 2481960.9121093750
140451654.8405656815 2460365.0781250000
138042004.0146888196 2347990.1503906250
138372438.9859949052 2367498.6464843750
135652638.2328968048 2147257.4638671875
135088670.6010150909 2077462.8359375000
136836958.4135632217 2265536.9765625000
141910166.1059757769 2494845.6953125000
138693889.3421009481 2384510.4843750000
134222418.9816658199 1915418.6171875000
138566436.2733581662 2379304.6796875000
138686445.1966809928 2383864.2363281250
134752061.4537475705 2027253.1562500000
139628597.1823490858 2429697.6289062500
134904396.8617989123 2053474.5488281250
135640757.4850255251 2144227.2685546875
134438101.5987477899 1983171.5927734375
140096544.7227207720 2448482.3261718750
134706713.7437752783 2020293.3701171875
136469229.5965155363 2233570.1914062500
134934552.7691698372 2055366.2167968750
140903936.7325269580 2468372.9687500000
135162730.7071444690 2085217.9746093750
134590643.4764294922 2011876.8134765625
134708150.0208400786 2026412.0947265625
140760958.5017669499 2467024.7148437500
134727352.3624708652 2026916.8740234375
141859075.3454244435 2494472.1054687500
135214687.9672381580 2091413.9062500000
134795704.0604170859 2037806.2929687500
142638398.6401183009 2506004.0371093750
140742220.5920980573 2466173.5351562500
135729722.6807113588 2157937.1162109375
137917470.1326261461 2339338.4277343750
134656192.7607463896 2020216.1630859375
142880072.5012767315 2512062.9804687500
134497228.0880110860 1994551.7617187500
134835943.1728606820 2045479.2226562500
134852069.0456359088 2051675.1542968750
140013004.0041784048 2445342.7714843750
138066355.8102965653 2349044.7929687500
142673037.3604644239 2507988.3535156250
134759060.0755820274 2033401.5839843750
135372446.0252923667 2110289.5078125000
134533395.5002160966 1999083.4228515625
142083162.5735150278 2496388.6835937500
135636893.7358673215 2144183.0966796875
135424009.6500706077 2119256.5097656250
136542543.5817117393 2241073.2539062500
136528598.4200738966 2239659.0332031250
136186131.3401659429 2204543.5722656250
141778524.7076328397 2491204.9218750000
138890942.8619969487 2394135.5312500000
138888996.8934388757 2393471.9726562500
135374569.5532920063 2110508.9677734375
134220750.4747704268 1914960.4531250000
136748275.6361963451 2259567.3554687500
140965495.4232823253 2471965.8945312500
135078939.0656419396 2074961.4306640625
134938577.8981041312 2059831.1953125000
141623280.9940485358 2488434.6992187500
134415855.5502689183 1977157.6328125000
135384145.1040242612 2110775.4511718750
134200583.2935859263 1911800.1718750000
141668600.5847488046 2489037.2382812500
138765314.6716820896 2388098.1250000000
135603462.7528439462 2140508.9912109375
135234182.2122472525 2095599.5419921875
142440066.6713718772 2504506.5722656250
139514905.2780142725 2423660.2226562500
135696795.9323707819 2152136.5078125000
139207629.5611366928 2410709.6835937500
139082001.3708218038 2404672.2773437500
134983520.5926354229 2066584.5800781250
135531565.4590155482 2128515.2880859375
135196605.8537578583 2089302.9179687500
136415662.3767361641 2227263.9335937500
135073091.3400342762 2074393.4921875000
135410407.3737203479 2117216.5175781250
139271713.7379900515 2412219.2089843750
138333590.3731904626 2365371.0488281250
140885328.1886061728 2467345.3183593750
138646826.5498136580 2381946.4453125000
143485744.7400626838 2517497.8476562500
135454011.7884168029 2122117.2666015625
136979141.9864801764 2277568.6660156250
135539704.8516152799 2132468.4306640625
134932310.5213450491 2053781.0136718750
140567453.3815139234 2461179.3691406250
138417302.3055645823 2371288.4628906250
142184919.0365484953 2499466.2714843750
141050777.3526788950 2473419.6132812500
141552627.6607770026 2485751.6757812500
139979200.0807551742 2443823.2226562500
140598937.3810973465 2463936.9082031250
134820640.6538753211 2039940.1875000000
141166198.8157846332 2475311.9687500000
141377537.3609888256 2481104.3281250000
139394862.2626569867 2416779.6425781250
141689964.5988048613 2490266.0820312500
137131997.2254063487 2291096.9765625000
140169891.0636503696 2449860.6289062500
141588642.2737024426 2487517.6894531250
135610780.9022462666 2141172.1074218750
139713395.8163848817 2430982.7226562500
140729324.5966196954 2466157.4375000000
139191408.8638314307 2409659.4375000000
139970930.5626176596 2441951.0390625000
139420933.1080805361 2420317.4199218750
139817651.2664718330 2435500.5800781250
136518303.2416914403 2238404.9257812500
136292901.9068558514 2217430.1152343750
141377182.6616601646 2479359.0585937500
142295081.6125638187 2502344.9746093750
137932890.6605000794 2342335.4550781250
142214739.0646396279 2502111.9453125000
137784109.2769618034 2334562.0605468750
139899054.4549566507 2439776.1679687500
135417712.5059837997 2118164.4707031250
137728763.9654687643 2332391.2636718750
135856513.0091722608 2169956.7226562500
140410987.1357285380 2456969.2714843750
139331166.0000655353 2416107.3222656250
139960590.0048483610 2440534.2089843750
139451098.4010747671 2422144.7285156250
135565675.9323303103 2134602.0312500000
135794139.9074892700 2165690.3398437500
136276201.0037144721 2215415.7441406250
138495753.4865086973 2374684.1035156250
136088220.3536185920 2193652.0644531250
138615685.8875178993 2380721.5097656250
138263534.4508472681 2362089.6816406250
137413388.7864377797 2310534.5117187500
137449261.9408261478 2312361.8203125000
136211380.4024762511 2207962.9121093750
137429054.6230461001 2311255.6914062500
139173456.8308053315 2407481.4375000000
136618690.6947362721 2247276.9453125000
136344229.8798521757 2221615.2675781250
136008133.5793621540 2186602.4511718750
135883703.9352336228 2173254.4082031250
137143455.0223353207 2292131.0957031250
136102284.7540262640 2195832.6855468750
135725079.4071840048 2155415.2734375000
135714603.9818932414 2154005.1855468750
135975924.2210691571 2186093.9306640625
136056968.6542896330 2191734.7382812500
135920095.7811893225 2179661.8867187500
135623845.5980485082 2141698.4414062500
136235812.0003038943 2209630.9218750000
139518538.4080902636 2424490.2890625000
136027869.5817703903 2190386.7949218750
138383466.8518564701 2368127.0878906250
139012980.4045933783 2399858.2636718750
137286838.3944827616 2302383.6718750000
135596507.9958120286 2138569.4257812500
136244986.0143610239 2210293.7031250000
139045535.7740124166 2401397.7070312500
135862168.7836269438 2171446.4804687500
134787493.3539897799 2033968.0517578125
141311586.9242914021 2477769.6367187500
136688250.6546496749 2252791.7988281250
136783784.7193920314 2262174.2734375000
137126735.5194077492 2291005.2539062500
137618282.4777809083 2323601.2792968750
142877864.0022579134 2508491.5800781250
137169069.8241124153 2294168.2656250000
138753474.2978833616 2387465.8984375000
137198475.9744192064 2294857.8945312500
137588672.0285576880 2323496.0781250000
137678238.8176342845 2327232.9902343750
138837823.9406316280 2392308.2226562500
135468323.8176020980 2122724.1953125000
138782009.4228398800 2390329.2460937500
135896182.2770344615 2176321.4863281250
136199275.6206961274 2206353.0507812500
137500513.9074105620 2315385.8730468750
136681121.1971738935 2252384.2929687500
135893527.6453057826 2173390.9843750000
142983985.6370156407 2512132.3535156250
142555052.3421983719 2505562.4960937500
138977543.2626594007 2397706.7773437500
135969265.7729624808 2183845.1621093750
135406806.2251197398 2113776.4023437500
136399050.0533856452 2224602.7500000000
138728614.4387952685 2386758.9160156250
136121373.9073454440 2199629.3359375000
136612166.1558904648 2246936.5683593750
136663044.4551034272 2252104.4726562500
136502030.7721957862 2238242.8085937500
140851885.4031399786 2467340.6035156250
138939216.8538312018 2395414.1660156250
136570059.6483334899 2244442.3320312500
139001418.5543167889 2399755.8339843750
136695361.5578995645 2257967.3476562500
137050220.4934628904 2283731.5664062500
138939071.0060499310 2394650.4082031250
138723446.0023172796 2386359.6621093750
136879888.7947398722 2269540.6445312500
136883100.7781565189 2270214.5703125000
136859479.8137681782 2269159.9277343750
136799441.7477381825 2263254.0253906250
136917210.3181085289 2271469.4316406250
143330974.0421802998 2516193.9628906250
138161307.6354484260 2354513.0957031250
142066014.2932447195 2494904.5136718750
137206586.3199601769 2297691.0312500000
137199162.4670087993 2295718.4277343750
138308231.9498861730 2364211.4980468750
137994583.9585929513 2344650.9394531250
138302107.0788308382 2363282.7675781250
138197220.3313894272 2355418.0527343750
136892755.1858028173 2271209.1132812500
138197627.8922347128 2357245.3613281250
137083865.4715076089 2286553.1132812500
137518401.1262250841 2316708.9218750000
143607096.9790758789 2519429.3964843750
