87192189.0963402390 1518264.7812500000
88205611.3753928095 1577912.2783203125
88287406.6117064655 1582703.7949218750
86340918.7005746961 1446940.6689453125
87962357.0268629789 1566930.5312500000
88436288.5439884663 1587548.8349609375
86154982.3505638987 1430629.2319335938
87160766.1416778564 1516826.3964843750
86729697.5421981514 1482273.3125000000
89189851.5079992414 1613115.3339843750
88372159.9845143259 1585897.3779296875
88814750.0064818412 1601073.5117187500
85999886.9461249113 1413589.3188476562
88229874.5082464367 1579335.7509765625
91370633.7759687454 1626832.1992187500
88807590.1846731454 1601002.5996093750
88249783.4323003888 1580581.2500000000
86673976.4105239511 1480342.7890625000
86343220.7409380823 1448939.0620117188
86545239.8050866574 1467256.1269531250
88577688.2430078685 1593259.4667968750
88454393.4282124043 1589039.9052734375
86268262.0504332185 1441609.4194335938
88199411.1506490707 1577228.1181640625
86620604.3367086947 1474789.9482421875
86207894.6794414073 1433146.3569335938
88577688.2430078685 1593264.7128906250
88365959.7597706169 1585213.2177734375
85959471.5847179592 1410867.9409179688
89588758.0251596719 1620555.2871093750
91598916.6961191297 1627214.8398437500
88610393.8478196114 1594743.9375000000
88255983.6570441127 1581265.4101562500
85782768.8552315384 1379000.6289062500
86992756.4184956104 1504728.8173828125
88012729.3085142672 1570283.6630859375
86095074.7245097607 1425201.8852539062
86485371.0344007015 1460682.1357421875
86519238.3976007104 1465194.7021484375
89159388.1504018754 1610980.1367187500
87372428.9357972443 1531354.6748046875
88363353.5178181678 1584407.3300781250
88183505.6139870286 1577067.8076171875
88935097.3301226199 1604653.5214843750
87763076.7457797974 1556313.4394531250
89159388.1504018903 1611037.5371093750
87811928.7546294779 1559111.1132812500
89165588.3751456141 1611732.0429687500
88363353.5178181976 1584499.7714843750
86516504.8129892200 1464590.0595703125
88362120.2310830802 1583938.9443359375
87793540.1033771932 1556898.7246093750
89141002.4235888869 1608692.9453125000
86463132.7391739637 1459037.2187500000
87794499.7004421502 1557751.8242187500
89252775.7335107028 1613405.6914062500
85833394.8984672427 1385614.5214843750
88918287.1694949120 1603637.4667968750
85687228.5053751171 1363961.2187500000
85724070.1654213518 1372696.5317382812
86735823.0781313926 1483976.2763671875
88948750.5270922780 1605830.0644531250
85641691.7539702356 1360585.1201171875
89558294.6675623059 1619782.0878906250
88358435.9432239085 1583803.0839843750
86396068.1274257302 1451790.9038085938
88089435.0479225814 1573280.3105468750
86826753.3589989096 1489945.7783203125
87337384.4770526886 1527997.6025390625
90612356.2139790058 1626165.7460937500
88864794.7167753428 1602585.9062500000
89394177.6919172853 1617007.0820312500
89766520.3011566848 1622820.1074218750
88048828.9703951031 1571333.8408203125
85898644.1724646538 1396727.3002929688
93042235.7816303521 1627379.2187500000
90497805.0470768809 1625114.4863281250
88840531.5839217305 1601202.6152343750
88814750.0064818263 1601017.5117187500
86428196.9929580986 1455859.4316406250
89088556.5922005624 1608358.0273437500
89189851.5079992414 1613172.7343750000
86056291.0749702454 1417521.0546875000
88145882.4345809668 1574945.2626953125
85705824.9320638478 1365714.8427734375
88116946.6663870960 1574413.3359375000
88437834.8839399964 1587804.1484375000
86576412.4390432984 1470017.4062500000
85903371.5800128281 1400172.4838867188
88871954.5385840535 1602600.8183593750
88321053.6311936378 1582772.0390625000
88559583.3587838858 1593155.4394531250
86059181.3840491772 1418587.9926757812
86208354.4243791103 1436182.0727539062
87908828.3107948303 1564647.6757812500
88047595.6836600155 1570865.4550781250
87940251.2654571682 1566086.0605468750
86985577.4660643488 1503005.9628906250
87699195.8476426303 1553622.5527343750
90510356.2660844922 1625118.8847656250
88784065.1584181488 1600424.1308593750
88362120.2310830951 1584072.6298828125
89822284.7048594356 1623155.9765625000
89253735.3305757046 1614181.5058593750
87730618.8023049831 1555060.9375000000
87876370.3673200160 1563268.5625000000
89012634.3496687412 1606896.2363281250
88152082.6593246609 1575629.4228515625
88720184.2602809519 1597509.2050781250
85742353.4938246310 1376279.2509765625
93429722.8742510676 1627658.4238281250
88630853.5576770902 1595258.1484375000
89394177.6919172704 1616951.7734375000
88599430.6030147672 1593807.7734375000
87538219.2023598850 1543452.2539062500
88528160.4041215330 1591503.9824218750
86177220.6457906216 1432274.1489257812
87383625.4125965983 1531996.5781250000
86961520.9707481563 1501501.2021484375
87191229.4992752224 1517411.6816406250
86669527.5981067717 1477325.6455078125
89673090.1076484919 1621528.0488281250
89823244.3019244373 1623871.3671875000
85739340.9526440054 1375151.5605468750
88924487.3942386359 1604331.9726562500
88662573.3945532739 1595855.2480468750
87393023.8216474205 1533719.4326171875
86252179.3362954557 1439603.7915039062
86296551.1206351668 1441895.8208007812
87844947.4126576632 1561830.1777343750
88088201.7611874938 1572811.9248046875
88509105.0828332156 1590022.5019531250
88520007.5696144104 1591033.7988281250
88599430.6030147523 1593802.5449218750
90771966.0614870638 1626516.5273437500
86004033.3198671937 1415866.6147460938
88687577.5584448576 1596309.4082031250
85775305.7889734209 1378090.7197265625
92393756.9164341688 1627284.2031250000
93379009.8631643653 1627426.4003906250
90040681.3155668676 1624259.6679687500
85789891.6693798453 1381174.7919921875
88326020.5692022890 1583131.8447265625
90734840.1919968873 1626170.1445312500
88840531.5839217156 1601145.2148437500
88903674.3754602373 1603197.9179687500
86869951.2880917192 1494197.8349609375
86483927.1675575674 1459447.5395507812
89165588.3751455992 1611674.6425781250
88840531.5839217305 1601150.4433593750
85948899.6695006639 1403476.4091796875
86904346.9293055534 1496678.4980468750
86738556.6627428830 1484580.9189453125
86858755.3468262106 1493282.5019531250
89531789.2874942720 1619023.3398437500
86855746.8633304983 1492165.9316406250
85773027.5274754167 1377151.4589843750
86668670.4095769823 1476932.8564453125
87016684.3683744222 1508608.3779296875
86173567.4977727681 1430726.0522460938
86795730.7041855007 1489403.6230468750
85626285.8745308965 1356430.6499023438
85875695.5701477081 1395218.5263671875
89081152.0334942341 1607961.0664062500
86117313.0197365135 1426846.8022460938
89943995.6935702711 1624222.1484375000
87689797.4385917783 1551899.6982421875
86034707.3535179943 1416738.8227539062
86428905.9762564301 1456010.4868164062
89531789.2874942720 1619028.7363281250
89118775.2129002810 1608650.5390625000
89024428.0327264518 1606959.8867187500
87563565.1399335712 1543528.4687500000
89024428.0327264518 1606904.5781250000
85831896.2538898587 1385157.7783203125
86926359.2693120092 1498758.4951171875
87078593.1756806374 1509738.6826171875
86760569.0027493685 1486660.9160156250
86780984.3622175008 1487424.9575195312
89081152.0334942043 1607955.8378906250
86449374.6516929269 1456637.0346679688
86946774.6287801415 1499522.5366210938
89125906.9445476830 1608660.4179687500
90040681.3155668676 1624302.2011718750
87447644.5858711004 1536729.5166015625
87473789.1317763180 1539280.4589843750
87307998.8652136624 1527182.8798828125
87114406.2710507363 1511182.2031250000
86204366.1787287742 1432523.9926757812
87338158.4240672141 1529186.3750000000
86239028.4580299258 1437054.2807617188
87511008.6257742792 1541715.5273437500
85798751.6469800323 1381932.7402343750
85926321.6133834124 1401832.4189453125
86908502.7350730449 1498083.3007812500
87624217.4040098190 1546682.4570312500
87736415.3416406214 1556057.6210937500
87095242.0593124479 1510064.8115234375
87125975.5937336832 1512283.9355468750
86872968.5815169960 1496087.6132812500
87799558.1331791580 1557845.8183593750
86752197.7086042017 1485062.0415039062
87444646.7900093943 1536302.1855468750
87664132.2776968926 1550644.2792968750
87850857.4066112190 1561910.3564453125
85578687.6364572346 1354246.0249023438
86452418.6141392440 1458252.9291992188
85865954.2423915863 1393369.3564453125
86337576.1371202171 1446888.1674804688
86424854.4295036346 1455806.9301757812
85835280.2087408006 1392497.1484375000
85729555.5217124075 1373105.9467773438
88215427.0959674120 1578380.6640625000
86599610.9594966173 1470194.4731445312
88047967.1123451889 1570872.8750000000
86333813.0248610079 1446471.6596679688
89450456.7441890538 1617597.9277343750
86082650.7404353619 1422316.5141601562
86487580.3155754209 1460995.6362304688
87471569.6751567125 1538916.8574218750
86298936.0840840489 1442481.6274414062
86509011.0075007230 1461917.4848632812
86215860.6988267750 1436680.6889648438
88373177.9269863963 1586742.9853515625
87636713.7928202152 1547517.7246093750
88253598.2814689428 1581254.4248046875
88010343.9329390973 1570272.6777343750
86063940.9459212571 1421293.9614257812
87659484.9961872697 1548491.9863281250
87151531.0165966302 1515914.6738281250
86599295.5945714265 1470018.3466796875
87346593.6867969930 1529250.1044921875
85999305.9123190343 1412421.4311523438
86306902.1034694165 1446015.9594726562
88763432.5889699310 1599692.2597656250
86145574.6344868094 1428161.8295898438
87279634.8626888096 1524268.3359375000
85810162.6840183884 1383892.8803710938
87195284.3587519974 1519633.7656250000
86836525.7827910334 1491707.5581054688
86557866.3799154609 1469514.4956054688
86399508.5923670381 1453752.2744140625
87180803.4202343374 1517152.5253906250
89814288.4995337874 1622971.5722656250
86992250.3227073848 1504092.9179687500
86246534.7324775904 1437552.8969726562
87698712.0863319039 1553258.9511718750
86526220.3686115891 1465402.1762695312
87575306.6965905577 1546260.9980468750
89664193.3328745365 1620685.4394531250
87606689.6458520591 1546421.8437500000
87903233.5749098361 1563358.2128906250
86374300.6157060713 1450015.4487304688
87305779.4085940570 1526819.2783203125
87128325.5346438140 1514263.2167968750
86713720.6523871422 1481176.5756835938
87908090.2041961700 1563618.3750000000
86639500.0684809685 1476382.3637695312
87409516.4300279319 1534163.4189453125
87445425.1292514801 1536365.9150390625
87329928.8965765834 1527804.3164062500
87294115.8012064695 1526360.7958984375
90905094.0401916057 1626560.3710937500
87723277.7182252407 1554832.2246093750
86602240.0937937647 1471608.0932617188
87227025.1616965979 1520216.9130859375
87158040.5892700404 1516190.4970703125
87568127.7441593111 1544901.7451171875
89646756.2614967972 1620624.6992187500
89588513.2882620096 1620157.9824218750
85722261.3544660211 1366317.0292968750
89413792.5248092115 1617105.7675781250
93166779.2505124211 1627388.2382812500
89470516.5255769491 1618099.6269531250
87171317.9861569107 1516838.4814453125
86541617.4006918073 1465620.8291015625
89413792.5248091966 1617048.3671875000
90522562.5680782050 1625539.4433593750
90583866.6442117840 1625800.8339843750
89511620.5974150151 1618999.7128906250
89467646.4237450659 1617674.2128906250
90385633.2985803783 1624632.4785156250
89489576.9810904562 1618536.4335937500
89875615.0688914061 1623935.3730468750
89875615.0688914061 1623875.7656250000
92618780.0185618252 1627373.5605468750
90366730.1073291153 1624631.6074218750
89771330.6944966912 1622870.7070312500
87656854.8785389811 1547930.8437500000
86984913.7502299994 1501571.8027343750
87220626.9261014611 1519935.2929687500
87097238.9382333457 1510998.5000000000
90252112.1336157918 1624380.5917968750
90310607.4986306876 1624382.4140625000
90252112.1336157918 1624360.1464843750
90470443.7349555492 1624776.7988281250
90470443.7349555492 1624725.7519531250
90385633.2985803783 1624712.5312500000
90385633.2985803783 1624661.4843750000
90494831.2228834927 1624833.4882812500
