721989378.7857608795 9212412.4296875000
722231145.0152162313 9234326.6660156250
723378472.7337323427 9341726.3984375000
723362031.0128087997 9325448.5917968750
723874434.0201708078 9388947.9218750000
724787412.7306445837 9463614.6503906250
724177998.3972876072 9418906.9062500000
725094171.0278850794 9481361.2968750000
724416577.1582318544 9432539.7812500000
725858922.6709659100 9539318.2773437500
728505484.1965646744 9690985.0908203125
728587015.9982364178 9697236.3632812500
730539020.1953622103 9818077.3642578125
729202190.4619871378 9745646.6171875000
731816676.3301668167 9880991.4892578125
840561193.8045207262 11126762.2441406250
721740580.1892184019 9182076.3173828125
726491366.4396568537 9583738.6767578125
724738808.1905661821 9462244.3183593750
726596652.3835210800 9591962.7773437500
726078578.5984590054 9554493.2949218750
727081873.7714852095 9612806.5029296875
726939206.6707867384 9607193.3466796875
726387706.8350847960 9572598.7138671875
730539020.1953622103 9817932.8378906250
723283288.4050365686 9323238.5937500000
725194195.1657425165 9493747.8183593750
725547781.0289024115 9511947.4492187500
728594319.0746105909 9703727.6738281250
729937764.0711786747 9779827.4892578125
721740580.1892189980 9182155.8710937500
721837262.1246942282 9194454.7373046875
722381086.2359361649 9248329.2382812500
723370096.6952822208 9331876.4765625000
734572732.2801603079 9992389.7539062500
723854314.0221014023 9387080.7021484375
723951863.2497576475 9395331.2431640625
723980865.1580628157 9403408.0244140625
723953450.8442744017 9402251.1064453125
724976327.7953084707 9474948.9375000000
724872021.4342709780 9468913.2929687500
722312235.8773430586 9245347.7070312500
724903264.3239145279 9472634.6181640625
725704911.5029629469 9534567.2949218750
818723100.7989042997 10948036.1250000000
818804944.7976717949 10950740.8691406250
721235692.2614547014 9094505.3691406250
723794126.2717632055 9378246.8398437500
723847201.5292456150 9385015.7314453125
721036787.8747880459 9069217.9277343750
721200528.1586917639 9093666.7880859375
722434464.0052313805 9258026.5371093750
721687121.7097201347 9178660.6376953125
722194622.2471914291 9232022.9824218750
722845252.2584879398 9298167.2099609375
736242508.2071677446 10062621.9306640625
721066447.3570516109 9070535.2753906250
722276996.4201896191 9239696.6132812500
723470584.3709628582 9353600.4394531250
724494160.4054120779 9439654.3876953125
739632345.3890155554 10164947.7626953125
721168673.8291759491 9087916.9609375000
724113980.6957694292 9409991.4423828125
741775496.7671381235 10216117.1865234375
721137048.2823615074 9085877.1767578125
722874168.1794428825 9299961.4687500000
727258329.7447578907 9618698.3808593750
739390335.9849781990 10156877.6630859375
723699696.5864381790 9370509.3173828125
725162623.7415724993 9490818.6064453125
725897791.5743350983 9542253.8232421875
739104903.9474794865 10142212.2236328125
722231145.0152159929 9234325.3281250000
724470804.8862093687 9438006.5722656250
727526392.9956468344 9636424.2421875000
728948080.0099796057 9725045.4833984375
726788507.9364681244 9598676.2548828125
721473538.0540441275 9145539.5712890625
724398363.9899618626 9429363.2089843750
729849161.1239783764 9778919.1464843750
722083958.7080571651 9219921.2226562500
721968921.3821990490 9209546.0527343750
737591315.0404363871 10096004.0683593750
735682018.6103141308 10037952.4873046875
722992991.5158070326 9306812.8154296875
727881997.1748961210 9664496.7187500000
727557160.6889178753 9642293.3886718750
827705644.5789308548 11029207.1855468750
721190541.5513241291 9091523.0712890625
721513010.7541902065 9150984.4951171875
721707572.2461063862 9179751.4169921875
725858922.6709657907 9539291.7714843750
728994600.7181981802 9729124.7197265625
735795318.9652054310 10040698.0380859375
730132567.8162676096 9800078.6406250000
721385978.2990210056 9135653.3203125000
723104846.0046490431 9309813.2070312500
723155210.1878023148 9316074.3144531250
723127149.0962674618 9313822.6054687500
726027636.1822458506 9551913.5576171875
735851793.0372381210 10043247.9951171875
730287521.8292809725 9806657.8134765625
798675704.6604218483 10778848.8066406250
746486536.8042749166 10297238.9550781250
745905894.6930663586 10287207.0058593750
722743298.5310770273 9289396.7011718750
730029585.3305780888 9794257.3974609375
770777507.3168920279 10619755.0996093750
721337176.5299104452 9112406.7119140625
750211673.3007181883 10370105.8320312500
737642042.5119925737 10097938.3476562500
738230680.1758967638 10114721.0488281250
834880453.3560872078 11077719.7617187500
724409464.6653773785 9430534.9677734375
721535198.2123417854 9158385.2041015625
731879186.6387884617 9882849.9394531250
734346344.5829766989 9986317.5126953125
722495510.5352553129 9262198.1308593750
731488448.8962622881 9862534.7597656250
766878175.8709744215 10547384.5195312500
734205874.2818287611 9985103.2929687500
726440129.2830144167 9579815.2539062500
764468955.5898886919 10509947.1093750000
755236707.2332646847 10464576.6250000000
721250046.9736517668 9102059.6708984375
726141540.4796787500 9555361.8476562500
723642434.9384269714 9366909.9804687500
731704522.9981651306 9876125.0742187500
739667957.8871113062 10167234.0400390625
729477537.7658246756 9762469.0742187500
735417835.3954401016 10027691.6787109375
721300076.4477387667 9104200.7617187500
742848969.9298460484 10240236.1328125000
735079364.4517972469 10002260.6728515625
818292777.6670715809 10930724.9082031250
756147719.9614809752 10465992.5957031250
786957465.7898683548 10721218.0742187500
786585790.5807404518 10720966.0292968750
725384701.0703661442 9501463.3759765625
734662509.4418028593 9997125.9267578125
727705674.1973189116 9654826.8095703125
732384869.0784314871 9911484.1660156250
731729320.8537775278 9876221.8984375000
750364036.6280096769 10370764.5468750000
770714170.8700472116 10612250.7128906250
727569401.5239560604 9646539.1621093750
727912616.6231305599 9665918.9824218750
732106171.4243800640 9904131.6865234375
734058774.9714698792 9978611.2539062500
771276466.8030222654 10634602.0625000000
725932880.3515157700 9543575.0791015625
753082079.3596159220 10425956.4023437500
735219039.1683036089 10016493.4101562500
738335093.6447987556 10118347.2363281250
735244687.7385555506 10019444.9375000000
728684625.9627873898 9704392.3818359375
731220786.4021625519 9846614.1718750000
731768765.4439964294 9877004.7324218750
805507122.2762613297 10851862.7089843750
805271134.0147025585 10848967.9414062500
735039074.6991783381 10002240.5605468750
840346649.3611007929 11118587.5468750000
746982429.0765634775 10304907.4980468750
752313406.5188006163 10403471.1699218750
751619506.4494957924 10398492.1250000000
728205965.4836311340 9687864.2841796875
728163896.4244014025 9684857.2763671875
728025019.8790663481 9674794.3925781250
776308490.3341802359 10656709.1074218750
746921100.5527931452 10302311.2988281250
727625696.3182104826 9648993.1914062500
736051878.4985302687 10045538.2490234375
728784275.4985226393 9708365.4619140625
770899249.2333379984 10627951.5058593750
746310086.2348283529 10291291.0488281250
747044864.2777494192 10305380.7363281250
740193532.0645390749 10172089.7207031250
754563620.7139670849 10461616.3613281250
747215685.1388235092 10309839.6796875000
826394463.0783712864 10997891.2812500000
743795802.8680390120 10255234.3730468750
730703331.1354545355 9823957.2802734375
739500570.9941204786 10156926.7626953125
728956218.4491329193 9726564.5087890625
812816251.7679949999 10857853.9804687500
812947391.2130669355 10859354.3281250000
731025849.1170574427 9837376.6816406250
733274242.0661125183 9948004.8769531250
743474125.3612458706 10251337.7539062500
728098695.6912565231 9678845.0908203125
740744179.8948326111 10196328.5302734375
770821343.2628066540 10620453.5234375000
732789238.9630225897 9918600.4970703125
739751343.3129065037 10167383.7080078125
741628775.4687765837 10205410.5820312500
742543632.9432586432 10235156.4941406250
730807770.5572236776 9829947.2597656250
747339453.6934286356 10319293.7226562500
742775182.0567511320 10238396.3066406250
742515466.0708945990 10229278.2656250000
727336227.5107823610 9632740.3417968750
736077073.1753473282 10049650.3955078125
729054884.3624073267 9730135.4238281250
731536476.7302083969 9862557.4707031250
742936376.0246740580 10240688.3730468750
737328412.7881021500 10085815.0458984375
768685541.6825687885 10586404.0585937500
769749567.7820340395 10591646.2929687500
784937270.0571219921 10713661.5664062500
816744696.9011696577 10923834.0839843750
742200018.7151979208 10221384.0292968750
736541439.6379541159 10072298.3554687500
769639443.1343814135 10589477.0664062500
740169724.8765481710 10171974.1513671875
771083006.1949772835 10629806.8398437500
727938974.0974541903 9667565.4257812500
747232643.8567237854 10313387.8750000000
743072413.5781157017 10248481.2773437500
729664972.3326871395 9773615.3867187500
747224438.4806008339 10313003.1425781250
740428015.0423632860 10183358.2470703125
812950996.4297144413 10895013.1601562500
813089175.8323950768 10903410.7480468750
737910705.8210461140 10108880.4423828125
729610706.6884371042 9769647.9697265625
729401394.9453852177 9758284.8535156250
737361027.9867409468 10092657.8144531250
733439638.2431048155 9950931.9580078125
737975544.1152973175 10111018.1181640625
737053289.7567950487 10074479.1582031250
817662799.0371977091 10929188.4472656250
731448150.6843203306 9854754.2402343750
840236742.5924829245 11108584.7734375000
768899281.3564317226 10586438.4550781250
768315225.7171834707 10576235.7636718750
740543055.7123171091 10185437.6474609375
732996735.5457746983 9932644.1562500000
732812525.8051805496 9921838.1757812500
733670636.2982707024 9964047.0156250000
748587924.9537349939 10342736.8730468750
820076924.7974489927 10961677.2011718750
820162892.9492532015 10963515.6230468750
744102061.9556617737 10271061.1738281250
729210093.4125354290 9746530.5722656250
733670636.2982707024 9964031.7626953125
732877992.7182077169 9927154.9169921875
733510181.4212954044 9957396.9882812500
826912952.9109675884 11024872.7519531250
745619759.0092140436 10284714.7851562500
754306323.9894751310 10451631.5195312500
748028304.9397525787 10330177.1132812500
824834494.8370565176 10977024.0761718750
824372837.7051531076 10974354.4160156250
754413120.6519409418 10454890.4882812500
812330230.0647422075 10855365.5224609375
738554244.4245494604 10119624.8417968750
754012870.0681791306 10444348.6054687500
738788983.5303647518 10127090.1054687500
770452190.4694938660 10611754.9667968750
770738336.6306176186 10619493.9785156250
753056290.7463223934 10412730.2363281250
753794493.2063817978 10440989.3769531250
750600863.2676751614 10384720.4414062500
750433381.0182716846 10375035.8613281250
770718790.0142569542 10613985.6347656250
766321634.5077791214 10536833.2285156250
766867321.3135954142 10537604.0605468750
758460381.0723832846 10503520.0703125000
744017318.1260386705 10262360.8554687500
753698815.0665763617 10436571.3437500000
824657758.7782638073 10976575.0937500000
797221325.8145439625 10764858.0781250000
748107712.7654740810 10333569.6679687500
753555472.9300892353 10436207.7304687500
744805236.0105165243 10276983.7773437500
802929294.1342146397 10828881.1308593750
750956498.0489120483 10388854.5527343750
765299161.4159078598 10515073.2460937500
752381045.5099816322 10410701.9667968750
770017739.3798238039 10594147.3144531250
770090457.8489737511 10607602.6777343750
770029718.5164024830 10598548.9902343750
802346618.0775166750 10799317.0722656250
765644834.5357214212 10517059.9394531250
756275046.0933704376 10466131.4726562500
748930800.6486803293 10347540.0644531250
748545953.6779356003 10342237.0917968750
748013715.1835962534 10327355.3457031250
766094941.7770658731 10519877.1015625000
782245336.1208515167 10656725.3027343750
756903579.4150997400 10482551.6738281250
756730461.6183012724 10477621.8632812500
796193141.6865283251 10736819.4179687500
758084945.5433111191 10495892.8535156250
796767817.3253976107 10747380.6445312500
767836205.7396684885 10575418.4082031250
767330080.9921723604 10569706.4121093750
784106715.9910807610 10681001.9628906250
766280782.3116804361 10525042.5000000000
760941317.4959824085 10507563.3476562500
