133994850.8223298490 103326.0272741318
135267365.8150050938 121045.8424606323
134485835.8567726016 111652.0424184799
136357273.7450816333 132998.2663421631
134548108.0686360598 113054.6929960251
137022228.7292332947 136902.1885070801
135373993.2373317480 122141.4293432236
134647665.9923177361 113752.0388936996
134045328.8079688251 104995.2363729477
134362550.6161941886 109843.9865674973
136819317.9205926955 135920.6454467773
135075358.5414882004 119141.2009725571
135974243.4130854607 128717.5192565918
136041008.2205383182 129942.8818054199
134545023.3627661467 112692.3539113998
136279816.1211378574 131991.8765182495
134363072.7088552117 110012.8074712753
133719656.3014614284 95460.2884740829
135136282.3275674284 119438.3309545517
135829380.9000214040 127344.9281616211
134223646.3522144258 107786.9830160141
134704554.3815166354 114985.4044599533
137686633.7701244354 140114.3013916016
135819725.8189601004 127037.5579366684
135360567.7749046683 121832.7309637070
134158978.8069411069 106427.4771642685
136570783.2240161896 134304.4577636719
133942429.1441712976 103288.7009725571
136769126.5167266130 135521.4461593628
134165603.4072710723 106779.2973318100
135740318.0861933827 126455.2141637802
134734773.6249722242 115481.3909444809
133785585.6065567583 99721.6279592514
135210728.5659573078 120417.0516576767
136503350.4014029801 133939.8280334473
134929786.6960375011 117159.7080640793
135199178.2641263008 120021.1959571838
135502429.7341836393 123768.7120885849
136159475.3149400353 131049.3806152344
135907858.8201718032 128069.7100219727
134910238.0291263759 116945.1699972153
135321982.9983987808 121505.5966863632
134339255.7608814240 109744.8697423935
136723076.8561542332 135195.8635864258
137062089.5180443227 137626.9703674316
135661840.1660429835 125730.4323034286
137515209.8749248981 139730.1639404297
139795871.1153747737 141685.3429565430
134803491.0807183683 115529.3353652954
136062819.5124140978 129959.9690246582
134437301.7893266082 111293.6219701767
134585724.8792939484 113334.5829267502
136993376.1265844405 136751.5056457520
135800373.1861872375 126674.4988250732
134945353.0399973691 117465.3164901733
137989626.4831624925 140682.2064208984
135062013.6530315578 118892.2252874374
135520912.6380375624 123949.1243667603
134322613.7130779326 109207.2045125961
134732946.6887924075 115146.9534749985
134981542.3089714348 117654.3717412949
135431930.6600093246 122557.9448318481
135729002.4991804957 126145.6439514160
134403161.4034871757 110756.3727865219
135447088.8422051072 123080.4169158936
134657971.9153560400 113922.4610128403
135497094.0723051429 123597.3494911194
134999974.8494765162 117903.8463125229
135163685.5603286624 119610.1712331772
134506095.3334575295 112235.9544591904
135377890.6826532185 122400.3721389771
135305809.8253440857 121289.1418685913
137393162.3823173344 139175.7225952148
134813853.4151899815 115535.9750585556
135485214.0472520888 123369.5128011703
135199389.7504707277 120029.6825561523
134261820.3125794232 108094.0482091904
134219324.6134558916 107486.2994375229
136093322.7122220695 130146.8797302246
135916684.3690299392 128168.9405059814
136684615.1148003042 135078.9437866211
135178835.9863975048 119677.8813085556
135061199.3113282621 118661.3976173401
136292839.4302329719 132138.7927856445
135718475.5991692245 126060.1821670532
136083944.4022574723 130031.4302368164
137340698.9222082496 139162.2589111328
136303123.0965591669 132391.0758056641
134138836.1229871660 106193.2206029892
135918547.1876518130 128404.1474914551
134904831.0228738785 116797.5215215683
133733297.2803397775 99070.2212285995
136224645.1764087677 131666.2939453125
135680565.5036689639 125918.8477439880
134456900.8302127421 111509.0562620163
137026843.4261885881 136942.2990417480
134862142.5519188941 116318.0940237045
135232060.8802757263 120530.5435256958
135551117.4564034045 124276.2229537964
134163776.4710912406 106444.8598623276
134141545.7132771760 106309.9872503281
134431649.0950676203 111257.2337560654
137628738.9931957126 139743.6276245117
135783521.7372319400 126587.4343032837
136017701.2451170087 129543.6825180054
136414959.0889039040 133372.6188659668
134913885.4610399902 117022.8042898178
135560165.8358022869 124432.8994216919
135906653.3514756560 128008.1336822510
134816335.6564536691 116265.4003095627
135142298.7913468480 119513.8890066147
134398766.4789182544 110747.8861875534
136201338.2009874582 131267.0946578979
136563306.3041780889 134214.3205261230
135823152.9980612397 127090.2365112305
134021914.5118122697 104508.8787374496
134102790.2397891134 106022.3897924423
135060968.2736420035 118532.9914970398
134579163.7486056089 113229.6030950546
134989545.9333721995 117734.5843496323
138320028.5267904401 141091.2037963867
136603879.6122343540 134921.3710937500
133798740.2487124950 101018.2823781967
138629803.3455975950 141377.3772583008
134862194.2476799190 116434.9262037277
134546281.1324562132 112720.2555265427
135448170.5952724218 123099.4542770386
136484828.3840276897 133489.5386657715
135256543.4138221741 120864.9809951782
135224107.7424664199 120483.0217590332
135976106.2317074239 128952.7262420654
133774507.0428196490 99556.3052816391
134247812.3050363362 107987.1604070663
135391471.3121350706 122492.2637405396
135218455.0482074022 120446.6335449219
135191225.1263170540 119973.6741905212
135647182.5683848560 125202.6743774414
133763477.2149899900 99121.1661367416
135458672.4846608639 123132.4786596298
134293830.0517863035 108721.1095800400
136780868.0071813166 135646.1529541016
134404419.1731772423 110784.2744016647
135961123.4212034643 128705.9434509277
137307170.7934580743 138960.4743652344
135855922.4626126587 127581.9623031616
135653923.1323099732 125345.8871612549
137872166.3805514574 140138.1442260742
135707299.2931692302 126048.4180335999
137049360.1565454304 137254.1494445801
136258719.9268277287 131774.1624755859
136348910.5588424206 132467.1220092773
137056003.8568508327 137455.9339904785
134597203.5008893013 113527.6523504257
133770851.2324560732 99446.4122610092
135806828.7126532197 126986.6335906982
134573511.0543465912 113193.2148809433
136673279.4779008627 134960.6566009521
135734338.8346937001 126284.7215423584
133893707.6325077415 101324.6054458618
134702548.1034114957 114650.9669904709
137199333.8003758788 138450.9407348633
136875369.6013665795 136744.6158142090
134540628.4381972253 112683.8673124313
135235609.1207011938 120768.4837179184
135435224.9294279814 122994.9551315308
133838077.7217809856 101238.8053884506
135315390.0693663657 121367.6723861694
135112711.1827630997 119249.2757034302
137300341.7053956389 138545.3455810547
135879229.4380339980 127981.1615905762
135548052.6130008698 124115.9989843369
134304038.4156737924 109027.8871030807
135810355.7470558286 127009.5034027100
138921910.6470789611 141652.2008056641
133744800.7927186936 99113.7964315414
134219383.8133964241 107742.3888769150
135593008.2550744414 124543.7073593140
133923505.4228729159 102724.8177785873
135256028.4224822521 120768.8516006470
135204830.7325522602 120110.5518255234
135616315.2304956913 124942.9066467285
135041210.3539662659 118411.9548406601
135332611.8966745436 121674.8822441101
133764387.9413393587 99123.6893758774
135576029.7031911314 124500.7623291016
135755458.1438934505 126466.8549804688
133927186.4485678375 102788.8796529770
134478893.1836479902 111532.2923917770
134296673.6516905427 108901.2521867752
135863500.4691297710 127759.7233047485
135034118.1437287629 118398.4911565781
135325567.9029837549 121585.5535879135
134197457.7261813432 107257.2898283005
134335204.2881891727 109261.8737974167
138303686.7684097290 141075.1778564453
136143300.2140395045 130654.1999816895
136129427.9530959129 130553.6958770752
135895169.7201852500 127981.4666061401
134674231.2405452132 114321.2251615524
138639727.1873748004 141640.7857666016
138156145.3335059285 141073.4703369141
139301193.7913838625 141660.7670898438
133723397.5839298666 97250.5781698227
135472958.7410437763 123145.4837493896
135276915.7979254723 121210.9959182739
137935226.5899122357 140505.5653076172
135873353.7565007508 127885.6911773682
137875154.0868675411 140172.6727905273
135426986.6336274445 122538.2404251099
137010665.5746349692 136888.7248229980
139780389.6090168655 141675.2785034180
135775106.0956777334 126531.0255889893
138560535.6725739837 141235.2280883789
135597944.5185433328 124583.0740737915
137156818.5258021057 137793.7990722656
137275865.6383387744 138490.1580810547
139581849.0908382833 141672.1821289062
139603201.3646279573 141673.1675415039
138540199.5658679307 141204.4035644531
139569125.5527483821 141665.3616333008
139689549.9705313742 141673.9279174805
