153371552.3336712718 182173.1408921182
153321864.2207013667 180232.7742626816
154726361.8398288786 237394.4210653007
156844995.3603686988 290034.2270594835
165204472.1992381811 367540.1652014852
153511021.5626527071 190365.3264650069
197269552.9075275660 550719.1373291016
153263529.4035922587 175536.8162617646
153415235.6713110507 183299.8980860673
153287914.1620571911 175573.8574032746
155728122.1877551973 266812.8312995136
152387309.0965006053 112375.7808857244
161272207.4714332521 337893.0132446140
197438521.3498827815 555955.9033203125
197331031.2851061225 551977.8093261719
165198130.9248051345 364956.5221641313
153711283.7368744314 198565.3304146230
153247966.1748864949 175150.7213253677
195646259.5501017272 541612.7612304688
156346847.6451978087 280491.0490313768
158295458.8868769407 313408.4132593125
161002563.0064598620 335514.7363719940
167823021.8780208528 394853.6728399470
155678954.5067019761 264256.6750495136
153014844.2635230124 159849.7302708328
153035855.5472779274 159958.0382179320
162994484.0203573108 358548.1323502064
153241196.6889954805 174574.5224651247
180914460.3282504976 450626.2457084656
153173084.5886658132 167715.5889991820
153021378.3209470212 159952.5071748793
153045763.0794119537 159989.5483163893
154747985.1656066477 237485.4962300956
153584228.6186471879 191601.5314517915
159599851.5719706714 320555.9373610616
159739790.5722574294 321712.5079177022
196378339.1830422878 548339.3935546875
152448901.5760284960 119934.8536877334
198059636.4236845374 557330.9331054688
158841317.3161173165 319093.5461031646
161932270.1954319477 346925.3830735683
153149391.8725588322 167607.2810520828
153214946.9277565777 173209.1888040006
158499209.2043341100 315578.9249780625
197954068.6234785318 556811.4306640625
153983014.6999708712 211350.6825807989
153692864.1190577447 198410.7145579755
155522690.4125605226 263600.0393418521
152652824.8592574894 135571.6631438434
164830323.0179833770 363064.9678152055
152936277.2437202334 152169.0489783436
153651231.7219571173 198074.3373910151
153368251.8072227240 181538.3214279562
198155091.8148610592 558431.6884765625
153166550.5312418342 167612.8120951355
152480155.9371863902 120859.9160668552
152974856.9136998951 158944.2266248614
153120591.6481272578 167503.5630431324
162198763.3036260307 348399.8830670491
152417823.1182081997 113102.3652856052
152586310.3056425154 127792.1149951518
154702598.8881005645 236792.7007387578
152579180.1750578284 127692.4285346549
168790323.0883184969 405869.7631378174
152808496.6834197640 144284.1048378050
153088219.0624020398 165404.2640594393
153449729.1172029674 183636.2752530277
176866494.5869592726 445275.5427547172
176593148.9771857858 443963.7887111381
155955502.0577440858 271933.5761725605
162720228.5912005603 355786.7948463956
153724438.7779515684 199310.5423777997
152456392.9854580164 120767.7387898844
155281582.6709958315 252138.5324913412
152763456.3075442314 144163.0903849304
158810735.4937788546 318372.4445093125
162345991.8258663714 350407.0412857533
152628440.1007925570 135534.6220023334
168195985.3310394287 398378.6198614314
152379686.8316443264 112177.3029064834
190333180.2691045702 513988.0095825195
154846192.8446287811 243325.9536771029
162598156.7533479929 355687.6593702286
152605349.3628951907 128525.1677403152
152813706.5826108456 144528.5966588557
153482212.2052881718 187881.9986928403
167697402.5058124065 394108.1451492906
167324439.0527938604 390583.1981278062
152902037.9706266820 152021.6153378189
154847066.2006914020 243592.5186708868
153381406.8482998610 182283.5333911330
196293612.5547419488 542734.5114746094
154910890.0763213336 244202.0994472206
154824250.9062225521 243030.3730001152
156346078.4334870279 280027.5766608417
155097207.3644164801 251034.1792849004
155295606.7161062658 252290.9492807835
154545976.8570106030 234574.7950693071
157980328.2541322410 306369.3886573017
156024234.3918833137 274489.7324225605
155069228.5041095316 245268.9019413441
166978508.3467555344 385553.9759392211
166123056.5463809073 377700.2336920351
155310310.9752584994 255370.7449655980
152736644.7449481487 142930.6481976211
153600852.6191668808 192288.1228110492
190127922.3081831634 512157.2259216309
154156629.3545828760 220223.5595041215
152933173.7990707755 152073.1657175124
152908789.0406058729 152036.1245760024
153254717.2448657453 175165.2305635512
152726737.2128141522 142899.1380991638
153534784.5143811107 191051.9178242646
153890933.1911672950 206895.6700693071
154329426.5764473677 227552.3755025566
155768968.7025027573 266821.3190868348
153010950.3371912241 159783.0534033924
153569277.9602729976 191388.2949912250
153355157.0870609581 180918.1997300088
154123224.8592752516 219059.6935068071
162396886.0497381985 352394.5813248158
152986565.5787262619 159746.0122618824
152425138.6243000925 119842.6764107626
152712259.9864832163 142893.6070561111
154870829.1524197161 244194.2389974296
188007830.7669848800 510654.3714599609
152537440.3288936317 127600.2512576841
152792400.8652557135 144242.0027815998
182099371.6639505029 456135.6438491791
152839363.9062654078 151878.0689816177
155719988.9345625341 264265.1628368348
152882018.6542811096 151920.6411661804
152863748.6647303700 151915.1101231277
153237674.1352815032 174356.9695069492
154026120.9544570446 213867.1955165565
152558219.6275045276 127610.0070757568
152739071.5490792990 144126.0492434204
191524403.2925625145 517338.0926208496
152444524.1708543301 119912.0943783801
152779142.1908619702 144211.5933651626
154184959.2638565600 220752.5575704277
162939222.0411100090 356942.0871841908
152611967.6292970777 135141.5873179138
152803526.9493269324 144248.6345066726
153231570.9282762110 173895.7801632583
154056910.4517754614 214323.5693918169
155071014.7759388387 249933.8857782781
166930159.4027081728 384425.1914666295
154628663.2623933852 235363.8973836601
154288353.7097359002 222442.2067708671
160457970.2612529099 330905.0629697144
162020257.0599660277 347867.6552994251
156215326.2767121196 275260.7225590199
152923266.2669368088 152041.6556190550
153257820.6895151436 175261.1138243824
162919071.5198462307 355793.2686798126
152892693.2224418223 151994.0225197971
153001042.8050571978 159751.5433049351
153811570.6379662752 205374.5135208070
153508461.9665270746 189247.3323539644
152944583.1341978908 158901.6544402987
155104598.7918009162 251097.7517755926
155405868.9893958569 259090.7672129124
153110619.0170542598 167393.1705441177
155356889.2214556634 256534.6109629124
157551000.7643457949 298642.9565020800
158578685.1458144188 317788.5806444138
159938749.4615097642 329012.7861497849
156716153.1112031639 283870.9016113281
154972062.6206785738 244388.8421598822
158145288.1871730685 308058.7374780625
158563055.7856058180 317749.4923608750
158156412.9420937896 310198.3683374375
153886852.1639191806 206567.0193867646
158196011.0215710104 310614.8937280625
157817010.0137629807 305651.0437255800
156681017.3271786869 283127.8549395800
152394060.1664797962 113010.1880086344
154057695.6133509278 214767.0233363807
162206945.8810831904 349184.5364029408
153851493.8961788118 206274.3413406312
153401279.9846149385 183294.3670430146
153836660.1997875869 205773.2675683461
157009445.0275654793 290885.4057208300
152510830.9702781141 121124.4068913162
153785425.7913930416 205038.1363538466
179378396.9607692361 447376.8955145404
153638598.2205147743 197329.1254278384
154956110.1800450981 244297.9338434637
188914585.7036108673 510952.8628845215
152976592.9476532936 159635.6197628677
157102031.2363739610 291036.5437308550
153467348.0894007385 184530.5720297992
154195206.9467451870 221288.3421773612
154807539.5199677050 237994.0075521171
157716651.1807360351 298678.1658469439
162950375.2750215530 357164.6911880970
156238645.1592668891 278544.4123542011
152698370.2364290655 136371.1174065769
154323632.1557066739 225576.6384725273
154231537.5100536942 221916.4235677421
152853841.1325963140 151883.6000246704
155127737.2772242129 251951.7897786796
153896110.8929994702 207009.4725551307
159437792.0191503763 320089.1246306598
156232363.8661593497 275410.4139834642
153132921.7565852106 167509.0940861851
192804706.3680103719 521953.1833496094
162578539.2599849403 353452.7962821275
160580844.0517056584 332447.2416735888
182930675.1143091917 462991.2818756104
153991627.5085651577 213530.8183495961
180702183.2103769481 449962.8661709353
162348196.0861294568 352373.3226493150
154498581.2109276950 229673.9743489921
156873137.6464827061 290804.7560626268
160680531.5387099087 334173.3549043685
161813742.7639132142 345695.2455008775
153919216.6417913735 207015.0035981834
192301366.6420849562 520039.5674743652
152837179.6976659596 145083.7820925415
152597596.2334448099 127808.6442429721
153481825.3157316744 184536.1030728519
166764220.8024789095 382866.8998402357
166030302.5666783154 375077.1733865738
154104273.8595481515 215388.3520650566
156420167.9041789770 283047.2052813768
154376004.8226445317 228716.2414998710
186264134.3001281321 496971.6371059418
193201085.7494417131 522896.7742919922
193684928.8254966140 524662.8892822266
186156989.8750500679 494972.7166023254
185564290.6408351362 493628.9053077698
193847858.9962115884 526512.1137695312
175160263.6540238261 420745.8579313457
159253657.7256766856 319380.4783599079
159797513.0766072273 325030.2272253633
174492591.1744689941 418413.0485048294
174196499.8502495885 414256.6526090801
159778987.4076225758 322876.1576127410
156381864.3101700544 282247.2832038105
195487802.2634762824 530251.4219665527
156779413.1434914470 290004.8339850605
156736280.7777818441 284004.9381304979
157288706.8070060015 296459.9015615433
154940753.7615174949 244285.3141622245
157477134.5306267142 297919.6733503342
155858412.9270760119 267689.9144904315
154643334.0786646008 236527.7633809745
179084136.0916770399 446509.0656195208
153769058.2457043827 199873.2505025566
154449310.6807923317 229644.7307338417
157248442.2946317792 292666.7556221038
154498866.7660737634 229727.9454488456
153965794.8879885674 207636.3323268592
155798191.2116725445 266852.9411246479
154439275.4735503495 228770.2125997245
154440634.6181786358 229099.8640584648
156770495.4271143377 285061.4845693558
181194280.5910151601 455002.0415800810
154979351.8642673194 244603.7998020351
155722028.3408775628 266634.8864574432
182975616.2139437795 476887.7586523294
182319366.7859523892 462078.1658191532
155489101.6685531437 259745.6209965199
154625705.2239174545 235044.0163515061
