371233539.7849317193 1929869.7445220947
372351956.2858576775 1960923.7529449463
383476814.9675891995 2149335.3081054688
363497986.4642311335 1612637.6193244122
368333977.7549791336 1837101.2804489136
367989459.6767426133 1821645.8468551636
367427294.0707272887 1797615.0549240112
366915660.7787925005 1774234.0625343323
366335469.0419620872 1746824.5550556183
367724226.3890696168 1814570.3548202515
374885708.3599626422 2014180.6645507812
371557207.7340160608 1939338.8678264618
366627382.1544132233 1771370.7243995667
368878581.0874378681 1851511.3835983276
369349124.2324939370 1867652.4473800659
372382449.5127646923 1963825.8086090088
367997485.7427290082 1824744.3380661011
367209694.8228353262 1793321.3413314819
372124655.0769378543 1953621.3299636841
373871295.0513369441 1989682.3009033203
380360245.7183427215 2111568.3507080078
369774202.1401942968 1874050.4611129761
362805946.1457047462 1574298.7933356427
366402233.4118263125 1754064.0376319885
385029082.3250402212 2159142.8764648438
370229515.1678773165 1888330.7669601440
367636492.0116109252 1805429.5708847046
374555112.4580827355 2004714.7915039062
363577617.1898384690 1615198.0101992749
371426029.5602689981 1931286.5771560669
365155617.9431111813 1702185.0081939697
369242950.0783783793 1861379.2854537964
368127526.9108080268 1836850.0929489136
380400568.2960329056 2111915.7377929688
370857128.7339122891 1911957.7113418579
373048416.3554436564 1975112.2149124146
384055386.0762931108 2154719.0942382812
372072536.4696884751 1950719.2742996216
374330270.9499708414 2003789.9844970703
362972285.2695800662 1589267.4030768536
363093371.3664777875 1597256.8127448224
381874111.6688706875 2131920.4340820312
367498518.4105316401 1803352.2438888550
364138132.7264207006 1653796.1428286694
382146528.3551971316 2141596.9399414062
362838674.1612739563 1575061.3734194897
364599403.3162938952 1681461.7113101147
369036499.2342073321 1861128.0979537964
374129649.3841828704 2000097.7618408203
378123300.2501654625 2077204.7510986328
367129932.7377586365 1775735.0132064819
371310611.9000512362 1931064.2159500122
369469567.5258300304 1870232.1553878784
363401787.6026105285 1608702.5888068341
365246124.8624673486 1706444.4069099426
368108325.2261468768 1828267.7110214233
363316599.7015600801 1601944.0805728100
364035103.6585146189 1640505.1931216381
364737846.8863812089 1687412.7427432202
371647103.9123010635 1943421.1583328247
364563225.9917814732 1678708.8610210419
369749306.1354948878 1872163.6469554901
375170081.1647236347 2025576.4836425781
364308914.3756668568 1655570.9265811108
364376006.8433955312 1662312.8201357983
375166248.7160433531 2025430.7990722656
362043178.3874018788 1526609.8878237866
373201435.3786764145 1976972.7231750488
374916201.5868697166 2017082.7202148438
373553829.3047843575 1988499.3787078857
368094731.7325150371 1827719.2482223511
384578902.1628314257 2157312.1113281250
374585605.6849898100 2007616.8471679688
380669562.1274502873 2114126.4277343750
363792402.5863536596 1629808.2153937481
368729746.7320936322 1850594.3461227417
367308435.5766739249 1796245.6823959351
370863068.7609164119 1914779.3285293579
369667274.5524271131 1871221.0562057495
378113860.4782763124 2076781.6632080078
366237142.2076931596 1743811.3940982819
386791928.3639728427 2162011.1933593750
369668260.3172119856 1871777.9117965698
362714821.2941046357 1566117.0271670483
379516363.2947170138 2098945.6770019531
363257833.4378412366 1599454.1369635724
365216291.0754203796 1702584.5212612152
371194057.3731957674 1929343.3249588013
371777492.8135849237 1943961.9123001099
370850303.5244075656 1908294.9172630310
366544641.1148391962 1755095.1397228241
364318044.6539685130 1660310.9818563461
371163564.1462889910 1926441.2692947388
362325052.7976620793 1538377.2174136303
379789759.4915503263 2103809.2163085938
380281212.3711313605 2111536.4985351562
365731646.6238588095 1731562.6713705063
369789091.7417554259 1880975.1011276245
366286943.0369690657 1744966.4482908249
376689536.5638357401 2048552.8886718750
365514798.2793818712 1719626.7104978561
365252650.6784001589 1707464.4039897919
375066821.4773927331 2022808.3020019531
368002905.4839014411 1825160.2788925171
365536641.7443203330 1720406.5128482878
362772876.4752187729 1570724.8847109936
381653024.7298721671 2131391.4570312500
366589418.5071642995 1755256.9673595428
364476972.5937173963 1667066.3906924389
365893626.1036561728 1733990.5576658249
365904326.2720026970 1741101.7123298645
378176886.0279381275 2078370.4219970703
365741077.2780633569 1733267.0956306458
366025196.2272008061 1742877.1377506256
371494824.8442453742 1932924.9349632263
380937309.3350412846 2123314.5249023438
365571922.7196381092 1726230.0892829895
365304685.3561511040 1715786.5067634583
372785119.9046016335 1966677.5667800903
364028707.0011947155 1636935.1513719559
379629340.8185322881 2099590.7373046875
371854938.8443015218 1947691.0399246216
370837161.4671724439 1907355.4074783325
374457897.9584323168 2004271.8135986328
374127355.9270863533 1995628.2413330078
382444619.1489128470 2144481.9609375000
376205158.9399348497 2035679.1173400879
368420204.2455213070 1843993.5171661377
362787861.5773646832 1571526.7288272046
372340065.5978322029 1954526.4325637817
375502991.0750882030 2028609.3776855469
364922954.5063957572 1692584.1203823090
372671215.8743015528 1964183.1749343872
375762327.0092425346 2031878.3330078125
375239243.2733699083 2028067.9895019531
366387514.8939556479 1749914.1440982819
362637055.8159273863 1557941.3180606030
372844050.2929537296 1967416.1718521118
370366269.9408892393 1898222.0521316528
383330161.6994102001 2149024.9160156250
367868841.6326435208 1820612.6867294312
369958735.3096839786 1885829.3797760010
371498079.2309491634 1937241.7649002075
378703505.5278626680 2087798.8898315430
365067661.5354360342 1700573.5300502777
365009270.7909931540 1697993.8220424652
363242000.9064620733 1599267.8039557599
380096191.4199663401 2109647.0161132812
365154153.2503697276 1701950.3495666087
376241986.3538500071 2039780.3941040039
364414534.2844387293 1662759.4728839062
375900438.7908674479 2033908.3698730469
379764094.8211722970 2102804.2158203125
377654508.4972104430 2070800.1700439453
377765503.7496125102 2075479.5772705078
373024584.8859750628 1969080.6436233521
379799046.1678560376 2104187.5048828125
366622363.9016302824 1755395.9077701569
375940824.3079526424 2035252.8083496094
363168789.6514131427 1599061.1989752911
375058795.4114059806 2019709.8107910156
380689909.1237385869 2118024.3530273438
372846517.4119172692 1968459.7666091919
370998836.4445782304 1921879.9587669373
370546394.4251977801 1902597.4518089294
377150958.6772494912 2064058.3991088867
373967949.7927650809 1995143.5168914795
378458783.3836389184 2083006.7047729492
379991826.2359768748 2104453.3764648438
362878585.9699625373 1582646.6075503491
376323030.4280238152 2040095.4390258789
366190910.5825870633 1743356.4131412506
374543231.8651553988 2004691.6422119141
377583544.1998190284 2066895.1437377930
375703592.8445709348 2031543.2258300781
373402687.0927222967 1980600.1275100708
373249037.9212313890 1978804.4375686646
370240341.7547223568 1888750.4436607361
378260506.2677796483 2078478.3072509766
377544866.9239361882 2066025.5455932617
382646685.8933393955 2145126.1210937500
373528169.8509341478 1983249.8723831177
377453325.7549310327 2065286.0431518555
380901842.8832371831 2122921.2309570312
376896908.4186472297 2052184.1713867188
367842162.2274112701 1819426.5298690796
381571678.3306882381 2131096.3554687500
379160875.3155598044 2093614.7921142578
375936474.6119976044 2034587.2956542969
380786490.2815517187 2122542.5239257812
362542053.6598107219 1539955.9333430827
374752984.2193725705 2011082.9913635254
362559560.9853498340 1547040.3527766764
382849367.1762002707 2147804.8388671875
375653023.2271686792 2028969.6472167969
364470710.0457912087 1666368.8059756421
370538013.6906870604 1899441.0947532654
376954848.5253726244 2055160.0377807617
385293198.3981988430 2159787.0366210938
362567581.5586383939 1547945.3430110514
364980238.9065254927 1692880.3641321138
378903756.4616733193 2090011.5850830078
379055403.5716233253 2091596.5711669922
379380569.2605369091 2094180.4684448242
370763813.3307954073 1906990.7324485779
381569190.6729553342 2129335.4306640625
381570430.6248754859 2130452.1953125000
381535940.2739806175 2124194.1005859375
376607787.7155292630 2042657.1724243164
379427830.1814129353 2096553.1033935547
386978803.8398117423 2162038.9667968750
382038535.0524275899 2135090.0834960938
380526721.9916445017 2112148.0498046875
382138665.7705162168 2135289.0825195312
382022065.4630177021 2134266.2153320312
