177039531.2464867234 42498.6355218887
176974336.4398833513 42391.5315179825
175148377.8896257281 40649.4997777939
179032477.9794274569 44053.7352195382
176879416.6886099279 42324.4432229996
174589024.7315018773 39660.8585570455
176813478.8046418130 42253.1095590591
181626442.1018747687 45926.7889099121
181491407.7668750584 45821.0003242493
176071914.5206468701 41619.9242423177
173934223.4282209277 37359.5798845681
175545644.9481831193 40932.0205106735
177972213.9327815175 43349.1118080616
176814221.8820065558 42278.6848917007
180751131.0122665763 45334.2503075600
179376554.5205437541 44328.5291019082
177807223.5083424747 43150.6489784718
177824431.7028093934 43207.4253456593
176572255.2298831642 42009.9818449020
174324290.8201308250 38565.8032665643
174999963.4845025837 40278.5938119888
177872418.3149458766 43237.7209999561
176232029.0785237849 41767.9453909993
175568774.5350777507 40939.2561597824
173956747.5663645566 37634.7634811791
174523829.9248985648 39573.7865355611
174776126.5508975387 39826.8460200578
175328437.0293538570 40715.0849523544
178514545.0904995203 43644.2935714722
178523401.0875125229 43692.0064010620
176187776.2413991392 41731.9850611002
177545645.8567309082 43034.3575366139
177967156.3809723258 43265.8353188038
176071914.5206468701 41598.4190848470
178743538.0771528184 43917.1086196899
178628859.2386160791 43800.1991043091
176183051.5086843371 41727.9449949265
174023788.2468576431 37684.2616424951
177216393.2332531214 42656.7500772476
174919418.3583437502 40040.8778543472
177380655.4322918057 42835.8947070241
175861244.1755576134 41298.4700880051
176248246.3152877986 41815.0170164108
178160548.4432511032 43445.8501055837
177440792.6870860457 42872.5013049245
180625817.8202579319 45214.7612938881
174938295.7743548453 40086.5024576187
177972213.9327815175 43308.0132668018
179742095.3290113509 44603.9419437051
178578547.6527138054 43759.7443313599
177050659.7314493954 42515.1241464615
178337859.2264066339 43494.9397097304
174948194.3887221813 40271.2954320908
176527799.6950784624 41919.0273508341
180526022.2024222314 45164.5010094643
174148038.8913907409 38457.6105633172
180153564.4673520625 44843.5207848549
176252971.0480025113 41819.0570825846
175861244.1755575836 41278.4381055832
174603767.4258709550 39661.8468732834
175576083.0589066446 40967.2611570358
174943353.3261640370 40136.9678812027
176700798.4255950153 42176.7269926071
179276758.9027081430 44291.2630496621
176252971.0480025113 41860.3707727701
180218759.2739554644 44951.8745141029
174096270.5861728489 38075.6624489221
176800594.0434306860 42247.0192594528
175148377.8896257281 40608.1860876083
178643742.4593171775 43846.8163528442
177540588.3049216568 42942.7935717702
175213572.6962291002 40695.2581090927
175996157.6647422612 41472.6723890305
175768958.0359812677 41246.4293165207
177972213.9327815175 43316.3007423878
180928139.3964377642 45425.0607337952
175012214.9751861393 40356.6251360686
175065158.2911059558 40365.6658334732
177445850.2388952374 42922.9667285085
177545645.8567308784 42993.2589953542
174661864.1086470485 39683.2720962674
174803632.0529926121 39911.6655073166
175065158.2911059856 40385.6978158951
174498685.4321433306 39433.4534622342
178160548.4432511032 43404.5364153981
180993334.2030411363 45491.5073280334
174383535.2736691833 38755.1599556119
180993334.2030411661 45532.8210182190
176622979.5725296140 42018.9045438766
175625088.5963538885 41017.7313642502
177316188.8510887623 42727.0423440933
174411591.7569088042 39068.0702835233
176635603.6189916432 42130.9686613083
174538572.6192675829 39574.7748517990
174538572.6192676723 39584.0318098068
181099668.0983381867 45570.0870704651
184106275.8394376040 46833.4990386963
183067628.1450107992 46506.8422698975
180318554.8917911053 45021.9516320229
175503579.7284742892 40822.4666395187
180318554.8917911053 45043.9640526772
177545645.8567308784 43001.5464709401
180928139.3964377940 45445.7489967346
174890531.2503263652 39962.5332867733
180928139.3964377642 45424.4672889709
174111637.8698036373 38370.5385418328
174031075.7795694470 38018.3079262170
177669823.1428829134 43064.1344988942
175653753.3412078917 41124.8353681564
179802576.8433926404 44687.1112094522
174433490.6255399585 39346.3814407499
175575934.4881425202 40946.9809370041
182043181.9990437329 46184.3409423828
176462604.8884751499 41873.2690195353
174897635.4187770188 39992.3932460099
177504832.7184439003 42926.8021929860
178433297.9923913479 43632.4771547988
178458206.2809091508 43634.6518783569
174854223.5517403781 39953.8058328629
178382986.4064890444 43561.7267275527
175630526.6270480156 41020.7978315353
177613506.5319538116 43039.5404894948
175932134.2875263691 41394.1556037068
175862415.6049451530 41311.3899481893
177151198.4266497195 42610.9917459488
180632356.0977193415 45277.8722558022
181099668.0983382463 45624.9105567932
179167866.9654119313 44142.9789920449
179076272.0446692109 44121.9307873249
177944091.4823439419 43248.0686724782
177678701.3385571837 43126.6125109792
175750663.8940207362 41206.5471372604
176985464.9248459935 42428.0521249771
179409285.3960923553 44365.2270889282
175615750.4048361480 40991.0311460495
175750663.8940207064 41165.2334470749
177151198.4266497195 42569.6780557632
179329557.4047776759 44315.2198257446
175997329.0941297710 41481.2276251912
178578547.6527138054 43779.7763137817
177782434.7769636512 43132.5186999440
178357142.1164315641 43515.6811752319
175565331.8204445839 40933.7258100510
182157840.7846987545 46259.0006561279
179758879.7126998901 44612.5917087197
179376554.5205437541 44320.2416263223
175983533.6182802320 41423.2036695480
174751186.6701192856 39811.4133486063
175815858.7006241083 41252.3054685593
184992292.5289363563 46920.5941772461
179525492.4668775201 44394.8907504678
183672948.5652105808 46740.0113525391
182157840.7846987247 46226.1895904541
179613956.9147817492 44467.2249484658
180751131.0122665167 45293.1517663002
180526022.2024222314 45144.4690270424
179679151.7213851213 44554.2969699502
180342013.7645987868 45065.2779006958
183551752.7884531915 46692.9895782471
176635603.6189916432 42089.6549711227
183879822.2871642411 46800.1151885986
179593889.2882607877 44466.9719272256
178721776.8835738003 43899.9570541382
178821572.5014094412 44011.3478622437
181093129.8208767772 45561.7995948792
180836016.0527376831 45381.0592231750
180770821.2461342812 45335.3008918762
182286467.6308417022 46340.0432281494
182157840.7846987844 46281.0130767822
180218759.2739554644 44910.5608239174
180175062.1432626545 44873.7046227455
179309489.7782566845 44294.9348220825
182043181.9990437329 46162.3285217285
178821572.5014094412 43970.2493209839
180893469.4663926661 45388.3949470520
180993334.2030411661 45511.5393104553
175486326.5837672353 40811.2299528122
180913268.8021838069 45405.9910554886
176467402.0602382720 41889.2241544724
177186149.2738718092 42636.5803079605
179885928.2429237366 44711.1275210977
181539541.8530921638 45871.8868408203
174914168.4821311831 39993.8577442169
180958664.2729960382 45467.1794929504
180318554.8917911053 44980.8530907631
178398707.4188630879 43561.8261642456
177542108.5394317210 42983.8315814137
180938596.6464751065 45451.3514900208
179682713.5990360975 44574.7366672158
179782509.2168717682 44644.8137851357
177264379.8453895748 42687.0457315445
178398707.4188631177 43581.8581466675
181218443.0128853917 45640.1900672913
175908553.3286195397 41343.4497175217
178544985.1432933807 43715.1277389526
178304921.2609765828 43491.3426275700
178401492.3947649002 43582.4515914917
181323794.3424804211 45724.1869544983
179171978.6320748329 44145.1015081853
175996157.6647422314 41452.6404066086
179206785.2491775155 44252.5282354802
181947967.1441960931 46105.7755584717
184540764.9835428596 46910.1865997314
182286467.6308416724 46303.0942840576
175930962.8581388593 41365.5683851242
179040785.9171992540 44061.7661352605
179802576.8433926404 44665.0987887979
180191952.4021982551 44875.2372465730
179886069.6351291835 44731.5359683633
182522930.7752397358 46457.5407867432
178744629.4859964848 43920.2420578003
179985865.2529648542 44760.5145450234
179985865.2529648840 44801.6130862832
180168985.1017776132 44862.1738162637
182047762.7620317638 46219.1468048096
181439746.2352565229 45801.5945739746
179650958.0472450852 44552.6260862667
181218443.0128854215 45703.3010292053
182047762.7620317638 46197.1343841553
179526969.8677299023 44418.7018924356
181791432.5263138115 46051.1269836426
180829832.5073372126 45354.2373085022
181791432.5263138115 46083.9380493164
181210702.2059442699 45636.5534095764
179100947.5448810160 44136.2249789834
181681354.5036467314 45980.9732360840
181516364.0792077780 45843.6409301758
179526969.8677298725 44398.6699100137
181351558.7715598047 45732.7522621155
181791432.5263137221 46042.8395080566
183672948.5652106106 46798.7678833008
183251989.2851252556 46650.6409149170
180212594.5566978157 44890.4426909089
181516364.0792077780 45864.9226379395
182942657.5751682818 46500.5921173096
180297495.1359497011 44979.3286733627
181516364.0792077184 45823.6089477539
179971606.8719889820 44757.1270475984
181543255.6902205050 45919.8835906982
183916337.3644867837 46806.3268127441
181543255.6902204454 45897.8711700439
179489238.4909917712 44391.5352325439
180056912.7435729802 44839.5455351472
181443460.0723848641 45806.5123443604
181176285.9422895312 45624.9125099182
183504643.1523912251 46668.3292541504
181241480.7488928735 45711.9845314026
181691636.9084781408 46013.8609313965
181076490.3244538307 45554.8353919983
182286467.6308416724 46306.7863922119
179617518.7924326956 44487.6646457314
182703064.8767246604 46498.3415374756
179702781.2255570292 44595.0216708779
183526865.6735207736 46671.8181304932
184106275.8394376338 46855.2970733643
183196254.9911537468 46528.9234771729
180212594.5566977859 44889.8492460847
183094282.0720826685 46507.1256256104
183342679.2519862354 46657.4627685547
179637586.4189536273 44507.9496493936
181076490.3244538307 45533.5536842346
179771798.3004440665 44630.5095248818
179574507.7464280427 44454.8879428506
182409590.2574286461 46359.4035491943
178996762.1908898950 44013.5661993474
181957169.6511718333 46118.7513885498
183196254.9911537468 46587.6800079346
182026988.4985292256 46156.9381408691
181943386.3812080324 46092.2514038086
182428139.0809046626 46378.3750152588
183152039.7352865934 46515.8412322998
186216344.9432610273 46925.7528533936
