153837023.4201096594 808119.1628560275
154002784.2675991654 824098.3222593144
154232100.6880152524 844708.6279474497
155968417.3018342555 967833.9631536007
156869920.2248150110 1007773.2261357307
160739274.0229546726 1135503.3829917908
156440502.7084488869 993069.7171328128
156727209.7138448358 1002041.2970700264
155849728.5961346626 958260.4760767668
157004730.8900735974 1017033.6019669771
153787155.9551047087 802930.0738767460
155860483.6246623397 958304.8951846436
156727209.7138448358 1002111.1443694830
163643715.6589092314 1169607.6809082031
158943783.2001812458 1083337.6976928711
159005663.1966394782 1092594.1351928711
159661369.9654167593 1103840.5326766968
155030971.1769112349 911890.9835325480
156328272.9514960051 984763.0889895023
155530539.8572975993 944058.0892713070
156580315.1963557303 997643.2428209842
156990006.9872322381 1014738.4000626802
156708761.2531980276 1001323.5650993586
153431080.7474099100 740952.6524871662
153677717.2210232913 788648.9601491764
153815050.8271928132 805922.1081479862
154177076.2229156196 838461.0078653172
175350988.3192127943 1244336.4169921875
153594076.8284023106 773645.6270879582
155083923.7047683001 914327.7827416658
157109385.6417278051 1018376.5114518404
156101770.8409944177 971290.1095095947
155030971.1769112349 911892.1214720011
163946676.4102810919 1173439.6215820312
160803208.8268702924 1136690.7727622986
160518879.4581422508 1134707.4280357361
155214465.5058430433 924668.0084496737
155336132.6884806156 932038.5541001558
155364515.0235716403 934906.8766762018
155739013.0092036426 951815.0609222651
157904528.6247276366 1050278.4266223907
158634311.9659088850 1077519.5407180786
155030971.1769112349 911891.2931028605
156199215.4921168685 980396.1003992618
156440502.7084489167 993202.4082675041
157886553.0257832110 1049918.6749806404
160496844.6748004258 1126507.3222427368
154288287.1804967821 846266.3186086491
155030971.1769112647 912012.2761350870
155030971.1769112647 912287.4578977823
155486182.2062091827 942269.8402382135
155791590.9540175200 954201.8233925104
156297884.9003784060 981893.4985367060
156807252.0013490319 1005266.2959985472
155662533.4946382940 949745.9569374323
156108229.7897410989 972521.9427258968
159376426.0707505941 1101814.2508201599
153648873.4298880398 783446.4840101078
153657302.0305256546 785061.9207223728
154390071.1883414984 855544.7213240862
155791590.9540174305 954084.0038124323
156421899.0366169810 986000.7134971544
154232100.6880152524 844794.3643294573
154949494.6016473174 902930.8605066538
154783827.1839413941 890935.1579710245
157119064.4466113746 1019297.1821217537
154734389.4043601155 889631.2353216410
155486182.2062091827 942286.6620155573
157133788.3494527638 1021479.9584122896
153512364.8146558106 753417.7142991275
153439843.7849832773 741131.3092137650
153952536.1732748151 818929.1776517704
154589811.5723050535 872757.3441785648
155364515.0235716701 935023.1444913149
156743509.2155900300 1003404.9785767794
157904528.6247276366 1050183.9969348907
154232100.6880152524 844825.1538192034
181023390.8005124927 1267119.6123046875
160496844.6748004258 1126774.2336196899
153727584.6860283315 793837.4992116764
153837023.4201096594 808001.7416738346
154038692.7892006934 825760.8827451542
154324332.2918068767 853931.5641638041
154559198.2924016416 872673.9575399235
156665759.1723573208 998743.3428540230
153677717.2210232913 788529.0289472416
154085452.3319457769 828592.0409959629
154085452.3319458067 828592.8785104007
153655027.6664576232 784755.1757253483
153765183.3621877730 800729.6667417362
154177076.2229156196 838480.5229195803
154600566.6008327305 872920.3762906864
155225220.5343707204 925054.3620454073
168922981.8904367387 1195387.4509277344
168187486.6360949874 1190703.3524169922
161715653.6802180111 1153275.2761230469
154104568.2754438818 833156.0147200823
154636611.7121428251 880364.6349798441
155474336.5684280396 935756.8327308893
155486182.2062091827 942168.4066444635
154442596.1005064845 862179.1312955692
153736013.2866659462 795428.1154683903
153705809.7578309476 792202.2824605778
154600566.6008327305 872894.4074086398
154232100.6880152524 844807.8014093637
155816583.6909919977 954260.8837366104
153663456.2670952380 786462.6632474735
153755677.2228359580 797512.1450490206
154232100.6880152524 844705.6998468637
154544380.1083512008 871236.3039880991
154689740.0934763253 883134.9568570927
155225220.5343707204 924933.5417901278
157604985.4460972548 1038307.3234181404
153837023.4201096594 808122.5152829960
153755677.2228359878 797602.9883931950
153967077.8579574227 820213.6687955931
153923180.0360355675 814516.8400716037
153857254.0473164022 809215.9535268620
154636611.7121428251 880466.1175237894
153705809.7578309476 792323.0560697392
153755677.2228359878 797515.4974759892
154049543.8103442490 826930.3180245608
154232100.6880152524 844824.8523126841
154390071.1883414984 855563.0409723520
154847710.5938025713 893869.0213102177
155094678.7332959771 914495.8248139620
155225220.5343707204 924937.4910088778
158788848.3566570878 1081986.6586914062
163279334.2072586119 1165276.8493652344
153367855.5452865362 729446.8512557819
153923180.0360355675 814399.4188894108
154049543.8103442490 826929.4805101231
154130316.6801705360 835619.5118955448
156862214.0607628822 1007391.2673501968
178896485.9371186495 1260338.6708984375
158171119.7757267654 1060070.9410266876
153548930.0022369325 761763.3089036196
153882078.0937742293 809606.0457547978
154191344.1535483301 839077.2037824467
154130316.6801705360 835645.1747273654
155882005.8132894337 959620.9927879572
153943410.6632423103 815636.9199765995
156187308.6790603101 977234.2515264750
153294946.4251814187 712207.9500945881
154130316.6801705360 835527.7535451725
155364515.0235716403 935021.0511146784
155615239.6655883491 946607.8871132135
154002784.2675991356 824094.9698323458
154130316.6801705360 835648.5271543339
154049543.8103442490 826810.3491128758
153367855.5452865362 729524.6168807819
156091740.2900143266 968530.9799476862
161096264.5503365695 1137521.6732559204
181266194.3077377379 1268806.4316406250
157125012.7254782617 1019406.7268009186
153294946.4251813889 712132.2855438069
155286826.1247088909 929475.4773842096
153294946.4251813889 712205.3773406819
159516993.1847299933 1101866.0048446655
160224802.4670713842 1120178.4987564087
153294946.4251813889 712206.6502899006
153294946.4251813889 712129.1795867756
153294946.4251813889 712128.8844207600
153294455.7998046577 701449.7939018011
153294455.7998046577 701375.3893607855
153294455.7998046577 701375.6845268011
155166594.0513656735 917610.0346990824
154911184.4043641686 901820.2346754074
155166594.0513656735 917602.2178907394
171413106.5632580519 1199850.7337646484
153309589.8253507316 715332.7886794880
153623063.2708346844 775085.0814794376
153592543.6942214668 769960.9673699588
153382498.9454558790 732647.0990203694
154600566.6008327305 872796.9227498844
153337659.2118634284 720641.4108260944
153431080.7474099100 741027.3121551350
153397400.0743438303 732752.8385038450
153358171.6273047626 723631.5796951130
154768543.9244908690 890739.9643484354
153358171.6273047626 723631.6071838215
154911184.4043641686 901812.6136175394
154768543.9244908690 890835.4700857401
155133637.0073429644 915161.6465225294
153358171.6273047626 723709.3455642536
154768543.9244908690 890826.2260671854
153413314.0585421026 735425.1995755509
154535282.7385649979 868556.6101614237
174737522.1570341587 1230357.6354980469
175232808.7754437327 1236030.7126464844
154911184.4043641686 901808.1907659769
154768543.9244909585 890838.7532888651
153461895.8604961336 743804.1033459976
155023953.5714923739 906599.2210012674
155166594.0513656735 917593.5868231058
154911184.4043641686 901718.7998968363
153461895.8604961336 743727.6470853165
153413314.0585421026 735503.4925443009
153431080.7474099100 740949.5465301350
153461895.8604961336 743805.9400540665
153431080.7474099100 740949.9991287068
153529318.4920981526 758155.2113045901
154520196.7007431984 866784.9228445292
154535282.7385649979 868539.2965627909
174252145.0192543566 1223817.9057617188
153413314.0585421026 735501.6558362320
153500474.7009628415 753005.3576020449
154535282.7385649979 868642.8718801737
181490641.8475558758 1269448.0019531250
159766984.7010645568 1106313.1894187927
153500474.7009628713 753314.0591706485
177221675.9244558811 1252607.2944335938
153592543.6942214072 769570.3161248416
153592543.6942214072 769684.2721795291
153563699.9030862153 764429.3849076480
159517856.4237301350 1103646.6820297241
163720772.4372196794 1170278.6645507812
160368877.6495678425 1125994.7078208923
153623063.2708346844 775166.5604833439
180806514.1407297850 1264263.0146484375
161421905.5099330842 1138165.0874328613
154434269.8157219589 856753.1144269779
159283144.9529691339 1100231.4780616760
160126448.3014135957 1117262.7626724243
160126448.3014135957 1116995.8512954712
181134165.9589629769 1268232.6801757812
153623063.2708346844 775160.4337643832
159189398.4224731624 1095559.1390113831
153563699.9030862153 764509.4796570987
178670549.7675079405 1253975.7163085938
153563699.9030862153 764426.2789506167
153563699.9030862153 764816.7544450015
153563699.9030862153 764501.6588334292
153563699.9030862153 764508.0528763980
158974837.0463621020 1088702.3047828674
158974837.0463621020 1088755.4258766174
159283144.9529691339 1100034.4112281799
158788848.3566570878 1081994.2677612305
161532686.9929257929 1141366.9906616211
180562536.5271378756 1264124.7275390625
158774124.4538157284 1081955.2918701172
158774124.4538157284 1081898.4502258301
161625795.0544703305 1144155.5148315430
157839081.3669455051 1047284.4989552498
159086613.8500209153 1094227.1306838989
180325302.8241295516 1263458.2368164062
180243349.0927166045 1262143.2309570312
158569974.8803199530 1070842.7976303101
173472495.6795983315 1216654.9167480469
160466772.2281653285 1126433.5253677368
163745308.2456026077 1173407.9918212891
157842178.6860192418 1049438.0921096802
163736559.7155346274 1171233.3558959961
159826918.8058181107 1113163.0876426697
172474851.1080889702 1214326.2777099609
162272350.5823536217 1153395.3403930664
157959603.5866087079 1055303.3091439009
158202032.9347629547 1064120.4866501093
162376129.8724409044 1156976.8198242188
168126809.4373314083 1185323.3063964844
167738023.1535212994 1182264.3475341797
180304518.0342666805 1262933.4526367188
158171119.7757267654 1059914.5761128664
163380569.8737978339 1167397.6884155273
158353714.9674370885 1065644.6320637465
158202032.9347629547 1064187.8851698637
157935441.7837638259 1054383.9271620512
163110004.2620148063 1158738.5443725586
157693012.4356095791 1045566.7544564009
163213089.1377158761 1164516.2538452148
159078307.5424024463 1093771.4479751587
156880512.1053344905 1008412.4351896048
160935141.6661152542 1136942.2409362793
157693012.4356095791 1045334.0725716352
157935441.7837638259 1054528.8314589262
161585073.1716456711 1142432.6622314453
157604985.4460972548 1038307.3280411959
160015988.0422401130 1116625.5710144043
162419130.4635376930 1157806.5746459961
157604985.4460972548 1038403.9139943123
157604985.4460972548 1038498.0424122810
156964212.5211199522 1009211.1960314512
157992555.6142399609 1057333.6094032526
158615132.5070480406 1074421.9209690094
157216254.7659796774 1021877.2210787535
158167742.4346038997 1059383.8351477385
173538463.0770323873 1222093.5649414062
157350394.2200638056 1026827.5554742217
157216254.7659796476 1021791.1615084410
158033795.9494215250 1057837.0306776762
157426792.5098085105 1029851.1704879999
157535037.9305134416 1034612.5733585358
157216254.7659796774 1021904.9366401434
158599780.8778372407 1072770.7927055359
171465419.0834754407 1200195.4055480957
166341339.5941704810 1175155.5015869141
158435956.4557937682 1070198.1133432388
158435956.4557938278 1070203.8096323013
158629449.3748379052 1075982.8076791763
171560070.6653725505 1211378.5676422119
