86808802.8392754942 735843.1186523438
90972106.7585580349 1105786.0009765625
87469364.9246940315 821636.6743164062
91901871.6272144914 1146346.4267578125
90845571.5415705442 1097404.9570312500
86370400.2099882215 656012.3979492188
87385545.6157391220 812228.6411132812
88904438.1917228252 965457.5297851562
91928228.1632176936 1147255.9990234375
90869431.6688552797 1099900.2519531250
92521818.3971414119 1159540.2158203125
86706362.9859374464 724095.9018554688
87428754.5816393942 816271.1005859375
88661880.0969710946 943277.6562500000
87242179.1916020960 793521.3237304688
89585725.6313109249 1012329.5537109375
91389513.2427891046 1130240.5380859375
89029713.8960108459 970049.2226562500
91127331.3705431372 1118294.2861328125
86412170.2600401789 665770.8530273438
86699597.5396027863 719081.7211914062
87039007.0762584358 770592.1430664062
86996725.5302323252 764157.8095703125
91489711.3930486441 1133213.7470703125
92234240.7765121013 1153646.5351562500
91814479.9846150428 1142337.6376953125
88603322.9581280649 941001.3173828125
95412108.8912479430 1245734.1220703125
87594869.8629367948 836797.7568359375
95584965.2434280366 1249203.2744140625
92619219.4626454115 1170007.0146484375
92140170.3522028029 1151535.9921875000
87091663.1908744276 776302.3735351562
92929588.6163972765 1172222.2617187500
88996170.4148417115 968550.2226562500
86754283.8372507691 728209.0664062500
88719321.9281245172 949966.1772460938
86436687.4845642447 670547.3955078125
92382759.4378322214 1157851.6201171875
92854218.1721389592 1171186.7734375000
86342233.2459079176 646326.2424316406
89368431.2454806119 999473.0395507812
87605326.1358917207 839552.4912109375
86457250.4871525019 681937.8120117188
87026961.8869467974 768641.2412109375
86442795.9995589554 671798.8354492188
86507983.6736757159 689696.9458007812
90119730.0606472641 1054107.5468750000
86849406.6046352535 743782.3647460938
87125612.7148949355 776418.8442382812
87874903.0275237262 871429.7373046875
91560912.2984075397 1135234.3486328125
91461522.1985098869 1131056.5927734375
89828876.4469420165 1036415.0830078125
86545812.7827921212 696262.8901367188
92108621.8936031610 1148965.2949218750
86952888.9817909747 755140.4101562500
92262429.9710508287 1156217.2324218750
86598029.8000943512 704718.1694335938
89647621.9376743585 1020958.9545898438
90477339.5876241326 1074397.3222656250
86703956.1361171752 723092.5068359375
89017082.8386212736 969511.5644531250
89701710.6791627109 1023247.6342773438
86730972.5612361580 724962.4916992188
88570541.6469946355 937406.4414062500
90057252.0694593042 1053571.2504882812
87739633.4102830589 855906.5498046875
86954684.7411562055 756301.1728515625
90371185.8563067317 1067775.4501953125
87324601.3773477525 802527.8813476562
90714397.2341346890 1091264.7978515625
89661570.1194047779 1022494.0654296875
87149655.0076928139 783855.8442382812
86872088.0669620037 745788.9985351562
89718372.2253115475 1024980.5317382812
86817569.0649372637 739073.4443359375
90633594.5208091885 1086462.3291015625
92143846.5402501076 1151966.4179687500
89258507.7216857076 990367.7475585938
86391619.0296985805 663767.7456054688
88845055.7273278236 959755.5673828125
86780751.5820353329 732824.5195312500
86964828.5242560655 760802.4638671875
89456145.3023446053 1007257.4360351562
89990518.2525085062 1044505.9077148438
88781098.0016201735 953466.5625000000
89413523.7934396565 1003088.7104492188
86354449.6097875834 648584.7055664062
87914981.3868646920 876695.3759765625
87998205.3680047393 886696.9819335938
86482527.5551056266 685686.1186523438
86373413.7895806432 657162.9443359375
87857071.5284962058 871377.2495117188
91170531.6376813352 1118517.9208984375
90387753.0456948578 1068227.8818359375
86416359.2668365240 667077.3662109375
90900905.8531991243 1103765.3994140625
87708787.7462263256 852343.3593750000
89902706.9349773824 1040230.4604492188
88114941.6188418418 898903.5166015625
87752918.3242045641 857603.0727539062
89346721.4963432103 997406.0415039062
86399102.9588768482 663920.4843750000
89454486.0428673476 1004691.9379882812
93041148.2936791331 1173420.1015625000
87357365.2883784175 806138.1430664062
90730458.0534806550 1094657.0761718750
89588146.3794076443 1017812.8251953125
89215079.9642273635 986224.1655273438
89600777.4367972314 1018350.4833984375
88084602.1033593565 897025.6059570312
86357707.2250716239 652769.4084472656
88343359.2847614437 918403.8984375000
88292892.3721831292 914430.2680664062
89359352.5537327975 997943.6997070312
89816522.0019249171 1035549.2202148438
87527886.1427926123 828795.8413085938
90539527.1820562482 1083175.8261718750
90156500.5911513567 1057006.5092773438
89884523.1009281278 1037642.6704101562
87820466.5902030915 865009.8100585938
86387656.5179478973 659428.8227539062
90131968.3637459874 1055346.1616210938
87260414.2272417545 794431.7358398438
86534744.5724078417 693853.7915039062
86641178.5415297896 712739.1040039062
87068981.7285476923 774861.0678710938
87273342.9681906998 796824.2241210938
89381062.3028702140 1000010.6977539062
90397675.9084324092 1074093.2138671875
87342208.1646239012 804160.4667968750
88138690.7034089416 899407.8710937500
87403884.7277436554 813787.6899414062
87991883.5299557596 883570.0732421875
86325007.9500104040 642010.1643066406
93027738.6023810208 1173384.3154296875
89629388.8294201791 1018682.5625000000
87228413.0784116089 790281.9130859375
89273048.1748810858 990483.8261718750
89236019.5332466364 988764.5820312500
95458907.7467762530 1248890.8134765625
95066868.3898248225 1240360.4462890625
86844036.8097218424 743126.5419921875
89075776.7514398694 973945.3354492188
88339261.1463336498 916774.2265625000
86669229.7987699360 715564.0468750000
90921139.9418326616 1104326.3984375000
89233705.9931794405 988406.6718750000
88985575.9655888230 966799.2275390625
87354755.4474474490 805232.2797851562
86380910.7574822903 658455.8122558594
89155161.7700994909 982190.1289062500
87661336.8456777036 846079.3227539062
87199343.8339987397 785785.4033203125
93650324.5911732316 1195633.7753906250
89107225.7830462754 977388.7690429688
89070156.4083247632 970392.5810546875
89684055.5276367813 1022584.6196289062
87504220.4788227379 825870.0126953125
89399688.3318222910 1002193.2041015625
87549658.0017009676 833464.4599609375
89202448.9068377763 985686.5073242188
87623942.6497789174 841304.0551757812
88151013.2744811177 902190.3212890625
88453522.2099270672 925345.6752929688
86453428.8717740029 674062.0024414062
89528040.2770031095 1007996.7871093750
88350871.2095853984 919067.8081054688
88178769.0627499372 904934.7812500000
89980219.8546970189 1041597.7402343750
93803095.5706832707 1205864.7353515625
86794768.7809135914 734688.1289062500
88064013.0807299763 891483.3657226562
87299731.5234520137 800044.4707031250
95779222.6205288023 1262448.2714843750
88458815.4061600417 925580.0917968750
86874011.4620110989 747236.3291015625
95598446.2865679115 1253686.7822265625
95202243.3637839258 1241446.9033203125
86927175.2097262144 753325.2880859375
86490219.7326169312 685694.7617187500
87783072.3943042755 860182.9545898438
86662088.4815594554 714537.3085937500
87673659.4167498946 847899.5214843750
87967468.5647074431 881459.1333007812
87635164.0999570787 842846.0644531250
86896692.9243378341 749211.6625976562
89071192.6497223228 970715.8447265625
86516065.6989848465 691333.3120117188
93507757.1862553060 1192067.8710937500
86467304.2087234259 682824.7583007812
88364135.1309664398 919848.2187500000
89960895.9329707175 1041512.8681640625
87728095.8540705293 855078.2319335938
87439458.2494881004 817350.8803710938
88818176.7511650324 954705.1972656250
86503287.0337802321 687545.1303710938
90249323.3571460992 1059434.9140625000
94490956.6554800868 1221352.0898437500
93445572.1621406823 1188139.6191406250
88440426.9434214532 924999.3496093750
86693834.6561457813 718662.6816406250
88036257.2924611568 888608.7011718750
90298158.4166714549 1062622.3652343750
86776931.4677831531 730406.2275390625
87887225.5985959023 873957.1313476562
86350260.6029912233 647266.8183593750
87832789.1612752676 866830.0087890625
94230827.9572298080 1212612.7656250000
88256633.2381402403 909831.9672851562
87487981.4385812134 823512.7548828125
88943992.7020437419 965468.4970703125
90241610.1532595158 1058252.4907226562
86523207.0161953121 692576.3286132812
86575863.1308113039 698499.9062500000
88273992.1865414381 912657.8540039062
93599547.7151378095 1194498.1093750000
88559062.6264974028 934690.8984375000
86630552.2871955484 710810.7832031250
86505981.7202977985 688828.4379882812
89329690.1746136099 996400.6630859375
93415183.2124459893 1186473.3144531250
89803189.4432163984 1028570.1748046875
89055644.2783385217 970323.1660156250
86507952.6616135538 689290.2270507812
95670540.8699189276 1255984.8710937500
87599570.6988189369 838724.1733398438
95064222.2550635785 1232970.4531250000
88459358.2547579408 927786.3037109375
88407049.6018768400 923555.0292968750
88887791.6994244456 961345.4370117188
88712171.0212902129 947711.3916015625
88535650.0672129542 932937.4345703125
95227499.4225553870 1244264.7333984375
87380581.8386972398 809695.2832031250
88645573.5910078734 942198.1562500000
87497619.7780725956 823607.3432617188
95772268.6289041638 1256717.0244140625
87235818.2913509458 790371.1508789062
88253668.7585736215 909143.1767578125
88805131.7716591507 953712.3144531250
95109390.2151415050 1240739.7294921875
90297863.0749267340 1061054.9541015625
94989928.3512817472 1226026.0000000000
86923298.9645789564 749954.1035156250
88228129.9523894489 905044.6752929688
90652713.3569531590 1087092.3369140625
94163173.6611803770 1210430.5371093750
93277945.4377809614 1181854.8681640625
88696142.1507966667 944939.3691406250
88244453.2149240673 908018.9829101562
93943433.5463101715 1207476.3623046875
91374751.3060247004 1122970.0869140625
90504090.8413604796 1074870.2724609375
87211997.9415685982 789042.6362304688
91340487.5969022512 1120864.0634765625
105570633.9730591327 1330816.9804687500
93917612.0886445940 1206840.6396484375
101479563.2325948030 1305714.6552734375
94338376.8745139539 1220448.2646484375
87977912.9449077249 881827.8984375000
87989451.6227658242 882424.1904296875
94993603.2304364592 1226215.4238281250
87721110.3172985464 853430.4750976562
87787645.0123225152 861902.2880859375
99491848.9127612114 1278800.5458984375
93754730.5065731555 1203996.8896484375
93505047.8818165958 1189219.6630859375
91770239.7213437706 1139898.0966796875
93690589.5237411112 1202212.4667968750
87588358.4302617162 836495.7001953125
93945585.4067609310 1208822.7246093750
99198383.9968224019 1271766.4941406250
94233334.4418734312 1213729.3232421875
93216050.5818963945 1179726.5947265625
100638231.7468871474 1294593.1835937500
94209652.6753322482 1211644.7978515625
93978673.3448879421 1209739.5869140625
102829886.0987698734 1316090.6796875000
96311206.7484352589 1263314.9804687500
96629433.1638254821 1263751.7333984375
99723601.5801548660 1282024.0205078125
105072704.6998283416 1320657.8828125000
105197618.9540778250 1321957.9218750000
102083964.1740919054 1305959.9960937500
95028605.6852782369 1231354.5898437500
106601636.8910254538 1340842.5351562500
106324403.0112039447 1338532.2167968750
106942491.8945261836 1342929.4667968750
102358455.3650198281 1311188.8183593750
95042786.7985003889 1232423.7177734375
94653736.2748623043 1225969.3876953125
99738301.5476524830 1293367.7363281250
106661921.1290971041 1341947.4687500000
102212570.1233867705 1310895.6562500000
105572123.0932435691 1332936.8183593750
105417682.2870724648 1330730.7011718750
93295608.3406403363 1183169.2832031250
93149877.4994443357 1179083.8144531250
