352071279.5479921699 2785371.3647460938
350906739.5522248149 2754132.5122070312
347230314.2079253197 2613194.2192382812
346395186.2439510822 2548809.9497070312
354829386.2924724221 2855667.6884765625
351738579.9778000116 2774276.9165039062
354142922.2313894033 2840080.4042968750
346134168.7864209414 2542021.8586425781
348868083.6784325838 2677066.7192382812
354053231.5876061916 2837873.6621093750
348342989.3920596242 2666322.7719726562
346893783.4093369842 2589066.0881347656
351244244.7016403079 2762641.8920898438
368833478.5919515491 3017574.6806640625
360481200.1573725939 2952002.0888671875
357590867.2104510665 2910916.5195312500
352052811.2135162354 2785101.8481445312
360234019.6589954495 2947986.3974609375
352840600.6077655554 2806473.2006835938
359689673.4280688167 2942349.7041015625
347511617.9994527102 2618934.3828125000
349811770.6309533119 2712487.9902343750
349522421.1557914615 2701524.6840820312
346863981.1105512381 2579279.6018066406
352921228.4758554697 2810241.6079101562
349102695.3370495439 2683852.4975585938
348435181.1736841202 2670030.2954101562
348912450.7819643617 2677184.2470703125
351829242.6216016412 2778355.4116210938
351000378.8891803026 2759243.4824218750
359245358.2686579823 2934750.0986328125
345880433.3125765324 2526206.1667480469
354356064.1497589350 2844534.1064453125
356780397.8651883006 2895129.2070312500
350249309.1537014842 2736549.1958007812
359830827.9009820819 2944864.5976562500
345415194.0468533635 2491218.2805175781
352958521.5653913617 2811123.7270507812
350465249.1133648157 2744199.0937500000
353152047.6216970086 2817573.5581054688
346656319.7916076183 2568563.6701660156
349233511.1558260918 2695806.2563476562
348055928.3774342537 2657524.4204101562
353524618.7467243671 2827009.7246093750
350137642.1089128256 2732010.1728515625
347656266.5289514065 2621024.2934570312
346472038.0338026881 2562528.3957519531
348207851.4135351777 2663564.3647460938
359304261.6283770800 2936763.9238281250
355124129.0753893852 2862168.8935546875
352388029.4357483387 2797278.2919921875
348263460.7880347967 2664147.4243164062
347745362.9475349188 2635179.3110351562
352912433.8063852191 2809724.3608398438
348926621.7720540166 2679132.4741210938
349039538.1786175966 2683028.0468750000
347854093.1150481701 2642248.0390625000
352678131.1997168064 2802697.9082031250
352239075.9149968624 2790823.7910156250
345773643.7781038284 2501883.4470214844
349168704.2523176670 2686481.1406250000
347733747.9077609777 2632573.2700195312
351356048.3180493712 2764990.5610351562
351358329.2636235952 2766303.8916015625
353389079.1503263116 2822577.2299804688
359159667.4057894945 2933902.2890625000
358820786.9705553055 2928527.9804687500
349989026.6415621042 2719109.3256835938
362821219.8994239569 2981683.0644531250
362386031.1324502826 2978268.2041015625
358810485.7075809240 2928463.5429687500
370206622.6855658889 3024560.5429687500
347124199.9435870647 2597618.1591796875
349920575.4344813228 2716701.0820312500
350099857.6921465993 2724339.3872070312
349768652.3983804584 2710661.1376953125
350646666.1855419874 2748081.4335937500
350520858.4878643155 2744839.2294921875
350384266.3271667361 2740450.0966796875
350702275.5600414872 2748721.5693359375
356946235.8670416474 2896246.7587890625
354556654.5945155621 2849395.0468750000
347674108.6169059873 2621324.7602539062
349732985.9463930130 2709530.1389160156
359975422.1235696673 2947726.2324218750
350169818.5961627960 2732388.4257812500
350625005.1782559156 2744975.0058593750
346685972.1770697832 2570677.1096191406
353800416.7407775521 2833588.1582031250
351416540.3331014514 2769921.6010742188
361429490.4941785932 2964955.0732421875
361584629.5681984425 2966222.9912109375
352012309.6272708774 2780710.8417968750
359571382.0883817673 2940559.7353515625
353691137.7697196603 2828321.6342773438
354174647.0775817633 2840651.7666015625
347883053.6673701406 2642860.8679199219
354455155.9556681514 2848616.9003906250
352200966.2607152462 2787901.0717773438
361408809.0425023437 2963061.7871093750
359885648.7165838480 2945966.8388671875
359561080.8254074454 2940495.2978515625
345829253.1526032686 2502466.9812011719
346412896.3874707222 2551679.1538085938
362729668.3625499606 2980878.1103515625
347217125.7832217216 2598356.6994628906
363543195.1611727476 2987445.9365234375
346789465.0867511034 2577869.7102050781
348742524.6162599921 2670437.6027832031
350499614.1790348887 2744758.8681640625
361986095.5318055749 2972251.8212890625
347071992.7538734674 2593042.0126953125
350298809.4435144663 2738464.2861328125
362226915.1028363109 2976156.7353515625
347548928.1955509782 2620681.0725097656
352652496.4501649737 2799534.2006835938
357868138.9403417706 2917313.6005859375
346430738.4754254222 2551979.6206054688
350606978.6503247023 2744907.7939453125
352493258.1217963696 2798086.5908203125
352323492.9977408648 2791746.1796875000
351194103.6498056054 2760314.4624023438
347970223.7341385484 2649936.7695312500
353980089.0688724518 2835632.3427734375
348743289.6152607799 2673269.8334960938
350848300.4037725329 2750581.8808593750
349554657.7765891552 2702731.2324218750
349686242.4417546988 2707902.7680664062
358855390.8220349550 2928913.6220703125
351717566.8443538547 2774209.6367187500
351154353.3939256668 2760208.9526367188
352275428.9967917204 2791029.5952148438
349255890.2200458646 2697576.1879882812
349561691.4601690173 2703555.7548828125
354599750.1782559156 2851478.5351562500
352709216.4807335138 2805221.7197265625
352232987.7616822720 2788154.3842773438
362077193.1185829043 2975374.5683593750
351837473.5367858410 2778509.2500000000
349330406.2438460588 2699010.2192382812
365195134.1313801408 3003810.1298828125
362643803.5939644575 2979734.5644531250
349296041.1781759262 2698450.4448242188
349028557.6498188376 2681237.6452636719
349650220.3648859859 2703842.1462402344
362062500.8334171772 2972340.9052734375
348786520.7234282494 2674222.5710449219
358051300.5306191444 2919563.4951171875
364912848.0605835915 3002989.2431640625
357240600.0424352288 2904100.9218750000
351577729.8941251636 2772259.7875976562
362634407.1132487059 2978992.8535156250
351751998.6979627013 2774731.5727539062
361641297.2984711528 2966695.3261718750
360259480.6963617802 2948999.9423828125
357951674.9502026439 2918151.7294921875
349477300.4984068871 2700794.9375000000
361188420.7918930650 2962241.7822265625
358450204.9651508927 2928199.8847656250
358980478.6812227964 2933747.0234375000
370025807.2951211333 3023137.7363281250
360743756.1848078966 2955318.6943359375
363125518.4362127781 2984679.5810546875
363344699.1974541545 2986191.9892578125
364622958.3210065961 2998093.7011718750
360659371.8551914692 2953005.6943359375
349661414.4130871296 2705210.0915527344
361812668.8220592141 2970848.0644531250
352507035.8956599832 2799425.3085937500
362868923.7822836637 2981829.0937500000
352675880.9293588400 2800607.5712890625
362782247.7310981750 2981052.5029296875
358168732.1952604055 2921730.5185546875
362317211.9349814653 2976616.4228515625
363314736.9105303884 2985731.5595703125
357671211.1381843090 2911754.6484375000
358158671.6232808828 2919815.2211914062
360210550.5648914576 2947849.3085937500
354887933.2385857701 2858856.8281250000
361972839.0896803737 2972045.2890625000
364532230.5881356001 2996384.1152343750
364283683.1316882968 2995554.8691406250
355032527.4611732364 2861718.4628906250
355290087.0094128251 2866843.2207031250
352187835.7594724298 2787441.3750000000
369650852.3503842354 3021148.0771484375
361689471.3624998927 2969322.2978515625
360459658.2026470900 2951713.1757812500
351956925.5391077399 2779940.2690429688
358877584.8762130737 2930824.4785156250
360301807.5379344821 2949004.1015625000
356347012.2046289444 2887348.8603515625
352672310.1600145698 2800436.2368164062
355410342.5670056939 2868548.8447265625
368171190.2916809916 3016978.0712890625
355554936.7895932198 2871410.4794921875
355698579.6041941643 2874315.9536132812
369690983.4305427074 3021487.5712890625
359248410.5031001568 2936225.0507812500
353309557.7404828072 2819503.7397460938
353045565.1101071239 2814228.9165039062
355871155.9093137980 2877794.4501953125
353433571.5836574435 2825186.2680664062
354123921.4444261789 2838128.3764648438
354576559.7655499578 2850209.0791015625
357435969.7560166717 2906352.4316406250
354193963.9213630557 2842821.0546875000
364095198.8923431635 2994463.8095703125
353844391.2310652733 2834110.6733398438
356461051.4911796451 2890636.7475585938
356051561.3603478670 2881378.0317382812
357808384.7505812049 2915611.1474609375
354785204.7303292751 2855338.1884765625
356720643.9990916848 2894333.1982421875
356981836.0333966613 2900129.0439453125
354598909.7340632677 2850514.7299804688
354805421.6115295291 2855478.5634765625
352111661.9680055380 2786254.4042968750
357019487.4919527173 2901718.4912109375
352356091.0402939916 2794052.2661132812
353633382.6011340022 2827341.3178710938
352114054.1139034033 2787036.9921875000
356325983.3600420952 2886041.2709960938
357684274.7338516712 2914185.7031250000
364870628.4714205265 3000379.3369140625
357442649.3757048845 2909387.7597656250
356527554.7468622923 2891470.3325195312
369398974.5921950936 3019304.1933593750
365460534.9456989765 3004349.4218750000
356255719.3183810711 2884087.5458984375
357139022.9471771717 2901952.9121093750
356958750.6798477173 2898721.6562500000
363886289.2560022473 2992667.8867187500
356318562.9788896441 2885522.6064453125
364825771.5079643130 2998338.5888671875
354555854.0722268224 2849028.7763671875
371518450.0911123157 3028650.1513671875
359024404.8732550740 2933875.0996093750
363680304.3752080798 2988251.5458984375
360814822.2378072739 2955853.3583984375
361066443.6968278885 2960536.5126953125
369443729.3297494650 3019553.5781250000
365815341.1022853851 3005404.8330078125
363872428.5355051160 2990951.6250000000
363765178.7003915310 2990893.8027343750
370443046.3674217463 3024633.9394531250
354669411.4217687845 2852575.7587890625
365710112.9321137071 3004918.7783203125
363921929.7333547473 2993395.3232421875
349126982.3445662856 2685388.5039062500
356445350.0149818063 2887654.2441406250
360872312.5671339631 2956818.9423828125
360331593.4598987699 2950849.6416015625
355853904.1287583709 2875038.0405273438
352845315.5872905850 2807593.5053710938
361056759.8152378798 2959020.1796875000
355065492.3495211005 2861796.6791992188
355233289.8565044403 2863565.6826171875
369131447.8085004091 3018202.6064453125
351797723.7044709325 2775893.8134765625
367956963.7880696058 3015004.4121093750
366004809.5779597163 3006855.2041015625
355384093.0620029569 2867464.7309570312
357400529.0931471586 2904765.1054687500
359929832.2977734208 2946838.8339843750
355492447.6809061766 2870811.6186523438
369265648.7056754231 3018732.6914062500
359555872.1179896593 2940295.7597656250
366602729.8198701143 3011930.3808593750
371193667.6267920136 3028480.9384765625
366722856.1370128393 3012048.3242187500
359532717.8125442863 2940002.9355468750
355736888.0491098762 2874477.0034179688
359704197.5285637379 2943771.9472656250
370589092.9850189686 3024943.9677734375
355287610.9226238728 2864096.4526367188
370834583.8529503345 3026328.4501953125
366117672.1585240364 3007528.6845703125
354337570.1069015861 2843685.8627929688
367837823.8356499672 3013777.5068359375
365896401.2541905642 3006108.3339843750
358658316.0444034338 2928255.6748046875
366438124.0051842928 3011072.1015625000
355697641.5823805332 2873148.9228515625
366202015.3924003243 3007651.9990234375
365964800.5752487779 3006459.9248046875
366856017.0629330277 3013682.0078125000
370597298.1842228770 3025827.4199218750
358320467.0004448295 2923853.3945312500
356217879.9431459308 2881991.3496093750
356027330.8505287170 2878894.3046875000
356189698.2358403802 2881504.2109375000
358360412.8999450207 2923944.9707031250
371121549.7903638482 3027583.2832031250
366097518.0641599894 3007166.6005859375
361413581.6161221862 2963336.3515625000
363644047.1492883563 2987624.0937500000
359544638.5349349976 2940226.3691406250
358279170.2826968431 2921919.6162109375
369193911.8933102489 3018405.6298828125
