98322615.1216314286 1190.1348852009
98676802.6582059115 1218.5040138960
94512512.1443990171 706.2283727503
100671052.9292004704 1376.6469181180
100608067.3258240074 1371.9764666557
99169814.6056091487 1257.1945240945
96194246.5350812972 988.8607862073
94995424.4744286537 806.0422074050
96137519.9005821794 983.0998379665
95980942.3480221480 965.4908630925
94448766.2285909653 687.7839454168
97418850.2537266165 1114.4499838442
96724674.9684831351 1049.6514436692
96929103.9417196661 1071.2574984521
96605745.2126825005 1034.6018171400
100882329.9134873152 1392.5573697090
97211039.5032672584 1095.6361239046
98820103.7627976239 1230.3749693722
95931622.0432490408 962.0813492911
97262958.7430576235 1100.2187570423
98220184.0637519211 1176.4364868008
96394320.0770576447 1011.2317261786
101260210.5701451153 1418.6307096481
96300373.2939502150 1007.4998659581
95162160.3803941309 853.0611114576
96293650.5541775227 1006.6168224305
99972867.5518937260 1323.0854562521
94690927.0031255782 735.4569276673
94919537.4085533768 805.0140890134
95691369.4889142513 933.2665513346
96235996.7667903006 998.6232380348
94373742.1211051792 684.4015106536
95019364.0691766441 831.2415701151
95182450.9084848166 855.2287924364
95519726.2878179848 907.1476872787
96881017.8760383576 1059.7266749233
96274204.5370368212 1003.0604151266
96612467.9524552077 1035.4848606676
94543980.4197480679 707.8858293404
98189832.4618448615 1174.5772775501
101863350.5167637020 1457.5786814690
98296885.8019094914 1185.5578078121
95380956.2645241916 892.2243498191
98104338.3230698854 1171.1638974041
97840238.5351973027 1148.2124269098
94846334.6050494313 782.9838934538
97609572.2886627167 1128.0849009665
97982166.8742938638 1158.8205576033
98064084.0839413404 1170.2131804317
96573493.7048666030 1033.3962593466
94580740.6525005698 731.6036063130
96965966.7118113339 1074.8472077936
96505075.6898023784 1029.9869133920
95896944.4221191257 957.5808896499
102740167.0925529897 1512.9181690216
97724670.0961674899 1142.6743995041
94619734.1587767899 733.1121348825
97861246.6519423723 1149.4296777789
95653161.7186676413 928.8293742428
100984576.8838097453 1400.3866877556
97495333.5165936053 1121.8854833931
94713708.4240625650 752.6312690871
96042377.6559937894 980.8365365046
95092028.0163898617 841.3935462162
98246551.8842653781 1182.9459583849
94804606.5455473512 759.2362936735
96580216.4446392953 1034.2793028742
96416977.6650068015 1014.5761368662
94993788.1554982960 805.8292631733
96743279.8894909322 1055.1880266756
96792600.1942640245 1058.5973726303
96470603.2606343180 1019.4121541458
96511798.4295750856 1030.8699569196
97543996.0159124136 1123.7441260904
95076201.4079783559 833.1239484623
97676142.7053941935 1131.5005129488
97366695.6529812366 1107.5040378660
99171245.5116431415 1259.9278630018
101142240.7310396582 1411.2424623966
95294997.2921084166 872.8588514776
97298028.9161488861 1104.0884258837
97987047.9392530918 1162.3650553316
95540667.7923370153 909.3711379319
99487720.8985663503 1282.2725280523
97079364.0963735580 1083.2622236103
97561404.3908018768 1124.4921209902
95864586.8542925119 948.0776804986
102206518.3171223104 1477.2378625870
96504129.2476514280 1025.1670776369
97010946.0813093483 1079.8466116280
96143883.4553020895 988.5023144858
95128091.8541305959 846.7737063884
100279444.3823612332 1345.1617525816
103235460.9344319850 1522.5368080139
95003516.2770241052 831.0106639937
95987527.0174813569 965.5282863625
95938206.7127082646 962.1189404079
102197788.9914684594 1475.9673738480
97591155.0961983651 1126.5115454287
96143047.1788738966 985.4514402526
95439727.0763036460 892.6083467081
95153676.6650714874 852.1599378660
101428996.9312879145 1431.8233654499
96239183.2234243006 998.8699295002
94995823.6936479807 829.7260265425
96707478.7432038784 1041.3255719619
96289067.2996495813 1005.1546062606
95158639.5160588026 852.1599379778
99575005.7163958549 1287.6628957987
95888322.6364829838 956.0029452818
95563242.4886180013 912.0477938124
101373210.1244854033 1423.4592490196
103280256.6924400032 1522.7011337280
96663667.3086626083 1038.8942066223
96456669.7298067808 1015.2032350561
98404659.7402958423 1193.6157022715
95273390.3895574957 871.3637655974
96501621.9049374908 1023.8493312376
95903529.0915783346 957.7871624010
97180727.6831441075 1092.2692883700
102098745.6066600382 1475.4633493423
97633089.5832893103 1129.7366914097
96407627.4862895757 1012.1523608229
96456947.7910626829 1015.5617067775
95094417.4734615386 841.5334465131
100920279.6400139928 1394.2174918652
101778660.9779384285 1455.8041682243
101709578.7135587484 1452.4877295494
96269498.3885101825 999.1934325027
99033634.4765687585 1244.5273832083
99270441.4256096929 1263.9516737461
101919902.1848997176 1459.0995707512
98154856.4449507296 1173.8193802182
96910648.1877029836 1061.1704123560
99067503.7458499372 1246.8922699690
97162991.7268659025 1085.3962961525
98454139.8491506428 1197.2130076885
97631667.8212890327 1129.0564390961
97264673.6901972741 1101.3681989495
102023878.5839687437 1471.2457370758
99795123.7196433395 1307.9325075150
94848724.0621211231 783.1237937508
102093139.4714328349 1474.5621757507
97849788.7929274142 1148.2810157315
94751536.0126880258 755.4643918574
96108369.5577439815 980.9509806114
99239329.2280580997 1263.7666248083
95610421.0418120027 914.5265220938
100936735.0377040207 1396.0403873920
100031095.2772247642 1326.4665151834
96891300.1203617603 1061.0886041016
97719859.7787881941 1132.8533518855
99284772.8239837736 1264.2698491216
97788390.8809228837 1142.7058742136
102091675.7385795563 1472.4313707352
100065516.7220552415 1329.6652253866
102251779.2962691486 1477.5507755280
101665402.6236113161 1442.1160764694
100244870.2867111415 1343.3954073191
99978527.0926720053 1325.4638930559
99763064.1550777256 1306.6500331163
103064752.4980877936 1519.5482082367
99823337.1420466453 1309.2180920839
95353072.1413845867 887.0231174678
99304134.6184387207 1268.1649628878
102601792.5413742214 1497.3688712120
100947631.1915599108 1396.0665645599
99538613.3169882894 1286.9908519983
97404677.1828951389 1107.5699156612
100047787.9801360965 1328.8772732019
94802729.6185031086 757.9873290181
99754076.2545825541 1305.8047119379
95214655.7317420989 867.0910892040
94838549.7415963709 778.3659969717
100393367.0541278571 1357.7681667805
99831263.1403620839 1310.5011348724
100025253.2917671651 1326.3856149912
100321392.8622472584 1348.6418501139
100650094.9368771464 1375.0775973797
102905232.7140103430 1516.2747669220
100105217.3253550082 1334.8088269234
102864983.3900523633 1515.9067687988
99847406.1769486070 1310.6834261417
100057964.5041175336 1329.5011615753
99866410.6498696059 1315.9949669838
102885277.2340164334 1516.0488643646
96653547.5438703895 1035.8253758639
101122661.6788559854 1406.7886676788
101008319.9038537890 1401.2878613472
102817023.2306867391 1513.0602645874
101232251.5631947368 1417.4488148689
102466263.2547703683 1492.7188553810
98539960.5608724058 1204.9165137680
100177416.2713119835 1338.9543068409
99938339.3777135015 1318.5793542862
99599778.9738740325 1291.8695662022
95252352.3284273297 868.8572611151
103353624.4084971398 1526.9840049744
100716502.9381193966 1380.8452639580
99859406.5685607940 1311.3659825325
99599078.2867047340 1291.6872749329
94834834.9203812480 759.7798337678
100314119.8912058473 1347.1489605904
94790039.1623732299 757.4543046805
102610012.2066686600 1499.0653700829
100731555.7946445942 1382.5298538208
95806591.2001727223 942.6561894587
101951781.0249826759 1461.4684548378
97163221.0610143542 1086.2274205774
94895300.3170199096 795.0107833762
101625153.2996533662 1441.8092737198
100789246.5889966488 1385.9432339668
100396928.2861063480 1358.6693403721
102049542.7150671780 1471.5301971436
101493525.9868749529 1436.3639326096
101173424.9952559471 1412.5034191608
100857386.5428049415 1388.9318337440
102711545.2184998840 1510.0282859802
102602324.9376636446 1498.4137616158
102650261.5306266099 1499.3502116203
95611692.4587535560 915.1188112568
101472299.7539657056 1434.0141820908
95085084.5577788949 835.2675993959
101880296.3794878274 1458.7927680016
99956682.1751543880 1319.2230894804
100502650.6570814103 1362.0693254471
103030811.6972437650 1519.3223056793
101738926.7150095850 1452.7721896172
102913738.3270295113 1516.3337059021
99659563.7623204440 1294.4340395927
100185006.9410218000 1339.9113328457
95779446.4166168272 940.8423984255
100506988.5517974347 1362.0827205181
100650071.4872051626 1374.7769279480
101479101.2374714315 1435.3431725502
102601894.8698138446 1498.1533546448
101620170.3420508206 1441.6694455147
95804604.4719322324 941.0662142349
102268886.3702049106 1478.1812605858
101552030.3882425129 1438.6808457375
101096458.5846882761 1405.5854463577
101204906.3123549074 1415.0456984043
101235288.8890008479 1418.3182020187
99382783.6205692589 1273.1115586758
102665142.1408192664 1509.5804958344
101039562.4861229658 1403.0005393028
100962077.6290215701 1397.7362678051
100695450.6679776609 1378.9782602787
100088840.5799053907 1334.0074796677
102325326.0333849639 1487.0207808614
101302210.9294818193 1421.6973514557
95740447.2815567553 937.1038904352
100967451.5005679280 1399.6426243782
102674071.3176884353 1509.7438259125
95641962.7361850142 916.8819090662
97928136.3500794321 1153.2127553765
98243785.5877040625 1178.3753499381
99692344.4537611455 1295.7253552675
99733228.0927693844 1302.8852287094
102351951.8641736954 1489.0382711887
102289481.8738947362 1479.3252887726
99697689.7030280083 1295.7847984592
102522993.1855991781 1495.9958701134
99698157.9196780920 1295.8219550411
97886024.9093265235 1151.6526044697
102422724.1883415133 1492.6379551888
95646667.8460313231 917.9581622196
97827670.0302188545 1146.3410636276
101189122.7032888085 1413.0098388195
95459330.7208765298 894.0605929879
98439839.3412359208 1196.3424007567
95596783.7698060423 913.9926213635
98429173.7390787303 1195.0955910031
99328647.8251885176 1269.0102840662
98462835.1334087551 1198.0978724631
99551706.6662392467 1287.1296308041
97980842.0382039994 1155.5423778385
99446278.4087395966 1279.2396083148
99107995.3581714332 1250.8356477516
99132113.6131941527 1252.9357810818
99149062.3918489516 1257.0975741642
99060738.9518890828 1246.3781546028
98875588.9294123054 1233.7735206382
99368163.1053785086 1269.8486188650
98738781.6139009893 1222.0825256603
99521397.4582951218 1285.3034084113
98582297.6465735286 1208.7479235474
98924034.9406062067 1239.9761746796
99452315.1939154565 1281.8900282653
98414386.5094077587 1194.6770033232
98654474.9065999836 1215.8507738980
98907797.8278701156 1238.2236513002
98709394.4027332813 1220.4678015383
98124325.1909945309 1171.3676380009
98756673.4700086266 1222.2131771389
98687869.2668848783 1219.2245773617
98619451.2518206388 1215.8111972157
98876176.8736515492 1234.5692047421
100591507.6542847157 1368.9851094484
100354069.6588136703 1351.9601389170
