619970407.9980429411 966263.5464820862
613435356.8519104719 936455.8199376315
624154210.5687791109 979642.1066284180
594483448.9092246294 764809.6593469735
595245487.4307039976 775618.0512887593
624316388.5625783205 980402.8710327148
596188021.2590217590 788753.5626259428
593253913.7388503551 741659.4246968948
593598180.5368708372 747942.7646754424
599563226.9772735834 834502.7438617223
594809325.4370136261 768304.6049165116
596773419.6597565413 798375.1593642216
596637039.2535876036 795660.3321447793
627390468.0066099167 987351.0853271484
594423210.5970158577 761933.9247477883
593248379.0407246351 740942.4153940618
593074384.2244859934 740408.4037897527
625019621.1507960558 981627.7277832031
596171373.8778584003 788576.7966473084
595817850.2613786459 786404.0520160238
596430893.3174793720 793453.3839843313
631124607.2788851261 994938.1741943359
605467956.1389508247 884413.7484131381
625127067.4174784422 981630.3789672852
595441134.8191590309 781676.8782088796
598126661.5726794004 815016.4354567998
595413433.6327034235 781446.9435246030
594050409.4469971657 754288.9098306876
597162438.9863343239 801571.0655275690
595152031.4039088488 772392.3154209014
596688100.2915445566 796203.7873978821
595169299.6601068974 775039.9258157369
596697767.3866575956 796605.3906836715
594358388.8691123724 760678.1301463479
592128298.3158413172 691923.7324444547
598286626.8945811987 818788.1465741312
595629015.3711292744 781834.8174011747
595000570.6685242653 770020.8518869039
593868451.0964168310 750737.9341837149
622841116.2991122007 975278.0911865234
606987673.6240895987 893928.9224230498
598758794.7500488758 824793.2941228068
601219436.1607831717 850825.2442265665
594964595.8727891445 769309.9236278355
598928405.4043004513 827740.9046702855
598709195.9259303808 822710.5541292410
593934630.1411938667 754050.6969021002
623140943.0219572783 976690.3874511719
604264584.8947244883 876734.1737061068
597117519.6665936708 801267.9428584930
593764461.8444122076 750482.2500130507
600589002.0232261419 845607.3885899698
593404993.5332328081 744193.8113438112
600923591.9355326891 848565.5796237588
597497083.6209535599 808922.7101619598
607472126.7066560984 898104.7738329619
598008320.5569300652 812923.8977077361
600987441.6795557737 848703.2646201607
596428304.0928348303 791984.2134041274
604546120.8339979649 878917.1851196811
594573564.0218826532 767519.1196477681
601315012.6076003313 852586.5549603617
639103956.7901309729 997353.4532470703
592842849.0341398716 731015.8139328295
596955228.0655946732 799786.0170555050
601750298.2661367655 854333.1314306036
596351450.0162855387 789882.7666836205
615809546.0370851755 948107.8993263245
592141682.8337657452 715473.5674736430
595059821.4122397900 770477.2331582662
594675042.1467919350 767710.4590290990
594453346.0822350979 764159.4833821263
607675983.2091354132 899217.4739596099
602479831.6015627384 862504.2405777499
601570498.3455706835 853162.6441937601
600587262.4244672060 845461.0377484476
599087523.5277069807 829829.3103581583
599282908.4998844862 831617.6603184855
624179549.5667397976 980372.8405761719
602410973.8651268482 861755.7708744034
597493804.9473403692 808909.8311336396
631612660.4681466818 995842.8543701172
609217998.8113472462 911534.0505472869
600216107.4283969402 840145.2111075874
594292931.0829563141 759588.5235787984
624477101.1081098318 981005.2922363281
631216347.5917205811 995291.1456298828
608413825.3940434456 904386.8688112944
602001618.4184263945 857856.0441898331
602806374.3088474274 865137.3842166886
599963211.7655844688 839698.3920117533
596969768.7214368582 800181.4023261275
596136904.0135014057 787711.2130641381
623696368.6917287111 979163.7215576172
597497083.6209530830 808917.8383357879
601257692.6647537947 850848.5125371134
604099609.1523649693 875940.0056248233
601143248.3901859522 850253.4061070597
605113313.5148197412 883755.5451660678
605054079.0963615179 882903.8562012240
598228176.6475442648 815743.7211805340
598194646.1851752996 815736.1122938152
604797934.6433619261 880574.2001953647
592416869.5657247305 716606.5917579472
606997296.3073728085 895172.5165774077
592467518.8995050192 721017.8110908906
623705968.0354962349 979518.2979736328
592416869.5657246113 716580.1546241582
602533665.5508680344 863496.8933220431
631634149.4595605135 996022.6600341797
600679650.3533506393 846928.0847417032
630946930.6058862209 993073.4718017578
631254604.0956914425 995314.4139404297
605506193.5931233168 885584.8045673892
597934545.9125771523 812175.5229366180
623002884.5162959099 976149.3615722656
639519973.4564439058 997385.4949951172
607078102.8511538506 896330.0120474547
601938911.7695547342 856698.4471384361
595138689.0730597973 771836.3997384664
610479745.5433369875 917914.4817663878
611100554.3467530012 922266.9249464720
611517892.1330232620 923811.1097783297
600305700.9880005121 841668.8108028686
599517867.5010544062 833582.3323002970
601081664.9240161180 849126.8424602025
594986335.5739136934 769903.8239862081
630881577.4394650459 992295.6309814453
592846854.2608064413 731893.7226242358
599867635.3187673092 837936.2503453409
602375666.4258751869 861019.7486839816
592586438.6582261324 722298.4253677765
610911516.0351030827 921330.9242102355
598031844.5583685637 813555.6181592103
600497742.3454250097 844228.5835210001
598830421.6910374165 825351.3465542113
607257031.3682340384 897803.9902712554
597520826.6465632915 809720.1010846253
600226496.7135498524 840793.4403630411
610753469.5211124420 919407.2863928527
639801361.2220675945 998752.3070068359
599766947.7662653923 837223.4896031534
596316329.1023982763 789740.8016232514
603011892.4858685732 867870.3968315646
602169835.2791508436 860699.3891225383
603328135.8960310221 871219.9854054973
599236912.3110496998 831023.9784032023
603266552.4298611879 870160.9458852336
608202186.9739649296 903965.2616640776
623275853.3954329491 978022.7224121094
623741384.4651170969 979588.7877197266
600763566.2516351938 847913.8474484598
600994544.0512403250 848839.8362523234
602818716.5083340406 866005.2146873996
604098006.6489714384 875936.0919786766
628426518.6838884354 991200.9072265625
603799666.5570296049 873663.4124875590
603528411.7330895662 872134.3244768456
601097192.6762204170 849711.4419842875
608637236.1393445730 907393.1955630034
599482742.7725718021 832645.1881992370
592704101.0939649343 725968.4011506478
621933396.3180739880 973442.3152809143
602572189.4778249264 864174.8079643771
599791447.5481702089 837365.5064641153
592788069.9671920538 729730.2153081337
597686516.8735883236 811824.6047330853
597472314.2580554485 807414.7717356915
594113722.9977974892 757360.0893891838
607281531.1501388550 897959.5240999907
638812044.8681154251 997123.9136352539
602616052.3454203606 864294.4029331729
598432556.2230933905 820893.2874370092
627976928.5692605972 989931.6402587891
598871557.2160013914 826144.6915507787
602967589.9215461016 867557.9402275607
628442629.2560875416 991916.5207519531
628615556.9955384731 992215.2055664062
613197595.4442677498 934833.4362248629
612809992.2396447659 932632.8206152916
599459562.7084980011 832450.4778666968
613411822.5963233709 935888.9400000572
599682587.3291887045 834899.3497386449
610194133.3832432032 917255.8750164509
611220005.3375624418 922944.7203476429
622229366.7213859558 974301.9582252502
608865021.0666418076 909324.5272471160
612101672.9405727386 928185.2115086764
598419569.2184150219 819009.6508507482
608283731.1845839024 904185.2289797515
610622969.8658441305 919391.7205860615
599747144.9838471413 836844.5278392308
596612232.5512187481 794969.1357926392
613964576.9565076828 939532.3340430260
596881488.3140554428 799233.2210109555
607134204.0736415386 896447.6746037006
598871557.2160017490 826144.6915507788
612739267.1751618385 931739.3844580650
621218700.5939233303 970383.0203590393
618339192.0133141279 958628.9759025574
628615556.9955382347 992213.7871093750
620488994.2331647873 969871.3413658142
623422861.2570497990 978814.5034179688
617576222.0091123581 957268.8706932068
619682403.8202610016 964239.5633888245
597217701.5440665483 804939.8929496761
597216080.3008854389 802128.0784137878
603752249.9037218094 872933.0242771357
624636785.3467198610 981474.9908218384
615825065.8941156864 948654.2669348717
620456856.4771569967 969686.3739585876
622197885.5128540993 973579.4495582581
628222676.9172347784 990310.9326171875
621592499.0036114454 971375.3256568909
621113071.0200560093 969931.5646324158
607837855.1510233879 900902.4266916960
607970518.7392712831 902147.6996777058
611653627.9826368093 924886.3996078968
621535480.7095373869 971316.0143165588
609874100.4197177887 916996.0078837126
608682121.8839130402 908394.7802969664
608420802.2044217587 906374.4014040679
618969555.1519278288 961238.7296867371
619318382.4643419981 962942.2680854797
628370035.6634782553 990801.9487304688
616530370.5614626408 952844.2699928284
618666764.6342012882 960615.2078971863
609442548.7725725174 913299.7621866912
605371567.6382180452 884048.0549421310
608911574.9480286837 909473.3303019255
604294678.0425078869 876849.5863275528
596310298.5796508789 788768.7423681235
618427892.4046363831 959615.9200668335
621700046.3430659771 972912.0773658752
613299995.8326623440 935245.0296607018
616519829.6686310768 952838.8221168518
621339304.0207697153 971188.4468727112
604598281.4859740734 879816.6138105392
611723743.4470931292 925185.6649693698
610505296.8958344460 919041.2066128254
619524961.6891281605 964052.0724754333
627470591.0294936895 987960.8948669434
606037158.7644239664 888921.1366510391
613449717.2160178423 936573.5957922935
621732184.0990732908 973097.0447731018
627356066.2098920345 987093.7823181152
605762770.5202649832 886913.7939894199
627490260.0011488199 989682.7147216797
606480713.4231067896 891548.6421022415
606233794.8624391556 889691.1943115443
606012835.4298882484 888502.7318830490
605584766.4114236832 885633.6724684238
604260439.7743893862 876309.3257360458
611603328.6325125694 924777.0116907805
613137327.3029040098 933937.3402318209
615099373.9397511482 945060.9983801842
615306838.4208195210 946220.7373938560
615587582.8338056803 947945.4458899498
612859982.7268444300 933444.7059544772
608989763.8649679422 910017.5308634490
638693434.3029133081 997108.0068969727
616728251.7524452209 953931.1171607971
626832189.6191302538 984643.3543395996
627416944.8011589050 987406.6585388184
627452361.2307800055 987506.0101013184
614786393.8297015429 943935.8269248009
637859631.8417378664 996839.0198364258
620361885.1643118858 968153.6674156189
619391048.3350187540 963073.3316612244
627225069.6974338293 986549.0564880371
619462098.5601335764 963324.8851280212
616379583.5780863762 951550.3713111877
616488690.9960564375 952324.3678932190
615990095.8175030947 949835.1480383873
614689769.3290548325 943708.6903281212
612633404.5157594681 930912.2663182467
617292322.4477694035 955768.5033912659
614393513.7513979673 942059.3874716759
609836788.9365997314 914586.0547892302
616677729.3077063560 953341.4976539612
620446130.9216772318 969205.9326744080
622397152.9295295477 974693.5367164612
614425651.5074056387 942244.7425742149
616167573.7577949762 950964.0779762268
617292322.4477695227 955769.8205299377
605923243.5011106730 887823.7439680099
615030541.4060012102 944800.0376181602
614278753.1193697453 941495.0871787071
609283059.2825143337 911586.7089640349
612177260.7562226057 928410.3325907439
611848660.0006684065 926397.2868143767
606341080.7969297171 890572.5430994034
611904562.8608822823 926544.0780436248
617916958.4317890406 958062.1743812561
614818531.5857094526 944120.7943320274
614251556.2869606018 940628.4842505455
627321694.1980808973 986788.5164489746
607478347.4509668350 898720.7438223213
618102394.7435543537 958191.1064109802
619288230.8238425255 962280.3010826111
