271560996.8213150501 84754.6453593019
271730380.8065589666 88072.5971838478
272072108.5012139678 91489.6946117822
321076683.1891381741 213518.0661278665
275991563.4761401415 118955.7615610380
280458765.3270713687 127632.7907283902
271262760.1007310152 80114.9293989919
271820486.3424115181 88371.2100545410
271936295.4003567100 90568.9047975633
276691755.7048395276 121724.6911963001
271476266.0833625197 84198.2843207661
271614272.7427524924 86231.4261664692
276345034.0882923603 121635.6083002165
274770059.8272660971 112059.6001422424
271351575.9452133179 82146.1008726451
272887656.9130167961 100504.0311376396
310432448.4247457981 182889.5928391814
271157904.7448287606 77855.4298140500
271571756.6196840405 86209.8757281098
326944993.1933746934 225114.0002136230
271203688.0756279230 79449.6391768240
271782033.8325079679 88243.8913839552
271433749.9602940679 84176.7338824067
272192051.9609435797 93086.3741466943
312169819.1851814389 187278.2003904581
315574054.3335513473 194054.6551660486
315821302.1681909561 194394.6359489746
271923290.5474437475 90027.3884163517
271562721.9264074564 85942.3911481146
272054045.3015536666 91053.2323009912
321982522.8592505455 217874.3076906204
322242992.8530223966 219796.5700197220
271050135.7656145096 72059.5756086940
271298800.9447411299 81676.7261963878
272595544.1648464203 97109.1963015441
276249420.5530627370 119836.6431293264
271305459.0785719752 82124.5504342858
271801910.3999643326 88352.0416900497
271568121.4731281996 85961.4327505324
328555063.0219045281 229894.2981567383
274984119.4404774904 112862.5838159621
327909546.9379796386 229168.4481201172
321709264.4577445388 214541.6426659524
321674268.8911627531 214443.1665106416
328240740.9472435713 229786.1155395508
275227424.7324872017 114967.3726149648
303907649.7825272679 173502.5555684566
279698368.6440740228 124617.6416480169
271131402.6895043254 76344.9067397211
271687996.6512313485 87507.9255483840
271688807.8998209834 87754.1090601180
272411713.6237888336 95627.1600591484
272432726.8681011796 96084.8340902769
272515325.6007525325 96678.2129823509
274667294.1421982050 111381.2264162619
326109346.9361377358 224176.2008514404
272330605.8468459249 94645.4224865381
317962250.3007421494 204105.2980220616
281044540.4979887009 129990.8456412782
271114985.5877515078 75905.2482466482
271143271.2260933518 77416.4973311208
271141487.6430759430 77415.7713209771
271393790.5600973368 82680.9114728216
271706128.1325182319 87994.5745962355
275010720.0299066305 113218.3065367290
271094987.1935694814 74192.9230088664
271518480.6982465982 84733.0949209425
271516168.1185197234 84714.0533185247
276440952.5863100886 121708.1997766271
271300551.6840496659 81922.4395156000
272548150.8462715745 96904.8729048613
272068981.1571102142 91209.1559163574
271242318.5829137564 80090.6825784389
275217186.0821294188 114910.2649489492
271012743.1494141817 69769.9170496287
271412375.4787281752 82808.8822588716
325910464.9840703607 223964.6979370117
272135968.4410383105 92437.1423960570
272710175.6945515871 98470.8892919365
320815504.7011144161 211460.5846444070
272267621.4581655264 94283.1134640816
271822025.8542378545 89977.7415285203
272093440.7298991084 92376.2343818191
271864541.9773061872 89999.2919668797
320267875.3190404773 209963.0913834572
320329664.6244075894 210790.9245591164
271694629.2950176001 87944.5996828172
271639167.1249393225 86525.7712305281
272168580.9985659122 93079.4060994629
271192241.8851104975 78378.0485854242
271287685.3405789733 80756.6988107506
327659520.2120072246 227900.0829010010
271107751.2184926867 74466.0927544469
271385282.4220021367 82478.8005541358
313851677.5714530945 192372.2344296044
318230707.6761368513 207741.6263349503
274954116.8596056700 112835.3852353711
271110652.5121275187 75376.7300564591
271202849.1564224362 78521.4460463617
271279177.2024837136 80554.5878920648
271041799.0357803702 71827.0799487522
271978811.5234250426 90590.4552359227
271267839.5618100762 80235.2429823968
271038294.1388971210 71383.6831845315
271267676.5920047760 80171.7607137505
275118078.6298075318 113483.0478445608
297646794.1709230542 160287.6919667125
317914577.0219101906 201795.6606214494
274763920.7840933204 111791.8804251272
271183262.7539198399 77936.5079493616
271159688.3278462291 77856.1558241937
271240970.7705019712 79924.9198410902
271220105.1773807406 79889.2976698968
271244102.1659311652 80091.4085885826
271656487.3576365709 86766.2367666457
273857390.6636011600 108002.1322446316
274739193.5140666366 111449.9059988577
276238469.1435922384 119675.0579309240
270999818.3838837147 68094.3528644852
271216973.7819515467 79722.8089224044
271156556.9324169755 77689.6670767013
299252149.9884299040 164711.4408532977
273111199.7981191874 102198.0678094854
273846112.4156318307 107998.3142657727
270995298.1543701291 68093.8214505967
311690799.1209110022 185775.5720986724
311202473.9022876620 184659.0877847075
273873756.1752344370 109579.7013802011
271033108.7202218771 70163.2995317932
272481778.7203473449 96430.7793990020
294464097.5500572920 155273.0917857140
271272733.9930570722 80387.3731344286
273364668.0388795137 105921.2427558382
275984866.6922581792 118572.3799332976
275360869.7543166876 116539.3009596914
271080165.1398826241 74131.3200159008
272152007.2675168514 92730.8043310214
272265457.6420829296 94221.8376300577
273685599.0360979438 107987.9654912432
274886034.5365476012 112683.8266033530
277587206.3746975064 121799.4322654237
271017662.6398304105 70029.2315028897
272065446.0776076317 91074.9281331543
300031427.6485635638 166684.1090819836
271103613.5013965964 74445.4614792550
271994360.7321283221 91046.2642537597
271012943.9807324409 69839.4176719775
271128271.2940751314 76178.4179922286
272852295.8594214916 99590.5612176885
275207695.0239077806 114654.0918726027
272360813.0074180365 95256.6779602710
272509343.0939979553 96505.6554214749
274056553.6890524030 110021.1073369463
275275642.6793491244 115012.6730736103
271002514.3874348402 68095.8931803517
271681061.1553788185 86809.6987691317
273190469.7912614346 102598.8297497188
271058196.8931596875 73692.8772726292
272302317.1483002901 94638.1030894164
272237854.4274901152 93357.1591285635
271013142.4103168845 70028.7000890011
271020358.6433815956 70030.7718187561
272390348.3536284566 95345.9476834182
325724586.1641752720 222047.8973255157
272093037.7641616464 91596.7583442572
275451000.3159176707 116758.8806716055
272354955.8041096330 94968.0821410064
271058169.2092332840 72100.2498999527
300395084.2477327585 167023.8829708099
300020149.4005941749 166680.2911031246
273453663.3604558110 105936.4663793971
271050952.9761685729 72098.1781701976
276202498.0980316997 119431.8633329589
272330649.1781502962 94916.1841441039
272537675.1238480210 96783.7364761624
271797711.3490012288 88350.5375122819
272560800.5781434774 96949.3259898070
274527227.3798128963 110982.8769856044
273479850.8196163774 105959.8568663080
275196416.7759384513 114650.2738937438
273487530.0256963372 106165.8334359457
325701609.4343595505 220163.9205017090
273108234.1284940839 101931.2924110820
275615300.9145590067 117184.9726544470
275439722.0679482222 116755.0626927465
313280793.4429847598 188474.1860841275
272827621.3042861819 99571.5196152707
273041217.6809861064 101604.3101110836
299641833.5450478196 166230.5621110201
299110841.5278351307 164173.5830948353
273301205.1859057546 104139.6138924886
276324174.1682822704 121216.1930777747
273313979.3240875602 104143.4318713476
316920020.3331421018 198341.5673053563
317124226.6723604798 200200.3579471409
277575928.1267281771 121795.6142865648
309017435.5882201195 180964.4721365143
276119320.4781938791 119359.3657715041
302753128.9361621737 170172.8559296727
320758455.2547887564 210814.7735059708
280413031.3073139191 126122.6631519794
319656398.4675492644 208101.7633130997
284900341.0162628293 139820.8571322560
284172842.3465801477 138851.4289706349
273002329.5082857609 101437.8787989249
290455135.6449159384 146043.4255832275
274118366.8973471522 110049.1871576239
274231489.7296452522 110299.1182982107
274906072.4224684834 112784.7418242395
273513114.9976035953 106172.7557381918
294661979.9560526013 158700.4345156401
274515949.1318435669 110979.0590067455
290727738.6656650901 148155.6255729198
320222941.4701315165 209845.1138562281
272665145.6359275579 97567.8648746102
275367822.6960799098 116686.3831101507
273230801.7042497396 104070.9343098928
274977971.7943370342 112853.4214068353
272682062.2124570012 97733.3977631857
272798942.7566013336 99128.6876656949
284244741.7184486389 138920.1085532308
276191219.8500623703 119428.0453540999
273671767.3124279380 107471.7070426275
308448519.6820060611 178761.8272694964
308127582.9975239038 177713.4728427846
273214404.0954691172 103779.5450543691
272666829.7217695713 97568.2038991242
290705890.1658645868 146141.2436887189
275301267.1698988080 115223.8203595579
275801428.5998870730 117186.0940302182
273639282.3074152470 106191.0729878177
295009854.0916333199 159173.4729791731
273949922.7398792505 110017.2893580873
275002400.5161344409 112964.7112387260
274473154.6731210351 110619.2221259107
274652591.6533784270 111312.7188191642
274724491.0252469182 111381.3984017600
274473332.0144181252 110636.9341510608
274137509.9699975252 110133.6769677629
272991311.0605536103 101129.0913056363
303873564.4432523847 170460.6621500105
294102171.1559196115 154934.0883873105
274810080.4068311453 112579.0048132064
281277913.9285051823 130260.0469400883
280144458.3905395865 125456.3946559280
274491345.8327420354 110910.3794241496
274606946.2076942921 111224.4208231517
278903874.3218989372 122254.6842200607
272597800.2166128755 97367.3840074479
273105936.7797003388 101840.7863274901
298934793.7279338837 160771.0625771731
280610243.5178409815 128135.1552331299
272699070.3441000581 98403.8991949796
272973361.4994866252 100958.4287359803
272611737.1872966886 97559.3930304288
279632976.4189178944 122650.5153016536
280398983.6033345461 125837.3844863027
273085420.6461276412 101832.7443831046
272776763.9045624137 99109.3043463468
292446213.4452891946 152975.9287234843
272812969.2085752487 99215.0288401335
272903934.7848387957 100799.0276823281
272587654.8668179512 97021.6514311074
272738314.0104441643 98837.4661588906
280439233.5431974530 126230.8608977646
292351618.9712434411 152027.6469799578
292723063.4311885834 153147.7553090304
290089850.2232398391 145267.4980309880
284073120.4977404475 133973.1313758343
280745689.2953613997 129379.0108858198
288984446.6269571781 144193.7604564927
288432510.3158348799 142792.7080883286
281456713.6540979147 131242.3999133408
280543787.0655130744 127774.7060762495
288093112.8800561428 140046.1796497605
288211056.1337783337 140634.8984607956
280534627.5637769103 127699.2805168033
280642332.5619747639 128209.5387704298
280996123.4749257565 129524.3413238674
283544208.8935497999 133683.1064693332
292214294.8099640608 151677.7191067636
280269647.6585419178 125647.9276210666
280107854.0040920377 125373.1241771579
293484109.2039831877 153772.0521542877
282041308.3510016799 133208.0626460910
316858419.9064239860 194880.6860734224
292026407.2729694843 148536.7448219955
292213468.6381525993 149087.1524263918
291486460.3647167087 148194.7457947433
