786589600.9393535852 11266994.5488281250
789246457.9144301414 11307131.4687500000
784226369.7320021391 11228301.7558593750
784282357.3408282995 11234029.8242187500
796426020.3719186783 11384157.4589843750
796343688.4718230963 11384142.0429687500
786754031.1812206507 11271881.4765625000
776961053.2152292728 11074139.0937500000
772798923.2309365273 10939432.4316406250
771937358.4537771940 10913019.0234375000
772052817.0912569761 10917995.0800781250
775240464.2789944410 11029344.8515625000
784282357.3408282995 11234155.5019531250
790596713.3587235212 11322441.2656250000
790725404.0538715124 11328153.9375000000
794345927.2046420574 11363297.6289062500
777488972.5471978188 11089100.5195312500
778602192.0826995373 11109877.9140625000
780091995.2133533955 11147696.8339843750
784499845.6636582613 11236852.8437500000
785567850.5673673153 11258429.5273437500
787028691.8391505480 11273370.1386718750
793888031.1626971960 11359956.8847656250
791734751.6146266460 11336633.1835937500
780488247.3778288364 11154959.9121093750
777472680.1460348368 11085481.6953125000
778978732.0128045082 11117988.0000000000
793637000.7312083244 11354532.2714843750
777209996.0111080408 11077627.2304687500
773512762.9521832466 10975198.1738281250
793117103.6651152372 11354290.1425781250
773368043.4419705868 10967773.2832031250
772965772.0070292950 10960690.2636718750
801236637.6941256523 11404749.2226562500
791228229.3235920668 11333131.2441406250
786002981.9125488997 11262218.1972656250
779658767.5170357227 11136268.1718750000
792790969.9480882883 11349379.5449218750
799613819.9057985544 11398551.5761718750
785399885.0204614401 11254459.3808593750
785224550.5812416077 11252004.4355468750
774483856.4557433128 11007793.6171875000
776067797.2216858864 11053348.0175781250
798446243.2929868698 11395636.2812500000
776585377.0038006306 11064320.5234375000
799631843.9632002115 11398597.1679687500
789689430.8542948961 11317102.7734375000
797660345.3425041437 11387381.1992187500
791351503.2165361643 11334017.1347656250
777390875.8628276587 11081390.8945312500
782910273.3670998812 11205646.4843750000
790967194.0426536798 11330770.0527343750
784272184.0276930332 11231982.3652343750
792073855.7846790552 11342456.0156250000
779976113.4935452938 11143312.1406250000
780669635.1663300991 11160622.3945312500
789095573.7729127407 11302622.0332031250
776467494.0986729860 11061865.8496093750
781050725.7078269720 11165262.7050781250
779983480.0309340954 11145485.7421875000
791399781.8968894482 11334268.3300781250
782770119.6734485626 11202053.8750000000
792231414.0413239002 11342788.1933593750
802910592.6358191967 11406689.1757812500
782370182.7980453968 11193983.4375000000
783354247.9483821392 11215452.3710937500
779983480.0309343338 11145534.2753906250
794023652.1685073376 11363151.0585937500
786161131.0126155615 11264681.3730468750
791351503.2165366411 11334075.2402343750
792994248.2922135592 11352360.5742187500
788305110.5879569054 11291234.6972656250
781710234.0391443968 11179542.2792968750
794469542.9689456224 11365568.1738281250
776560557.2174799442 11063280.7753906250
803078422.5589406490 11406871.7695312500
799357882.9072406292 11397042.8554687500
794505317.4038933516 11367256.6132812500
776319127.2006068230 11059996.9062500000
777676856.8834862709 11089304.4082031250
781308185.1761585474 11165826.2578125000
771775866.4684904814 10892030.8906250000
785130979.3357561827 11248183.1113281250
774786933.4423463345 11017626.3574218750
777160157.5578747988 11076408.5058593750
797305371.0277076960 11384159.2109375000
792053488.2025737762 11339027.0625000000
773290038.9691656828 10962959.3925781250
773314446.7878996134 10967571.1269531250
775826343.6503593922 11041320.1308593750
771202913.1890716553 10857297.5078125000
773504064.8435658216 10969318.4062500000
792617558.4200525284 11349187.5917968750
775543955.5208427906 11039942.9746093750
772418077.5513608456 10936138.7558593750
775916864.8565849066 11049311.7558593750
779185148.0471568108 11126913.7597656250
778856000.6258844137 11113940.1933593750
807470824.6100865602 11415882.8867187500
771028073.8110949993 10848235.1308593750
781617097.5370018482 11179199.9316406250
775840422.0368965864 11046785.3984375000
797737062.2240036726 11389698.0742187500
783857311.6700669527 11222125.3105468750
777107927.6096138954 11075675.3691406250
791690337.9010832310 11336470.7109375000
780444917.2971422672 11153404.0292968750
775537499.4113223553 11037328.7929687500
775062152.6244463921 11023719.6816406250
789599189.1257418394 11309341.2578125000
779859392.2473433018 11142671.4492187500
774638076.3179448843 11007868.4863281250
771688433.9145661592 10886975.6289062500
779825263.7302005291 11140026.6660156250
779454419.2845036983 11129418.9863281250
779291733.8195941448 11127449.7871093750
792063103.3353071213 11340347.7988281250
795425060.0401803255 11376748.7109375000
772747304.4762200117 10938905.7656250000
781998158.7581988573 11187309.5058593750
781711135.9726489782 11179871.9550781250
803089579.0419131517 11409577.8125000000
781711135.9726489782 11179933.0371093750
776957351.2886180878 11072004.0527343750
774776080.9449052811 11011815.0859375000
779826598.8122127056 11140704.9082031250
779631241.5178689957 11134507.2441406250
780541463.5481722355 11155937.5175781250
780227276.3198534250 11150487.8652343750
779087033.7303392887 11126905.7480468750
782315446.8479117155 11193847.3925781250
779914110.6025342941 11142983.3535156250
779710301.1249301434 11138923.1484375000
781839545.2508643866 11184381.5292968750
800223110.3613973856 11402057.3164062500
792115017.1785937548 11342587.0878906250
776247700.8009032011 11056535.4062500000
771452308.3795416355 10872527.6074218750
780598261.1596448421 11156821.8789062500
793731100.2355407476 11355206.1328125000
787249300.1386907101 11276994.9921875000
798718487.7690702677 11396473.1855468750
782223399.2446352243 11191935.5000000000
783643471.2234264612 11219778.1816406250
797871834.4663738012 11392109.5957031250
786053018.3883390427 11262485.3652343750
779532704.9607400894 11133685.6816406250
777160157.5578743219 11076340.9335937500
776779096.3366775513 11068094.4199218750
772543893.0448100567 10937337.4082031250
782975533.2707670927 11208107.4062500000
774685789.2326916456 11010944.6425781250
771427556.0271978378 10872203.6542968750
773504064.8435659409 10969376.5117187500
783057788.4102541208 11208725.4882812500
774927783.4188296795 11019045.9707031250
776779096.3366776705 11068152.5253906250
773715873.0343503952 10976915.3652343750
807059032.7273837328 11415801.0234375000
798896399.4429841042 11396525.5937500000
776438154.9541401863 11060388.2246093750
782757381.1278467178 11200960.0761718750
782510553.3622552156 11196942.4785156250
779422335.6586501598 11128100.8144531250
780318580.7952067852 11151555.5312500000
777160157.5578743219 11076343.9101562500
775353087.3526140451 11033630.8613281250
787538140.7262706757 11277744.2597656250
772085901.5053913593 10922298.9492187500
783488358.9648512602 11218045.2441406250
782552220.0017023087 11197963.5039062500
788118301.7311215401 11286936.1074218750
787730185.5687087774 11282390.3945312500
775323743.1621578932 11029618.1406250000
772879155.5547016859 10941749.8027343750
774992907.2178399563 11022443.0234375000
779079601.4381024837 11124902.0781250000
791618159.9151834249 11335270.3125000000
786092748.3266236782 11263585.4648437500
784071545.0438991785 11226795.1621093750
797669351.2391140461 11388875.9589843750
775102914.2231879234 11023721.0449218750
790654727.3168023825 11323645.4902343750
771174220.6987122297 10855430.3300781250
774132033.4150993824 10998789.0722656250
777365894.7966376543 11078934.8378906250
782065138.8895871639 11189986.8652343750
775521142.8701862097 11037314.6113281250
778494256.6291813850 11107071.0664062500
772879155.5547014475 10941674.3457031250
771417684.3773515224 10871739.7363281250
775419020.5011956692 11035821.5488281250
773829783.3937296867 10978118.3769531250
777996576.5393322706 11094991.7910156250
782807150.1202391386 11204880.5117187500
783868784.9805535078 11225148.1796875000
798262128.1380636692 11392175.7539062500
775724199.5769717693 11041261.0781250000
802639472.5120400190 11405378.9257812500
781339870.7244424820 11173036.3574218750
784236830.8201686144 11229941.6542968750
790203298.5501595736 11320054.3398437500
778942194.1538408995 11117151.5195312500
792115017.1785938740 11342645.1933593750
791844123.1442354918 11338759.4394531250
783470033.6898230314 11216236.0937500000
774071072.4009660482 10992639.8378906250
773987549.8020368814 10990303.7675781250
771327817.5230388641 10867331.4882812500
795240483.7170974016 11367641.1992187500
773845565.0895555019 10981232.9609375000
771302025.8296029568 10865460.2929687500
775239009.4422521591 11024939.6484375000
772251080.8888537884 10932937.8984375000
777892282.2735515833 11090087.1855468750
777964129.3865598440 11090969.7656250000
782770348.4457310438 11202486.7285156250
784160603.2455493212 11227907.6601562500
778382500.1704199314 11104473.2246093750
781711135.9726489782 11179930.0605468750
778708027.5757191181 11112693.2949218750
783264749.2995579243 11211929.6386718750
778521829.4507346153 11107340.6484375000
790122835.2460218668 11318775.7148437500
783319749.3236933947 11213577.5976562500
774463712.0020716190 11000504.4511718750
778872019.0167784691 11115572.1796875000
782447941.4359114170 11196741.0253906250
787756420.5123137236 11284321.8730468750
778220328.8603591919 11095538.5410156250
805749393.7557512522 11414730.4394531250
772169942.5903279781 10927801.6210937500
789657839.6918439865 11309638.5546875000
786547361.5429645777 11266169.8984375000
778649047.4435203075 11112003.6445312500
787639499.0149188042 11279325.1835937500
787814865.2125638723 11284555.4726562500
805300714.6381294727 11413715.2636718750
775908279.1501710415 11047438.4296875000
778649047.4435203075 11112061.7500000000
778231865.3756844997 11102551.2617187500
787507643.6763626337 11277628.6406250000
787998886.8031046391 11286183.2167968750
781784085.9998053312 11181667.1406250000
776926940.6164931059 11068779.8867187500
789657839.6918439865 11309580.4492187500
772814561.0282709599 10941522.9687500000
782380125.7197791338 11194507.4296875000
787059222.7974181175 11275458.7851562500
779016004.5114905834 11120326.5214843750
775333536.5497173071 11033187.6406250000
789054733.8677471876 11300013.7851562500
783814190.3237271309 11221820.7714843750
797428302.2764135599 11386010.7304687500
779424257.0556676388 11128231.1757812500
788428094.3713210821 11292997.2734375000
784620779.8092454672 11239278.8886718750
775705253.3449133635 11040845.8867187500
786624474.7015223503 11268410.2890625000
788079256.2749000788 11286595.9296875000
784640272.9092395306 11241749.3378906250
788502392.9894242287 11294794.6621093750
784519900.2522436380 11237891.3242187500
806030682.7021814585 11415676.5898437500
789231401.3089419603 11305675.7031250000
774428270.5099315643 10999507.1933593750
788788634.6774648428 11299769.8417968750
805962869.1350793839 11414765.6406250000
771494338.5886926651 10886389.9199218750
785109189.5890337229 11246777.7968750000
790486736.3577882051 11321532.7089843750
789466948.0697690248 11309061.4472656250
784681333.8620249033 11242113.3300781250
788482758.8351521492 11294788.7597656250
788215545.1390159130 11288457.4082031250
784805147.4871132374 11244063.2109375000
784794520.5355628729 11243748.3281250000
788215545.1390157938 11288456.8632812500
786001981.4801211357 11261333.6621093750
800788637.3496812582 11402508.3320312500
788496850.0504560471 11294791.6171875000
782740951.5724776983 11199883.8789062500
789062933.8607218266 11300553.7753906250
784794520.5355631113 11243806.4335937500
802123170.4406744242 11404782.3886718750
805983995.1098335981 11415588.6503906250
788215545.1390153170 11288398.7578125000
784921791.2565678358 11245315.4199218750
789062933.8607217073 11300492.6933593750
804736913.1009544134 11413620.1914062500
805687182.4654512405 11413724.7246093750
