365081204.6136327982 1251931.1106544817
365975983.5873012543 1317698.9584424496
366988170.8312582970 1389765.1271647811
366053555.8216873407 1329992.1714551449
372120830.4070862532 1617834.0768691003
363479332.7885883451 1012009.5791937198
368168087.4327459335 1449885.1420118213
430262480.4481353164 2225497.3420410156
365167061.3525581360 1260168.9429484392
365321261.4567775726 1283958.7970438981
365687681.0877627730 1303641.4012216339
370934999.6507554650 1581744.5655350387
364013222.7144386172 1112662.9093060791
363794007.8371825218 1078029.2066846192
364085509.5440270305 1113931.2984299958
364454003.7359746099 1162581.9616618454
365733346.1308619380 1315750.8760071928
365837536.6652067304 1315973.9582577972
366034073.5719968081 1326239.6957652736
365531766.9128460288 1294064.9458915452
365687681.0877626538 1303639.8543466339
367666437.7437629700 1425185.1979612708
367498825.3210241199 1416879.1008232608
373667616.8668220043 1668146.2834555507
363908386.9351537228 1091198.0243674824
364085509.5440270305 1113968.3882737458
365794139.1939877272 1315849.2637025053
368547069.8271976709 1481402.7551640049
367813080.5972120762 1437151.5669990554
369097701.4551311731 1511483.8434667289
369144567.8980174661 1515504.4321863055
430394751.6695893407 2231819.3044433594
386117054.2700963020 1930085.9674739838
385961461.0149236917 1927765.9115657806
363544316.2333106399 1022520.8527532901
363739400.2856612206 1059581.2862226078
363739400.2856612206 1059542.7334882328
365321261.4567775130 1283941.2208720231
365544194.1717994213 1303619.0623544464
368394783.0399458408 1462620.4712447524
369433534.3079018593 1520805.2075612247
363544316.2333106399 1022521.6056829776
363582163.1775521040 1036778.6972361590
363547644.3736446500 1025868.0465340997
364894929.9712600708 1225618.7758552143
365321261.4567775726 1283956.5655985856
365544194.1717994213 1303603.7176278839
368645226.0584338903 1484900.0692357719
372114014.4672374129 1612947.1471205652
372354539.1530275345 1621602.8460285664
372120275.8940137029 1616784.0280079544
363607626.6242503524 1041841.6993762563
363794007.8371825814 1078043.7867627442
364638496.4494427443 1196724.0254246602
364723085.8621433377 1205001.6372596333
365277763.6588695645 1276107.0944191301
365274341.5777401924 1273804.8390360856
365975983.5873012543 1317713.5629346371
368821527.3244777918 1493761.3456384540
367329859.0577105284 1407816.1899887919
368861988.6792491674 1498946.2327646613
369276939.1431788802 1519831.1051599383
368767862.9707639813 1493601.7470056415
369135558.9715915322 1515142.6975671649
363632431.3796523809 1047610.9741403173
363741545.9691647887 1067218.5295605958
363960760.8464208245 1101780.7589154541
364109356.4928109050 1123631.3210645020
364329255.0383684039 1150469.7733435929
365167061.3525582552 1260196.9156046892
364813417.8123032451 1219071.1875340352
364723085.8621432781 1204957.7642127583
365277763.6588696837 1276136.2516456926
365540719.6757248640 1294346.1936507002
366227156.5428525209 1339887.9056144133
367028843.9295424223 1391147.0490388274
367705965.7900636792 1433152.0256584659
372824446.0242493749 1639408.4751716852
363960760.8464208245 1101823.6582074463
363739333.1395916343 1059405.6514569828
363684893.2476701736 1058421.4404489109
364109356.4928109050 1123631.7155957520
364109356.4928109050 1123616.5554395020
365493799.7966874242 1284105.8860335127
365540719.6757248640 1294332.5178694502
365540719.6757248640 1294347.1223616377
366418283.6968232393 1357047.4101874679
368918154.0124442577 1499518.3151813522
367968908.2942383289 1448851.1601350009
372064458.0718547702 1611490.1198378503
372767748.9854173064 1637718.5720955133
363479332.7885883451 1011976.9512640323
363479332.7885883451 1011990.8926702823
364733878.0330489874 1206858.2794529805
369576903.5187215805 1536625.1938690245
371098255.7784576416 1585113.6134162075
377453196.4279281497 1769121.9102096558
366360205.1059746146 1352058.8065497726
373338040.0212558508 1658060.8407593668
372856365.0147973299 1646823.9833198488
371276902.4510058761 1596387.9921523035
371248880.8003461957 1589962.9076186121
364853838.3564671874 1225232.6237250874
364777375.8309569359 1214702.6883765766
365952838.0397076011 1316758.6684033871
367871046.8359891176 1437160.3915078342
387775069.1559110880 1972496.5591430664
364467688.2577179670 1162886.3907131255
364289768.2851028442 1139999.1772742569
367490429.0718908906 1416130.8674037978
368860427.8477826715 1494868.1378747821
372281495.2893797755 1619226.5298437476
371562869.9154996276 1607183.8391815424
369646160.8094095588 1537025.5285701156
364216287.2075539827 1135742.0689530671
364424636.6219747066 1160586.4668250382
364329255.0383684039 1150423.2333045304
367584443.7832666636 1424851.5091539025
371707180.0112724900 1611452.1876221127
368276129.0640958548 1459990.6586069465
410960136.7765458822 2115991.9711303711
364777375.8309568763 1214687.3436500141
365209983.2532201409 1265735.0988627458
369536583.1445022225 1529276.6428279281
385486070.2019145489 1919018.2184257507
364329255.0383684635 1150498.0633826554
368417032.0207185149 1469242.2461585402
368529035.5726231337 1471039.8425256610
370142147.9476938844 1549588.4115028679
366172205.4342076778 1330635.4993691072
381597503.1589719057 1843594.6202850342
376428212.3158929348 1726956.2333641052
364623777.1524565220 1191598.8635779927
364723085.8621432781 1204946.8647986958
365021932.2598168850 1243902.4340830827
367107455.3606570959 1397597.8323569149
370631606.6742399335 1567869.0982852876
384901793.4654374123 1895685.7063765228
364549385.3195809126 1172718.2117839158
365098394.7853273749 1254447.6732646013
373001667.8563975692 1648934.7421837747
364588285.8428856134 1173911.0483317673
364492904.2592793703 1163730.1478190720
371303381.5326334834 1598108.6574965417
381947856.2817211151 1847319.5719451904
370509541.4482003450 1564978.4273940027
377046467.3036164641 1750210.6203441620
369646160.8094096184 1537050.6574763656
371248880.8003460765 1589927.6023817956
397319238.9752864838 2043278.0546913147
386555893.8236264586 1937154.4609985352
363878046.6675583720 1080344.3094169209
388174031.1454809904 1983278.9248657227
371303381.5326333642 1598067.3889418542
367956736.6910681725 1442319.2933931574
371124408.2380182147 1585527.5767269260
377878694.2396910191 1778580.5143966675
388223996.6289489865 1985580.9436645508
364549385.3195809126 1172694.8856120408
370678802.5347818732 1575086.5027522445
387586008.0816258788 1945661.4022827148
385736556.1980644464 1919133.3027286530
370403968.1962034106 1562887.3709903657
364588285.8428856134 1173856.7788005173
365067936.8865934014 1244343.3213416645
363791795.0076094270 1070288.4224530766
363878046.6675584316 1080367.6678153584
366880209.2274146080 1384784.9156501144
366832100.6077737808 1379248.6763923019
368607986.5097597837 1482297.1858739555
370270739.8072611690 1560019.2311659753
369822893.4650731683 1547777.2567020357
366709454.4539885521 1373093.7349860519
366686308.9063948393 1372148.9742438644
371065284.5739580393 1582125.8678809530
388041934.7794730067 1980054.3512420654
381731266.0393079519 1845346.8606719971
365975983.5873012543 1317723.0873486996
366305778.4191822410 1346538.6111152023
366595681.8501229286 1362586.8909919113
366868309.7822579741 1380775.6511832699
376919132.9504626989 1744872.3421554565
377433270.2672421932 1759375.3677272797
364075314.6811565757 1113578.7892927900
366572536.3025291562 1361664.3040778488
388087242.4833838344 1981116.0737915039
366572536.3025291562 1361608.1741950363
387894128.8147279024 1978752.9077758789
369049635.3626449108 1502545.7478181366
364419024.0388952494 1155110.8022599518
381731266.0393081307 1845347.2220001221
367556065.2422222495 1422086.7882411126
373136294.3911176920 1656015.1742046699
377827901.9127849340 1778384.7801856995
423987370.4117739797 2206775.6174316406
377579793.2918887734 1770262.9248580933
387740734.8809596896 1963477.2891845703
382067308.7057182789 1852325.0708770752
380006087.9492347836 1820658.7735939026
364512356.7113178968 1165780.1187119782
364512356.7113179564 1165818.5562119782
388356569.2851038575 1994908.4496459961
425346873.9205157161 2218545.1914062500
430274433.7418813705 2226050.3395996094
385403288.3252906799 1911609.9034042358
384905553.9890227914 1902843.5721473694
373573216.3055493832 1661967.9380596504
364619711.1478182673 1179950.2806840241
364512356.7113179564 1165806.1001572907
411566906.1030189991 2136175.6766357422
367544903.0941628218 1421789.8189722393
430131085.7802112103 2224293.1516113281
386351418.0223703384 1930223.7048759460
378077960.3290637136 1778839.6647872925
378443942.4397960901 1791194.1472396851
367412054.2368466854 1412296.3539409284
377878694.2396909595 1778555.6179122925
384751918.9333658814 1892416.7199745178
367467100.4374752045 1413074.0261942986
376686032.7127555609 1732188.1249632835
378106831.3599409461 1780620.5097599030
375183507.6781606078 1705331.7066384554
380070754.5991973281 1823378.3581390381
378737113.3704196215 1796490.3368778229
385799654.8536455631 1920214.6973819733
375974096.1158121824 1715981.3312385902
378356609.6067829728 1790579.8684024811
375897277.4072384834 1714245.6693111658
380604528.4323732257 1831751.6663322449
429731162.8106539845 2218881.5039062500
369512529.6597627997 1523052.8168739025
382703247.5870928168 1872527.6612091064
406195538.7520573139 2085357.0401611328
379321685.3014965653 1796654.1943836212
375736808.6607778072 1707838.9330368862
377323544.3755918145 1754377.8664569855
382136913.4771353602 1860521.8359527588
378198511.0097464919 1786308.6232852936
378469236.6538375020 1792705.2878971100
382136913.4771353602 1860543.5068511963
379927963.1157090664 1815218.6889204681
403408409.5961561203 2069994.9987792969
430130215.9010570049 2222735.4047851562
386667345.9298584461 1938051.8969669342
380410965.0294252038 1831000.6783695221
382246353.7295756340 1862174.2184295654
370806610.2113717794 1575231.3060482983
382182061.7814927101 1862091.6754608154
382631739.4067291617 1872017.3069305420
378137930.3667393923 1781532.2997989655
376350535.5352200270 1726838.6332774162
374847552.3787221313 1698438.9666514024
374775137.3965675831 1697781.4575113878
374281022.3100762963 1686826.1119303331
411420460.7304266095 2122117.1768798828
376214432.9338498116 1720799.9199849367
374273724.9351559281 1686620.3492350206
377341614.9844757915 1755908.7010440826
378636051.4997690916 1793462.2686252594
374273724.9351559281 1686624.3563150987
373900765.4206119180 1674787.2619323358
376948169.3786093593 1744978.7891387939
379565138.4852159023 1804811.9112491608
382963456.1305423379 1876999.4137573242
373756330.6291377544 1671474.2960428819
374690003.1073876023 1697363.2698020153
374506068.5514381528 1693200.9018778428
420307190.4563578963 2141483.8657226562
382398756.5191767812 1870054.0713500977
382331711.8645513654 1867072.0509643555
380984285.9408109188 1840301.7819766998
380676275.4116799831 1834372.1760196686
375743440.6370349526 1712486.5188421831
387146778.5157228112 1941383.2026405334
376524832.7346245050 1731720.4872908592
376744768.9277685285 1736344.6915755272
383468059.3622322679 1888039.4433898926
382858738.8195253015 1875460.1822357178
376747223.1007935405 1737273.9943099022
376501962.4857978821 1729733.6031966209
374447962.9532463551 1691410.4083265886
374018539.3204376101 1680351.5579752550
373823496.3696773052 1674436.1632303819
374018539.3204374909 1680231.1790690050
374645579.8968343735 1694522.6061521769
378137930.3667393923 1781445.9540958405
376092881.6975132823 1717069.8953267336
372588779.8566685319 1631957.6645621657
372588779.8566684127 1631937.2612418532
372652980.5509455204 1632689.1771354079
371248811.2405887246 1586056.9025306404
372502801.3464950323 1630891.5599173903
408157711.4911967516 2108082.7237548828
407900646.7004085779 2106277.1881103516
376241560.0992714763 1726453.8794627190
383879549.3803722858 1890090.8046417236
422942812.0336396098 2150360.1958007812
422219156.7404403687 2144619.8966674805
423732587.6580369473 2167863.9870605469
423501736.9183871746 2151348.9862060547
