682929116.1450275183 29039.1134869754
674653960.3297224045 26490.7377687045
676194279.6842757463 27279.3127111103
676610735.2587201595 27456.5292323735
679698963.8697594404 28327.4012362566
697825862.9591770172 30906.7402763367
690671345.9338188171 30388.8999185562
679148872.5880436897 28185.4366828408
673283115.8929382563 25623.0862269476
680372179.6890614033 28502.6469928026
681468203.0452914238 28719.0291078091
689771216.4812427759 30256.5296077728
677144050.5963095427 27526.7341169622
686457399.9469820261 29783.8383684158
686807169.4237332344 29862.0757884979
675523780.5484292507 27074.7346700933
684400152.3079744577 29399.5843493938
684092474.7297509909 29364.6406657696
691802293.4973503351 30521.5335512161
691269465.9158383608 30502.9259691238
685092535.5095585585 29519.1078088284
686358576.1835423708 29750.2448878288
693396211.3606860638 30662.8284454346
693545679.9466646910 30700.2562026978
678274187.1927683353 27904.0376330819
690063018.4942071438 30309.9298410416
676835320.7619920969 27500.2963883784
675093239.0923160315 26956.6593118813
677822229.1172107458 27742.7561140954
682237274.2886646986 28940.4796301927
679414934.5499144793 28265.7026235070
675442356.1347124577 27029.8297495153
680477040.7307713032 28539.0731116533
683392632.8993184566 29209.0039479434
677208615.9686343670 27553.1967395451
685071498.6838183403 29514.6918666363
685850556.3137702942 29655.1769731045
685889732.1653079987 29690.0473496914
679013127.1142507792 28132.2905436959
673229065.1198383570 25460.0518596545
679643663.9203096628 28297.5982729997
680139574.2027492523 28411.1015840173
687441464.9073621035 29944.8120546341
678543346.9260020256 27970.5840280857
673419382.2187157869 25646.1564364508
673437524.0101748705 25701.8900348642
673524584.4678729773 25783.5427947119
674005166.5422352552 25993.3279835060
674917225.3760663271 26846.9838670995
681589664.3110675812 28769.1062943935
673736997.0210592747 25852.5149038509
685553191.1574597359 29629.6204278469
677208615.9686343670 27552.3916324284
686728692.3887555599 29807.9981789589
680859215.3931272030 28621.2243071795
673222810.3370785713 25278.9816987887
689881103.1777629852 30269.2615175247
680262773.6260297298 28470.0455714464
686580492.6890923977 29804.3226594925
679004655.2735863924 28122.9400540795
685214449.9056115150 29541.6532745063
678664512.4358152151 28033.4355174508
681846954.1220594645 28822.3820359707
685385538.9304206371 29576.4197099209
673665868.7133300304 25827.4269407466
683228848.1766713858 29153.3582837284
674112240.8631207943 26345.0881354432
676355692.4267808199 27312.2504001167
679774851.2344293594 28336.9778910875
678490857.9578006268 27939.1807223763
678420773.2572294474 27930.7894793954
696960150.3655579090 30846.8430900574
679018424.1264667511 28153.3933309522
686796394.0482957363 29857.9460582733
682954321.2729837894 29096.2474209964
682773786.9022221565 29034.8611828983
679109313.3290541172 28167.3672572579
674784019.0706789494 26536.5752282687
674215502.5839674473 26410.2460105042
679109313.3290532827 28161.8007365670
688665800.7636103630 30070.7658901215
680427479.6385103464 28533.3087130785
685430098.4153484106 29609.1361367702
687559549.4336565733 29994.4058856964
691794895.1351243258 30519.8104677200
689358657.5387008190 30125.2651872635
689500667.6132595539 30188.7642383575
677023499.5285558701 27525.0630718675
687094957.0314025879 29909.1997966766
695072406.5314655304 30730.4226684570
691968463.5551116467 30578.6403665543
679941147.6304241419 28386.8815966845
677863496.1973892450 27747.2431712952
689358657.5387010574 30125.4314393997
689666964.0092549324 30240.6850757599
674968664.6020990610 26917.8009351995
675890171.3095852137 27199.9735425618
685653258.2006816864 29642.0420789719
684321783.9261606932 29387.9734332561
694232554.6951277256 30700.8542404175
682122764.5969054699 28868.1795709133
688218934.8767999411 30058.6260051727
691086165.5862481594 30439.3815813065
687125727.7915699482 29909.6006679535
686934877.2257112265 29885.5974483490
681824526.1939103603 28813.6299571991
690568731.4580161572 30361.7298364639
678062332.3070962429 27793.5094486084
683160134.0941754580 29149.9353940189
686867121.3255977631 29881.7837238312
689407243.3438742161 30183.8983697891
684581961.5233992338 29440.2772014141
678101148.6530194283 27877.0981121268
674531410.8224515915 26460.4350145962
690443339.3062390089 30352.8906221390
685133776.1171816587 29523.0954225063
684627957.1939376593 29462.0562722683
681997550.1635955572 28848.8944270611
684566201.4241853952 29409.4587810040
677270057.2696292400 27577.6117862370
675767451.9510451555 27157.4867690708
683125388.6886696815 29101.5821487904
677435271.6715197563 27623.4843853917
685256046.0486840010 29570.3353805244
677872206.8081068993 27752.4907751083
677557401.0001592636 27661.7269392908
690991381.1342689991 30403.0576372147
674011352.2850180864 26017.0840275958
681578083.3841867447 28743.0899808407
689531336.9026303291 30201.2428874969
675678361.6409447193 27088.9569686148
686786874.8410468102 29831.1830883026
692672467.2417055368 30584.8585119247
676498269.5587902069 27373.3863178696
680600133.4728822708 28559.5574027300
686429524.2948238850 29761.3527917862
694989457.0359157324 30712.9405059814
677369889.9179136753 27592.5151892602
681237274.0497553349 28669.2098350227
681061709.5848910809 28641.0407981575
685010683.3750710487 29502.6111314297
686675583.1556588411 29804.9832630157
681527440.5066604614 28727.9103238583
678394605.2622630596 27914.3163227048
690646202.9969451427 30374.9902086258
684287446.2897640467 29386.5420749187
674409759.3405616283 26452.3782442715
680180123.5854936838 28431.7023917437
686127423.9618399143 29718.0859518051
685976105.6157231331 29709.3411931992
674053309.6094517708 26306.5957625713
675137433.3564760685 26959.2411016729
677375423.7919658422 27603.3007630017
686934877.2257120609 29886.7400112152
696804354.4463820457 30796.9939117432
683571615.4699401855 29221.7908198833
675804043.8660900593 27177.0680288579
677435271.6715197563 27624.7556179967
677786950.8006546497 27722.6356772091
675064261.4993451834 26923.4845709112
698082703.2297260761 30908.8196029663
689605551.2324688435 30223.3036603928
684808471.2652142048 29486.0111482143
685005904.2489659786 29502.5305802822
695537395.2542762756 30776.4585609436
684548418.3799493313 29400.6128482819
689393704.4484579563 30171.7447862625
684783212.9615312815 29463.1395709515
691555903.4265916348 30503.1839456558
677803262.2100116014 27739.0272497144
675732092.0941079855 27094.6987454500
674968664.6020989418 26916.9569105413
683576801.0817136765 29235.5916316509
682164897.5791611671 28899.8927243948
680203798.0693736076 28440.4332553148
683813264.4427175522 29278.3079221249
682455633.4559100866 28995.0092856884
689592540.5581651926 30218.0309495926
680070068.3404374123 28387.5025016069
677888791.7591919899 27761.1562079098
675257680.3566344976 27008.4683384206
684057671.8466761112 29292.1671359539
681552288.5068672895 28734.1891686916
683932134.9622035027 29291.5010211468
684894368.2760002613 29502.4404070377
676159008.4106856585 27246.0357822683
678855823.5821658373 28038.3655759301
677689955.6494836807 27717.8125532772
676446718.3670972586 27347.1068518069
689174803.7150167227 30076.8045434952
677987933.5059864521 27778.9530668259
678946003.2269943953 28082.8496333566
686280059.1024818420 29732.1374616623
689255710.9900965691 30122.5333986282
683802730.0011410713 29249.4274365604
683327040.2470629215 29156.3682253361
677665040.0279042721 27680.1025530696
680074216.0603592396 28404.9643718004
674605786.4027520418 26473.8626447269
683932134.9622029066 29283.4867389202
697751675.1337385178 30847.6451892853
678432014.6150672436 27931.7034093644
681369869.4403488636 28712.2074606121
673864704.8230373859 25873.6733816341
687261040.5269774199 29914.8347568512
676056383.9964032173 27241.2819675710
688878098.0578463078 30076.4527058601
684548418.3799495697 29401.4062671661
690149642.6874432564 30313.5439882278
686282421.6909308434 29747.4144163132
689989434.1985843182 30269.7895898819
677514774.1107985973 27640.4086825550
681523723.2633998394 28721.4235783219
678635423.7491680384 28004.2787639108
681344709.7797844410 28671.0613822043
681203947.8180489540 28666.9347600639
682761757.0196002722 29022.8406989574
681729403.2829263210 28787.4908733964
692776872.7215274572 30624.5686187744
678525280.2243920565 27939.9900123384
686735442.2361483574 29820.0460882187
681195241.2536547184 28642.2773856819
681720897.9271003008 28777.1789897680
687954928.9026548862 29995.9791431427
690237481.7687776089 30320.0116472244
673866038.1199849844 25908.2827775851
691868925.7421659231 30526.3239297867
691147879.7428542376 30449.7996292114
678587069.6532247066 27980.6931849923
682448112.4877310991 28941.0385768414
682641745.3025772572 29010.3024699688
678916628.1421582699 28079.5672022905
678863007.9613825083 28074.3798405733
679249355.1533354521 28189.5426175203
678983251.7177604437 28108.2145001497
682641745.3025771379 29007.6298320293
684601440.6705636978 29445.8034389019
682067324.3962273598 28862.5906703472
681673613.6455322504 28773.6855294704
681846954.1220600605 28825.0632874966
681954697.7177306414 28839.0612986088
680853353.7406203747 28571.9300002754
681794118.2909233570 28809.8177239895
681974661.9240379333 28845.7302033901
691232485.1486642361 30457.1744041443
