151329092.0189189017 405512.7676734924
171292187.0508576035 590594.5156250000
149472500.3968963027 262973.2478575110
149395393.6633778512 252738.9188513160
149295138.4324916005 224634.1430391669
149340956.1014161110 243758.5780552030
150708874.4816733003 371585.6799623966
153708990.0989442468 467329.4309415876
149321764.7142648995 232406.1403631568
156007162.5054573119 497849.7580199449
149327065.8113684058 239120.5734743476
149270391.0345530212 224634.0751680732
149431519.6153181195 262080.9274470806
149515749.4765207171 269698.5847710967
149300415.3688144982 232201.9695810676
150654786.8207142353 367012.3981056213
150708874.4816733003 371614.4337465763
150708874.4816733003 371964.9257757664
149270391.0345530212 224267.8451876044
149909851.2598347366 309038.7298948765
149369866.6734661460 246626.1170811653
149577470.9775651097 277428.9633407593
150584667.2342190444 363932.3375189304
152043769.1822884679 431158.8804068565
170772257.4675916433 590061.6342773438
149364293.7098462582 246625.3616613746
149379968.9960999489 246653.2892927527
149681908.6105298400 289406.5838454366
149327065.8113683760 238895.7385115027
154563004.0271771252 481851.2110920011
152257915.7113445699 434536.6719107628
149300415.3688145280 232202.0374521613
149605492.5307120383 278583.6997017860
149298412.5876999795 229928.2116063237
150151734.3619449437 331159.2672377825
150946784.6105472744 386224.6451208591
149431087.1846255362 259358.2955501676
149659340.3335007727 285275.3236585855
149534221.8979406953 270703.6264271736
149403544.6262248755 253293.8281835914
153419812.4282939732 461015.7416031361
149702052.4644714892 291102.0218770504
153469978.2202016413 462267.2180509626
149641144.5999123156 284422.7673604488
149619341.3687123358 282560.2699905634
149659340.3335007429 285121.8674474955
149679750.8291869760 288473.8740974665
149400966.6269977689 252739.6742711067
150821531.2463701367 379166.0468542576
152257915.7113445699 434310.8931937218
149362415.7110708952 245148.9893977642
151584558.0217944980 414682.6032079458
151449572.3939881325 411708.8459205627
149563818.7092121840 276382.0726755857
149605492.5307120085 278471.1248860359
149417196.8945778012 254382.9124426246
152257915.7113445401 434157.3750357628
158390965.1663054526 507590.2473921180
170569146.4338619709 589133.8515625000
151562791.1019027829 413944.4542802572
149624594.1232211590 283324.0167521238
170568587.8313973248 588826.4082031250
149392315.2629931569 251919.4297402501
149422769.8581976891 254383.6678624153
149550094.7827452421 275678.2853668332
150870482.2321947813 379739.3329870701
152257915.7113445401 434310.7143912315
152257915.7113445401 434158.5908560753
152257915.7113445401 434184.5819678307
152140851.9720235765 434140.9898009300
149491963.6505639255 267949.3863848448
150818983.5821356177 375553.2726535797
149350618.3416054845 244973.3853811622
151454345.3830959499 412216.4586811066
154563004.0271771252 481929.7432003080
149422769.8581977189 254644.3652348518
170569146.4338619709 588961.5424804688
152054246.0751503408 433168.1196646690
152257915.7113445401 434292.2832388878
149350618.3416055441 245121.6243166327
151453786.7806313038 412003.0348854065
154846484.2292567492 488836.4554092102
152054804.6776148975 433275.5913443565
153788249.6326991022 467925.8332853376
169449880.9925995469 580156.1163330078
170568587.8313973248 588928.0063476562
150485910.3996825516 357632.3808538914
149506845.7031208575 268798.1800436378
151562791.1019027829 413992.9117997885
154398080.0245091617 481031.3369922697
150218916.7747392058 336106.2462365627
150166499.3390971720 331989.0765851736
149506845.7031208873 268910.7236074805
153933981.9615164101 473964.9931201994
150069009.4040543735 320631.7961007357
170568587.8313973248 588919.4301757812
149298412.5876999199 229928.1432469487
150332277.3445996642 344796.3756771088
153858776.5140891969 470140.2936452686
150565289.3068025410 360690.7750911713
150758803.6943503022 372336.6101095676
149992732.9924788177 315931.4022829533
149992174.3900141418 315717.9784872532
150316004.8820708692 343899.3786258698
172197989.5920945108 591025.3603515625
161193260.8703619540 513802.9494541868
171678976.0299544930 590720.3813476562
150180630.6021963656 332536.6786555052
170568587.8313973248 588927.9980468750
155134822.1439270973 489130.0903612450
171678976.0299544930 590996.2690429688
149921722.7296075225 311691.0816227198
156234859.2738550901 499740.3830199449
155842238.5027893484 497615.8586058824
149395393.6633778512 252590.7962946296
150757825.4674979448 372199.3662054539
151098278.0547648370 393485.2612345219
151711081.2005585432 420767.1316484213
152618442.5815724134 446356.5176558495
149605451.0786646605 277891.7896025181
150262953.7323758006 339099.5596369505
150053295.5439901650 319581.4333916903
149555667.7463652194 275714.7049063444
150515363.4596925974 357652.3759195805
156055755.2067663372 498244.2350707262
170519551.3925887942 587556.8791503906
149774073.1682512760 297428.3038235903
150263512.3348404169 339478.8574885130
154520197.9104135931 481727.0283565580
152618442.5815724134 446307.1930480003
170519551.3925887942 588310.9548339844
154398080.0245091617 481721.4614620268
163710768.0709642470 530677.7086606026
149758913.8660348952 296041.7685104609
150287769.4128504694 341882.2826063633
151833377.6614758968 424331.1966910362
151832819.0590112507 424075.2147250175
151981667.7601316869 430537.1396842003
151735703.0206203461 421511.7946122885
149680249.2332715094 289239.5245071650
170519551.3925887942 587899.2736816406
149395393.6633778512 252478.2214788795
149740658.6937462091 295539.2936531305
170229206.3087317050 587154.9670410156
150128534.8170703650 326623.0745486021
165730939.3453572690 552104.4952136278
150099638.5768189430 325212.1826621294
150128534.8170703650 326506.7010134459
150004604.4622515738 318370.3361393213
153006171.1177191734 454209.2604308128
149362862.6740565896 245269.9874395728
168584073.3274519742 576289.4642181396
149970413.8113461435 313115.5751954317
149754789.9568453431 295584.3571492434
149719711.5472248197 291322.0517040491
150180630.6021963954 332609.4240416288
150708874.4816733003 371711.5546495914
150628020.2243894339 365192.3427011967
151940079.1774310470 428335.7361406088
161934654.0860656202 528153.8300017102
149541777.4563175440 270851.8653626442
150900910.1534900963 382134.3673610687
151822225.5389402509 421911.3904374838
164425747.4603339434 542079.6732864380
169783575.7106414735 586162.5632324219
169783575.7106414735 586753.9802246094
149780486.9612337649 298144.6380687952
153273831.0483836532 459368.0027484953
169481710.4901799858 585093.5500488281
149794032.3421709239 298478.6724568605
149792324.7075617015 298478.1910097599
151165023.7079759240 396325.4397487640
150708874.4816733003 371498.1308538914
151181169.0162622929 396687.5793991089
151181169.0162622929 397040.5901393890
149780486.9612337351 298047.4439216852
149794618.2243330181 298864.8374959230
150233681.7518914044 337183.1260623932
149970413.8113461435 312902.1729508638
151181169.0162622929 396661.2463893890
157926568.2100269794 503618.3536524773
152619001.1840369701 446451.7096495628
168413613.4344613254 573678.3486938477
149780486.9612337947 298433.6089607477
151821666.9364756346 421814.2693437338
153300343.2193393707 459928.2043094694
149605451.0786646605 277697.4304468632
164577466.4909023941 543205.7771644592
153564515.9693968296 467193.2937914825
150210822.5498915613 334775.3919334412
151562791.1019027531 413902.8366044760
166836884.6063908637 553655.4101371765
150128534.8170703650 326885.9988650084
151822225.5389402509 422193.5671952963
152618442.5815723240 446201.4625792503
151822225.5389402509 421930.6760839224
149842668.8470404744 303961.0480285883
150946784.6105472445 385755.2276403904
151563349.7043673694 413999.9576982260
149512418.6667407751 269059.6328358650
151563349.7043673694 414116.2604001760
149485628.9188929498 263086.5780930519
151563349.7043673992 414372.2423661947
154372126.4560180008 480949.8623828947
151396064.5354819000 408348.7229766846
167296067.5938921571 565671.5933227539
154336537.2048170865 480328.1216602384
151304218.7834347785 403965.3996124268
154589031.1596160531 483236.9706244676
153300343.2193394303 459933.3738441526
151164465.1055112779 396235.3660182953
169095731.3460019827 578670.9704589844
150080517.6370241940 321017.9611397982
150114403.5539711714 326269.8316339254
153448256.8059599996 461874.9160461485
157953733.4796697199 506823.1741652489
150387314.8069743216 349902.7577040195
154398080.0245091617 481076.8618946134
155817617.9503482282 490436.8257050573
150436115.6470413208 353658.9678900242
150287769.4128505886 342145.2069227695
151165023.7079759240 396325.5591697693
151396064.5354818404 408286.8611621857
152729103.2378388345 452863.8718504906
150263512.3348404169 339215.9331721067
150370092.5430299938 348824.4614393711
161856950.4486919641 519992.8114470228
151316517.1521935165 404055.5192413330
151773741.2251799405 421623.4646562338
151316517.1521935165 404434.8053741455
151237793.8990223110 400440.4208278656
149512418.6667407453 268911.5102791786
150946784.6105472744 385871.5305330753
150180630.6021963954 332799.6029719114
150180630.6021963656 332420.3051203489
154162762.4361881018 475228.6629605352
154688804.9450521767 487128.6221329666
149956282.5482469201 312470.9503399134
150080517.6370241940 320633.5708810091
151619613.3668630421 418338.9539527893
164012240.0216030180 535612.4921383858
150598567.1643794179 365172.3476355076
150900910.1534900963 382250.7741012573
151026163.5176672339 389283.0393581390
151052403.5977076590 390333.8067169189
155006056.7849334180 489046.2162718981
149970413.8113461435 312902.1788750887
149970413.8113461733 313288.3379899263
149298430.1635035574 231992.1619404554
149875214.9836168587 305659.6151850820
149956282.5482469499 312470.9503445625
149380655.3740113080 247581.6172431111
153474319.9478790164 467134.4944477140
150666407.2625209689 368004.8156032562
150485879.8236739635 357253.0830023289
150666407.2625209987 368064.8462657928
150052736.9415255487 319581.4274674654
150598567.1643793881 364793.0497839451
150936290.8517405093 382818.6358184814
149956282.5482469201 312470.9444156885
150544479.5034203231 360093.9782924652
150544479.5034203231 360093.8932399750
150787189.1047134995 375040.1764431000
150544479.5034203529 360473.1910915375
150666407.2625208795 367851.4440212250
152624013.1062948704 446654.7907042503
150406663.8116929829 351619.9645652771
154103860.8397368789 474138.8081836759
150521693.1087582707 359349.5545101166
150521693.1087583005 359612.4788265228
150653065.9348251522 366990.7317562103
157899305.8839633465 501367.8788628578
154648431.9491457343 484960.3354301043
154258237.8443779051 476826.2979297697
161241345.1632771492 517391.1854704603
150233681.7518914342 337446.0503787994
154258237.8443779051 476995.6909961759
154258237.8443779051 477068.3628711759
154258237.8443779051 477590.5913448393
151014624.7086887658 389283.0286159515
150364013.0935332775 345969.2515697479
150761000.7197506428 373611.7231311798
151014624.7086887360 388929.9245796204
151014624.7086887658 388930.0286178589
151014624.7086887658 389057.0671901703
151014624.7086887360 388813.6218776703
152312186.5496868491 439897.2429289818
153008831.5885906518 458252.4476748779
157883337.7484346330 500288.1866602898
150876390.2354107201 381295.7712097168
150876390.2354107201 381208.2624206543
152659579.1432574987 447483.6442198753
153300901.8218040168 459983.0548954069
152551704.3677500188 446178.3575987816
152792552.9820235372 453171.3758054376
150316563.4845354557 344125.3048954010
152357384.6923069954 441266.8585295677
150643739.5604286790 365910.7448577881
152463663.8915342689 446150.7556395531
152309516.8555085361 439548.8532805443
