692633286.3674203157 11726918.4921875000
693814517.3686403036 11871365.4550781250
698285825.4966357946 12331927.3691406250
700921206.3592965603 12589820.1484375000
713233124.9834022522 13532494.6289062500
690351524.1201459169 11406483.7011718750
696953342.4188513756 12197928.1328125000
690208728.3394738436 11385034.2089843750
713248004.5024266243 13536278.2324218750
825868403.9587825537 15239134.1953125000
690634662.3503425121 11456558.6523437500
700171623.1262711287 12522111.2597656250
729194346.8413246870 14149437.1933593750
689593116.0251841545 11286506.3847656250
690232742.8006609678 11392285.8203125000
717187087.1316752434 13737554.0312500000
692310113.8563498259 11686048.8945312500
806308586.4360636473 15067693.2675781250
689936921.7745192051 11338456.9746093750
711899534.3797880411 13458507.1093750000
711677103.6211529970 13441010.7363281250
712873987.7078088522 13515504.7753906250
803670553.5344517231 15060211.1152343750
703017761.9190452099 12769507.6523437500
713268314.9400445223 13538019.8417968750
697396493.6514579058 12246037.7773437500
694830961.2614072561 11985467.4687500000
711342335.8352334499 13423786.7148437500
715911571.4620839357 13652184.6230468750
718889529.6281694174 13824742.1816406250
711983414.6116476059 13462983.3417968750
692425691.9628943205 11700700.9472656250
710675238.9690277576 13386500.7421875000
693440699.0755316019 11832525.0214843750
705604145.0557947159 12993294.9199218750
755299749.8357928991 14597229.7714843750
690055026.5139045715 11361424.6210937500
702185241.3549988270 12700514.3261718750
693217144.5434136391 11802779.4472656250
707785438.7294253111 13170479.5175781250
723648557.6507347822 13993030.5234375000
693545000.5613250732 11841855.5703125000
689143283.9135874510 11190579.4277343750
703308433.3275151253 12798434.6894531250
708130640.4227792025 13193261.7285156250
692986241.2323253155 11774304.5585937500
691215389.0638622046 11541336.5234375000
693698123.9477108717 11856797.1347656250
704851211.2203708887 12926364.7070312500
713363096.8149455786 13544942.9335937500
739084466.6589684486 14375177.3652343750
691010910.4382958412 11513766.5761718750
693698123.9477108717 11856780.4746093750
694469914.0372159481 11946245.7675781250
693847172.4798816442 11872282.9160156250
729815684.3487753868 14172292.7363281250
694169673.7926630974 11913658.2031250000
718141838.6813411713 13770710.1523437500
747004379.1209119558 14490525.0039062500
708802122.2571762800 13244154.3066406250
689504286.1717349291 11264407.4453125000
708214304.6265151501 13197914.8671875000
691945805.8317388296 11640825.6777343750
728929773.0760022402 14127819.5644531250
690178153.4221712351 11379773.1816406250
708590920.1989095211 13233957.5917968750
708363467.1077719927 13205405.3281250000
692411036.0953804255 11698139.9960937500
729625047.7876015902 14162039.3105468750
705835869.1357964277 13008379.9023437500
712537788.1289999485 13488413.2519531250
727376984.1737043858 14086350.1406250000
693764631.5176926851 11868237.6757812500
690563193.1326141357 11442232.9082031250
693652448.5912903547 11855286.2031250000
723231157.0791103840 13970219.8554687500
691104454.8940851688 11523492.8535156250
693045187.3974558115 11782984.3593750000
718857906.7140835524 13810730.3691406250
704305935.2677980661 12879537.9296875000
690922992.5129790306 11501349.7109375000
703237643.9733208418 12790705.0078125000
694718055.7888036966 11972673.0351562500
701087956.4250657558 12609685.1777343750
704572041.9684414864 12902488.9785156250
718130061.8496884108 13762020.0273437500
693981425.6982318163 11885865.4375000000
703016630.8499822617 12768465.3515625000
718633076.6975691319 13802438.2500000000
695612714.3767676353 12068434.3769531250
752555589.0638911724 14584875.9199218750
695785952.7226859331 12085516.2441406250
692214823.0794856548 11674444.3593750000
693359133.9859831333 11822377.7148437500
703745790.0421594381 12831541.6230468750
718416659.1192879677 13785156.9843750000
694035455.8652008772 11889882.8398437500
716561295.0769765377 13688580.9257812500
691390182.9669586420 11564319.4941406250
692677930.2197731733 11734075.1406250000
697677157.9985264540 12274371.1757812500
828285186.6856429577 15252890.5468750000
695293556.0457108021 12033688.4003906250
703836825.6286699772 12840585.5917968750
689368737.3769690990 11241267.6347656250
703587208.7661662102 12819302.0136718750
735986828.4968037605 14313639.8496093750
760725599.8652155399 14682679.4550781250
692754037.4031260014 11743148.7128906250
734157617.3618674278 14274063.0488281250
689707512.9549617767 11303191.7324218750
727332288.1076452732 14074000.5214843750
691791326.9381800890 11616272.1542968750
717778574.5516880751 13752477.5742187500
702763558.7154394388 12748202.9472656250
707590678.8147619963 13153517.3808593750
698626804.0544278622 12365790.6738281250
698561961.9604859352 12359732.3378906250
760366382.3473081589 14670441.2148437500
815156947.0174473524 15127750.2089843750
695193802.8070744276 12025495.1503906250
719396575.5976934433 13827564.9355468750
716652989.4620224237 13696577.5507812500
739509430.8716323376 14384961.5000000000
723123816.5116581917 13958211.7519531250
723449986.3532011509 13972128.5546875000
702394609.7521063089 12715169.8085937500
691418858.9727166891 11569972.1738281250
694578956.2375974655 11958810.0058593750
701927869.5607602596 12682561.9335937500
709043939.5278657675 13270456.3808593750
696008871.1174086332 12108763.6445312500
689195688.5009709597 11200592.8378906250
706302381.8300610781 13049348.2167968750
705376720.3593015671 12973763.9160156250
700504300.2431939840 12553717.3964843750
745572080.0561267138 14470999.2949218750
708006480.3953547478 13184593.6777343750
707542614.2027713060 13142987.2578125000
697722191.2185950279 12279646.2343750000
700803722.3153237104 12577663.6171875000
717067790.5127553940 13718903.5878906250
716785801.3193016052 13707786.0136718750
704305935.2677983046 12879612.6621093750
723541191.3763394356 13977660.7871093750
718420591.0845124722 13791011.9394531250
760037898.3186020851 14666169.1875000000
696696559.2870105505 12176869.6289062500
815262429.3913550377 15133837.9628906250
709775902.2198445797 13325728.9042968750
689127731.7554788589 11184412.5097656250
707192225.9565931559 13117777.8632812500
706932748.8417338133 13097582.3828125000
712407127.7921817303 13478917.0898437500
808573322.3502142429 15105220.1386718750
706445798.9168717861 13063639.9218750000
695718562.3304880857 12079555.3925781250
698623513.5789436102 12362306.3691406250
707175054.6505887508 13113180.7578125000
694619348.6225570440 11962501.5253906250
743094860.8327904940 14385385.0761718750
710346767.1386746168 13371772.9707031250
707910285.9651820660 13172718.6191406250
711094010.1870681047 13405252.1210937500
698913766.9896825552 12397233.7402343750
713243125.2537158728 13533731.5117187500
699006453.3064136505 12405815.4609375000
718178495.4581781626 13773193.7832031250
710951330.8633642197 13398156.0000000000
732395842.9868271351 14218489.8457031250
716285521.5613470078 13672939.7578125000
696794830.3188958168 12187759.1054687500
714083623.7119920254 13568771.1660156250
738938087.2684626579 14364297.3652343750
738766499.3284616470 14361200.5585937500
721453790.6490374804 13909531.8300781250
717592808.8277319670 13741176.8964843750
705276330.1108862162 12958220.4511718750
717962513.0074106455 13760312.7246093750
692493652.1536847353 11706332.4101562500
760267935.0093405247 14666918.6523437500
694617131.4099799395 11961818.0664062500
814717818.6700098515 15127279.8066406250
699859563.4695488214 12492284.7050781250
755561879.6123034954 14597673.2753906250
752125822.2931734324 14584309.8925781250
751799841.2690541744 14579159.8417968750
703165141.3892998695 12777868.9550781250
698683825.6216466427 12373540.5117187500
698494257.4831066132 12353945.9121093750
703436532.1687371731 12808674.5839843750
698697998.1924840212 12374189.4355468750
698836645.0039125681 12389193.0273437500
703123737.8901991844 12777022.7011718750
725745479.8413665295 14042171.3457031250
800481319.2461229563 15018632.7773437500
807174516.3218767643 15079059.9335937500
702134126.7728297710 12697494.3398437500
701007381.6038470268 12597401.1074218750
698697998.1924840212 12374290.8085937500
698710026.2803051472 12376942.4355468750
708874042.8105417490 13250598.9570312500
728192310.8395913839 14104816.8144531250
701659536.0470057726 12658136.9531250000
698374596.0701549053 12347606.7187500000
700715377.2012312412 12572379.8828125000
696852837.6444686651 12191403.4023437500
707297474.0609731674 13125384.0664062500
767086076.5322500467 14714883.0937500000
766573367.8924374580 14707794.0976562500
793041609.5774224997 14916610.1386718750
739242471.0994024277 14376489.7031250000
806608972.7889133692 15070306.5976562500
697129426.5693544149 12219394.8457031250
747967748.9853767157 14513599.8886718750
708511082.8070342541 13216294.0957031250
799124453.1894658804 14998284.1835937500
795226767.6917196512 14939526.9746093750
823583568.4201303720 15226403.0722656250
808222941.9778378010 15085591.8691406250
755789900.8528438807 14599541.3828125000
780420690.2167466879 14822357.5742187500
835153908.0726355314 15298830.8789062500
834900672.5237892866 15298088.4531250000
810489583.1040323973 15117201.8828125000
758162434.9373841286 14634251.3574218750
756534480.8163284063 14623905.4882812500
756198984.5268057585 14617383.2773437500
725466180.2999438047 14025669.3652343750
705043286.9402699471 12938288.7167968750
703670680.5379979610 12821847.9062500000
802365596.9969155788 15035871.5800781250
797006919.0390038490 14977059.9023437500
822999860.0457531214 15165006.5957031250
779315750.5514496565 14809054.2226562500
701545676.0583007336 12644751.7070312500
797554780.3169541359 14998012.8027343750
710186726.3501511812 13343066.9082031250
816677622.3466830254 15162552.7187500000
796068783.1533086300 14971076.2070312500
796186109.3972008228 14976056.8222656250
710166804.0792557001 13339781.7890625000
704001434.9113106728 12852347.1875000000
770843277.3683869839 14737517.1542968750
785127842.5485877991 14875330.7167968750
708403512.0584410429 13207927.5976562500
841740093.0533194542 15365761.0800781250
841834562.6015826464 15366056.0722656250
841863777.1947807074 15368821.8730468750
782416048.4954636097 14872857.8925781250
786349807.1884418726 14894971.4589843750
785408271.1868811846 14892202.2792968750
713095446.6141663790 13521927.3554687500
792671231.9220362902 14914591.8847656250
792113779.5352338552 14914580.1699218750
696981970.2907863855 12202942.8886718750
841200690.6079376936 15360832.4707031250
733488235.3204333782 14247516.0996093750
754976530.8916680813 14593641.8281250000
720946162.7270935774 13884939.7382812500
790148189.6989830732 14913900.5019531250
789997816.0403841734 14913622.6308593750
780417627.1169669628 14813486.1132812500
840972524.5209350586 15357082.8769531250
823416646.3655892611 15206030.7363281250
697207667.7755147219 12225558.0175781250
840896919.9994773865 15351283.1152343750
777952287.3588515520 14790302.2187500000
795970916.6287184954 14963271.3007812500
719788718.6529213190 13838381.3671875000
735542155.8500415087 14288413.5683593750
734679117.1434494257 14276440.0332031250
737827081.1709284782 14343340.5957031250
737149348.6686446667 14328214.8632812500
774257818.4565333128 14781992.5214843750
750999118.1403052807 14553739.5234375000
733363584.3262866735 14242688.8398437500
781993852.4013671875 14822916.6152343750
714445481.6887793541 13586876.1875000000
715091111.2831885815 13620539.2890625000
714487415.4115455151 13594702.0742187500
714453925.0994390249 13591918.1835937500
822631472.6524119377 15163563.7558593750
804487274.3789154291 15061303.9921875000
751420010.9846006632 14559397.6015625000
779138685.3571310043 14801059.5156250000
840742855.0839142799 15323522.6269531250
745485022.9224523306 14465661.6425781250
792853672.2322448492 14916077.4570312500
746573883.9864886999 14477767.8710937500
793589543.3079519272 14938256.0078125000
758633303.8274083138 14636396.1582031250
749941545.2489697933 14548297.7734375000
749702734.7359488010 14545504.7382812500
745995688.9974813461 14471935.5820312500
747214121.0575916767 14507026.2363281250
744014696.5678123236 14458631.0468750000
743376826.8523703814 14441594.8457031250
743925572.2264668941 14446856.6015625000
743245896.4781911373 14434032.6328125000
