229724413.9635319114 1407308.3137207031
231205484.4101903737 1551546.2070312500
228903262.3695676923 1303329.8288574219
232472076.6790816486 1639589.3925781250
230608698.2383043170 1501610.4111328125
233487150.7704427540 1692564.1796875000
230104657.4559526443 1458728.6791992188
233014044.1365061998 1673065.0239257812
229091713.0657353103 1336241.3071289062
232148438.2992638648 1621623.2690429688
230104657.4559525549 1458699.5541992188
231226378.6502602696 1551678.6425781250
231178075.8355133832 1550752.3505859375
229348611.3547083735 1371317.4162597656
228371481.0496612489 1214394.2617187500
229571908.9315160811 1395206.5383300781
229441078.6560950279 1383359.7287597656
229641938.7985482812 1399647.7238769531
231861548.2437987626 1603754.0175781250
229316741.6682343781 1370373.0727539062
229253031.0475614965 1358458.3540039062
228999799.5764116943 1313553.2077636719
230046825.7053292096 1455978.9299316406
230794273.2686075866 1518767.5273437500
230828844.2889121771 1519812.2089843750
230822206.1416499913 1519487.5810546875
231411857.8763056397 1565947.8959960938
233513201.1159689724 1697520.2363281250
232320933.9662924409 1631489.5019531250
229037743.9684159756 1330813.6933593750
229276576.5513555408 1360196.6503906250
229516603.1395483017 1383599.9487304688
229420084.4420682192 1377559.2758789062
229511432.9214381576 1383571.3041992188
232496385.9996773899 1643978.9995117188
234569351.4928794205 1729605.4511718750
233671197.8536837399 1699602.6064453125
230104657.4559525549 1458653.2719726562
228263630.4254955351 1193742.7392578125
229220179.2240759134 1357299.6767578125
228602626.1703164279 1265526.8232421875
232939179.0089683235 1666064.8901367188
228748748.4818920791 1277128.9414062500
228699163.3771604300 1275747.6044921875
229153059.6355932355 1340351.8674316406
229511432.9214381576 1383596.6293945312
230828844.2889120579 1519734.8310546875
230173786.0881195366 1468047.8266601562
230435588.6808564067 1489230.2082519531
230742549.1440114677 1516620.9375000000
231427155.2771633267 1568114.2983398438
232320933.9662923813 1631433.7353515625
231735818.9616433680 1596508.8007812500
228862359.9818023443 1292160.6403808594
230828844.2889121175 1519799.8994140625
230757189.8901826143 1517553.4853515625
231535931.2793867588 1580602.2236328125
231411857.8763055801 1565903.8208007812
228432427.7877848148 1228498.9309082031
229019737.1921003759 1319923.4333496094
230201194.6627965271 1468746.3774414062
232710558.5213782787 1652798.2265625000
238660945.6841834486 1732820.4169921875
228762851.9388580620 1286064.5185546875
229118310.4436307549 1336749.7805175781
229435933.5890760124 1378063.3696289062
231656315.5916725099 1589076.7265625000
229520553.1320964694 1390765.9667968750
231565297.8386765420 1581304.2163085938
231742981.4072708189 1596798.1289062500
229123323.8337293863 1339826.9721679688
231781976.4418231547 1597403.4091796875
228383108.4633629620 1224313.4841308594
230435588.6808564067 1489298.0354003906
231092541.8129588664 1540679.8417968750
231667902.0515479147 1589090.4111328125
230201194.6627965271 1468849.8237304688
230254914.6059026122 1477252.6755371094
231667902.0515479445 1589162.0888671875
231092541.8129588664 1540655.0205078125
229123323.8337293565 1339771.3764648438
232348342.5409694314 1632017.8173828125
231982645.3093320727 1610443.7099609375
228818993.3470553160 1286647.8740234375
234326392.0608318746 1720872.1147460938
231860903.3987371624 1603412.4335937500
229310678.0398325920 1366649.0869140625
228497947.3154028952 1244090.9797363281
231813564.5499268472 1602736.1826171875
229765255.4749692082 1417192.6667480469
230122784.6483075321 1461181.9309082031
229777817.2782524824 1418530.0085449219
229310678.0398325622 1366625.9824218750
228438419.0647311211 1230732.9348144531
230461219.2406621873 1492844.8417968750
232431258.3473629951 1638246.6083984375
228298579.6470116079 1205500.4643554688
228477531.5457253754 1240297.9497070312
228713885.7144632041 1276451.5405273438
230122784.6483075917 1461254.5471191406
231711651.9762832522 1592701.0097656250
228463845.8269258440 1237754.4602050781
231982645.3093321025 1610490.3935546875
229007228.4726640880 1317067.8732910156
233002391.1172143221 1671141.0566406250
231178075.8355133832 1550801.2958984375
233692388.1058267057 1701685.7246093750
229234343.0968642533 1357304.5322265625
229019737.1921004057 1319928.2038574219
228265019.2488962114 1204380.6762695312
233726212.9222689867 1702205.4882812500
232823034.4733814895 1662029.7016601562
232327025.3694909215 1631580.1425781250
232567382.2606823742 1645889.2592773438
232581734.3011616468 1646002.1220703125
229154101.8295999169 1346491.8291015625
234564181.2747693360 1729537.5097656250
228792193.8834216297 1286079.7128906250
233286900.6007061601 1685567.4550781250
228994636.9074472487 1311772.3293457031
228948321.1995753050 1310860.8937988281
228948321.1995753050 1310861.3498535156
228165362.6574586928 1172301.8734130859
228792193.8834216595 1286091.5224609375
233714626.4623935819 1702080.0332031250
228426094.6113451123 1224646.1530761719
229028856.5781646669 1319937.6784667969
230359470.4930965006 1484524.9772949219
228438419.0647310913 1230704.2238769531
229200241.6083871722 1350837.5087890625
228870052.3313537538 1296024.7714843750
230471834.7597894967 1496124.8234863281
232965746.8837823868 1670121.5068359375
234223811.6769787073 1719710.0517578125
230549001.9462736249 1497040.1643066406
228243438.4651352763 1184712.5140380859
228948321.1995753050 1310891.3869628906
228287936.0259679258 1205264.9458007812
228659265.2972291112 1266292.1896972656
228194621.6441851854 1183049.7279052734
228567437.5700893700 1255470.9152832031
230136781.7487568855 1466402.4499511719
233129982.8041293025 1678035.9736328125
228316515.7646959722 1209054.1923828125
231206909.0735726058 1551592.2373046875
228190965.5003591180 1175701.4544677734
228535067.0818778276 1247356.9645996094
228567437.5700893700 1255455.7502441406
228567437.5700893700 1255484.4611816406
230152274.5329282880 1467607.8063964844
229914463.2143518329 1438594.2829589844
231628907.0169954598 1588376.7675781250
231471518.5323005915 1573005.2519531250
234255048.2309703231 1719846.0009765625
229294487.9368163049 1362153.5717773438
228250493.7510308623 1189085.5570068359
232598502.3234555125 1651248.7954101562
230440961.6361079514 1490575.2702636719
232031866.6067790091 1614482.9916992188
233714626.4623935819 1702098.1162109375
234569351.4928794205 1729571.1445312500
231081975.9812406301 1540205.1972656250
230338198.4423355162 1484365.1520996094
232033498.5111750364 1614484.8745117188
233714626.4623935819 1702197.9423828125
231914848.0244802535 1607404.5200195312
230454770.1348203123 1491390.1970214844
233440309.2791616619 1690650.5820312500
231483104.9921759665 1573043.4169921875
231984527.7579687238 1613872.9409179688
229984619.2075883746 1446183.5241699219
230026138.6685206294 1450490.7365722656
228250493.7510308623 1189071.2650146484
234919616.2739552855 1730726.5976562500
229841767.7593188882 1426135.2761230469
230208679.2017633319 1477086.2829589844
229871686.1174606681 1433873.3566894531
230091963.5397972465 1456917.6013183594
230371514.3692863584 1485334.2526855469
230163860.9928035736 1467646.9772949219
228546409.1694567800 1253276.5932617188
231138495.4545533061 1545212.0747070312
230384816.1630521119 1488170.6525878906
233026154.8947469294 1673119.7036132812
234538114.9388878345 1729520.1953125000
231957112.7884665132 1608341.8149414062
230256018.0505736470 1477823.3669433594
230581712.8124956191 1498246.5212402344
234405598.1416718364 1724347.1308593750
232817833.6772673428 1659568.1850585938
232822718.6257088482 1659796.7416992188
232822718.6257089078 1659866.1157226562
228373344.3259921372 1218417.7548828125
231043672.8491607010 1538553.1645507812
232822718.6257088780 1659845.6508789062
231524730.8356786966 1574398.7275390625
232955240.0060922801 1667704.7636718750
232822718.6257088780 1659852.8940429688
231459531.0157450736 1572432.6503906250
231462873.5194580257 1572553.6542968750
233083451.8256251216 1676984.7270507812
231459531.0157451034 1572452.1552734375
232522577.5257646143 1644625.6899414062
231226713.0567580462 1552912.8583984375
231729159.9395248890 1594997.3623046875
232172476.7390725613 1623219.1088867188
232090528.2217169106 1618478.8344726562
232172476.7390724123 1623136.9399414062
232172476.7390725017 1623159.9643554688
232182639.3662893474 1623695.4584960938
229825238.4906167388 1425661.1428222656
232302501.2290866673 1630863.9311523438
228444419.1985910833 1233524.3920898438
233300951.5917157531 1686685.8017578125
232203578.7577239871 1625166.2836914062
233161816.1636123061 1678754.5820312500
232408910.2943546176 1637463.2182617188
234707833.5363743305 1729801.3535156250
229862322.1145351827 1431947.3420410156
229958700.5462106466 1439414.3884277344
233365740.0094830692 1689299.3564453125
232717800.8655494153 1655216.4633789062
232690313.6549031138 1652185.2475585938
234480194.1777617335 1724414.7871093750
238612520.4376103878 1732763.7275390625
238561266.5784652233 1732729.9423828125
228694162.5293007791 1269371.4897460938
229890609.4213947356 1434459.7133789062
231304071.0436968207 1561226.0429687500
229980571.4144864678 1445659.6718750000
229968520.6740638912 1442183.8381347656
229730681.8636921644 1411897.9633789062
229781923.2053244114 1422567.9047851562
229815974.8418641984 1425167.3774414062
229812650.8700982332 1422770.7583007812
234204603.2833847702 1718563.1748046875
231489308.2035468817 1573807.2597656250
233897954.3482173979 1708095.1669921875
233219773.2446678281 1682345.5468750000
233897182.6837204993 1707977.2148437500
234014446.4320399761 1710666.3623046875
234112871.3053816557 1713429.9804687500
233220459.7271332443 1682372.5107421875
234138816.0940853357 1715851.7138671875
238362721.0984861851 1732549.9521484375
233226154.2436086833 1682424.3603515625
233833662.5394529402 1705265.7167968750
229674033.2021018565 1403417.3657226562
238454359.2738078535 1732665.5947265625
229687490.2543930113 1404744.5288085938
229687490.2543930709 1404779.9165039062
229687490.2543930113 1404744.5239257812
231112513.3201676607 1542769.0104980469
231096556.4308085442 1542572.5124511719
232291186.0483341515 1629698.2182617188
230639009.6970202029 1501657.2539062500
231415409.1429723799 1566675.7084960938
230833300.9294822812 1521366.4667968750
230954258.3355481625 1533236.4780273438
230886372.8535603285 1526435.5268554688
238200621.0687573254 1732507.6152343750
230954258.3355482221 1533253.9770507812
230992489.6664460301 1534126.6342773438
237715795.0030846298 1732057.0185546875
238440785.2091597617 1732664.7001953125
234035940.4722850621 1711657.7402343750
238055261.6969763637 1732146.8066406250
234035940.4722850025 1711596.7539062500
230700127.8923507333 1509665.7473144531
230698938.7487748861 1508764.7502441406
230698938.7487748265 1508756.0373535156
230653117.5236506164 1503758.6057128906
231430625.3362681568 1570375.3525390625
230695495.1521024704 1508592.4328613281
231068292.4649132788 1539479.2949218750
230605510.5444800854 1501211.8303222656
231068292.4649133086 1539595.6796875000
233486330.3780814409 1691217.2236328125
232851583.7565778792 1662077.3657226562
236979751.4305689931 1731754.6738281250
236869801.4565094709 1731653.6347656250
235887392.7643417120 1731090.1152343750
237934241.4480768740 1732109.9951171875
238059163.6080954373 1732163.6230468750
235773867.2256713510 1731025.9853515625
235914905.0118526816 1731090.3886718750
235760917.7808702588 1730955.8671875000
236271570.2534565032 1731406.0839843750
237487012.6860595345 1731842.9833984375
236097575.3039209247 1731287.8798828125
236562376.2329460680 1731601.1484375000
236196947.6020812690 1731375.2773437500
236508274.6341738999 1731447.2207031250
236725262.4966451526 1731626.2236328125
237617652.0289597213 1731971.6162109375
237540674.7517139316 1731934.7275390625
237075609.7410530746 1731757.2548828125
237208052.0781587958 1731817.0468750000
237524655.0187461376 1731885.9521484375
237138074.9083879292 1731759.6113281250
