54393721.2505615428 235855.2970239520
54432687.5463260412 236241.0106469989
56087518.4318427891 257712.0097569227
54678255.3844928667 239856.6504785419
56395416.2917157188 261699.5242547989
56957282.1682457626 268886.5125732422
57657837.0642233491 275506.2490844727
55364492.5038440004 248365.8773747236
55492105.2247625366 250527.4219914228
57116684.0323967859 270275.3152046204
57898093.0974802747 276747.3452148438
57261811.7208592072 272085.4566650391
53278843.6934002191 215932.8258221149
58363248.0768357441 279475.5080566406
52572869.6381650269 187486.7906017303
57367964.1385009438 272587.8741455078
55833549.4289608002 254935.0550370961
52758519.4199637920 203921.7892326713
56365507.9463235140 261500.8262852430
56048688.4205823839 257337.7016209364
52510453.0018767193 180142.5427227020
53850608.7420405746 227867.6475079060
57162541.5434920043 271156.2916259766
57939071.2028783187 277784.9545898438
56627073.0001706332 264684.1768426895
55602289.7998797446 251806.4040361196
57505258.8536349833 274364.1621704102
55988248.2544755787 256782.8447178602
52700136.1460927203 199833.7734594941
58871629.6282301024 280470.3994140625
53882938.2823395133 228154.0674297810
54138817.8660634905 232313.5470239520
57061784.6215264797 269815.6776123047
54406732.2299437746 236111.4967920184
55606666.5306750610 251844.3453813344
56043448.0804527923 257334.2626866102
54014927.7340533733 230353.5533916950
55888749.2549380213 255486.4730058461
55734279.2515936047 254005.8899980336
55684206.8737052009 252509.3077902794
57689478.2757581472 275633.6795043945
57092760.5921152085 269924.7078857422
52879358.2282220647 204241.1080440879
57929734.3090150803 276874.7756347656
58779511.4688895941 280169.8920898438
57003452.2497965470 269103.2698974609
57558566.8868561462 274577.0840454102
55780822.9867187142 254427.0113359243
53045352.4956864864 208511.4220350385
55848761.6990262344 255265.1378007680
52815529.4097463265 204029.5393852592
56904878.1111557931 268097.1643304825
57458664.3939547390 273236.4700317383
56773966.7222537994 267040.5688714981
56339222.6069027856 261170.7435215712
58095276.1128572375 278523.4157714844
52618449.5360035673 196405.0987114310
56493824.1859642640 262578.5874023438
56756601.4303795695 266037.3211669922
55291474.6504982188 247722.0343461782
56239952.4295355827 260241.5784825087
54478339.9108213410 236436.0016811490
53122957.5655903667 212128.4699577689
55330866.1451264545 248273.4523149282
53127334.2963856906 212166.4113029838
56397871.6825212613 261769.2474603653
57780458.6074565575 276028.3228149414
56695581.8631585538 265889.5473632812
56964935.3982642442 269019.5079345703
56832803.5907859206 268089.0333251953
54928083.1840426847 243397.7713143826
57310769.0587380007 272212.8870849609
54640432.5411823764 239276.8622295856
56378802.9467507675 261526.3475580215
57425134.7598227337 272770.3831176758
52717338.4166310057 200140.0823006034
53350419.2227919921 216488.6529400349
52755869.1189631298 200402.2339043021
54185365.2544522062 232314.3198101521
53391552.1439494640 218493.2914898396
54451968.5474906638 236435.8580591083
52939677.6916795671 208044.1002678275
53409407.8956562430 219909.4453594685
54091294.2784488425 231989.1857568622
56640534.5952203721 265233.8679437637
52930005.6972237825 207914.1028313041
53946119.5026774704 228298.9861413836
58550337.9148206711 279736.0380859375
53257925.5943302140 213194.0060693622
53013546.0142827705 208366.3262837529
57364731.7881495953 272567.7307739258
53263939.4230309203 215796.7204754353
52887899.9778105468 207342.5816521049
55633181.4504534975 252287.5289140493
54597143.3232620433 239276.0894433856
54389344.5197662190 235817.3556787372
55360115.7730486766 248327.9360295087
55661866.3566522822 252395.7633500844
55789479.0775708184 254557.3079667836
53201228.6562847570 212817.6056389213
54521333.9714800790 238016.8416406512
54223283.7301627025 234188.6717187762
53641972.2030713782 224031.7563946247
53062176.1039822176 208666.9394096732
56474977.3318929970 262569.1961654797
53854985.4728358835 227905.5888531208
52596197.9942701384 187489.0046443939
53346307.6035408005 216331.7468731403
54095671.0092441663 232027.1271020770
56517942.2053965852 263157.3379478455
54282566.3516181186 235023.4817773700
57233820.3992476016 271511.1353149414
53259562.6922355965 215766.8382732868
57333090.5766148046 272440.3003540039
58574952.5969824195 279857.8308105469
52655935.2900977433 199309.0363318315
52560344.1579259411 187372.4215679169
58040732.0919913054 278033.1872558594
56462746.8366363868 262487.9000229016
53887315.0131348297 228192.0087749958
53627067.9327020794 223874.8503277302
53076899.4193069488 210205.6448845267
53371749.7554875165 216621.9783794880
58171643.4808932915 279089.7827148438
58140002.2693585083 278962.3522949219
53646348.9338667020 224069.6977398396
57110741.9594052732 269943.1080322266
53057799.3731868938 208637.0572075248
53696698.0507973731 224211.5175242424
53823853.2499370202 227490.4901592731
53963607.7339411452 228507.4026147723
58663899.5673513263 280140.3166503906
53511882.0024495572 220153.4769096971
53854704.9299760461 227904.8160669208
53079850.9006444290 211464.8926872611
58300678.4260609820 279292.4350585938
55317876.5527476594 248235.5109697133
58030270.1431862116 277817.3515625000
56930884.8350370824 268171.6390380859
53791523.7096380740 227204.0702373981
55159178.6181601211 246599.9303471744
54032209.2460463494 231325.6084863544
53887034.4702749923 228191.2359887958
53513695.7204425484 220518.9078838825
53413784.6264515668 219947.3867046833
54299093.0819446594 235447.9195215106
54131747.5688674226 232118.6996118426
54014647.1911935285 230352.7806054950
53867753.4691103622 227996.3885766864
55706962.0459452122 252995.3575670719
53982317.6508945823 230066.3606836200
53591288.9425218850 223368.1791241169
53558959.4022229388 223081.7592022419
53394503.6252869442 219752.5392925739
53773961.6547852457 226231.2423565388
54354450.6427325457 235734.3394433856
53541397.3473701105 222108.9313213825
56596352.4138747677 264496.6938714981
53625320.9974989295 223874.0775415301
56542310.0137988776 264055.9162836075
54257620.4145828635 234189.4445049763
54032489.7889062092 231326.3812725544
54296203.3458034173 235153.7784082294
56629349.6959094554 264903.7851800919
55071572.8854970336 244555.4187231064
53868034.0119702071 227997.1613628864
58783977.2869955227 280280.1403808594
54944987.2718053982 243540.2214439064
53375693.0777141228 216745.0692619681
53835704.4716712609 227710.7414410114
53602859.6213962808 223587.6576196551
54692223.9638730958 239924.5816123635
56725625.4597908407 265901.8599853516
57139149.9117488861 270828.3970947266
55563191.0259928405 251583.6043535024
53749753.3434794396 225944.0496484637
55449866.0044615194 250434.9969316274
55549136.1818287224 251364.1619706899
55296372.8738964051 247748.5221391469
53982598.1937544197 230067.1334698200
54723205.6012855321 239997.8907079697
57746737.2148855105 275646.0728149414
54068487.4721986875 231467.6215019822
54778540.8616662994 241661.4135961533
55926689.1419199333 256025.5810737610
56333575.1694594622 261037.9601068497
55302972.2823783532 248078.6049028188
53953849.3898278773 228377.4036981463
56090537.3519942462 258216.1303763390
54880700.7751747444 242997.0278539658
55701672.9947759211 252665.2759843618
55105482.1147505790 245784.2544035912
54510108.3875320852 237652.1834526658
54203105.6127145216 233824.0135307908
55216844.1752674952 247141.5419719219
56500494.8341141790 263045.3850336075
54809318.6694064736 241787.3567113876
54560438.4754873291 238360.0132866502
55392306.1844038367 248738.8834324330
53970541.3052993938 229701.7024956346
55905812.1322081760 255774.1884818077
56116538.6276199147 258277.2566432953
56193441.2858141288 259503.2474350110
54262388.2341699451 234658.8235893846
54029823.9267548025 230536.5125542283
56279532.7693835646 260597.1825189590
56164906.6234860420 259002.4566008803
55954180.1280743182 256392.6228940487
56433283.2932228968 262082.5759582520
55840855.1065430045 255133.3750913143
55226552.7932647020 247565.0382175893
55940125.2839102000 256062.5401303768
53603140.1642561257 223588.4304058552
54887661.3782215193 243032.9695043564
58271978.7544981912 279097.5866699219
55030256.5874935985 244400.4455662221
58387787.4300897866 279527.7480468750
55865406.7263175771 255353.0671439171
56306766.3073454425 260681.1990951672
55545580.1776059344 251148.0438410938
55444982.8340502158 249904.8019490037
55395670.2666998655 249550.2432695180
57301792.2974395901 272090.7869873047
53750033.8863392845 225944.8224346638
55271289.5883539170 247684.0930009633
55312852.4201458395 248105.2143388540
55179965.8288709596 247013.6202488393
54083391.7425679788 231624.5275688767
56318996.8026020601 260762.4952377453
56459130.6862473860 262297.2079095840
56530079.5185422599 263974.6201410294
55674134.6531483009 252445.7513480186
55750924.2788849548 254093.8193411827
58288455.3370165229 279102.1760253906
54577768.8672627285 238910.6584692001
54736352.8079201505 240154.7967748642
56319938.1752741709 261018.3038568497
55443704.5423758104 249885.0548296720
52692784.6747394800 199340.3980566850
55219953.3847827464 247234.9554539174
54973789.4853323847 243949.3983860463
58398514.0650397539 279538.3002929688
54642093.5400547087 239417.3296728134
56188913.6536896974 259069.5832936764
58350514.0626827702 279348.0412597656
55062097.0163287073 244529.9594212025
55120683.2074155509 246305.7904148549
58553431.8528548107 279839.8093261719
54866162.8357485607 242690.1494023502
56088833.3950886726 257787.9618959427
56925281.9448386580 268125.6560668945
56035545.0245595127 257080.1320619583
58427694.2035801113 279667.5717773438
54949302.2610734552 243554.8864841908
55980345.1985823065 256528.7140932083
54988693.7557016909 244106.3044529408
55500365.2433946580 250803.9346757680
56232049.3736423105 259987.4478578568
56445513.7884795293 262163.8721008301
56570505.0208502859 264282.0619201660
56085155.6515591443 257631.0558290482
54772460.5318113416 241222.3037328720
57654121.1251874641 274884.9109497070
56499556.1885554120 262604.6496887207
55081291.7127873078 245754.3724461049
54648045.2769238278 239574.2357397079
56405088.2861714959 261856.4303216934
55447294.7764481977 250191.4058671743
55915034.5943587422 255816.5557695180
55110974.5894183367 245882.2941691875
55657489.6258569583 252357.8220048696
56460226.5507414117 262318.2715358734
55383447.2668469027 248590.6842536926
56143909.3367089704 258448.1404945850
57440429.5953706726 272851.6792602539
55618934.8271710947 251894.3333792686
54848269.8835932836 242481.5515356064
54930037.3205210492 243442.7260014713
55496420.2140305936 250547.1562333852
55811356.3807756901 254645.2373099327
54815554.8730884194 242183.4781987369
54874837.4945438355 242891.3080327213
55564348.4518941492 251694.2447343618
54347105.2994652018 235451.9247045517
55502549.2174349874 250812.7440019399
55403279.0400677845 249883.5789628774
54538377.3726344779 238359.2405004501
54788987.2621378675 241773.7217016220
54689947.7806324437 239868.3768529892
54643360.8162387162 239443.9391088486
54775350.2679525912 241643.4250707626
54380055.2696736455 235746.0658178329
55509148.6259169355 251142.8267656118
54479094.7511790618 237651.4106664658
55071583.0947900936 245330.8762004375
54576180.9545059502 238571.7663793564
56933345.2538316101 268445.1865844727
57030431.4571584687 269365.5422973633
54884086.9000069946 243019.2309367657
54761690.5838312954 241208.5651652813
