255215117.4732933044 27399.9849875411
253749021.9079631269 23279.9418016886
253320924.9227742553 21705.8922108095
255230951.4065315127 27438.4209238349
273323159.6611036062 47103.6358032227
254920397.2955591977 26968.9408856898
254907548.6524740756 26869.0245123640
287341725.3090672493 50306.2537689209
253410549.9127331972 22063.3373788809
253322302.9482393563 21746.2463711184
287081041.4099180698 50304.6312408447
255025924.0899064839 27027.6633969813
286885471.5357409120 50221.6958770752
253532170.5716052353 22391.2603871506
253351080.1813761890 22023.8599567097
254023516.9403392673 24348.4049277435
278143128.4053949118 48741.6315307617
255438267.5766486228 27687.8548243416
255122525.8705722392 27285.5306510001
277635309.2022819519 48619.1683197021
255461061.5530093610 27702.9395445853
254826961.3692532778 26623.2735202049
253581546.0564059913 22699.6005166983
254859547.4536177814 26635.7368613507
277468833.7308102250 48518.8522338867
255809423.6100562513 28380.1455334288
255768862.9440481365 28351.8231002695
255606704.3189083934 28042.4952943853
255479750.9841558039 27959.4121416143
253591020.4564737976 22761.5856020134
287060499.6435769200 50294.9673919678
253515908.3653191030 22356.3788928669
277308034.3257589936 48516.3948669434
253664976.8661264479 22844.2161531132
254603557.4865466058 25836.6203886973
254520488.4169295728 25733.0584688017
254540814.8702864647 25747.2425558077
280436142.0214246511 49252.7408142090
253646092.7398944795 22832.1432494586
254090720.1585824788 24808.9278298011
271248411.9022386670 45689.6657333374
274108687.0411399007 47366.4203643799
286676398.1012473702 50200.5453643799
255297466.0559815764 27511.1084495127
254353884.2615855038 25559.8311681217
254133325.0727577507 24928.1308583682
287035961.9847065806 50278.0631256104
254177590.6261191964 25261.9408921665
274495554.6633837223 47426.9317932129
274470607.6261703372 47386.2402801514
284621505.3993732333 50169.1999053955
286932758.5184693933 50273.3873291016
255709421.0591927469 28140.0760724132
253696202.9292620122 22947.1269406360
255595898.2403418124 27983.9385716503
276379388.4698550105 48160.8911285400
253811250.0726803243 24038.4483193513
253726543.9096159637 23139.7859270480
281803609.2188084722 49466.7127227783
276572697.9344432354 48193.8977966309
276475993.5997462273 48168.8537292480
253728279.1791774929 23208.4307191726
284102580.5586816072 50165.9213714600
283895122.9606113434 50130.1143646240
283371720.8760336637 49940.7646484375
253982585.0589545071 24270.5515813818
253818871.5154446363 24142.6977930060
274864488.5421401858 47649.8688659668
274660573.7362660170 47637.2566986084
256018574.7337472737 28623.7551767491
272551090.5644500852 46570.1632995605
274514604.7445198298 47498.3372268677
284025591.7119348049 50133.1640472412
282890491.5796819329 49926.9974670410
272976454.5007950068 46906.1472549438
272575312.6803836823 46748.7885513306
254684088.9635159373 26034.9162737089
282861996.1546098590 49926.4742126465
273383639.9692820907 47141.6737060547
273597122.9631994963 47191.4000854492
282761575.8792262077 49843.2028350830
273975599.7221003175 47314.6999664307
273762116.7281829119 47264.9735870361
283386876.1712245345 49977.8661804199
274581838.4357593060 47537.6010894775
283608463.9576426744 50126.1594848633
273187524.3197393417 47032.7882537842
283507665.8898725510 50068.2224273682
275108244.6152966022 47772.0277862549
271712228.1487190127 46194.8806686401
271680116.0882522464 46151.6652297974
271444067.9624918699 46015.6196365356
272839589.7021750212 46794.0447082520
283416919.9749137163 50053.6863708496
254067284.5783862472 24426.0171730057
272049321.2630998492 46351.8993606567
272889666.8925791979 46811.9249267578
272942399.5987403989 46829.4189453125
282156149.9212929010 49501.5827178955
275706758.8790296912 47983.2894134521
272247622.9053626657 46562.5956268311
275557029.2063486576 47922.3829650879
254020909.6958336830 24277.5238804356
275169265.5096741915 47797.0816192627
254015556.9436740279 24273.3752960698
272225993.1028697491 46381.9935073853
275277654.0866680741 47894.5800018311
275168774.5744019747 47785.7957305908
256122113.6613012552 28887.2152075908
271856457.4657273889 46291.5711021423
275110812.2134764791 47783.9346466064
274865674.4314811826 47679.4824066162
256659780.5132251680 29700.9889373323
254174822.2332019806 25113.6461618723
254168466.3641419113 25099.0388973536
271177120.1157560349 45577.3494758606
270822871.5436408520 45418.0150260925
270415393.4784362912 45096.6685867310
270200350.5164819956 45076.5163383484
254733818.7080758214 26274.2291200411
256737914.5202411711 30130.2849384630
254633887.2279656529 25901.6850478900
282722044.6533792615 49784.7024230957
256038748.6917394400 28674.6695257509
271078319.8417397738 45461.6680107117
275767543.1208143234 48028.6763153076
256960220.0707035065 30338.3564876402
255107874.2867018580 27048.6929355776
277885610.3020066023 48673.9525451660
269707967.1727390885 44355.2052764893
269627370.3554161191 44303.8538017273
256768032.9433362186 30138.8668149794
270597655.1155531406 45199.8492469788
270762646.1180086732 45290.0093078613
261480254.1401946545 36392.6138697062
282457540.3922415972 49731.8199615479
270751321.4418640733 45274.7435302734
270138772.0147578120 44859.6562500000
256934340.2604019344 30288.3301709974
270048610.0424671173 44794.9091491699
257790739.9781318903 31596.5218805159
258014030.3038325310 31751.0437871832
257865967.6569634080 31683.8005306143
257562145.1448361576 31286.8689090628
257749063.7170023322 31413.2895571608
257473700.2619975507 31160.7428403432
257394119.5107584298 31137.3322167927
257304940.2087312341 30774.3012945373
257440155.6268401444 31151.1877694661
256403099.7883961797 29139.9520567795
257363657.7233661413 30828.5402703816
256282505.1641192138 29115.9583634278
256528141.9535689950 29499.2366837403
256061332.8061763048 28755.8120588874
256472854.4241997004 29391.2267349102
261300279.4969730973 36278.8919845168
257239974.9441404343 30769.7816106994
260779073.3542211652 35595.2861875026
261448225.6926346719 36321.4372358471
256619374.1070947349 29549.8949640132
261448973.5438452661 36380.8975460976
256458145.8103046119 29267.7790626129
256902408.1414264143 30215.1821630225
260354410.2195838988 35348.5757479593
282261024.6059227586 49629.3790283203
260099122.9975780249 34964.4314579889
258268156.0616729558 32186.8814404458
258288933.0748156011 32209.5767757073
261524270.5330686569 36494.1464741677
259232023.3742429912 33850.2485996857
259341130.0409649611 33937.2433048859
258932730.7732092440 33339.5598980561
261087736.0073103309 36008.2423169836
258790696.0441854596 33065.4161707535
260859766.6358220577 35657.8851201758
258562834.0329164565 32751.3695150986
258801201.4763616920 33142.5217215195
260644585.6095206439 35540.8054432198
259635502.8996548057 34238.9971331730
259573117.2988569140 34146.6663233414
259120751.4333216250 33693.9039017335
261769225.9796436727 36744.3813103884
258539969.8176838160 32709.2273832932
259847967.1147189736 34580.0635394230
259927921.9767986536 34662.4975051060
260506253.4304408431 35388.5969053879
258442288.5954695940 32460.4885117188
260209559.3141632676 35098.2080122605
258689176.0175441802 32800.0616737977
262024018.0312583148 37226.5240124986
258143745.7544104159 31982.7332077045
262002034.7329001725 37122.6164437458
259892320.6929540336 34652.0028731003
261873797.0542258322 37010.8893270418
259988652.2207259536 34849.8962065354
259783853.8086701334 34573.8017012253
262036426.0996833742 37293.4079934284
261901254.0949727595 37113.8574410602
261078611.2758824527 35968.3451054022
260945908.5683140755 35871.6796390936
261668958.1924782395 36641.7426826879
258788218.4949215949 33019.4085374251
265909312.2008937299 41125.4577980042
259095250.3477460444 33533.1328322068
258465372.0836992860 32592.8406731263
259008981.0518022478 33407.4069372788
282234578.6877335906 49536.5452728271
281740568.2285907269 49448.7688293457
259765171.2260005474 34398.3872927789
259693018.2965478897 34278.5434798364
263075029.6943548322 38325.3780410205
281042562.9367944002 49440.0889129639
280615980.9812663794 49304.3935699463
280984220.9116193652 49438.3146514893
262739021.3387841880 37945.0753495608
265610048.3026917875 40802.9367065430
280788790.1432675123 49406.3244934082
263462688.5547018349 38716.9976632510
262064031.2959119380 37357.6217780624
262341904.3127629757 37496.2956588183
263282703.1016943753 38602.4237830554
263517816.2604751289 38855.3686072741
263311519.8566316068 38642.8625647937
264960075.1884488165 40166.5883178711
263001035.6557483375 38182.0342729007
264997934.0566384196 40212.2295150757
262897198.8338547349 38121.2302596484
267228553.9398768246 42379.5307083130
262932641.2760827839 38164.1755387698
262862499.1251048148 38057.2479522143
262657068.3317608833 37870.7979934131
265102844.1748418510 40241.1076087952
262517567.5864682198 37866.2319610034
266893654.6601102650 42159.3674240112
265643035.0434406102 40841.0435676575
265120447.5344350040 40254.3940925598
263687750.1268192232 39065.4743309021
263161329.4877181947 38565.3086535846
266936179.9946388304 42173.4044723511
267272851.8323629498 42383.8930740356
263844249.2792754769 39200.2155790329
263777906.1666347980 39199.2026548386
264468573.9499602318 39674.5195579529
264662065.8675837219 40023.2864646912
264058713.0539422333 39358.6392115355
264418528.2881284654 39669.3524702787
265341608.7960588336 40535.7860460281
264486644.2597472966 39742.6366767883
264084238.4072052538 39436.3180885315
265851194.4454056621 40969.7375024557
266270514.5907927155 41529.3514016867
265861909.7638023496 41085.2309392691
264218641.8264848590 39534.8995999098
265508583.9564319253 40763.2320985794
265502744.8039872646 40763.0301469564
266470419.1388834417 41708.2743486166
261187717.1755047739 36128.5957293090
267919108.6873499155 42951.0816726685
266788797.4820562005 42071.9117006063
266141373.2138441205 41310.6110153198
266392428.4489220381 41559.8291206360
266435170.0354380012 41584.2382736206
267718204.3203575015 42855.3135528564
267622092.5468660891 42690.6454467773
266201112.9487091005 41323.8702725172
266967310.4055534899 42235.1882514954
267433634.0295326114 42645.9368553162
266541311.2003355622 41752.5832023621
267362684.0788770616 42525.8102378845
269920532.5092352629 44597.6366615295
276829502.4333673120 48257.5053710938
276357484.8507002592 48113.6355819702
277065689.2517258525 48379.8228759766
278734296.2907240987 49073.1078948975
278460834.2138609886 48976.1184539795
269255413.2648479342 44075.2546730042
279597886.3208083510 49195.2404174805
268985754.0704773664 43871.0158424377
268992949.7679747939 43897.4800224304
278134143.5342436433 48688.6131286621
279001295.3092144132 49133.3879852295
268988366.8139989376 43875.3352012634
277048018.6643710136 48368.4639434814
279392423.1838831902 49174.7347564697
278965032.4112616181 49108.6592559814
269761141.4570754170 44392.1060676575
279240328.5105701089 49138.4277191162
269300546.9434535503 44169.6879806519
277629770.8901788592 48541.7142410278
277726675.5717506409 48646.1503829956
277606363.6248038411 48526.6890945435
268085881.5778794885 43057.9957437515
268402559.4906430244 43383.1493196487
268493321.2502443790 43424.8550844193
276698471.0729361176 48214.4463577271
268294180.5546581745 43304.2588005066
268545024.0408052802 43462.0516319275
268322515.8073967993 43343.9580802917
268287864.1388082504 43189.5673227310
276105020.6781376600 48070.5815048218
