133722668.8194917887 339822.0133226458
137811811.8425800800 491181.3928909302
133722668.8194917887 339612.0766680781
134984335.3994624913 415649.1976866722
134920118.6461187601 413730.1395679712
132809939.2983142287 188553.0162068009
133145530.6433250010 272611.9891607761
133243984.5629238784 286798.7613022327
133811642.1229181439 347131.3421404902
133714480.1519824117 335276.2498196363
133756643.2954555899 340968.4832516909
133056297.1016982198 252748.6893197894
133225580.5772452503 283043.0093491077
132912298.2098233253 218351.7954901215
135397550.7503626645 436071.6279668808
132788692.2330528796 167953.4146976676
132783956.1334087551 167782.5450382438
132783956.1334087402 167781.7378177848
132788692.2330528498 167953.3697300162
132783956.1334087253 167742.6865482535
132788692.2330528796 168013.8360386100
135193055.2364545763 427278.4591337442
132783956.1334087402 167782.5053501334
133145530.6433250308 272657.5804693699
135620888.5621587634 442717.1278920174
135380064.0490151644 434700.7004866600
132783956.1334087104 167742.6415806022
133056297.1016982347 252860.2650033832
133068158.0190606713 255782.2620264716
133038599.0243243128 250632.8089774009
133145530.6433250308 272673.3111441135
133163318.4119568765 274126.2452535629
133131147.7185479552 271875.1246023178
133173872.4897691905 275288.3487234116
132914016.2507329136 218927.5334802694
132971476.6594120711 233294.1447931356
133021426.1472577602 245341.1526511069
133100500.9522830844 264904.1883795261
133584866.6086206585 325319.8840316534
133797112.3234731406 343198.4291632716
133182855.8060240299 279582.9152023792
133360828.7097050250 299255.1955139637
133584866.6086206436 325274.6626189947
133163318.4119568765 274086.7857351303
133092111.1085299402 260692.8424017429
133105423.5845797956 265984.2589792438
133145530.6433250308 272611.9910014868
133492936.1365469694 316229.3725267649
133215026.4994329363 281841.4463608265
133046612.1856812239 250638.3466531634
133555183.1576931924 323835.7636709809
132879188.5641943216 210448.9815126486
133584866.6086206585 325326.3696044683
145638685.5735036433 507804.7267456055
133555183.1576931775 323801.6185904145
133901781.0142077357 354200.3025568072
135287349.9373211265 428534.5207086802
132882711.0950963199 211064.4172705170
134783768.7694429159 406410.4316498041
134594019.7011330128 395648.0994468927
133634185.6471404433 328198.8827880621
133474907.8540549427 312462.3455548827
133641467.9339927286 332044.3494762182
133584866.6086206585 325320.1521362066
157462651.9561532438 531927.1594238281
132801507.9544595182 183585.6410160270
133105423.5845798105 265984.3900217242
133555183.1576931626 323754.9066763520
135204750.2362359464 427461.9381891489
132923482.3656396121 220666.7492254730
133666067.4941197187 332877.1114447657
133903949.8463778794 355196.0562708918
135018856.7015228271 417333.8318449259
135633533.5346426368 448167.5415368080
132859067.5643740296 204189.0187605377
133065080.1350116432 253855.9327737689
133998002.5113177449 363329.4897837639
134664293.0619564056 399871.6606937647
137766961.5149462819 491066.0597953796
156994014.8282216489 530909.6042480469
134524389.9965660572 394678.6367679834
132870251.7201903015 206465.6471785065
134412241.0519632399 388443.2280107737
132861669.5297788382 204736.5874527451
132816098.9236346334 190342.9337194916
135645228.5344240069 448402.9410023689
137445562.1989488304 483621.5216283798
137626536.2005088329 487489.9579076767
133838369.0862892419 348662.4098721743
132998507.6329303831 240197.0343405433
133937924.3223416805 356471.4848271608
135177970.6003800035 422207.8919448853
132819804.4451726377 194424.9476355072
132921764.7089044750 220280.3425032083
132951351.8236314505 227628.0886045877
133684421.8446730971 333345.8000434637
135609193.5623773932 442529.8495202065
132835724.7006330639 197199.7067602631
132854491.2075644433 203306.9061773773
132824828.9756685346 195271.3045671582
132842063.9750928134 197861.1889427658
134054327.5937695503 365426.0493602753
132801507.9544595182 183585.6847324576
137088492.2901749313 477376.7591772079
136030037.1803005934 456053.6509480476
132887946.5095884949 211563.0028188825
136217226.9149245620 468554.6530842781
135480781.6533173025 439943.9471001625
133769819.0258414298 341570.2584703509
137462278.3181203008 485393.0396947861
133047745.8447966129 252196.4395414419
132795059.8982873708 181199.5532932486
134014757.4843177944 363714.6660109758
136217226.9149245620 468673.5686116219
132830988.6009889096 197021.0409430023
132819804.4451726228 194385.1301895138
134978019.9623162150 415631.3601652384
132947833.1286897510 226418.7065950460
132809650.8674624413 187916.9372595306
134893868.4464007616 412685.6309906244
132809650.8674624711 187980.6071969029
132804914.7678183317 187706.3006857391
132804914.7678183168 187706.2443426605
132816098.9236346185 190303.1162880417
132865675.3633807302 205511.3386572357
135566782.9479536116 441683.2411217690
133901781.0142077357 354260.1985529009
133853713.6488452107 349968.1609881464
134393248.9029516578 387236.2547441721
132850485.3739625514 202139.7266129013
132987323.4771140665 238594.8428274817
133989356.7759359777 358578.5201674700
134014757.4843177944 363702.7206984758
133802225.7781552672 346180.8721178118
132899838.8349173069 213641.4497145172
134233572.6570280790 378695.0695419312
133833476.4574317187 348200.6418219805
133998002.5113177299 363082.8916454315
134250327.6300281584 379206.8732043505
133634185.6471404284 328147.1308349371
156714643.8802796304 530878.4934082031
134393248.9029516578 387189.6752153635
134214003.8396931440 374044.7700697184
134182177.1879047900 372910.0413303375
133012874.8903561682 244788.9034528318
135204750.2362359464 427432.3800836802
137442749.2679619491 483521.3502416611
133388306.0853754431 303106.2558885813
133128357.7662584782 267446.0830786228
134125762.3452962339 371461.4526320696
134325098.4608283043 380996.2187685966
135204750.2362359166 427344.7677789927
135204750.2362359464 427396.4323297739
136217226.9149245620 468519.3835530281
156569329.1787454188 530684.6955566406
137056230.1508370638 476721.6719846725
134014757.4843178093 363796.2622023821
136125427.6574867964 462926.4078450203
132955581.5868612975 227883.1309896890
132819804.4451726377 194424.5433844086
132790323.7986432314 180988.7801761832
134071082.5667696148 366062.0913039446
135092033.5425088108 421340.9512481689
134071082.5667696148 366010.3354445696
134887387.3900666535 409751.1070524454
133082275.6012896746 259282.7334692478
133020373.6733308882 245011.3540671226
137442749.2679619491 483329.2594213486
132778842.9904724658 166659.4120860305
134071082.5667696148 366091.8139601946
132804914.7678183317 187745.3053472992
134667138.1724810302 401130.1559940577
134704130.6927868426 401855.8739544153
137442749.2679619491 483359.9962377548
135251774.0466795266 428121.9575064182
134887715.6079084277 409759.3853784800
136125427.6574867964 462859.0987629890
134976133.3660466373 414209.7994587421
137316054.4566124678 482018.4205541611
134770423.2927711308 402560.8793970346
134250327.6300281286 379155.1173449755
133747793.2849533558 340361.8637335841
134325098.4608283043 380991.1787295341
134250327.6300281584 379191.0650988817
137442749.2679619491 483325.5997533798
132979225.1175835878 234646.9538160745
134195266.7594453692 373524.0048729181
134376493.9299516082 386604.4895186424
133616865.7978537530 326651.1936376635
134770423.2927711308 402524.9316431284
133391311.5797316730 303669.0149656534
136217226.9149245620 468520.2565999031
133997726.2683974653 358656.3175354004
134250327.6300281584 379197.3248645067
134250327.6300281584 379190.8116809130
134483881.4752012193 393651.0423218012
136217226.9149245620 468643.5358967781
134700806.7920570076 401805.7368370295
134340960.2022776902 385514.1487818956
134340960.2022776902 385418.3680268526
132932072.6160638630 223933.5908227987
134340960.2022776902 385616.6168366671
134393248.9029516876 387270.5208574533
132908775.6789213270 217736.3615306444
132936648.9728734642 224815.7430940695
133004949.2515517622 240463.1157626864
133715386.5326394886 335801.0332892481
133270446.3720489144 288339.7322736979
133900883.1356841773 352051.3433537483
133239963.5020222813 283827.7246811390
133948345.2709602565 357422.8780822754
132908775.6789213270 217775.4912019796
134630829.4042613208 397952.5463944674
133548339.0310174525 320569.0984220449
133584866.6086206585 325471.8828777075
133548339.0310174525 320569.9593248311
133534186.0805282593 319805.3351910114
133537154.8752011657 320151.7786607686
133618880.6660348028 327425.4152269308
137101997.5741270781 480712.6837377548
137029632.4753795266 476671.0768041611
135352033.1815903485 429492.1169157028
133618880.6660348028 327461.3629808370
134736419.4728573263 401917.0258598328
133288570.5032090545 290959.6275970936
133567273.6941665560 324960.9384376351
133537154.8752011508 319977.7918443624
132927708.2929091752 220692.3619009439
147935153.1420166194 519318.4475097656
133455953.9897020906 312374.1168985963
133530392.0285026580 318765.7696272135
156185243.7710758150 530532.6447753906
136379630.1548459530 470107.8000569344
136488724.3827182651 476382.8611211777
133498581.8323210925 317097.3232889771
156097879.5432483852 530450.1643066406
140586688.2654314041 497143.3709716797
133537154.8752011508 319941.8440904561
133093882.1530288309 261598.2466070652
133449380.1360551268 310747.9938131571
152607409.3425931334 522433.4270019531
152789322.2716056108 523077.7038574219
132927708.2929091603 220692.3222128335
136204846.3266517818 468135.7609944344
156509864.8443192542 530620.2883300781
133006256.0911019146 241662.2307231012
133068158.0190606862 255933.1698176093
133006256.0911018848 241510.7515818659
133068158.0190606862 255893.7066675849
133021426.1472577602 245341.1076834556
133083328.0752165318 259612.4870855808
146293527.9969213009 513687.6224975586
136107505.2087608874 461739.1622395515
133453785.1575319469 311459.8362661600
133336586.3007692397 297419.3233782053
133360828.7097050399 299268.4520142078
154790645.8648729324 528683.3098144531
133093882.1530288458 261598.2862951756
135836790.7753788829 449726.0777211189
145818908.0101197362 510005.4143066406
145924448.1746558547 513620.7788085938
133483359.1644068360 313443.3637586832
132978382.7971497774 234431.5184911469
132976563.3866057992 234149.3775560442
132949532.4130874872 227285.5797902528
133004949.2515517622 240463.0694391485
143844659.5463812947 505668.0093994141
135823850.2933076322 449586.5628437996
133330237.5290519893 296171.7904630899
133406752.2934361398 306248.9558492899
133279478.5612218678 290078.1397888660
133330237.5290519744 296060.2147794962
133345678.2427564412 298541.2335497141
133299754.6590253562 291659.7828705311
135843773.5879170597 450020.2666859627
135903351.4657267928 455041.2988462448
133356862.3985727429 299195.7975145578
133368592.8787769675 300005.3425680399
133288570.5032090694 291071.2032806873
133403940.4000331759 306015.5769277811
133403940.4000331908 306127.1526113749
133403940.4000331908 306114.8188101053
142880659.3178322017 498468.9952611923
142342407.1117927730 498447.0963354111
135812471.2872183621 449113.0458769798
154708472.9007344842 527641.5886230469
154650776.7214631140 527363.7834472656
154769150.3789122999 528290.4963378906
143271399.3744252026 499593.0025854111
143722441.7146156728 501740.1712112427
149992499.7624829412 519318.4846191406
154312742.2899475694 526287.4621582031
152030880.7426843941 522389.4001464844
151578469.1748498678 522351.0871582031
153938809.8661594093 524821.4230957031
154282226.4903858900 525417.8659667969
153716902.2179075778 524411.5935058594
153264541.3149670660 523728.0134277344
153554765.8297790885 523860.2434082031
150380577.6144876480 519416.3342285156
