372154309.7637402415 485329.6703202967
380251892.8168027997 787247.3674431724
371973435.6289974451 470661.1864153389
373313922.0335351825 569231.9566315841
373844333.5308209658 592440.2761311177
390824893.0420395136 964431.2706864383
388449184.2706872225 924360.3367671277
384086228.3020031452 858704.5267094632
373874367.2326967716 595062.8438386153
374025087.1501889825 603180.8873423040
372970406.3332279921 550715.5687679891
377440300.8352069259 715590.8146715034
380773248.7363536358 798798.2666319517
373846657.0250367522 593738.4009119999
374195084.7258563638 609727.5220612716
438089373.1492295265 1370439.4215087891
438239090.6066524982 1372437.3411865234
380359651.7910736203 790913.3005036823
422561747.7825614810 1224776.3879516721
372746261.2134034634 533480.9564594869
379521561.8384234905 772447.7987718098
403373434.2499522567 1095807.8742626905
378123887.3686103821 733594.9204354156
372663952.3218306899 528866.0516215209
372688684.3686025739 530791.7597376648
373828091.2204759121 592437.8446945790
372002341.3286082745 476753.3899337891
384414109.0404337645 865719.3155261537
371830174.3105425835 454153.2339775208
414673734.0874366760 1156268.7583680153
371804781.8091546893 447755.3651203159
371958429.2766224146 469566.6260139588
373874018.7772991061 594865.3321198653
397890281.0971177220 1042389.5593615025
397792718.2924578190 1038303.1839086860
401184330.8554295897 1083772.1466931105
372878855.4663616419 545169.2955345754
373066746.9366541505 556528.2620264832
374374822.7362722158 616892.0439759623
375380122.4026193619 651816.6931257676
383713548.9905859828 857525.5525882503
375385675.5004116893 652206.3991326671
377633550.5360492468 721039.4124498237
372031708.7496353984 477324.1767952088
430954960.6662375331 1292404.9512329102
430418641.5985333323 1292156.3853149414
380444337.7422542572 794142.7697442546
372288871.5838387609 501345.8035162333
375164257.8657183051 644448.6811660808
375592887.7340900302 659639.0843793582
435008895.3962134123 1351351.3194580078
371926830.0216243267 468753.5882045869
374246363.1979156137 611073.1506278049
373182929.3353837729 562902.3365143966
372294657.5259196758 503020.7197811250
374236849.2057085633 610375.3362439405
373023060.2095289826 555206.6853663269
437569916.6239745617 1370224.6112060547
382346669.2099747062 820668.3950572275
374818265.0647031665 632046.9078121614
426719617.9470649362 1265612.3872236479
426948135.5262147188 1268821.4011701811
391461126.3072198629 974699.1001792606
372939256.1733696461 548770.7112452332
374954338.1037169099 637311.8505996745
373662589.3650430441 585115.8937918674
377488673.3392883539 716080.7814830878
372737368.1751812100 533053.3207200114
373754273.6970371008 589909.9273347091
372289115.0875665545 502716.2223045472
413853069.6202064753 1141963.9221337885
413995852.4063435793 1145793.2382958978
372646692.2796481252 528288.8141604308
372895569.4462445378 547449.1345850769
375794934.7498711944 668383.8406635653
391198038.8435093760 969441.8586253878
372750197.8031490445 536081.5521664266
372337798.8941451907 505061.9186628703
372371930.5664498806 507334.8954002503
390466007.6473655105 952953.8959429618
372036403.6326056123 482062.5072757248
400119923.0527136326 1064413.0555934906
400776851.4751588106 1075962.9843701124
399849969.7926659584 1061362.9212750196
373254191.9452210069 565723.3598963749
374186415.7267613411 609230.7671897542
379719826.9009949565 778881.8626456819
400423680.1704338789 1070571.9894970655
380400376.2077893019 793358.6147632375
373639213.7472720742 584419.8244559299
374136135.8054930568 606904.1267712843
401345232.2724868059 1085034.0023144484
438127464.4623169899 1371523.6004638672
371941392.7183547020 468953.8539554123
371985541.7372775674 476219.4813968185
375722101.2386717796 666945.8208947610
415637832.1464678645 1160133.2755002975
380011475.4130077362 787244.0515865833
373680857.8436865807 586269.9555994999
375014192.3320400119 638209.2741436046
372973919.7488014698 551031.4035725240
372073827.2201684117 483977.0321780685
384253233.9017548561 863919.8495854398
371951112.4686344862 469005.2232600693
375168797.4980957508 645441.1892195176
384200782.0436615348 860649.4432000627
390093650.3717083335 946781.6253783692
390160470.1859744191 949475.1695678224
422752413.4752955437 1227085.1052643526
422083267.1929487586 1223374.2862453330
373629699.7550650239 583722.0100720655
383175319.6731736660 844229.6613772174
374757828.6810081601 629100.9922470134
383742524.7033529282 858470.4414966365
383455704.1353974342 850959.9057300349
374787134.6601404548 629145.5909033101
377207001.6681482196 708880.5645208546
418471212.5697354674 1170165.4285116345
375459373.3851830363 656998.4564390611
373978446.3541235924 599435.6814587843
374936397.6298653483 636500.0138896983
397689037.5714231133 1033071.2048829794
373867370.5269613862 593853.9592673313
408692534.2391979098 1124214.1704128981
373516808.8353034854 577549.8474744093
428332632.2513774633 1283221.8670959473
377645360.7028620243 722509.5126695503
380329630.2051544189 789732.7150740996
389470780.1511856914 942791.8459096607
389000954.2791565657 937909.8006320652
418453658.6886354089 1169741.7454366982
390574805.0107313991 956439.7309958924
375911390.0090128779 668696.0115849245
375572662.5395179391 659496.1895439904
382774208.7085742354 829658.4129309021
372361494.8456645012 505806.2578619365
382365590.8140116334 821544.5414251648
400624482.1752843261 1075641.1163918972
400812139.3355882168 1081925.5326516628
377810901.0719025731 724721.1052788366
399432992.0366211534 1051263.6039752960
401354166.9976807833 1087986.3305844069
400314616.3770173192 1067827.8335446119
397016313.2366140485 1023467.0714734942
377891067.6523078680 730528.1862402856
396111394.5292227268 1003859.3548345761
384098038.4688160419 860174.6269291898
378135869.4296007156 736559.8183846343
434353414.7927904725 1337323.5507202148
432263882.7602552772 1313257.2685546875
384218169.3222920299 860908.1991948148
379612335.3603171706 776657.1385196402
410682439.2282910347 1128154.9908145070
410593109.1269489527 1127374.1426699758
386308953.9526579380 900969.2533230688
384244402.8190156221 861394.1350440045
382532462.3527630568 828278.9008721821
382010176.9023549557 818690.8180975281
379958712.0202336907 784238.5793357454
377423159.5987714529 713689.6859939415
383135637.4976320267 838947.0302150955
405997457.9913532734 1114487.4359778124
406044977.0603975058 1120199.5901526171
397305101.4448481202 1026014.1158763726
376114946.4397194386 675832.8421513308
425904366.4433804750 1262187.1250004768
376108935.4236424565 675754.7877883036
431387634.1701180935 1300175.2653274536
376563463.2573168278 685971.5913631637
390695902.5796476007 962615.7638225313
385749934.8540124893 892485.1888277669
376277209.8810895085 679885.2975816596
382205901.9210183024 820586.8947576843
401095205.6679030061 1083022.3789708801
376293487.4880563617 680950.5354102012
376794907.4410117269 698046.6521541793
376780416.8783552647 697925.2902984787
375578673.5555949211 659574.2439070176
376016672.7265999317 671930.3512823936
436664536.9531583190 1361585.0762939453
376294180.8312328458 682820.9554235805
376570153.1182060838 688724.4362975229
386754634.9971484542 905980.3889171918
401348960.7907675505 1085098.4426306444
382393900.0307884812 826855.3428011797
382844762.4580401182 831462.6437123773
395552385.3375924230 1000155.6719424783
417362570.4814866781 1169212.1505940948
376343816.3217847943 683370.4033748824
418899305.4497317076 1188926.4202241320
395950197.5630787015 1002793.9213051904
419657421.8280760646 1189629.4192933738
419737580.6157108545 1191960.1619691551
385854466.3534361124 898967.0178834423
375282512.0121225715 648121.8961271327
391786238.6848680973 976474.3230581041
377885751.6658527851 728116.8003776390
397206078.0544589162 1025393.2921383936
399723120.1682087183 1061204.8035162645
396297655.7649514079 1010859.4986977685
381571515.6516095996 814561.2527098941
372591098.0658667088 521159.3509740476
401351709.3319819570 1087057.5177248674
397540852.9040917158 1026548.5714856941
398423640.7376799583 1048647.6020185309
398174831.8124446869 1043407.8056173880
437224376.7250958085 1364293.4892578125
393733461.2678953409 994460.9182686140
378301501.1764163971 740809.9163677647
389754389.4003990889 944965.8725054618
392558771.1290138960 993402.3903636690
392057058.2943749428 986143.8571605440
432379573.6557860374 1324989.7266235352
432612683.6937931776 1327741.7431030273
379508481.6682638526 769943.2600781276
421566942.9671508670 1217408.1807525754
421345090.0165332556 1217325.0800426602
423213139.5986865759 1236169.2503056526
376963154.8064734340 701767.8227274586
409399131.0027018189 1124629.5700196028
376198368.6798222065 676568.1686476786
420262003.1190413237 1193815.1965484619
419925474.4282029271 1192480.1170501709
424843826.6694715023 1239700.9856567383
431727947.2078005075 1301106.1253738403
389219740.8446209431 939205.5451718420
388716399.9827821851 935709.4803209890
381278882.0061852932 808355.1516992209
391740621.9073157907 976280.3144216295
381137486.4561316967 807887.1239548681
407945529.2333123684 1122672.6100271898
423059570.8047050834 1235468.1354769114
376006613.2299327850 669638.3051287401
390423114.0838233829 950270.0652205934
434063952.4296557903 1335572.4736328125
434160234.3539450169 1337269.8247070312
387949819.2125927210 923722.1913805594
416257236.2195613980 1165038.7791948318
382126812.6454508901 818947.7678748965
378265116.3969117403 737500.0794362231
396947052.5588280559 1018261.6412724216
394657490.1615881324 996315.1480813725
389967222.5703260303 946697.4720802754
389659128.6388801932 942807.2389363497
412916747.6062776446 1134986.1386540979
391843273.1556090117 980215.4566274732
381078608.0124348998 807812.3748898265
378121281.9124065042 733538.8426279017
378526154.1973769665 745385.0776311710
425040551.0874828696 1256670.4503178596
420964999.9646935463 1212095.1184022003
379844998.3583900332 782925.9858947359
380811263.4485709071 800223.5350604877
420690837.3162952065 1196324.2927446365
399601329.7265273333 1055189.7997780442
378284148.4864660501 737578.1337992504
404792536.1128622890 1101354.7711161333
380634256.8860375285 797539.7174135074
382987485.0389163494 835279.0001019945
379114042.7817875147 762043.0959464713
378091355.0094375610 733423.5810311028
380004955.3721367121 785099.7046697848
396990307.6204413772 1019738.5909992565
379583575.6832493544 776140.0402159058
379242102.8208010197 763620.8474466801
379162678.5377468467 762439.3278506100
391656795.8137462735 974798.4071226855
397654008.8200944662 1028752.6604408581
429885931.7478194833 1283688.0920982361
418803430.5499043465 1172117.8293256760
396141884.9882575274 1005072.3348116238
386632059.9012464881 905120.4631786336
385088457.8661536574 874034.6156604280
384678129.4494411349 872098.0972440948
384461235.4029628634 868154.5084074249
383419674.4185127020 847788.5207863261
403274419.9616510868 1092679.3736674685
378577277.9860936999 745505.5412902348
378679930.7136516571 750005.9124891274
386402661.7998502851 903064.3452272405
385364040.2764553428 881200.2177858342
385101219.6156059504 878818.1457698140
385453665.6780040860 882491.6566805978
386852228.5207469463 910976.5672805895
385018988.4326939583 873410.7066006323
387171309.0191017985 913768.4109976877
385660361.5334033966 889951.6381095041
387573548.7242479324 921133.4298575510
386790493.9257379770 910877.0323355783
387194256.4434910417 917178.7287185778
387460630.8180310726 920270.8241561353
386902319.3241532445 913284.6331084669
386142279.8248978257 899502.5658062914
386300370.4965085983 900395.4262929772
387087776.9763435721 913616.4340270460
385344781.4651796222 881198.2156718969
394721778.0017032623 997297.8480136148
396522306.0302842259 1014452.1264345548
396229455.6436937451 1008247.6939463615
395414949.7374242544 998307.7396868221
