21028010.5341185667 185723.9873046875
20486933.6364156827 148394.6704101562
21062454.9222511500 192419.0087890625
20416107.9590905607 136712.4345703125
20642647.1029155962 168678.4628906250
20611635.7268297821 160625.1118164062
20871808.4220893309 185280.1015625000
20485399.3117841408 147533.4956054688
20718035.4361262396 174459.0405273438
20590471.4530414343 160181.2260742188
20617473.9961651228 167320.1333007812
20496341.0348370746 150718.4946289062
20459206.3252521083 147036.3408203125
20393994.8905064091 133781.0666503906
20576366.5049755126 158264.7988281250
20504895.6827748269 157857.4018554688
20425515.3575119600 146175.1660156250
20756186.0695813037 178141.1943359375
