903138941.5484752655 249576.4833240658
904134391.7629607916 255907.0835282952
903918515.9264137745 253265.1713714749
903367690.2645640373 250165.4520325810
954370266.0322824717 327088.7465972900
928381547.2235814333 307834.1670997441
915669057.0630459785 287429.7898378493
903326055.4223003387 250138.1454858929
914266927.2222552299 284379.8292827727
906923966.3843698502 266527.6715081797
908595083.7992913723 271910.2349428700
911998622.9721871614 279524.4896170115
913871008.5682983398 283586.1502013924
913809698.7377114296 283513.3042007210
913662011.1868813038 283196.4381347420
913662011.1868813038 283203.6925216438
912204555.0771145821 279629.2500314331
912786196.1749465466 281835.9664487960
909384463.7865260839 273353.4478115605
923067658.8091408014 300010.2483318150
904446916.9496397972 256422.9522863179
904644332.1509009600 257827.0605903219
913662011.1868813038 283225.1690002205
903620528.2407388687 252039.1350174099
914391067.9376128912 284633.3200050117
922642491.9761892557 298676.7251832783
919629485.6613670588 294019.4279386541
913495123.0949952602 282984.3097486617
948947366.9213260412 325052.5851306915
922653454.4334665537 298804.5088292640
927809100.6960599422 307139.9124076664
925575455.0341384411 303527.9460285008
916510638.6121628284 289030.3199706795
904178669.4186234474 256344.0027471334
904644332.1509009600 257829.1273006152
911660613.7577297688 279008.0266521191
910532940.3248255253 276288.2999656023
913942830.7605571747 283957.6707092049
912590966.8645991087 280959.4316320037
909991834.3918884993 274783.1431943355
904033317.1657655239 254730.7631078511
904136436.2257405519 256133.2847944051
930564257.3414417505 310029.9968459904
910217474.4239518642 275002.2027171978
904033317.1657652855 254727.5711217672
906115718.5156124830 264202.1867721145
908005217.4166694880 269761.4896356629
909646932.6665205956 274142.8952560404
904508647.9715801477 257378.5454118997
929369209.7218356133 308686.9434094429
917765871.2853806019 290683.0753233647
903713060.4649658203 252628.1064300686
907822789.9456013441 269555.9780791381
909229893.4290665388 273048.0531743048
912204555.0771148205 279653.4145822143
907761551.5312649012 269121.4641080664
913205133.6264666319 282229.5357861137
903492446.6020972729 251483.2210893780
911196418.0167560577 277910.0282637728
946606061.2115739584 323866.8472595215
926030512.0501070023 304078.0206360817
907022114.9305357933 267535.5623547116
904055269.3562161922 255138.9721246511
902807589.6289082766 245371.1371130571
907138657.9963439703 268675.9916668700
907284641.4832748175 269077.3853435682
916782599.9376938343 289102.5638595344
915345323.5823299885 286187.8274476649
914869008.6059713364 285138.3217833163
912337299.4342330694 280617.4548406219
906911536.2867367268 266513.6635163890
909187067.0254136324 272979.3808696845
906281231.9944179058 265295.2909952269
915535395.2101571560 287111.5552687766
906260220.8901882172 264879.9592310057
905645176.4009624720 263294.6919760596
917049704.1322630644 289994.3328147652
916278232.0858997107 288202.4742522957
941602452.1545625925 321061.7975120544
915916066.7045159340 287479.8864390375
941084949.2844765186 320819.7885341644
906613220.2053177357 266399.9812494384
908822175.8760986328 272495.6470636083
906219601.6148498058 264608.4711772965
912369181.5418215990 280843.3219976043
906219601.6148498058 264573.4521953629
916076876.7057142258 288157.3893218758
903432369.5953376293 250952.8594675213
924926695.4672251940 302717.8887927830
946606061.2115737200 323845.8830566406
906383470.7108700275 265625.0744501220
924230637.6952048540 301545.3354785740
903573037.8708534241 251548.0413742214
931316177.9974828959 310575.9028327763
907784586.8365340233 269339.7150821527
906902286.7821943760 266424.1042172590
911007146.8856377602 277744.4810073031
910511544.8404858112 276180.0856287023
910016725.4816863537 274904.4056465493
919266173.6939816475 293333.6771267932
903881359.2141385078 252922.5307083279
960179958.0415369272 329167.5319671631
927392658.8110369444 306078.7717824280
936567797.4213719368 317378.2239782810
910402641.4184936285 275467.3307559357
944269726.1737192869 322598.1883354187
920631348.5703938007 296231.2935596984
957855252.6337670088 328279.9602050781
905912522.1992269754 263732.5619571374
933572440.3889513016 314298.7377400398
906219601.6148498058 264573.8107769059
930621083.9445434809 310042.5515296757
930457227.5075017214 309875.3043220341
910702786.4464530945 276455.8061029455
927439460.0356769562 306106.2812123597
929952647.4578003883 309345.7209060490
918732403.5264079571 292123.3631708901
913324007.5244977474 282629.5927435890
920630042.2274069786 295907.8297645133
905345928.1032102108 259456.3360643636
926176025.3264958858 304173.9913089573
927796295.4197803736 306746.6651275456
921298601.7916669846 296848.8762890380
921307566.7739894390 296881.8399654906
933572440.3889513016 314301.4187703133
937853529.6165535450 318132.2863619328
904668254.9631305933 257996.1711559843
911235191.3456820250 278054.1212645475
911914065.7413576841 279512.7509585324
925145825.3024450541 303177.2174899876
935881190.1554927826 316922.0773017406
908398584.0815981627 270127.0619023906
914206937.6010292768 284055.0986612560
933799493.3514854908 314691.0683903694
946286192.5740892887 323844.3551292419
909654134.5845143795 274143.1026952134
923178039.9179906845 300141.8456065953
934264697.8688733578 315054.0567064285
914960156.2367565632 285152.8963983776
929880320.6583693027 309304.9989822209
933799493.3514854908 314690.4586491585
929714970.8925329447 309013.5037505925
919850852.8753955364 294559.2349413913
924665716.8622379303 302524.1394806653
924605844.9213743210 302421.9061342031
905347232.5375161171 261510.8977988540
915174387.9338884354 285734.7254364612
925391494.6025315523 303445.6635120213
924366101.5760540962 302001.1688068211
930871874.9687755108 310374.3297485411
927627432.1006898880 306572.6582305729
937528110.5738332272 317877.4875395298
923849856.4722241163 301228.5396144688
929541099.6565576792 308873.0481193364
924025804.7908504009 301374.3334338963
914661135.6638673544 285000.9240464689
915319436.8617637157 286186.2660873653
925779642.8476661444 304055.5401904881
919435719.1430840492 293677.2849115413
957637529.0728865862 328242.0525970459
957375864.8818758726 328074.8883514404
904927295.5110409260 258471.7055566858
928222719.4825242758 307370.9719817936
925210023.4616774321 303205.6758106053
923910016.0665395260 301365.2398402989
956748397.6888939142 328014.8219146729
926353913.7245379686 304273.5537803471
905007237.5159155130 258780.6660135339
937823631.7551666498 317994.8549997807
937608328.3029445410 317971.2231028080
925066121.2237157822 302820.0779860318
923022882.1067498922 299500.1275467277
928766800.5422941446 307955.0283668339
905134507.6359399557 259183.7638605188
922997001.5501825809 299477.5910324454
918972215.0411236286 292711.6920600515
923491494.9617415667 300429.3362911046
915315431.3610095978 285886.4212099435
918191386.5915613174 291787.4605279546
945576713.6816515923 323558.6360778809
922715330.1269156933 299167.3291726410
934196477.8665341139 314783.8813260794
923677399.5452766418 300770.5990051627
922781793.1542232037 299184.0882629752
923736669.6017452478 300875.5266785026
941370614.4341731071 320893.8499660492
918069179.6305992603 291168.1524124723
942908641.8560320139 321796.0863742828
946714902.7195746899 324137.9327545166
947288463.9697905779 324396.1642150879
947311596.7891126871 324510.1640625000
943355463.2521959543 322022.2879428864
942029353.9358950853 321390.8508358002
948708564.0669146776 324870.7396526337
946035999.6884135008 323706.6280517578
926538351.9135613441 304729.7835865319
932598989.3816717863 312604.7254241705
940648910.8880774975 320365.1737537384
960739825.6347800493 329512.4962005615
938600887.9552358389 318704.7865848541
960655658.8455039263 329510.2916412354
955009278.6897870302 327301.9667663574
954828972.9675321579 327216.9206085205
940509085.9305359125 320309.4972095490
939634233.7436647415 320043.7113590240
926700491.8420894146 304927.6582007706
939292300.1849423647 319224.1364841461
918752677.7897000313 292384.2895689588
958725801.1508631706 328715.9765930176
958473652.4398522377 328491.6614685059
940648910.8880777359 320470.7828235626
944552736.8275750875 322961.1690769196
905625508.6736150980 261626.7855554535
926193013.0031135082 304272.7646655142
944393471.2034724951 322916.6141757965
942303445.0471353531 321434.8717441559
949720321.5152020454 325076.0214061737
944894650.3427010775 323018.1774997711
927216568.0765316486 305887.7931155264
921078428.2313120365 296239.4997250438
938308490.0223331451 318393.8469115496
945033376.8890376091 323361.0600833893
960424742.4663562775 329227.8938751221
958584300.4430392981 328545.0997924805
910268361.5663156509 275017.9700275341
935384765.1288883686 316310.5485081673
939507856.0823785067 319456.5229225159
926828419.8313968182 305363.1016215384
918628826.8656401634 291910.0207003951
934945442.0488976240 315734.1347546577
943725075.1372615099 322410.5690536499
953596790.6302678585 326848.8507022858
953265012.9898869991 326485.8765335083
935153500.0812705755 316098.2131047249
954608305.2886232138 327131.3588352203
926828419.8313971758 305367.7097758353
943029926.9208658934 321808.8695774078
936151971.1049643755 317185.3221713305
940658799.1334375143 320740.7179775238
939007061.5420299768 319074.7948474884
944552736.8275750875 322966.5548496246
941848282.4099458456 321109.7565059662
936107922.7648626566 316980.4577151537
936749099.9221260548 317504.6602717638
936354262.3922472000 317279.3173533678
954150451.4174776077 326991.2651615143
949732738.9222887754 325149.7140789032
936313875.1439743042 317266.8730250597
948584068.9623093605 324524.2066707611
943844102.0556505919 322469.7080478668
933378386.1224427223 313993.7167836428
958267151.2845805883 328385.5990600586
918671931.6861792803 292108.7837730031
905045865.0142377615 258924.2949477278
932962705.1068382263 312984.8095846176
929248522.8751906157 308324.5816177428
960279835.6145803928 329213.1477661133
960067945.0610909462 329125.5469207764
951123966.6789859533 325782.1486625671
929699565.7497400045 308962.5180744231
949893495.9924777746 325694.0091996193
930016301.4595844746 309453.1715625823
960469347.7224681377 329447.9876556396
920051532.7641853094 294713.5091688037
920092842.4862476587 295129.8715173602
926985821.9745950699 305526.0352057517
928961454.5757797956 308138.8838676512
920451597.2571228743 295773.5193921924
920267146.2057425976 295341.2315542102
931541048.5739827156 311113.0243660212
922174408.7553348541 298314.1825817227
921588739.3470594883 297517.9575669169
932033294.8233478069 311694.5338188410
932934111.0310634375 312821.7873245478
921419285.6838326454 297166.6668422818
922108832.9395025969 298198.4639537930
922250750.9727865458 298638.3134410977
931948737.2338095903 311491.2266441584
931948737.2338093519 311461.5639091730
926611797.2289263010 304879.4616914093
931948737.2338093519 311430.0272270441
955526978.0934581757 327595.9515457153
955309874.9971439838 327499.8400955200
921734228.3625160456 297770.3879116178
919364322.2925387621 293432.7076061647
955122700.1700035334 327447.5710525513
941477715.2685748339 320972.0652370453
955979394.7976752520 327718.0280609131
955526978.0934581757 327630.7002639771
949752881.6704047918 325585.9429168701
951363872.5840965509 326242.6024608612
951944980.9931670427 326394.6604633331
921682728.1690622568 297530.8185960650
952763291.4257030487 326484.0055637360
953412717.3126469851 326748.8299007416
953412717.3126469851 326751.4105892181
953412717.3126472235 326771.0390377045
952711448.8219454288 326405.9531192780
