149938006.6408864558 711921.5883789062
150534011.2108496726 776001.0689697266
151523050.1372947991 865226.1333007812
152383118.9434476495 912551.9333496094
153870600.9975887835 979252.8520507812
149806102.5959507525 677013.4104003906
149976429.3850924969 719058.4018554688
150553589.1263021529 782337.0046386719
151284265.2536134422 849658.7287597656
152586909.1351893544 923665.0942382812
151724182.0988470912 877364.2066650391
155294780.1729851961 1019897.0544433594
150091869.1881147027 740150.0261230469
150119897.9887180626 743938.2098388672
150456176.4500831664 772367.6356201172
151191997.9615024328 834090.0648193359
150901371.0073551834 816060.9588623047
151055672.8865437508 828254.7249755859
153476085.3780546188 961976.2270507812
152938580.4335312545 938336.6967773438
149762864.2231854796 672461.3646240234
149886610.8612834215 690686.7885742188
150312967.1744289994 761942.3980712891
150784873.9002450407 804680.7600097656
150805509.6717597246 805081.7496337891
151125019.7169352174 829681.0270996094
151441812.7236040533 860635.3796386719
152209094.4705908895 905240.1374511719
156292891.1437642574 1048335.4907226562
155900931.5667843819 1037530.7314453125
149971727.1630535126 718105.9477539062
150680596.5364418328 798658.2768554688
152191687.5329841077 901112.5251464844
149918746.0256327093 707683.4699707031
150010510.7849951088 725594.9665527344
150334415.6080973148 762362.1846923828
151626270.3449597061 873953.8994140625
152065501.0349053741 898375.8913574219
154678854.8048062325 1006835.5285644531
161469538.3893509209 1112316.4736328125
150245513.2281471193 756844.2182617188
150618440.3344525099 790038.6665039062
183760036.3146635294 1205693.6152343750
153055011.8677729666 945804.7634277344
149933304.4188474119 710969.1342773438
151172261.7021691203 833147.0270996094
153316875.2170065641 954050.0998535156
151871291.4240606427 888214.0207519531
149796327.3498621881 672749.9597167969
150934125.7742651701 816664.6912841797
150005808.5629560649 724642.5124511719
150220869.8755719662 751001.6434326172
150889212.3530853689 810094.1951904297
151483779.7236344218 860752.9614257812
155676237.5173631907 1030534.2163085938
153552983.0890465379 965076.8100585938
149970595.2933529615 712177.1459960938
150167474.8802513480 747812.8566894531
151812106.7852877378 881111.8952636719
153343436.4382732809 959986.9255371094
152605727.4734058678 924298.1406250000
149814966.0513049662 684391.8381347656
152137347.1039401889 900430.5734863281
152462021.0455898643 919333.7963867188
152526819.1521371901 923626.0380859375
151275481.9098339975 841874.7932128906
151571450.5849155784 868352.8540039062
151988603.3239135146 895275.3083496094
151004591.2150201201 824788.7249755859
181633229.6154715717 1189867.9550781250
181775330.6024023294 1197688.0488281250
150886611.1914359927 808888.6562500000
150940285.0578801632 816759.6240234375
151817701.7554232776 885393.3076171875
151400549.0164252818 858470.8532714844
151307029.3598491549 850441.7523193359
152929075.5176788270 936735.5019531250
157618069.7298849821 1069908.0273437500
149905068.8047757447 698065.2163085938
150071363.4484490156 730264.8316650391
150737181.0742994547 802607.7265625000
151205383.6600656509 837771.3087158203
159762042.0760250688 1090374.5971679688
150311305.1012173295 757897.9331054688
152856536.6651239991 936610.4213867188
183464063.4596866965 1201485.5908203125
152291119.4770996273 909451.7956542969
151858965.4626020193 887557.8339843750
150823369.2525582016 806517.3538818359
152810528.8582654893 931982.3457031250
151049694.6084885597 826953.2513427734
152332383.1842783689 911616.3220214844
153317265.7776209116 956757.3142089844
154277430.8658302426 994175.2519531250
149724068.4925576746 657946.1234130859
150069600.7381944358 727576.1462402344
152374350.1843087077 911733.9038085938
152825774.0577145815 935480.3911132812
160726121.2369761467 1111763.1318359375
152124341.3011595905 899055.2648925781
151821388.5865656734 885799.1020507812
151862652.2937443852 887963.6284179688
154546867.9629002512 1003313.0334472656
160482170.6012355685 1106107.1982421875
154114160.2645488977 986695.1359863281
155224106.6411020756 1015440.1501464844
149895980.0300359428 694392.3923339844
150600689.2057884336 784071.9028320312
152999647.8690786362 942581.2722167969
153892509.9701850712 981721.5073242188
152088966.5849542022 898901.3544921875
154213133.7254069746 990783.5937500000
154508450.7630896270 1002853.8181152344
149738702.6292162240 665082.9368896484
150992432.5607502460 818821.9613037109
183996993.3796157241 1207586.8974609375
152069187.8660477996 898781.6857910156
170471150.5768846571 1126820.6250000000
154051647.7067337334 985353.3566894531
150959048.4704876840 817146.6502685547
154449637.3432384729 995999.0603027344
151915835.7805724740 891228.0588378906
163231670.9656607807 1123249.6572265625
176024738.4981318414 1180503.3339843750
162777907.6487654150 1122513.9199218750
183512972.2950277627 1202806.1572265625
150431860.6071380079 764937.1865234375
150637480.0524142385 791628.5173339844
154948099.8155871630 1014038.1567382812
153607439.0652491450 970685.6606445312
157479958.9229229391 1058926.6240234375
151004232.0828236639 819693.7947998047
153109465.5349797010 947757.6428222656
153992359.9608942568 983139.4052734375
183044592.6460943222 1199265.6928710938
149848454.8252114058 686423.3378906250
155626668.3681672513 1028452.8945312500
151219036.3972299993 839576.5269775391
152728966.2823423147 930794.2138671875
173040007.4596887827 1140852.9067382812
151841167.3054721355 885918.7707519531
153078702.9275702238 946627.6125488281
154225810.1517522037 992648.7644042969
154123529.8674444854 990400.0734863281
153211760.7821221650 952119.3234863281
154043385.3321204782 983144.4580078125
152244056.3613187671 905538.6120605469
151784859.6495059729 878236.6765136719
153763192.0423318148 972725.0073242188
153223406.1138404608 952899.7932128906
152282970.4118437469 907228.8745117188
156119085.9727503657 1037628.8193359375
152406584.4934965372 913077.3964843750
157320532.4999466240 1058447.8603515625
151913193.6200603545 889213.3273925781
152713668.0757116973 924348.1586914062
155267959.3278080523 1017811.0021972656
153048880.6588766575 945019.3776855469
159592372.4923695326 1086494.0717773438
175675405.6177521944 1166000.7607421875
160083035.9515534937 1095629.9331054688
153853123.3300569952 977296.2221679688
159402092.9924936593 1081736.4482421875
152263835.0802252293 905658.2807617188
183931166.0790301263 1206047.9482421875
153727851.5843175352 971833.7363281250
151269503.6317788363 840573.3195800781
153174516.3643496335 949338.1984863281
153619084.3969674110 971466.1303710938
154475948.6418867707 997031.6843261719
152957113.7864446640 940430.7297363281
153570194.6474766135 967904.5356445312
174337117.9640820026 1143447.1215820312
153321931.6119730175 959421.7998046875
152793112.2967752516 931763.2148437500
157205509.9364110529 1055153.2734375000
155897853.5855035484 1032989.7597656250
159944212.4017345607 1093244.2656250000
155376427.0211823583 1026298.1013183594
179001285.1127837300 1181555.5966796875
154355507.3884674311 995552.4577636719
153802152.8871894479 975030.2094726562
171833905.2276087999 1132098.3652343750
