817745040.5676409006 121215.5009445198
817902975.8882329464 122067.2192024238
817902975.8882329464 122072.4135763622
818349446.2445431948 125460.3753835537
819036925.2428939342 132294.1088881271
820710952.4186065197 139910.1822337919
820191740.8526531458 137277.0034521041
819379888.8361992836 133803.4826211411
822196279.4214061499 148202.4068184710
817284256.9379141331 120019.6943527058
817406612.8448144197 120818.0256099001
817783726.6455234289 121714.8365738020
818258640.9769827127 124266.1449649616
819511627.5353362560 134714.8567850072
818349446.2445427179 125453.4559667706
819502407.2934312820 134043.2050037367
823584423.0884162188 148869.4429140950
821262102.9945542812 141231.9536359037
817457467.2569967508 121006.6709433756
817902975.8882325888 122067.1361793525
817956427.1218497753 122956.6360235586
817956427.1218504906 122963.1137421249
818349446.2445431948 125460.0434706121
818424955.3697322607 125780.9702766103
819281559.3504701853 133514.5027115439
818627774.3275040388 127722.1459187462
819388352.5521360636 133915.9857408780
818829710.3678717613 128402.1897159021
820196294.6853663921 138027.6782549882
817258141.1693872213 119849.4543692832
817258141.1693868637 119847.8433324264
817258141.1693866253 119845.2562074856
817258141.1693872213 119851.6106077627
817939198.6880471706 122080.0351709122
818308921.5371497869 124873.0878910040
818433659.5015513897 126501.1489182924
818433659.5015517473 126501.1490336349
820350059.9008477926 139113.7873130628
820288882.7884305716 138166.5435186216
819357262.7882591486 133724.1471459348
818715547.3188754320 127776.5384210194
953635504.6628962755 301226.3960876465
817823607.7115156651 121747.8667014322
817951646.9888050556 122862.4772371591
818107850.8770782948 124066.7038746154
818735481.6919610500 128332.3588654606
818466013.8317086697 127551.7962252836
818320998.5062379837 124876.1014766427
818107850.8770782948 124062.1801546546
818264231.1890536547 124397.4130634835
818875500.2652807236 129522.2296868059
820179273.3519929647 137180.3668506859
821015199.3103325367 139942.4320101670
820340822.7964060307 138278.1575734844
820179273.3519930840 137183.5752923010
820004479.0929708481 136401.4328057287
823676635.6164926291 149427.4103819776
817898195.7551875114 121975.8557532244
817898195.7551877499 121975.8632882052
817881388.9081215858 121781.7341036364
818027437.0878363848 123500.4442202263
817898195.7551877499 121975.8557607783
821548920.8510712385 144840.7016415113
821488601.4415766001 144719.1903652662
823795992.8001843691 149463.5516726944
819893921.3860533237 135995.5809035531
823404591.8358179331 148850.1233344834
953546131.7064391375 301226.0016174316
823075478.2752808332 148553.6836524765
822122777.1736376286 146629.0648987009
819819782.6044895649 135363.3879440284
819000400.5128400326 130082.6396601485
821284377.3973411322 141238.7170211612
819819782.6044893265 135352.9070964089
940556120.7687003613 286896.2148909867
940605868.9069905281 287419.6021908075
821834975.0421059132 145731.9298850489
822122777.1736376286 146632.0744516565
821214260.5585689545 140101.9137488359
821418330.7358298302 141316.1662844970
824981927.3881629705 151403.2378733484
824519688.4578200579 150560.6974680750
826499787.0861569643 152671.0982317753
821165919.1980307102 140075.4817346453
953271318.3867317438 301085.3821716309
939912952.0319914818 285693.3120720685
838974699.2320803404 175681.9453641487
948196999.5264412165 295620.0371551514
953231363.4401580095 300961.6212005615
826165372.9625376463 152489.6349677110
952251569.2922879457 300167.4392700195
951956054.2907711267 300125.1148681641
826612894.3613609076 154848.1565015571
825759192.9623074532 152393.5897981647
951811177.3413580656 299993.6381225586
825551491.1203378439 151512.5529525856
825551491.1203382015 151523.4980486016
951738014.6600040197 299970.5111923218
828658177.5971962214 157555.7070796044
828048670.7344998121 156617.7941114457
829609871.9966065884 157618.6924714274
832115797.2153843641 164358.1554979793
833397062.7329297066 165036.0943452284
833893114.3112837076 168343.5517802240
830111877.5957753658 161722.4111305142
951631847.8183647394 298575.3450546265
834380071.8542190790 168838.0866179467
951600046.4354535341 298476.2299270630
833822286.3134748936 167899.9781317712
828382894.1139011383 156793.7743098354
951232654.3942948580 296926.1825408936
951091324.2110773325 296874.9830169678
950856732.7235540152 296679.8563537598
850468319.4175308943 192443.1694776602
838194570.8686186075 169378.3922028122
838018032.0758352280 168903.9520630417
838871040.9329991341 169562.8608039813
849715737.2607476711 186454.9197940230
844168870.1932610273 178049.3854562342
845040575.2051076889 179870.1510128379
843144747.1407208443 175895.5727129407
848208465.9818977118 185390.9521796703
846460915.4963985682 179895.4384205341
848143504.5848801136 184554.7767035961
843575077.0320396423 176341.7371274978
847628274.6067658663 182700.9283297062
846882413.1748110056 181787.1192648411
844872019.0149611235 179260.9609216005
849606219.6655638218 185984.9308413863
846473488.3432327509 180372.4622770995
849699780.0065737963 186404.2084198147
853613818.6348379850 194257.2203998566
854190003.0589785576 195725.1281225681
855137384.9588558674 198001.8809740543
855083044.1095228195 197372.9098134041
855663871.8864006996 198566.9744453430
854939567.3513370752 197030.3661954403
856129701.3106777668 198941.5555860996
856129701.3106778860 198945.9637711048
856129701.3106777668 198936.8123123646
856500831.0643540621 199235.3688623905
857445165.3785940409 201280.9921762943
857506928.6360347271 201842.8595411777
858692115.6959233284 203947.1162743568
858843634.8648387194 204771.7193844318
859013340.6423267126 204842.6318128109
861174888.2267702818 206672.8536617756
862006425.6590077877 209110.8820652962
860169690.1594934464 206547.5031747818
861286332.9145203829 207310.9165046215
861385774.5121130943 207885.4980366230
861882184.6090292931 208638.5576403141
861496330.8912196159 207979.7352278233
861662221.7371411324 208479.8409140110
863925265.6526604891 212263.0750963688
863687885.7200814486 211853.9874761105
864055416.0931549072 212834.0983545780
864190548.6689324379 214272.0993504524
864167216.9954266548 213206.1232304573
864550662.2408355474 216014.8144469261
865886340.9281592369 218044.5706110001
865837998.7331680059 218009.8076088428
865805899.0725392103 217740.3407945633
866131471.4072550535 219092.4342966080
866453534.7674777508 220335.1433572769
866038023.3083654642 218876.7635202408
866038023.3083654642 218876.3867921829
868365130.8899251223 220781.5551602840
868332926.6759114265 220715.5637662411
872347713.8544528484 223451.3653876781
871281688.7099034786 222898.2978396416
871594823.6148025990 223432.0273833275
873782841.1167068481 226320.5202569962
875230084.4968612194 231102.2627453804
873955724.7710565329 227325.5085058212
873811863.0697983503 226346.4999742508
873562293.3602688313 226255.1937532425
873536620.7397623062 226239.5229692459
873882349.9798812866 226704.3851239681
875843101.4731004238 232007.7701842785
874010752.9548200369 228818.9050290585
874436893.3017398119 229889.8169400692
875420157.0194956064 231870.4749038219
876110684.5572013855 233071.0396978855
876303222.5023696423 233279.4476110935
875871023.4736094475 232369.4440085888
877441717.9678562880 233344.3010227680
878061020.8707814217 234168.0502438545
879280362.0262273550 236264.9843087196
879280362.0262274742 236267.3887429237
879850905.4560608864 237481.0615649223
880174841.3234789371 237861.7065997124
880175523.8630826473 237890.3835368156
880409094.2757854462 239359.5460538864
880965380.6635597944 240860.7295150757
880593968.0191793442 240406.2794723511
880593968.0191793442 240425.1313781738
880593968.0191793442 240449.2464447021
884216633.4965658188 241590.9551582336
886294291.5801430941 243098.3192138672
886471183.1219450235 243704.5509872437
886490144.0124816895 243795.4960250854
887716648.4591242075 246646.9426231384
887716648.4591240883 246622.4277267456
887840237.9064720869 247563.1497230530
888672668.6312501431 248203.6956720352
889066571.2393656969 248620.6099863052
888425341.2725195885 247697.8366785049
885005603.2323310375 242121.7049551010
884887774.3616067171 241591.7766180038
889027023.8407374620 248615.9923295975
890051974.8899286985 249755.6394414902
889738058.5854394436 248930.0380449295
894923970.4199272394 255821.0737113953
894923970.4199274778 255826.6896781921
895235168.6667155027 255921.2400016785
892809927.0579950809 250813.2706804276
893572517.0281296968 251717.8688564301
893196220.3466596603 250831.2495136261
893943187.9388042688 252734.3100681305
893212664.0978165865 251581.9397468567
894075689.0438610315 252849.5264797211
894437819.6436111927 252926.0412597656
894689410.7693790197 253670.0372657776
894511758.6576542854 252958.9444541931
897625453.4044774771 257752.6646156311
899531185.4934185743 259049.0442886353
898954865.7127690315 258854.2068252563
897904994.8808515072 258470.0611763000
898157998.7947235107 258581.1633739471
898560600.1110424995 258840.1474514008
899864530.2376168966 259236.2351169586
898274937.1626998186 258761.6761951447
896505938.1823519468 256190.3785095215
899020520.5908366442 259036.4010086060
902979167.3133406639 260418.8033852577
903326185.0994564295 260616.9816346169
904029519.0930798054 260723.1843743324
905925402.2639129162 261520.7052083015
904165053.3403770924 261021.1859154701
904480516.2749655247 261179.3664422035
905302818.7444024086 261187.0712208748
907634115.1908942461 263796.3835792542
907842722.2298898697 264482.3990592957
907719767.6086902618 263915.2675743103
908647604.1366332769 266012.0559005737
910106767.9190732241 267491.0620193481
910398545.7541865110 269197.9373397827
910310488.2551184893 268093.7829360962
910310488.2551184893 268093.7510852814
910310488.2551184893 268092.0540542603
910585068.5007028580 269221.3180541992
906503719.9518878460 261776.5932374001
908568280.0029516220 264629.4537887573
910998599.6610170603 269855.6218948364
912221503.0942534208 271248.3834571838
907562459.8336529732 262833.0730996132
911120861.5191172361 270155.2560729980
911595413.1556299925 270555.6903228760
914006211.7262072563 271776.7828412056
915662235.0461863279 273454.2706761360
915614217.1968220472 273146.1579823494
915118011.9687131643 272608.1654095650
915269525.6081032753 272931.9228672981
916766703.3247665167 273520.0642628670
917633686.9106166363 273655.4441227913
917777933.3587629795 275026.0918469429
917652396.8668431044 274645.7970089912
917633777.4474370480 274176.0561108589
922150081.3789232969 276074.1371841431
922458682.1172515154 276441.6607589722
921601911.6173130274 275164.4244976044
923865797.4803315401 277433.0029888153
923506971.0060147047 277194.4677715302
923506971.0060144663 277162.0377788544
924401401.4648853540 277955.4903011322
924525112.4923194647 278150.4939956665
925756275.1390209198 278215.6306838989
924263614.8527933359 277890.8385372162
925816905.0052405596 279498.3792953491
925809452.8326342106 279004.9576492310
928733925.4695317745 279866.7663173676
930765408.8939356804 281430.4174556732
929614348.0042135715 280236.0613880157
930683920.8506796360 281378.8227748871
931039837.3653950691 281447.7722988129
929793234.8883860111 280743.3092823029
932989697.3263571262 282139.7571105957
933445317.4774699211 282229.9339828491
933445317.4774699211 282231.3126449585
933445317.4774699211 282233.2690658569
934248439.6654857397 282774.1608352661
934326340.6029784679 282803.9968643188
935082734.3177381754 283684.6909809113
937367850.9574127197 285218.1069660187
936745246.8498470783 284873.9744968414
936745246.8498470783 284864.8536777496
936966700.9574615955 284973.5598697662
937438399.5468434095 285401.5444507599
936966700.9574617147 285010.6424808502
