219054022.6396168172 849754.9407420973
219116169.3517544866 861191.8851838252
219116965.3101006150 865960.9906844150
219277723.8853455186 910177.7560893893
220316704.8313273787 993466.6308548450
230639467.1940603256 1273775.4310302734
218930648.7990120351 830768.1677013258
219001823.4826287031 846624.6968052387
218986200.2781929672 841049.0303013325
219647882.3038679957 934662.3569712043
219915209.3173357844 967684.5761893190
219976466.9889280200 974676.4053519167
220354487.8977327347 995300.0033524036
218973259.8489049375 834294.1293911934
218965806.5118391216 832137.3095669746
218902130.4766342640 829677.2649204731
219030341.8050063550 847715.5995860915
219087790.4271147549 860493.3524004440
219108941.2951488495 860770.4475020419
219275109.8517648876 884035.7227400790
219173440.4577915370 870542.7288741122
219677246.2092657685 937740.8629154563
219789325.6279641390 955505.9689133562
220116016.5675293803 983836.1443901658
230794361.7065696120 1282617.2537841797
227606358.0002937317 1232595.7336225510
226458371.9571889043 1218647.1761379242
219136711.4135820866 866822.1467207919
219194116.5755372047 870605.2320498074
219207671.8576120436 875932.2133503999
219502528.1729475260 919573.3401493430
219866030.8119787872 961214.6559241213
220161016.3552529812 984915.1959183216
220146814.7009879947 984283.2609673142
218894677.1395685375 827507.7649204731
219067825.8338316083 857093.2752147536
219053278.5826750100 849092.6418003689
219462038.0286914408 914939.6282216609
219668736.9177255630 937144.0760673881
219771017.8824056983 952077.8810190558
221533879.2724646926 1073540.1842430830
221034730.8765861690 1035749.9178450108
225186912.1791152060 1197547.3086938858
218978746.9411272407 838879.5303013325
218922674.5165259540 830479.0817073584
219169400.1368578076 868883.7578047763
220007265.1223867536 975123.5219290651
220532549.7914701104 1008541.4452707767
249496783.3699126542 1389021.9936523438
227071754.4801917672 1229470.3847455978
231053118.2355278432 1288623.9156494141
222442417.5908913314 1120396.6539696455
219238892.0278485417 878822.6199873935
219591897.9826101363 933621.6040415168
222391577.0180520713 1119862.1022118330
225879088.6500848234 1208676.1646471024
219073626.4836617112 859029.9027327548
219208163.1701449156 878233.4015659939
219658290.0293790996 936374.0948490500
220191814.4887115657 985387.6357376575
219202162.9836391211 875102.0378340732
219877266.4255242348 966868.7757132448
220631750.3548738360 1016377.9347727299
220291015.0521153510 993225.1984817982
219859768.7258149683 959098.5132849611
221874984.6835191250 1098238.9945386052
219811729.1417442560 955800.9489310182
220268769.6061457992 987094.3689835072
219908064.5589828789 967315.8922903932
231008314.9561226964 1283199.2760009766
219824096.3051051497 957353.4885383047
220216386.5506218076 985579.3832962513
220485601.3419101238 1003724.0720053911
220532417.1548161209 1005866.1860544682
220724900.2536105216 1020201.9276316166
221561853.4806973040 1081164.5840233564
230306314.9453197420 1265608.6855468750
220259750.4931116998 987080.0165665150
220570243.2396757603 1008875.2436115742
220409425.7822212577 1000919.9385941029
221882193.4448237717 1100594.1383980513
222476883.4896417558 1121465.5450514555
227039316.2487954497 1223306.3845014572
219764538.5724976361 951163.0837815203
219760111.0600776672 946644.8686042227
220278438.4586631358 990079.3202469349
222083003.0694909096 1109384.4008492231
221891429.2372512221 1100722.4538277388
219748526.4276224375 945099.2796149648
219776123.2049529254 952708.6727707781
222039142.2537743449 1107168.4218453169
249145527.8979971707 1387888.8522949219
219722504.8254935443 945063.7531769670
221596489.0302260816 1085441.8928612471
221023287.4897263050 1034783.6758406162
219259568.1455941498 878885.1231630887
220929432.5199050903 1032040.5679914951
224409168.3077402711 1187364.7134790421
219550274.9003014863 921016.2097311462
220456440.4590616822 1003220.1616861820
220829928.0261228979 1027896.2777397633
220743955.5828701556 1020246.2705376148
223311174.3378161788 1142901.2677977085
220927157.3960988224 1030679.7956984043
221413132.8322944343 1066001.7382032871
222922687.8410807252 1131218.4368437529
221540597.7075079381 1073815.6320309639
223619658.6883317828 1162967.1778345108
222356677.6251740456 1117929.6437691450
221960420.5967084467 1105843.1339501143
230773441.9308324456 1281086.1707763672
230402853.5702050328 1270030.5144042969
225449835.7475336194 1201605.0469751358
222711199.0636459589 1125523.2833327055
221199398.1790331900 1047247.3388502598
220927157.3960988224 1030686.8035109043
221219733.0236551762 1048481.8331739902
222326862.4206008017 1114676.4255363941
223811232.5205714405 1171629.1248559952
221348153.0026772916 1060105.2638380527
221475485.5821259618 1069898.8529493809
221043093.1412434280 1037850.7709333897
224650278.5452006161 1192553.9138574600
221761008.5519820750 1095604.4852684736
230278173.6135612726 1260438.3706054688
220881360.9089964628 1030447.6651594639
220524979.0942791402 1004843.0930826664
221422368.6247218847 1066042.3841993809
221410637.9897258878 1064917.9872267246
222537998.3279736042 1121982.0164335966
223060551.8175580502 1134480.7031004429
221768846.7644687593 1097181.1869286299
227270411.5775092840 1232270.2326459885
221279105.3661701381 1059670.7972158464
221265904.7337092459 1054036.1422560215
222371704.1900306046 1118639.9172966480
222664512.2063142955 1124822.3664305210
223435185.7441525161 1146079.2096735239
223214040.0194258392 1142040.5412164927
222667676.4286688864 1125475.8798045665
221819616.7276366055 1098077.0209130049
222938292.0616647899 1132528.1778010875
220511092.8769817352 1004143.0433305772
223102596.1417831779 1137519.4733641148
222277857.3005851209 1114590.1775569469
225457226.4209566116 1208393.8551416397
223017528.9013676047 1134413.9362547398
220776049.6245829165 1024660.5282175541
221396391.8818040788 1061495.7324812412
223976913.5085820854 1176604.3924341202
222161406.0503799021 1112969.5318202525
248504959.3297081888 1384621.1604003906
221275031.7180193365 1055599.8137876987
221893755.9040231407 1102016.0064391643
221395107.6275316775 1060203.9055845737
221637578.4144628942 1092322.5248192549
224324224.0155081451 1182874.3398218155
224960562.0862375498 1197316.1182641983
224157531.1518751383 1180582.2873315811
221713984.3736524284 1093113.4496239424
221138433.7741201222 1043075.7931044102
221121100.8052160740 1042612.9718374284
231870690.1241191328 1295940.2354736328
231602910.1549664438 1289425.4877929688
220592466.9296495318 1012231.5871538194
220771533.7650402486 1021595.1994985612
222722527.1017238498 1127478.0815184116
221085589.8184117079 1038981.1537001133
222624749.2650754750 1124037.5632078648
223466758.3002911210 1149565.6169090271
220826496.0331567526 1025178.9131300449
222983443.3547366858 1133817.2766592503
222783213.3273634315 1130356.1979734898
223478466.6280996203 1150436.5714302063
222660791.8953730464 1124186.4722282887
221000250.7945308089 1032946.1121962070
222595991.8937801719 1122327.3868772984
238007569.6588199139 1313324.6398925781
220762812.9995435178 1021502.7493116856
222250970.3158644438 1113544.7210234404
220997795.2718072236 1032224.3344557285
240946747.7273834050 1355746.2155761719
221094763.8237974644 1039249.0186903477
246790344.3901645541 1364146.7656250000
230345082.7536723018 1265648.2401123047
220997795.2718072832 1032231.3422682285
248894006.6401821673 1387583.9733886719
228999831.1328153610 1238140.3036499023
248363196.5809861124 1378522.9440917969
239380751.3903703988 1322663.5032958984
248109175.1621697545 1378210.8630371094
221238259.6299573183 1051508.6659376621
221396391.8818041086 1061502.7402937412
221238259.6299572885 1051501.6581251621
221156960.3804223239 1046095.6180555820
221197994.8697258532 1046792.6780226231
221094763.8237974942 1039256.0265028477
240399196.9556434453 1332395.7016601562
221110940.6654790044 1039420.6789991856
247523473.4283330739 1374661.5205078125
247539259.2567435801 1374844.9394531250
230124629.7319611907 1257874.4961853027
239639208.6553098857 1328899.9821777344
229195898.1052134931 1242030.3298339844
246743008.6306870580 1363115.2578125000
246652411.1117855906 1362211.5756835938
246930518.1733269393 1374435.5068359375
230507586.0082356632 1272437.6210937500
246503887.8543882966 1356739.9949951172
229475986.2865170836 1253234.9558105469
230237169.5706422031 1258882.0231933594
229133008.0200552344 1238792.0620117188
226786038.1828799546 1221681.3373975754
237606429.8164377213 1302584.9862060547
229953342.2536334693 1254676.1944580078
229324775.1132048368 1243278.3707885742
