192690385.5246877372 246582.9396672249
192632203.1035788953 246222.3975005150
200929989.2757514119 356993.4124496579
222805723.0641634762 466289.1308593750
196222936.8064041138 310387.2298347561
191504724.4893176854 202407.4787690230
191608808.0176241100 209554.4161627479
191677202.3885814846 214579.4859134573
193082413.3788479567 258392.8311472839
191289129.2033592463 193060.5517025795
191371562.0071018934 196878.7665675785
192156605.1376557946 230457.2828049306
194078493.4061706960 281339.6905301532
191422963.8152212203 200036.2902680356
191589232.6842369437 208178.2537213452
191789850.0232306421 218953.6739583015
213742354.7617740929 435125.5054931641
214057380.0206853449 435753.3692626953
191830187.8390355110 219807.1774983406
193090759.8883380890 258977.7629404088
198268541.5428310037 330781.0405864121
191453584.0871805251 201099.2734179683
212062967.9478862882 422131.0537719727
201716797.2454103529 368551.1756889889
191212343.0504916012 189678.1114340886
191273093.9811176658 192219.7582183685
191894349.2502996624 219854.2526940722
192786340.7470842600 250763.8904204369
210494542.4927130640 416602.4267272949
191918309.3710252643 222398.7982383184
191957742.4799387753 224173.9865078926
195289572.3972049356 302190.1604190217
200556301.4196500480 349634.9499420196
200396069.7140094340 348409.1407490828
191374041.6169800758 197198.5358223934
192121710.8731678128 228574.4429163206
198202209.8192795515 330430.9881377176
197734444.1043488383 326797.4286214709
191766671.5895572901 217184.4301273245
192081532.2409783900 228191.2335708141
192053035.9538191557 227656.7144630144
192376820.0147581697 237471.9463401516
191322029.0928058624 196597.3662396278
191994989.6594358087 226430.1984755993
201413976.8774212897 364367.9596588680
196205965.6361418962 309492.5843714273
201262190.4240275025 361518.8710358212
191235260.4487865865 191368.7582076378
191606328.2591294050 209534.0843291469
191577605.5999410450 206686.0270257182
192894156.7706250548 252974.9515786171
193835669.0716156662 273171.3371638114
192768827.0415657759 249979.7327055931
191194076.9860013425 187400.2676327527
191707667.9405776560 215434.4296361823
192904071.8951169848 253292.3572171479
191357621.4155748785 196763.3404322471
191625674.3837780952 210514.8654127903
191911913.0219185054 221038.9465470910
222487976.2048908770 466175.8366699219
201661992.3027091920 365804.7667969104
191216746.5331007540 189841.2769049294
191930611.0066991150 223793.7883505821
191406394.8097136319 198102.7952327728
195351103.1795471907 304887.6167376637
191232745.9026119709 190006.6525763161
193135125.3089527786 259770.2169430094
191406576.6137968600 198109.0407718848
192399179.7439817190 238048.2747495326
201454661.3949998915 364468.9975955689
191957505.3751751482 223922.9910943508
191820916.7230419219 219768.2585815787
194297459.8454407454 283541.2639501574
191393874.6397098899 198080.9950009193
193996167.1552619040 277979.8231400172
194509005.1392779946 290439.0202184189
191408892.9406562746 199822.0373347010
191899340.6810230017 220106.0867613431
191267417.9074932337 192141.6573368814
194560898.6674005687 290821.2909560222
192435542.1101911068 238789.5766009100
221876794.4666605592 465767.6181640625
193789174.2220495939 272199.6724245528
192338619.6252189875 236183.2254778817
207370258.2969144583 390534.4700028910
195652401.8736039102 308458.1951130126
194875644.7306140959 296542.7966500567
194700578.2067174017 292591.0173987132
192579411.7203046083 242996.7635361193
217974444.2368638217 455858.0563964844
191524398.7071426213 205425.8812060542
191640094.3791923225 210910.5725944359
192273772.5906412303 234358.2191757922
192504694.0113433003 240416.5217626922
192497822.8725954592 239857.9864969929
193848157.3688856959 274458.5922830179
219191071.8881532252 458574.4846191406
219655395.7192510664 460384.6748046875
198060454.2900008559 328130.7029041722
191304169.7844923735 194114.4750265777
191438504.4091016948 200306.4496120121
191950528.1708282232 223890.5696167350
192532142.7462853193 241758.6851387623
192693079.6634787619 248745.8223900795
191299151.9889036417 193423.1831633355
191667816.2733296752 211235.6060563179
192528499.3191057444 241141.9346176623
200464299.1828445792 348839.0177636445
192441092.0593523681 239160.9566513537
219727472.0572747290 461143.9626464844
196849449.6263724566 316695.2642509667
192386755.6585021615 237494.0876938342
195144391.8871872425 298936.6956731128
191465830.9341070056 201465.0550629683
191544093.9920514226 206392.5543776341
193360521.4167864919 263960.4736609465
191473279.3720893562 202065.9465895481
194340506.2349943221 284661.8791271448
192214651.2174890041 232475.5692709051
194785129.9047153890 295930.2962303840
191537780.8902705610 205500.0808058567
192212421.7193714380 232386.7545823698
222150516.2660496831 465831.0993652344
192368098.6662243009 237280.6421545379
199325129.1288796365 335556.9945083083
198908623.3739107549 331489.7330642165
200269478.8929318786 346663.0645167723
198071424.9512733519 329888.3836732209
192621902.9223919511 245527.5391389132
191514141.3587398827 203451.1218647230
192313762.2653740942 235613.7731970184
193365235.5116459429 265514.3241565233
196167194.9211644530 309281.0406002728
221514649.7604643703 463168.1213378906
194333994.0907036662 284475.8185509576
196366927.5890367925 314647.2657406060
201526063.2717441618 365515.6966583797
194488319.3898292482 290250.8828394702
200901680.4685218334 353222.2200509578
196325595.4387959242 312282.5742034642
192248666.9163491726 233942.3236284931
192152215.6028974652 229037.1594895963
193626321.8528331816 270700.8865998442
193849765.5638000071 274861.6102806926
195267179.0134013891 302109.9281419534
193568468.7180607021 270570.9648365608
191357193.7825736105 196597.3662963834
192282617.1309860349 234454.6619888097
205811854.8779867887 373232.4526340012
206038761.4278134704 375983.3719989304
192288093.2018392682 235101.8581827130
192272968.6017643809 233945.7197944961
194014917.3609994054 278193.7129118140
195162107.0050588846 299644.2342823790
193371016.4434036314 266024.5903601652
191907310.9257400334 220106.9429518236
197476779.3002537787 322221.1399662346
192615559.3452588916 244571.8919701576
205534499.7524882853 372633.3380326316
193181788.0333911777 260706.1868300444
192970708.2187705338 255946.6187047528
194687172.5241958797 291419.4068156302
197407083.6566550136 319906.6093941974
198001078.6463122666 327008.1711794510
192280387.6328684986 234363.7787853699
194981541.8457328677 297217.6968678283
193168705.4011763036 260703.6125129060
193808043.8296864033 272987.8333771880
201184984.2888519764 357992.2094500065
193409997.1808616817 266032.0585865608
216004140.0023638904 450091.0252075195
193420526.8631492555 266448.6538014045
193533246.7445728183 267562.6890987983
212225932.8503133059 424103.3486633301
212846492.5629458129 425942.2875366211
192543093.5929367840 242189.3858186007
193365060.6238652468 264990.3990164639
194906275.4957270324 296542.7984079280
193223074.5884919763 261902.2793250090
221900882.7737088799 465783.2473144531
195619581.7372144461 306189.8494946286
191909016.4004078805 220739.4941258207
193798633.0741614103 272408.8704255989
193038059.7007183135 258019.9260520954
193069524.5351929665 258196.5635046965
193318452.7776215971 263016.3146224028
217186777.9619045854 450950.3413085938
193701231.9936870635 271707.7153773031
198330931.1316838562 331401.6813141257
191578731.2450455725 207066.6231028251
193237510.4580747187 261902.2796002648
221584325.0254754424 465017.4047851562
221682258.2489538789 465162.7312011719
221830320.2998238802 465532.5996093750
194874065.7934932411 296033.8793341550
194702054.5495116711 294669.1072983774
194466162.0306715667 290022.4250035752
194937259.3665937185 297216.2258841023
196280071.8177199662 310482.1719252665
193752767.8095616698 271997.9195245674
194963104.2502939105 297216.2338448809
195172636.6873463690 300060.8294972228
195212606.5744274259 300884.8904151404
199724024.7442708015 335599.1266923402
194435672.2124059796 286742.4558819840
193290192.4352099299 262417.2341679521
199959402.5033483803 340092.1028667688
194201124.6028357744 281810.0324657878
193941583.9609598815 277727.7624920329
193788463.5851764977 272096.5568089208
193282942.0973697603 262359.9020146318
193706734.2521521151 271835.6476453319
195190919.6837468743 300666.5707081603
193808242.5885321796 273126.1761021337
200002368.0747651756 344306.5109935403
200017246.6902064681 345445.1628602743
193523767.5000383556 267236.8935350822
194688287.5645400584 291894.7710857370
193218887.4044526517 261236.5165895708
193903577.7940088511 275368.3030484973
193920340.9900676608 275928.6701262055
195574666.7835157812 305171.3507795334
194360231.2647199631 284922.9093026244
193637607.6099030972 270932.7227082242
196292972.8299923241 310974.2776439516
196835236.8347954154 315691.0429410934
206667649.9677316248 386124.1709880697
196219730.2861244678 309654.9699726691
194454703.6846064031 286980.9154671752
193327471.0671214163 263204.7084488709
194462597.8004561961 287400.9628754854
201247447.3697295487 358269.8917815819
194422409.6062277555 286681.7240265794
195335005.9863425791 302632.6574439160
195033007.9937851429 298510.3464087597
194216112.6447252631 282858.6044320189
194372409.7320015430 286524.9570740648
193662712.4130517244 271233.8770441179
193279420.6664177477 262142.5077649355
195189027.8079105914 300351.5474293092
193448199.6425983608 267095.6037405715
195543543.1084891260 305007.2014502967
199303179.6668378115 332132.0627770424
193556382.3004359603 267798.6659764051
197343050.2268857956 316722.5963375177
219137380.5640391707 456061.4982910156
195603536.0959980190 305296.1290591368
217858858.3591267169 452941.0831298828
195258921.7863346636 300886.4110291684
195598921.0773583353 305253.8322021775
206546307.0960618258 378230.5108070076
209936710.3965691626 402012.7248869934
208377879.2018905282 395794.6639934728
207949496.9622399509 395098.0459514806
199275019.3813888729 332118.4106965065
209522671.7125853598 400672.9752869108
208970195.2898931503 397796.7141785123
