490568483.4492887259 1192.0838294721
604560398.7374264002 5601.6426682472
591437664.0073838234 4998.4460514334
490192874.2669833899 1081.8454169531
490321132.7376264334 1146.5803160896
490242200.3367083073 1102.1270290816
490257644.6171330214 1106.0269795110
490261878.9550555944 1107.0709154199
490521290.4507519603 1171.3958278394
604176258.9774044752 5571.6462962627
496188899.2279956341 1392.2606572455
496024637.1369485259 1382.1533077520
566301507.4494161606 4212.8517798624
604691168.7620098591 5601.6594109535
490254759.7746312618 1103.9867412436
604865798.4127757549 5602.7564778328
490207566.7760945559 1083.2987396109
490120297.2490474582 1022.4924020916
490131986.0309697390 1040.6257913048
572759976.8500716686 4389.2232010729
490110999.9575523138 1004.5592976237
604504703.5070767403 5581.4240372181
572359990.9045555592 4383.9107356523
572774022.8311769962 4390.6765237306
490547439.1753996015 1172.2400504446
490195022.5454030633 1082.6798617499
490147666.4655179381 1043.7893389412
603952059.0589352846 5571.0939061642
490132973.9564065337 1042.3360162834
490188745.9926977754 1064.2954140467
490157459.1847265959 1062.5797945183
490190200.0851687789 1065.0829631424
604489347.2953150272 5576.9738554955
490338048.7372300625 1148.8740922106
490381071.9076732397 1152.1031012277
490383018.2452742457 1168.7216403800
490276163.2295823693 1126.7327679201
490627733.5731486082 1195.5977640743
490317004.4633408785 1129.0303131831
490516216.8903778791 1170.5244309162
490361973.9713851810 1148.8778613526
490330751.6863636971 1147.1622418242
490209790.2665869594 1084.1391930741
490147904.7589391470 1061.9978687836
490206849.7774013877 1082.8614066468
490421017.3715798259 1170.4973267394
580585313.0488225222 4665.0703886285
490335825.2467378378 1148.0336387473
582927046.4367709160 4742.3551852890
582859768.0759217739 4732.9672239013
490251819.2854455709 1102.7089548162
490162597.2680504322 1063.4511914414
490290855.7386935949 1128.1860905779
490272337.1262444854 1107.4803021688
490285782.1783193350 1127.3146936548
490212431.5202792883 1085.1934427677
490703914.4577640295 1211.4158744928
572324666.5839517117 4339.7533527764
490240159.8925018311 1087.9171584305
510796397.9773185849 2091.4434793170
490233233.5642803311 1087.3352326959
588797010.8642678261 4968.8617266511
589143582.0964287519 4969.4709462022
498064997.6692160964 1450.0978191981
497427558.1618588567 1427.3736440814
576816243.8422995806 4531.7736089703
496874233.5021736622 1404.0114549893
598267366.5314673185 5339.6207793050
573610244.2421635389 4429.2578127650
490943874.1125372648 1220.9801282378
490694115.3398605585 1197.6444729277
580390194.2113952637 4579.3040816481
576879223.9683003426 4566.8426428065
585503173.1691030264 4814.6865400556
573371874.0002692938 4419.1721604136
570291516.2343876362 4256.0261664119
587727480.8586919308 4934.6444445307
603893065.4403907061 5503.6769518852
495527057.6851028800 1372.2447737844
594255822.1324634552 5059.2673237137
582719862.6019308567 4684.3759883528
580036490.1027206182 4567.9838313449
571592988.9955595732 4307.5504925882
603766870.1810928583 5475.6559681892
587208576.3752335310 4833.0703493990
498689910.4220712185 1529.4765224764
498131508.1319843531 1506.9131400317
603012626.3576933146 5435.6336255074
571622646.7259643078 4330.8853810230
570795272.8752925396 4285.3951164635
570368338.9574875832 4262.0600315484
571541938.9617800713 4302.3909227103
491833155.4831532836 1228.8516280045
491330590.4775894880 1227.5047093232
508448654.4155603051 1969.4420917542
501230900.0029304624 1611.1006754411
494228921.6585749984 1271.7813262591
493620880.9387287498 1255.7665118823
493601810.5288927555 1252.7562320149
602560887.1374185085 5405.2861931324
602826041.8748213053 5405.3299438953
570659194.4703519344 4285.1618691151
505870097.9113022685 1952.4266557379
505277968.1524404883 1929.0915708227
501219372.9446754456 1569.3783137304
503706033.5201331973 1749.0905165928
503338949.0348818898 1727.6707701938
501241915.2448430061 1614.6052780537
494217235.6037258506 1268.2649567495
494886595.7888140678 1313.0184630477
494706817.3698722720 1297.4151174151
494656914.7486415505 1294.9222234608
494492917.3346891999 1289.6185968406
504945147.0511751175 1760.6310882791
512664362.6257967353 2131.6840932279
513012464.8715561628 2158.0606092893
512786194.1449166536 2138.3193352430
512775972.2969546318 2136.3819258083
512837419.3105701208 2145.2884306817
512604593.9109970927 2125.9570443540
512862587.9648419619 2153.4496986775
513245256.8643569946 2174.3444676679
513975599.9328992367 2210.7080496631
513618982.3621673584 2191.7099016651
514460611.6790159345 2224.2789378551
514679474.8941774368 2237.2077411377
514724378.1349806190 2252.2196931305
514851711.2717173100 2261.4283992068
514878142.8365044594 2265.0557569016
515221064.2792907953 2292.0944923223
515959504.6186137795 2320.4753053994
516004185.0607212782 2322.1282472592
516527880.4034443498 2352.0400455070
516616757.1644036770 2369.3395055693
516650202.9257309437 2387.7367456818
516865162.5876600742 2412.7951512236
516732459.2707549334 2393.0007370982
516849405.0385975838 2397.3762574841
517644268.7362473607 2449.0909181601
517476454.0537740588 2437.8768774778
518946652.7179878354 2489.5049961926
518947033.6978415251 2493.0849670293
518652011.8729215264 2472.9048024537
520186406.3413700461 2522.2843393411
518551957.0169680119 2472.0913192084
518789409.7757010460 2479.8782605215
520683819.7903980613 2526.6119289824
521402486.3360978365 2568.8550224175
521599305.3255447149 2592.5962540647
521701013.6502993107 2599.0849987814
521391315.9617663622 2564.2343977116
521185485.6160166264 2562.0039108567
521707966.4624099135 2603.5026825763
521459574.8896104693 2586.8444245480
521333987.8272657394 2563.4123316430
521861977.7587907910 2653.0178672090
522515527.2026332617 2672.4603862056
522572364.9532277584 2680.7921382675
523481177.2343305945 2732.0347467619
523080784.9045584798 2701.3513452478
523561404.6677260995 2743.0767664390
523325481.2691502571 2730.8243547754
524433034.3834104538 2759.0760732083
523224770.1485904455 2711.5483759047
535465955.8613323569 3115.8617629079
534603007.6170181632 3092.5147716021
523886211.0453675985 2747.8724081444
524880640.4228054881 2774.4323272172
525163542.9173451662 2780.9996639937
524875586.5453769565 2761.5061015148
525948583.8368938565 2794.0381152402
525826469.9358736277 2794.0169329270
527119017.7192107439 2797.8369423235
533266894.5346716642 2989.8278592505
527295926.2951822281 2806.2847729762
527723758.0163146853 2830.2737588146
528052155.8152659535 2844.0921241500
528552291.8028071523 2868.7849482087
528490858.1674885154 2866.2577840495
530213243.9493811131 2920.4695405270
530260573.4807055593 2930.1767391469
529882542.5997030139 2908.4792665745
529925252.4859975576 2917.8887391841
530237621.1203417778 2923.7250576770
530269872.5489931107 2932.2601961102
530186570.5342479944 2919.6577934529
532474641.6040486097 2949.3236398233
532981827.3463416696 2970.3697974832
532937900.5213642120 2956.3965089472
532886358.0088773966 2952.5667767862
534197223.3232096434 3012.2220422418
533924860.1357901692 2997.2487066180
534317879.5761396885 3019.4983795435
538745204.7032508850 3222.8153139900
537939064.1229896545 3130.8997216027
537827688.4224932194 3130.7285829585
538056002.4853085279 3151.7261696782
538222989.1381006241 3156.7750434744
537964636.6772665977 3132.7045022648
537964636.6772664785 3132.5298310917
537971957.1460409164 3139.4969119232
538455762.9893664122 3184.9596625212
538696161.6053377390 3191.6076196831
539729109.3472394943 3267.4168349945
539746245.6204646826 3268.3533917212
540429632.2057404518 3291.5590981686
540552200.9346711636 3292.3659988064
540668663.7870017290 3304.2665193695
540965895.7132601738 3312.2000773567
540542056.4626759291 3291.9079176628
540583909.0588557720 3298.2006906598
541244647.1043936014 3340.8990187514
542045913.5627398491 3347.1340770441
543574835.3843597174 3379.4719677820
544538886.0665197372 3454.1228872591
544329965.6271346807 3409.8110537284
543919713.7236270905 3386.0338678464
543989275.1348873377 3402.6029849156
544339488.7247190475 3410.0028692587
544237008.0200814009 3407.5084527767
543919713.7236266136 3385.9414377316
546214214.8532721996 3520.7904202544
546214214.8532723188 3520.8232647979
545077552.7660326958 3469.2268640950
545240860.7707043886 3492.2993864733
544685941.7187987566 3454.2852428510
544904133.9689763784 3457.1644910741
546728289.5930378437 3541.4383966476
546804710.8626492023 3545.6207000539
547520824.8265788555 3563.1217946261
547358358.0514822006 3560.0918057188
547213920.2690470219 3553.3919005245
548399462.2790801525 3657.4186840504
548344230.6537361145 3654.1489154249
550361267.2060334682 3728.8925435282
548125085.2538863420 3618.9936170727
548132992.4313443899 3621.7066952139
548253356.3921940327 3637.3856278211
548582852.8550308943 3664.1205219179
548556735.4723132849 3661.7048081309
550414775.4517650604 3734.8234063536
549593949.4062955379 3685.2035574466
550179005.3577471972 3728.0398107618
552113117.8674359322 3811.3175049983
551455274.6151794195 3789.8211468905
551019595.8539644480 3770.0607008189
552349672.1388719082 3814.5503013358
553349401.1389524937 3837.9537145123
553013974.6836993694 3829.5373727605
553128031.4426739216 3834.3197375461
553435913.1564992666 3838.6157513782
552801870.4637895823 3823.9237347767
557398299.3434695005 3970.8554343209
554558835.4392938614 3882.2045768723
554558835.4392938614 3882.2713417038
554934474.5655808449 3909.3975920901
556201472.4140228033 3932.8965810761
555808154.2084586620 3928.2624173388
556204117.8278690577 3937.5926778279
556629047.6677542925 3960.7891329508
556550365.7183779478 3960.7087282520
556316636.1504279375 3951.4957463127
556895524.9419804811 3966.0860598069
559023001.6094211340 3979.6453999281
559227629.5545368195 3996.3376648426
559104504.3196909428 3980.9302389845
559497750.5086599588 3997.8090314865
560003004.0303285122 4039.2933090925
560206356.6820615530 4041.5525191426
560680315.5942817926 4052.8699275255
560692744.5605053902 4068.3052266501
562143975.5334300995 4113.9531735480
561017470.1615809202 4091.4123915099
560850860.0069160461 4071.7647260092
560692744.5605051517 4068.1507371329
563666224.0935077667 4122.9711139947
564016782.4672963619 4161.2885804772
563617075.2164728642 4120.6614183933
563904015.0013806820 4138.8788518161
564580719.7153390646 4199.0921888500
564437116.3209848404 4187.7689840943
564468176.0240660906 4195.3037709147
564437116.3209848404 4187.6128237396
568039472.6907482147 4239.6588677317
565573752.7256704569 4210.2025503069
565175156.7312681675 4209.1683467776
567160565.2679014206 4213.7727040201
567425425.0522339344 4218.3100241572
567232164.9278854132 4215.1607573181
567626362.1822590828 4223.7932800204
567172640.3533906937 4214.6309355646
569236938.7187018394 4253.2807019055
