109876583.5257526487 1056409.8447265625
110107711.6583995372 1073814.7324218750
109504370.7812240124 1025081.7529296875
108477237.0303269029 888006.5043945312
108318742.8130737245 866926.0976562500
110917254.4311248660 1109402.7500000000
108027317.1479927152 812209.6547851562
110418166.2935632467 1091180.3613281250
109195617.5082869530 992854.6459960938
113436973.9835858494 1172794.2285156250
108327502.6132144034 867821.0937500000
111540262.0930771381 1132137.3603515625
108396084.6660265923 875166.2734375000
108670062.7298654765 920110.6616210938
108468477.2301861495 887111.5083007812
108087090.7850737274 823346.9125976562
110349584.2407510728 1085166.4160156250
108588790.9528067410 910324.1987304688
108565304.3839400411 907194.1396484375
108823392.9114688039 944805.3696289062
110039129.6055873483 1067800.7871093750
109304452.9383707196 1005958.0854492188
112945700.0377100855 1167578.2392578125
109938515.3626790196 1062812.5302734375
110521669.9001005143 1095911.8125000000
109069105.5897133201 977202.2001953125
108262565.6192650497 853146.7006835938
108077580.0991078913 821857.4951171875
107852784.7717000395 748454.2680664062
109471054.6462825686 1023823.4921875000
109508181.8633917868 1025918.1005859375
108448798.6721204668 882236.1386718750
112744933.2755764574 1163722.3837890625
107859004.7229793370 751200.8110351562
108150960.8444236815 832614.2602539062
108169799.3790095598 834074.4555664062
109233209.3145519197 995732.0541992188
109151210.6328049451 988586.6450195312
108541703.4920292199 901742.0180664062
108237422.8632073551 848188.9248046875
108034896.4084210396 812932.3168945312
107979183.6734634936 805587.1372070312
107821444.4388759881 732365.1166992188
108581888.4651963860 909429.2026367188
109931684.3172403872 1060514.6640625000
107951888.2972288728 788486.3398437500
114634264.2125212997 1180352.3593750000
112151722.9585589021 1150004.4414062500
108514575.1519200504 896910.5659179688
110965050.9542402327 1111902.4619140625
110861547.3477029502 1107171.0107421875
110255771.6468585134 1079358.1123046875
116068531.7244654298 1183151.0380859375
108652019.7833710462 919284.9672851562
108166954.0619429648 833008.7290039062
108594239.7235848457 913417.0615234375
109925248.4197112024 1059048.0712890625
109090654.1547012776 979979.5371093750
114042939.4586090744 1176828.0947265625
112101202.2392129004 1145561.8417968750
107827038.8034217805 744111.2163085938
110666567.2960517406 1100134.6650390625
109684383.6399261057 1041639.1650390625
112204705.8457501680 1150293.2929687500
109850213.1116863936 1054555.6005859375
110770070.9025890082 1104866.1162109375
116450521.2970567644 1183550.0634765625
111083711.4639465660 1115833.9589843750
110389109.3663479686 1086429.7265625000
109899162.9665963054 1058325.4091796875
108831785.7403968871 947531.6616210938
110312200.4511746615 1084544.1806640625
111152750.1248291433 1118974.0761718750
107745004.4069487303 697330.8886718750
107965285.3243761063 790832.4072265625
108804657.4002876878 942700.2094726562
110743985.4494741261 1104143.4541015625
107878911.5592173785 752154.6440429688
109022072.1018890887 973965.5917968750
107995997.0788265169 805902.6958007812
109736616.8867615908 1046934.4667968750
108110895.3326802254 824977.2084960938
107890981.0558329076 763776.3120117188
110005357.3575159162 1065630.2441406250
109164627.2617397159 989718.1088867188
107848740.1573958993 748040.6850585938
108920686.6032429487 957083.3344726562
108778496.3485735208 938510.2153320312
108043001.3748055696 815350.0864257812
108729551.5752656758 929928.0346679688
107950300.8244192600 781485.8598632812
108206359.2929418385 839385.9575195312
108364553.3177211583 870597.3813476562
113285119.1945811212 1171507.0253906250
114256614.7343514711 1178108.0898437500
108930073.7339475602 961405.1254882812
108915168.9877595603 956175.0629882812
110824188.4553847909 1106034.5205078125
108045435.4322226048 815442.8120117188
109578098.3746711314 1034804.2646484375
108385246.2824997604 870912.6791992188
107917001.5221755803 775338.3544921875
107973523.3663860857 794513.3569335938
114229969.8497609943 1177950.3886718750
114396086.3110184073 1179651.4375000000
111441694.5018052161 1129078.9941406250
111932195.7989403903 1142915.0078125000
110104437.7740199715 1070589.1289062500
109751461.2866120040 1046950.4638671875
112496515.4541823417 1157825.5927734375
107905084.4293408841 767882.3457031250
108949312.5665169060 962127.7875976562
111024550.3339104205 1113379.7001953125
110944347.3279997557 1111488.6337890625
110840843.7214624882 1106757.1826171875
111257987.8893572986 1122456.4765625000
111361491.4958945662 1127187.9277343750
108880730.5137047023 956113.8422851562
114008500.9845542312 1176744.5595703125
107916056.7818466425 773395.6445312500
110632102.3503970504 1098543.3310546875
107948160.6664566845 776185.5400390625
110651133.8948248029 1099552.2656250000
110735605.9569343179 1103274.7822265625
112814097.5399102867 1163869.0371093750
111232953.1307397932 1120865.1425781250
111722048.8826913983 1138316.1210937500
109347751.7257783264 1012452.4218750000
110431740.4718714058 1091198.1513671875
110361707.7777443975 1086144.4013671875
111802251.8886020631 1140207.1875000000
107889396.8481526375 757554.0541992188
110455966.6893969923 1091923.4072265625
110848884.6397662461 1106897.4453125000
110615447.0843193233 1097820.6689453125
110535244.0784086883 1095929.6025390625
110930879.5158179253 1109695.3808593750
109097018.2281975150 983029.6948242188
107902536.7758893222 767550.7924804688
115506465.2271537632 1182558.6113281250
114679068.2768339962 1180682.6699218750
109326792.2674176842 1007002.6162109375
112221619.6495078504 1151594.8085937500
112352430.3600140214 1153246.4970703125
108071054.2992015183 817043.3896484375
112416312.4482716918 1155934.5263671875
108803896.5821161419 939737.3974609375
108852841.3554239720 948319.5781250000
111548385.5622383654 1132739.8544921875
108130966.4306217432 829902.3291015625
109177479.4496027678 990030.9091796875
112910880.0305840820 1166117.7441406250
107871983.4534035772 751602.2153320312
112991083.0364947468 1168008.8105468750
111611952.3822350800 1133640.8466796875
114352084.7262305021 1178930.1904296875
109048073.4548896998 974447.5141601562
107787246.0332189053 723331.0029296875
109361905.7675001770 1013800.9208984375
111937176.4550660998 1143081.2246093750
108065549.0117827952 815758.3706054688
111967753.3231441975 1143902.7509765625
113006364.3159510344 1168221.6054687500
114575791.2907284945 1179975.4824218750
112296615.3782928288 1152014.3671875000
111628588.5681490302 1134630.9208984375
115158187.9925184846 1181502.5205078125
111997222.3052096218 1144788.5927734375
109397094.9460211247 1017743.7050781250
109298806.9524704814 1003870.2412109375
109888245.3356591761 1057420.1425781250
111343715.9653787315 1126026.2216796875
110060330.9950086176 1068165.5390625000
111409206.7180391401 1128247.3046875000
113006470.7862072289 1169765.5976562500
108170674.4167721570 836604.9580078125
110636963.0238622278 1098634.3623046875
108294007.2808886468 856176.9375000000
110187722.7708885074 1077591.9208984375
110025386.7988537103 1066564.4892578125
112109894.3387572914 1146355.2832031250
112141416.6435972005 1149703.7421875000
109865921.8425209224 1056047.1591796875
109659361.7787105590 1040568.7675781250
109614871.6736249030 1036658.7578125000
109703375.7626862079 1044656.2167968750
110990713.6236514002 1112362.7119140625
109137711.7305227667 984216.2221679688
108258733.6474542916 852698.3476562500
109693602.8180886805 1044490.5205078125
110506258.6403561532 1092388.3925781250
110908652.7072138339 1108052.7675781250
112729056.4420254529 1163143.0800781250
107778342.1675406992 712015.1284179688
109691618.8150473237 1043836.4902343750
110988603.1714922339 1112307.4589843750
109336293.1115960330 1011121.1875000000
111786877.7635857016 1138964.3808593750
109685565.5853910744 1043370.3505859375
109725837.6254602224 1046385.7958984375
109192058.4286136627 991966.0551757812
109269027.8346213698 1000949.2465820312
109235870.8855585307 999944.1401367188
109388477.7325484008 1014714.0126953125
108711134.4484579563 926274.8149414062
109272103.8534370214 1002333.3154296875
111715723.9912713766 1135847.2753906250
109285520.4823718220 1003464.7792968750
109437820.9527912438 1020005.2958984375
111930229.1298563927 1141978.6943359375
112622459.1337583363 1159392.2548828125
111944352.2039919347 1143426.9511718750
113122525.3379775584 1171505.0957031250
112450589.6002668142 1156420.6269531250
112530792.6061774939 1158311.6933593750
114599825.7384664863 1180268.8242187500
108247726.4265227914 849146.7714843750
111572611.7797639370 1133465.1103515625
112369432.8137660027 1153428.6738281250
111759401.3683325648 1138493.3007812500
109551113.0571630150 1032746.8281250000
114870985.9589010775 1181378.7089843750
115204226.1129027754 1181517.4843750000
110942920.0591586977 1109934.5175781250
109566910.7503949255 1034298.0576171875
115496515.0424939841 1181558.6074218750
108204415.5814691484 838990.3237304688
107752473.9070114791 707278.2568359375
112845903.7915122658 1165322.5566406250
114644629.8027791530 1180599.1347656250
110078777.8193023503 1069912.8183593750
108675665.8393123150 923172.8750000000
109520990.8798409849 1029138.6201171875
109455534.1331216991 1022516.1025390625
112648853.4361147881 1161252.0136718750
112703385.2405272275 1162957.6621093750
111871237.6829419732 1141125.4257812500
109616569.8038823307 1039369.3457031250
110266224.4547235072 1080070.8056640625
108206712.9039259851 847302.1342773438
109765278.8163199872 1050058.6240234375
109779115.8837170601 1050760.2880859375
112845110.9937957525 1164882.5781250000
108224366.2413208187 847348.1577148438
108273709.4615637064 853970.6752929688
112820452.6047671884 1163983.1240234375
112409277.6184486151 1153979.0820312500
113095193.0947508216 1169769.3876953125
111614015.7491408139 1133982.9951171875
108541450.8393849730 899913.5634765625
114336025.2053802609 1178190.9648437500
108187990.9356925786 836906.9121093750
111242022.1032442451 1122043.0869140625
111176738.6150826514 1119685.5458984375
108110760.8934031278 823900.3828125000
111002568.5764293671 1113031.1904296875
113965045.5826785713 1175820.0351562500
114086288.6085748225 1177823.5000000000
108750263.6563553810 930426.7758789062
108718725.8584553599 927144.7353515625
108995661.7896841466 966430.8559570312
111494300.0339865386 1130197.3867187500
114006085.6026641577 1175898.5839843750
108755453.5417311490 931435.7290039062
108688064.3739278615 924090.5493164062
111311917.3705025464 1123079.8818359375
113699592.4691825509 1174491.1406250000
108972791.3541974127 964262.7788085938
108491364.8740642518 889437.0053710938
108820469.1734575629 942945.4125976562
108643108.6153136790 917555.5502929688
113748873.2987161875 1174501.8437500000
108290841.0308514982 854151.2578125000
108929962.1398795545 958470.9155273438
108304051.7561812550 860773.7753906250
109005498.1989262402 969345.7387695312
108405766.8554383814 875820.2343750000
109253071.6238390356 999968.4189453125
111286692.9784044474 1122849.6132812500
112412203.5016441643 1154393.5439453125
108418550.5896188766 879715.2338867188
111119054.4417725354 1116236.8789062500
108454057.9703693688 884055.5742187500
108362373.3958102316 868265.3847656250
112628115.9858790487 1159790.0009765625
112382017.8253554106 1153797.4326171875
112138519.3377708495 1147158.1113281250
108427310.3897595704 880610.2299804688
113621822.6949443668 1173938.9121093750
109143848.4225295782 984417.9326171875
113862654.4953929335 1175028.1455078125
108867096.4110432267 949845.0512695312
113917252.9623731375 1175250.3271484375
113915530.2743351161 1175160.4306640625
110183058.5209308565 1076450.6611328125
108778215.4839601815 934197.6757812500
113849788.5291363001 1174654.3857421875
113364385.1498056054 1171552.1337890625
108630276.0365552008 913645.4165039062
113798369.0806506425 1174513.1777343750
