477462199.4576698542 2766875.7935180664
477678033.0582192540 2789930.2449340820
475280796.6293531060 2391109.9219970703
475487085.5830059648 2449820.9727783203
476207285.3933571577 2583171.9298706055
477328646.1741342545 2748109.9063110352
479820909.4419171214 3015710.4916381836
476106375.4909455180 2559445.7630615234
476150988.1327914596 2574284.0394897461
481067143.3738579750 3105340.7936401367
504017360.0672644377 3780295.9560546875
503504007.2820972204 3771192.3691406250
476035114.5732700825 2550007.2362060547
475839792.4712494612 2516725.2373046875
477122301.5084046721 2716994.0303344727
481959214.8277147412 3178069.0322265625
483802908.6855874658 3286261.8077392578
475280796.6293529272 2391109.8275146484
475323319.3723841906 2398765.3127441406
475169473.8401611447 2358191.5765380859
475891838.7473391294 2526438.1950683594
476806023.0130929947 2674828.0923461914
477007133.1685580015 2703165.6594848633
477367756.4887012839 2755345.5222778320
476227614.1072254777 2588274.1637573242
481092195.3638434410 3115152.1332397461
482168954.4043053389 3189370.8979492188
482044432.1279872656 3180696.6645507812
483988283.6031816602 3292544.5316162109
475721990.9196495414 2497833.2545166016
477921416.4657735825 2822080.8307495117
475251511.4540523887 2383002.7205810547
478022328.5343087912 2834659.1742553711
482916551.1171897650 3233683.9122314453
569376050.3317526579 4213016.1201171875
475869475.3090183139 2521047.5104980469
481492139.9838592410 3139355.5017089844
479690603.5161236525 2997217.5435180664
481512877.1039253473 3147433.3105468750
482799373.1291050911 3223100.0030517578
484793835.9054049253 3322979.5598144531
490559595.0276234746 3537821.5771484375
478109683.5269501209 2846781.5623168945
480628742.5121442080 3083078.8959350586
481647445.1744286418 3153902.5173339844
477903098.0077404976 2819639.8751831055
479217173.3403472900 2956573.6006469727
563509518.7604430914 4177897.9194335938
523566833.0841163397 3944283.8999023438
482790442.3440662622 3218686.4898681641
478938063.9276899099 2932098.1082153320
549796455.2439374924 4095099.0996093750
480879103.6200080514 3102422.8529663086
478084085.0303318501 2845100.6721801758
480342492.8772351742 3059945.0240478516
475967303.9624689221 2537819.2775878906
476577570.1921249628 2641295.6942749023
475194981.9549265504 2371327.9724121094
475175123.7528802156 2368206.7262573242
551919729.9581255913 4107398.8828125000
484005011.6689167023 3295432.9737548828
478140430.7865628004 2849640.6091308594
554140959.9488927126 4126051.8076171875
555862412.9497135878 4133310.3261718750
555724988.9968807697 4133108.2031250000
480557917.2718350887 3077095.5161132812
492219041.6010930538 3590314.5998535156
491998188.7214409113 3588851.8278808594
475772203.9168876410 2505732.5494384766
479723660.5550069809 3003878.7812500000
475390529.9187455177 2427693.9663085938
480061740.0108958483 3038049.6967163086
475482214.0164847374 2448554.1501464844
483935029.0322510004 3287585.5880126953
480312486.1661072969 3057611.0140380859
479486894.4840631485 2985079.4526977539
553464325.0599933863 4117120.4702148438
493296407.4884517193 3612720.8254394531
475820767.5144352317 2514864.0782470703
475812576.3254581690 2510990.2706298828
476820898.9779809713 2676346.2649536133
478140430.7865628004 2849639.9765014648
477480757.2029911280 2769086.2022094727
477739874.0696944594 2801249.3576049805
484060022.1491284966 3300880.1666259766
510647203.8411955237 3863402.3388671875
478438740.1588016152 2880152.5833129883
477411726.4870096445 2760241.3272094727
477310088.4288129807 2745895.2232055664
478254349.7196748257 2863852.0916137695
478182872.4467076063 2854925.6965942383
479486894.4840630293 2985077.1660766602
492319421.2550581694 3593919.1667480469
476427083.7083119154 2616848.3705444336
477459405.3316259384 2764783.9142456055
476434693.3207964897 2617893.8859252930
479504560.0489814281 2986925.8391113281
479390149.2360053062 2977902.7836303711
488445653.8470194936 3473504.4992675781
475983397.2251141071 2541515.5510253906
476262462.1355051994 2590111.8729858398
476434693.3207964301 2617891.3920288086
482344831.8500052691 3192670.4097900391
568655218.9466441870 4209559.6513671875
478983155.0272595882 2939187.4481811523
484106630.6034121513 3305370.8659667969
476830636.8989378810 2678526.3421020508
480953587.2116938829 3103572.4982910156
491410417.8519949317 3569436.4946289062
478070074.9813008904 2842127.3925781250
478070074.9813008904 2842127.3632812500
547146658.1967087984 4063384.0224609375
501962759.3293140531 3762644.0371093750
478094245.7676539421 2845625.0708007812
558114565.6577613354 4163747.0258789062
479027717.8662782907 2943149.0545043945
478010139.0200170279 2834016.0701293945
494705675.7065774202 3644217.7380371094
476955726.0397107005 2695264.6744995117
484343776.2925394773 3317633.3576660156
477233723.9871208668 2733527.0077514648
478254349.7196748257 2863851.8831176758
478564907.6125676632 2895150.3788452148
488836734.4341077209 3488370.6762695312
550820844.5706634521 4099126.4584960938
477638199.4538271427 2788849.9703979492
528251827.5825619698 3953860.4550781250
556902070.8538966179 4143204.8637695312
556991826.9413809776 4146312.6801757812
550117154.7484601736 4098213.9282226562
475525429.2261388898 2454920.7040405273
488487109.1379742026 3474383.5649414062
480956507.6906558871 3105197.6520996094
475357619.5675234199 2416184.7223510742
475363012.4576776624 2416867.6853027344
475363012.4576776624 2416865.6240234375
480493843.4576264620 3068375.6807250977
510488859.1170267463 3861281.4204101562
475437993.1538506150 2434528.6356201172
493851509.5828156471 3623031.6989746094
509840549.5930195451 3852502.8208007812
482851705.9586617351 3229777.7252197266
493217165.6952402592 3605016.2016601562
479618779.6729581952 2996846.0286254883
497719136.0257958174 3699630.9931640625
477152875.3439990878 2723389.0498657227
476924524.6940993071 2690415.0783081055
510120960.6570926309 3856700.6450195312
476298426.5787149668 2594404.0165405273
500238137.2291842103 3756853.3974609375
476524553.5720891953 2630461.3881225586
484254228.9854129553 3312705.3568115234
479799936.9005771875 3006094.9731445312
507487534.4034015536 3821661.6943359375
479170280.7613612413 2953672.5787963867
510245007.9141431451 3858742.1733398438
505784793.7484803200 3819684.2465820312
505641582.3596159220 3819465.0073242188
509660680.9078378081 3852285.3266601562
483812451.4530443549 3286360.1470947266
528307393.8135371208 3954478.6655273438
527939399.3637162447 3953574.3842773438
543922514.6679619551 4047694.3134765625
477594432.9916124940 2782628.1394653320
565847260.9653348923 4189929.9379882812
478677396.8237901926 2908847.7221069336
476471222.3928166628 2624246.4421997070
509545454.1221149564 3843423.2998046875
483002558.6078556180 3239058.5330810547
498946366.6763841510 3728673.6049804688
480200115.1709617376 3048511.0759887695
498564198.5915654302 3725794.5898437500
477872350.7481276989 2817676.7998657227
478677396.8237901926 2908849.0521850586
484254228.9854130745 3312712.7999267578
478938063.9276897907 2932096.8279418945
553963014.1226999760 4125246.8178710938
568341639.9162621498 4203535.7373046875
483570545.8820579648 3271024.4300537109
565608907.1327381134 4184557.0092773438
478863161.2387428284 2923036.2577514648
509615416.5940821171 3846387.8994140625
549535173.4658077955 4088518.2612304688
491783528.6935539246 3574557.1386718750
504914038.4267974496 3783135.7875976562
547057576.1807330847 4062889.6733398438
498039335.7095651627 3710900.3608398438
545341030.0000879765 4051145.9794921875
504670243.2299394011 3782267.4589843750
487841684.6030520201 3450786.5922851562
491685070.4411211610 3572780.4072265625
483028463.0506578088 3239551.2760009766
478264390.8823775053 2866197.5077514648
568280369.0482875109 4196342.0673828125
478385713.6861784458 2877038.8129272461
481905351.4178467989 3166799.1408691406
552447694.7293927670 4114879.3388671875
487338291.7984393239 3437174.2988281250
481297667.7472007871 3130954.0236816406
482711327.7369385362 3216254.8277587891
502660606.2755278349 3763060.6967773438
495953745.9713640809 3685279.3293457031
527054576.5959576368 3951454.4882812500
483427186.5768548250 3261877.4295654297
491850435.8052958846 3579680.9750976562
499894130.8862589002 3739139.5532226562
496200482.4472280741 3692248.5156250000
568049457.1485548019 4194856.2832031250
496258831.4846090078 3698952.5200195312
567975961.2825282812 4192377.8369140625
497956715.1837495565 3704136.2412109375
476735195.5047747493 2661790.8731079102
495165064.3878754377 3662992.3928222656
499203540.0756338239 3735853.3862304688
488731500.7803047895 3483865.4663085938
485169709.0197592378 3352457.5270996094
498227951.6297569275 3716659.6044921875
483221865.3333323598 3248700.2620849609
498114499.1085528135 3713943.5766601562
493935384.8310212493 3631437.9001464844
485155643.6904234886 3349807.2966308594
498930575.8574810028 3728485.6718750000
489331668.2505170107 3503294.7338867188
488731500.7803049088 3483880.1640625000
499110463.2101346850 3732563.5034179688
490874620.6567466259 3551955.6701660156
520680602.3003634810 3903564.3505859375
520139681.3713913560 3899001.8017578125
493665103.2083743811 3620330.6086425781
492849802.3990145326 3595313.4907226562
484397921.9062584043 3318150.2615966797
494125779.0291832685 3643820.9685058594
483947707.3879098892 3292502.4047851562
492929956.9034766555 3598026.9101562500
507785204.8894945383 3839449.0659179688
563288173.9344979525 4165632.0849609375
526503641.1714549661 3951355.9101562500
495080502.2133963108 3657798.5705566406
494823567.4535117745 3650452.4726562500
503678080.2431312203 3771408.2583007812
503791145.1920674443 3775830.6279296875
490303158.7227614522 3529251.1940917969
548723900.7667949200 4077716.5742187500
486963709.0354549885 3426410.2797851562
567656750.3485043049 4191368.4902343750
539497890.3125287294 4033575.9072265625
545401218.9836832285 4052909.6435546875
548752990.3205516338 4083104.1831054688
485887185.2728599906 3393630.6662597656
481637232.8473483920 3151311.7690429688
486453781.5580164790 3411120.2810058594
534688545.7713983655 4008854.3232421875
486341981.1734365821 3406486.2001953125
546980539.2878675461 4062370.3164062500
481511757.8695647717 3142663.9155273438
495822758.0784841180 3669784.7607421875
527222297.3009554148 3953161.8798828125
486762817.8114446998 3423460.3735351562
523233861.5262867212 3915083.8666992188
542767192.1544467211 4043749.8325195312
532617012.2528010607 3989134.5112304688
506872557.0977649689 3820128.2578125000
494977953.4110543132 3655844.0881347656
519584228.2842094302 3894070.6196289062
518972851.6531403661 3889271.1635742188
495877152.5746718049 3674019.7216796875
515803040.9510179758 3873878.0722656250
495660382.2170554399 3667692.0952148438
514273014.8010562062 3873333.8920898438
513760584.6603043675 3865162.0615234375
498802916.4845306277 3725881.0952148438
486685749.4192765951 3412658.6743164062
548136950.3338193893 4072325.0976562500
501802903.4960408211 3758483.8671875000
545909354.5817034245 4058502.3056640625
530497082.2997978926 3982251.2089843750
530301269.4051553011 3979996.7656250000
505637310.2180962563 3783914.3051757812
495858146.0277479887 3673935.9931640625
535412638.0497429967 4015353.3662109375
485430454.2801260352 3370018.5913085938
505616814.9266095161 3783748.4375000000
489797273.0250702500 3510444.6171875000
485191276.7313596606 3360040.0029296875
485307593.6398317218 3362276.1315917969
490048248.0943190455 3518175.5151367188
498834229.3376019001 3727303.3896484375
485430454.2801260352 3370016.6079101562
485430454.2801260352 3370018.6091308594
490248968.1070722938 3527230.0808105469
539014535.0230556726 4023401.5737304688
539264259.7960468531 4031442.8491210938
487954884.4029145241 3451553.5866699219
530173638.4150903225 3969428.2875976562
529709168.0524667501 3964725.4838867188
487279566.6216136813 3432301.2866210938
487788751.3049692512 3447548.6154785156
487877101.4990103841 3451462.2541503906
488050281.2092614770 3457417.3420410156
489788773.5033677220 3510280.8520507812
