172480888.5059550405 249484.1286641955
181116639.9886354506 325564.9080152512
176166544.3197254241 288302.7729890347
179871506.9616343081 317474.0236929059
179270280.6614454687 312635.6108563542
169994205.3288358748 198628.4723201394
180390010.1554223001 320188.9312305450
170907570.1481833160 221282.7042152286
179994532.4653583467 318267.0189843774
170299785.4887554049 208740.5573772192
169712472.7666664720 187136.1012983955
180478228.4492935538 321052.2510547638
178782937.0421123505 309217.7303294539
174267066.8154906929 270945.0937181115
177193206.0130564868 297851.0552820563
169477584.8623489141 177516.6440450549
170232373.2962974012 207652.9904170632
176726500.7986927032 293944.7781007290
174476308.2563588917 272696.7567732334
183828613.9376956522 336737.6215820312
173945325.4777115881 267883.8206842542
177380091.1809857190 300072.8436039090
175734612.2263817191 285220.8271771669
174176819.2662990689 270473.1221979260
174116144.5832942426 268628.1990339756
179009481.5797939897 311418.4912821054
175535259.8146367669 283134.4490299821
175611360.6963045597 284545.4715645313
179451746.8288279772 314414.3834417462
173892387.3641774952 267043.3398470283
179661630.1053792834 315740.8855654001
175294006.3470391333 280342.3494397402
178147630.8128826320 305792.5302523971
177794432.3132453859 302689.4681186080
171807752.7860320807 238440.6215799451
182164987.9158270359 330733.6409902573
170804231.1717952490 220013.5571629915
173136002.2864764929 258487.5917782187
182076114.6741860807 330663.8321523666
170171230.6071853340 206571.5738108344
174020786.0142780542 268223.8638710156
170288577.9863122106 208164.4561529793
175087156.9979153872 279363.4558479562
170424946.8672485650 211557.2860632576
172789474.0534579158 254399.3035292029
169989139.2669416368 188372.6841688789
180929198.8630260527 324068.7192945480
169927775.3920573294 187243.4864445366
174402526.7284596264 272076.8807966709
176963889.0855914056 296291.4901177287
173569164.4711372852 263863.5998567939
175590857.8428087234 283690.7332832813
170673500.3500086069 218181.4352002144
179281245.1557672024 313246.6046777964
171015457.3447118998 224407.3481535912
179264411.6823302209 312355.7012479901
170811792.4941345751 220948.8827718496
175021452.7377827168 277652.4150060415
176292212.3094465435 289867.4424531460
173349609.1179153621 260789.1935266852
179536069.2791918516 314746.3081167340
179473562.7770696282 314521.9795595407
179219108.3146108687 312304.0024111569
172917534.5633210242 256093.9634699225
170392667.1089239120 210216.5619455650
176476495.1378679872 291487.0764366984
171100017.5939643085 226022.9016203880
179597214.4834938943 315039.0468908250
174905746.2410977483 276819.2161848545
170212216.1160780191 206800.6854010262
183575964.4284773469 335797.2789306641
170759264.4536016583 218212.5578561425
173001806.8383902907 257123.8210262656
173364454.0697335899 261147.9836439490
171371586.6729112864 231014.7384989262
170950696.6583644450 223379.5684752464
182318643.6700018644 331472.7600698471
169943541.0911363661 187584.1746777892
170471590.2608595490 213130.1951590218
178063308.3625187278 305460.6055774093
176337566.5977594256 290154.2474756241
173618296.6547087729 264311.6230501533
181004210.0013963878 324913.5736913681
184391229.1175937057 338466.2072753906
177575914.4147953689 300993.7726916671
175441637.4130790532 281834.6825027466
174610503.7044450641 274060.5275251865
181687764.5645990968 328815.2528066635
179404572.0332731605 314325.2193056345
183422308.6743026078 335337.3121948242
179150117.5708144903 312107.2421572506
173758191.9160913229 265679.5690950751
173823849.7635107040 265856.2100252509
173434969.0230511427 262499.8291048408
171046534.2678868473 225616.8024992943
171457917.0983845294 233096.7733109593
182619018.1154163778 331967.0046987534
171671297.7505198419 236093.2569956183
175180313.7524487376 279833.3169690371
177710109.8628815114 302357.5434436202
180738372.6666728556 323477.6681728363
175400689.9182628989 281659.9630635381
175725053.2908949256 285054.5040352345
170121630.1816989481 201387.0126033425
171322346.6563316882 229759.9080504179
176426407.7575326860 291231.2132050991
181534108.8104243577 328076.1337270737
183086120.9491337538 334589.2307739258
174363706.8352293372 271265.9656403065
177977127.2797861993 304045.9102649093
178270656.3166065812 306585.5056484342
184186320.3363751471 337870.7739257812
178157890.0362038016 306095.5516212583
180683175.4998304546 322820.8296899796
180615045.7891668975 322399.0535449982
181815800.0986601710 329384.0525970459
176159653.4929726124 288192.3814498782
177803625.4645038545 302743.6020892262
182037509.7516269684 330338.5755605698
181781972.7299030721 329231.2210683823
171679353.6001230776 237244.5443491340
180106962.4525973499 318919.2878530622
171958676.4878315926 242061.6240865588
171216916.4175534844 228974.2226097584
175266494.4701767266 280296.1923115849
171080457.7272467613 225702.2460826337
171026974.4011693001 224989.5002330244
181580314.8696745932 328587.8299102783
171108289.9119063616 227724.3696434498
170453809.7980359793 211643.7829218656
181111159.8104594648 325305.5526723862
177998556.4474696219 304908.2381133437
171533623.8252013326 233283.2327416539
181191032.2337124050 326229.0006170273
171746409.9114177227 237294.8911478519
175340165.5176058412 281656.0730725527
171849735.7497897744 240601.9644595981
178949661.3680957556 310689.4119090438
172646764.0155377090 251581.0302065611
181469777.6807713509 327246.7758636475
171759916.7744433582 237960.2099525630
170535125.3087730408 214371.4873782992
180985512.4036826789 324425.4204177856
179787184.5112705231 317142.0990179181
178251958.7188929021 306098.0210207403
180785931.5541317463 323855.5885648727
177869443.4516156912 303538.7116420865
177511162.4997462630 300441.4052276015
177219617.4029704630 298194.5535648465
176811295.5308217704 294629.6441677809
183975248.9598361254 337606.1088867188
177850745.8539019823 303047.4826296270
170960736.7101657987 223625.7294810712
181496104.6711721718 327593.7423162460
171390656.5239570141 231057.3722679615
177521759.4968813062 300561.2423540950
175205970.0695196390 280292.3023205996
171437824.3639148474 232378.5092508793
171647039.3684795201 235965.3206282258
179722432.5962214172 316589.7315538526
176892697.2332622707 295611.3542850614
180902920.5330969989 323921.4614820480
170583771.0486542284 216379.2603275180
178258734.2610781789 306270.6146648526
184868928.8449235857 338990.7458496094
181974615.1801238358 329943.0128431320
182564705.0365493894 331779.6232919693
170542917.5956952870 215748.6968509555
170671133.3354369402 216628.3324773014
177645357.9478324056 301805.1759795547
176742598.1802769005 294237.4403103590
178506413.1813515723 308316.4090403914
170515085.4110356569 213733.7382441312
173810272.6098062992 265757.5700716376
170660605.1311176121 216525.9083704501
176677100.0827356279 293265.8734158278
181387400.7836944163 326940.6962699890
175930970.2081614733 286293.4731925726
170386423.9641221166 209522.8651133329
180142184.3891094625 319159.5251102448
175447094.7862300873 282642.7094150484
171346496.9213666618 230762.2842724323
177036451.6168352664 297129.0815483928
180535361.7675630748 321362.6441801190
179103967.3297374547 311754.3569398522
176936963.8853711188 295816.9194390178
173151649.8585844040 259184.3675226569
171834441.3549839258 239687.5087962747
175992731.1351365447 287477.9858810306
175497523.1458070278 282807.7058659196
184892623.7680759430 339031.3125000000
175806454.9933354259 286036.2141525149
178699055.6315723062 309028.8619754910
178349601.4790371358 307087.1674526334
177353812.8510566354 299558.3243167996
177026892.6813484728 296975.1250370145
178811485.6188113391 309681.1507396102
182680380.0196931362 332128.3755798340
176037431.0822530687 287812.2077801228
170461602.0849581957 213020.9923945218
173987976.2818700373 268125.5640997291
176243688.2717145681 288821.1323406696
171276595.1247937679 229232.3037722707
177245895.7328995466 298709.0728519559
177172446.0604513586 297733.7166507840
180209086.7651074827 319207.1693973541
177608865.9368375838 301079.1469295621
174150619.2015300095 269581.5505403876
173516009.1261661649 262909.7905306220
176366720.8273701370 290666.7211200595
174319276.5999382734 271084.9745001197
178401494.7421884835 307320.2222377062
175940650.4414216280 287399.9849044681
174696442.4450275004 275139.9449598789
178971431.4039294720 311250.1249064803
182350070.3052875102 331473.4076995850
182246954.9732735157 330772.7001037598
171982528.3852600455 242678.9244682193
170977934.5201265216 223717.6972140670
170765982.5663388073 219573.7116538882
173846178.0655408204 266121.4146761298
173927745.0903953612 267520.5634182096
170923354.1940334141 222360.0767127872
173236491.1497446001 259563.9421220422
174577981.0328655839 273783.9120466709
172843960.9960384071 254975.8366989493
173421404.8777721822 262168.0895227790
172928334.6511149406 256356.1653742194
174508571.7523388863 273618.6051161289
172766491.5477966368 253889.5495843589
171890413.2546126246 241440.6524896324
182419930.2204705477 331528.7697448730
171564450.5030534267 235032.2823135853
181916046.1157368124 329643.9344635010
178675331.6269016862 308788.2218118906
178610669.9913007915 308490.8958216906
173711982.6174546778 264757.6439241767
174849547.7800285816 275993.7928602695
173062530.0992012024 257719.9361261725
173285845.3066705465 260548.1382746100
174671340.0143175721 274300.4879979193
173873262.8395311534 266854.0607046485
176218703.8700936437 288624.6991196871
173056902.0689144135 257326.3626398444
180076513.5625656247 318483.9160764813
171812563.7350963950 239483.7900980115
171588476.5127005279 235316.8321167827
174933006.2877227962 277139.4172643423
171868011.0761631727 240605.7512513995
172889941.1850443184 255221.0945399702
172657623.0871375799 252462.0599116981
175006667.1680198610 277154.3234052658
174798810.8396366537 275775.6465123892
173241383.5115128458 259755.2770412564
172181140.5863301158 245620.4115962684
172158177.1714918613 244684.7157119587
178756909.2889526188 309117.2965641022
183950111.3300510645 336764.7740478516
173124002.2033522129 257999.1865472496
183417271.4819024205 335062.5605468750
179712700.0061767101 315847.4985540509
172634659.6722993553 251526.3640273884
171944375.6386311948 241441.5490419269
172310629.2660478354 247136.6146478355
172326761.6197164357 247560.1296901405
172167037.4415340722 244862.3731996417
172599609.4462426901 251518.5105218589
180080976.6068332791 318547.4413450360
172401336.2073956728 248983.7876825035
172580582.3176210225 250980.9538478553
172184302.4347796440 246038.8729486167
183475714.2383566797 335432.3066406250
183451278.9903647006 335430.6625976562
181162080.0776744187 325628.6127767563
172264948.1920705140 246352.7254992425
180075394.1930953562 318434.1445921063
174879316.0247080028 276232.1178024784
180222349.0168368220 319367.6105344892
172178674.4044928253 245562.9635247886
172655156.9053002596 252404.6118402183
181385225.9845543802 326670.4206991196
172507042.8196052909 249992.8160028160
183631613.2022533715 335852.4845581055
172284381.0167024136 246571.9918451011
176580090.2968932688 291838.9291409254
183647785.9200406075 336047.5717773438
175028178.8051509857 277980.1914342642
175332844.2715924084 280619.9960134029
182850895.7361366451 332530.1328735352
174893983.3570648730 276616.4206823111
183033368.7812072337 333748.8523559570
172688970.0976589620 252935.2759027183
180450835.4955754876 320779.5586795807
172760863.5175098479 253413.6401605308
180690443.8959365785 323104.2856817245
174630718.6241667867 274300.1775182486
174165340.7023181915 269715.6886815131
182851211.5918511748 332706.0316772461
182870711.8831001818 333207.0333862305
182748547.8656091690 332275.4890136719
