184371514.3582910597 79393.8307380676
181948417.2323465049 73922.2252197266
177716771.8283889890 63815.6732294224
180679006.9253655374 71676.0762944221
181982283.1243465841 74080.2135490179
180135067.4221844375 70261.1258320808
183462628.6981132925 77872.8527929862
178790794.3472582400 66788.4593688250
186917337.4443733990 82850.0954284668
182466822.6457733512 75236.9547353387
183770648.9126452208 78368.6803550720
178226094.1696631014 65099.9751855992
181330174.8565079570 72810.2227935269
175059561.4063779116 52317.3388778679
184728919.9671564698 80022.7850775719
183783372.4333989322 78379.7381553650
183221152.6754786670 77111.0754103661
180343928.5905381143 70909.3167119026
175870831.4648362994 56735.3764335327
183688446.3224652410 78310.3319189628
175108144.9658988416 52738.8992134184
185747487.8615428805 81765.4486389160
183624046.9960648119 77899.8031883240
183242037.7130134702 77238.4250706434
182719798.3102635145 75643.7739263177
186690513.6342718005 82527.2207336426
180095946.5230473280 70226.1865010262
191546925.0945159197 85260.5612487793
183726190.5491192937 78338.2523415168
184394221.7343358696 79599.4192023277
174502082.7250313163 49320.8280840591
183422815.0006991029 77832.0380346854
176452287.1028515697 59111.7607295923
188127132.7277900577 84076.2668762207
184055752.5058031976 78783.1268768311
176029213.6130041182 57223.2519786768
182041253.0963443816 74175.3748726249
176280814.1703381240 58505.5703326873
175166994.5464438498 52971.9733383171
178850770.0282008350 67197.2434302568
187079542.4583812356 83215.2872619629
177476636.2222716808 62902.1898920201
176747285.5802415311 60287.7247779779
182784655.9843422174 75992.8578604236
176535510.4525677264 59722.7928840332
187092265.9791350365 83226.2521057129
187990478.2651211917 83801.0567932129
178860179.5070395470 67234.3041602373
184022922.7592275143 78767.7919769287
183338983.3556729853 77315.8836460114
180448965.4411692321 71283.3993229866
176782462.7416551411 60355.1795814447
176965237.2212660611 60920.3459651880
176811462.8653497696 60649.9097469263
189927013.5988567770 84868.0080871582
184087625.9954267144 78945.5668792725
182210361.2328990400 75072.4848937988
184580617.4518794417 79995.9490485191
177309131.0017949343 62494.3228876255
177292320.4893679023 62420.6303604059
180252787.5171638727 70716.4814457893
185726193.1806125045 81760.8962097168
177230749.2867625356 62204.5667841099
178554600.5724905729 65939.7886630297
184368294.5436278880 79360.6683478355
178909784.0310176611 67292.9149085283
188245381.0822775066 84142.0787048340
178678490.5745794773 66646.7661442757
176969274.9250850081 61258.3357093744
176072921.9137219787 57275.9024837427
175710260.2915278375 55772.7270527296
177021505.4077138901 61474.5022743158
174969947.4705352187 52087.3618576042
175024226.9397139251 52245.3846389763
174905091.4505168498 51668.2732849829
175683742.2218246460 55128.9914821796
188378266.5889113843 84188.2246398926
180581055.9215129316 71472.6661686897
174583873.0337409675 49940.7866068557
174608225.5111214519 50358.2303019240
180917501.3623511791 71918.2278943062
183347468.3579673469 77450.3138306290
191021109.2639878690 85205.8500671387
176187025.6727392972 57798.3767326288
175219174.5664512515 53423.6563610248
179257308.5362130105 68408.5108113289
176437582.0730608702 58967.2486007623
184141224.6535505056 79252.5043768883
177213938.7743354142 62130.8742568903
177764166.0378544033 63872.8142288141
174843379.4279108346 51427.8429824822
174607400.2279561460 50127.4898997024
184100349.5161804557 78956.6246795654
176179786.6288653910 57672.2581565790
175365028.8857876360 54238.7267432623
180714596.7629353106 71756.8095097542
175802211.0403469801 56411.5901336484
183983062.7462286651 78713.6984400749
178340417.1710376143 65211.9236801080
181554267.1026037633 73459.9369726777
183856792.1038905084 78417.4841933250
180524316.2944438756 71305.3448414803
176765508.4375382662 60317.8730743341
179188679.6039944589 68156.1386799812
174915539.8332755566 52060.0437728874
179491720.6226519644 68954.0017781258
182046823.0910407007 74267.1931904554
176713574.1529646814 60054.3174217157
177129754.6084416211 61644.1259265394
175067773.2732012272 52699.4711117260
179256926.7746927440 68381.7060322762
180803241.8629694581 71791.1228947639
175311869.8747841716 53626.6777433567
188657806.2277152240 84407.7455139160
179837217.6789378226 69832.2649617195
179363608.1387560964 68615.5291218758
179601624.8172467053 69268.1886663437
176196930.7827793658 58149.9348328523
180161766.8020640016 70512.8070149422
179355718.2401872873 68553.9735455513
180062506.3198464215 70150.7028889656
187538972.5702638030 83538.8582458496
179866510.0231073499 69892.1219244003
187323169.4184317887 83236.9486389160
175673213.5329818130 55100.4489683323
177176630.7470675707 61657.0880935602
175980064.2121256888 56861.4182155542
179713480.8480004370 69425.8818618059
175320835.3079076111 53991.0172657184
179775368.9497331083 69699.2866582870
181819011.9758198857 73913.4853491485
191033832.7847416103 85219.2789611816
175603516.0176460147 55009.4490436725
187526574.8432403803 83531.8551330566
177455297.4667114019 62869.4421546869
175780846.8789986074 56236.6115533523
186332886.1793240607 82470.0316467285
178012755.1174334288 64504.1038864069
179985328.9788175523 70107.7085042000
178043399.9594405890 64588.3554428034
178776450.9121948779 66724.8666520119
187512924.9631937444 83428.7902221680
187443875.0107561648 83407.7404174805
175497216.4151029289 54787.5642170124
190121514.5914353728 85025.4231872559
179705381.2744501233 69422.4864544868
175555408.1986586750 54984.8810962848
180606635.7302773297 71638.7591023445
185653112.5218624771 81594.4587097168
177932198.6722346544 64408.0261886530
175546341.3683999181 54837.6087116413
182085423.4602763653 74503.7256764174
176807748.9634234607 60613.3839919977
181274936.2374905646 72785.1266367873
178191688.0123713017 64992.4635055475
181190441.6285183728 72674.2550089797
177571292.3255683184 63652.8426711969
179178376.0256268084 68034.2693091631
188041975.6574689150 83847.1722106934
176083244.7880015075 57562.9897034578
178142188.3231141865 64748.1709945612
181028190.0493748188 72197.7945292434
175984147.2885829508 56960.7792442255
178344260.2304702699 65643.6809264421
177253531.3876354396 62328.9355972223
177486742.7425530851 62920.9435530473
179163065.2119483650 67961.8778601885
179100500.0551167130 67781.7555890083
186936820.2809668481 82922.3145446777
176360506.6690489054 58710.1598213129
188670529.7484689057 84418.7103576660
177429082.6418153048 62781.9221237116
177808455.8151568174 64142.8799849320
176497703.1055257320 59116.0974395685
186240322.3225322664 82206.8330688477
178457703.5980537534 65790.9774447680
180947235.2766017914 72113.4338114699
182079548.6973412931 74405.7852210999
176796345.4930458367 60400.9016006403
179249418.6376440823 68346.9552350044
178304743.9998645782 65171.2929122858
180819990.3508495092 71885.9771023676
177513168.0331794024 63468.2805221491
182125903.3607101440 74634.5565632582
179680359.2638857067 69341.4026837349
187500201.4424398839 83417.8253784180
185600525.3613667786 81347.6029052734
178478643.2931953669 65832.2262755418
187703606.8672484756 83712.7318725586
185174361.8798680305 80799.2704772949
184072748.2415176332 78823.1674194336
185875349.4521160722 81811.5153503418
178822746.4821741283 66869.9300109148
176679526.5171077847 59905.9361732416
183153653.5731941462 77049.6884983778
185173900.1596026719 80790.9952087402
185161638.3591142297 80788.2933654785
182204136.9863386750 74722.9521321058
181715227.5344192386 73714.6325598359
178591968.4955219626 66203.0026160479
177362015.3413238525 62628.6746108942
184547943.5957000852 79606.7594604492
177091393.7596374452 61523.9934966974
177190122.4688964486 62057.7391860895
186729294.6439430118 82788.5286254883
188390990.1096651256 84199.1894836426
182755283.2156655490 75858.2555452585
182658571.7892321050 75633.0966707468
181157312.7747729719 72656.4920263886
177510877.2486338913 63068.5458267145
176403813.1444436014 58733.4637306146
185222355.0893821418 80996.9064636230
178612062.9209732711 66370.2938414812
181786222.3927315772 73867.8853800735
182828894.7710500658 76308.6194599867
174766508.2969651520 50719.4379578345
177765145.7912943363 63994.0008590631
177188497.8601926267 62039.1794937067
183026901.2028878033 76841.1730183363
182633937.2191148698 75632.6347340345
181048780.1767722070 72204.9540320039
182827838.4864503741 76263.9842060804
181698981.1421847939 73587.0662272414
177685707.7916621864 63657.0202682428
189891081.3514501154 84788.4085998535
184997480.2195152044 80370.0432434082
184981742.6536468267 80363.7984924316
178684144.5900074840 66651.7028380632
178837918.9459237754 66872.7003966570
185235078.6101358533 81007.9642639160
176896693.2501013875 60803.0813148431
175275923.5312476754 53503.5883843116
179416845.6756176353 68810.0907330513
181361428.6723584235 73028.2110815644
181108149.0136239827 72483.6937170625
178615515.6577889323 66399.3307067156
185610904.8910148442 81556.6736450195
178995002.0055795908 67524.0364689827
178675577.5366123021 66641.5042907000
179512178.8012255132 69065.9591412544
178047183.6240796745 64693.5716293268
176639533.4052647650 59796.6974342279
178806964.5799389184 66812.4032965899
176703837.3773624301 59933.7216451578
179750684.8183063865 69564.1295514107
180065588.7044816911 70181.8602337837
179084319.8292205632 67768.7822613716
180146259.1007025540 70267.3534588814
177903214.3195401132 64262.4399764948
183403585.4338860214 77729.4972372055
176900145.9869173169 60832.1181800775
183566312.1830119193 77887.6913594007
183222062.4622926116 77145.8621662855
184969883.9548598230 80255.0985488892
181347324.3345964551 72911.1331828078
186655309.8885420859 82489.1185607910
181627415.2492290735 73538.9980688691
184824349.1679486036 80233.6843566895
183234785.9830463827 77156.9199665785
184334516.7444509864 79281.9981155396
186994385.3880600929 82986.1925964355
185623628.4117686152 81567.7314453125
186032271.8563357294 82168.9570007324
189878357.8306963146 84776.0467224121
185922781.3682139218 82094.7395935059
184797490.8348088562 80029.0692825317
176024288.2109569907 57089.3005515747
183579035.7037657201 77898.7491596937
182955335.3527611196 76512.2073506117
182956391.6373608112 76556.8426045179
185504701.9018816650 81229.3240966797
178163154.8088302314 64881.5243334544
183353747.0628572404 77573.4952839613
183260697.6717415452 77296.7140949965
189706359.8067524731 84695.6877136230
189378714.1911865175 84677.9619445801
183625202.5089808404 77959.4315937757
184347240.2652047276 79293.0559158325
187007108.9088138342 82997.1574401855
181416171.9880282581 73031.0698672524
185060597.5548083484 80624.4773254395
182586402.7665060759 75428.2910431623
182734815.5354695916 75772.8710602522
182534428.1099359989 75320.1899740696
183173119.3840763271 77057.0145710707
181950262.5166355968 74005.9224976301
189149121.9269831479 84593.4828796387
178497946.6133671701 65890.5860743297
178434689.8292456865 65673.3480067027
181998234.7032763362 74165.5833686203
178316039.4219770133 65173.0906023753
181485824.3041812778 73185.3467573822
189782908.2449513376 84749.1498718262
187783826.0107015669 83771.2077026367
190293125.2601852417 85159.9525451660
188560728.5647275150 84222.8338928223
188573452.0854812860 84233.7987365723
188586257.1747363508 84238.2895202637
188747607.5728455186 84584.9951477051
188517363.8764737546 84200.2042541504
