46039196.3837896511 6037.6772342435
56655725.8616092131 7321.5846786499
46005410.6566244215 5720.1489086858
46058459.3602546826 6133.5664554349
46008368.5130196959 5722.9539471379
46707912.7668996677 6348.6468550903
46088334.8321200609 6231.3517490140
46056993.5645024255 6042.0201812497
46020092.7340741679 5930.4909103623
46088334.8321200609 6231.3208194486
48369933.4012715220 6585.7402626276
46088334.8321200609 6230.7247882596
46088334.8321200535 6226.1235843411
46088334.8321200535 6226.4840198270
46058459.3602546826 6133.5818057767
46189230.2793609351 6240.6185053008
46058459.3602546826 6134.2013278714
46058459.3602546826 6133.8570514432
46027118.0926370472 5940.0974431745
46058459.3602546826 6133.5739475003
46058459.3602546751 6133.2300906888
56255269.1242236122 7319.0383377075
46058459.3602546901 6134.2087665311
46020092.7340741679 5931.0880859605
46020092.7340741679 5930.4834182969
46010210.7247782201 5829.5788479558
46069071.8556550220 6138.9709497205
46020092.7340741679 5931.1182907334
46027118.0926370472 5940.1208959332
46020092.7340741679 5930.7740143052
46020092.7340741679 5930.4987686387
46020092.7340741679 5931.1257293931
46020092.7340741679 5930.1470535508
46018093.4276478589 5923.3853046111
46020092.7340741679 5930.4758346787
55822417.6565519273 7317.2070999146
55826968.4003033936 7318.9620361328
46074359.5632357895 6139.0305982343
49888029.7565932423 6891.8187916185
56015041.7950861827 7319.0377120972
46031392.9435509965 6024.8945426157
48305579.7890289202 6575.2620561877
48173699.8118036911 6465.1841736501
46008681.8308030590 5827.2897286342
56292797.8401592746 7321.2256698608
46044484.0913704112 6037.9443774930
46212734.4496935755 6341.6063091269
46020092.7340741679 5930.4687622300
46207152.4818742797 6329.7037587034
46044484.0913704112 6038.2886539212
46083070.3692626357 6139.8471103421
46039196.3837896511 6037.3174167386
46027118.0926370472 5940.7323156110
46044484.0913704187 6038.2960925809
46027118.0926370472 5940.1127935163
46027118.0926370472 5940.3880391828
46163224.3444430381 6237.3431604521
46015707.1893659383 5836.2910029387
46027118.0926370546 5940.7397542706
46015768.6856933236 5839.2230776063
46027118.0926370472 5939.7610784284
46027118.0926370472 5940.4033818952
55700777.0950558260 7315.5890197754
46047634.1356619224 6040.3147898358
46008681.8308030590 5827.3199334071
55320695.1364994645 7315.0533676147
46105687.5452184454 6234.3346982317
46018093.4276478589 5923.4155093840
46010210.7247782201 5829.6090527287
46049795.8945182413 6041.9050784749
48984829.6021430418 6682.9968252182
46010210.7247782201 5829.5937100163
46008743.3271304443 5827.5899350456
54978423.3229150325 7314.1847610474
46005472.1529518068 5720.4195718578
49023502.6771988124 6773.6071303393
55664029.6276429892 7315.5652008057
54934218.1873930395 7314.1609420776
53035281.7999457046 7305.2684707642
46022289.0159308240 5936.7492111436
46010210.7247782201 5828.9667492619
53108908.8380503729 7305.4564590454
46022289.0159308240 5936.1371124497
46022289.0159308240 5936.7640732041
46022289.0159308240 5936.7794159165
46008681.8308030590 5827.3045906947
54591876.3744381666 7313.6698379517
46018093.4276478589 5922.7732059172
46018093.4276478589 5923.4001666716
46015768.6856933236 5839.2077348939
51925255.3010053560 7185.8752657920
46008743.3271304443 5827.6047971061
46008743.3271304443 5827.6201398185
46015768.6856933236 5838.5807741395
46005410.6566244215 5719.5066052190
51566561.0392508581 7184.3130709678
53198305.0556084961 7308.2985382080
53523268.7630146593 7313.2194061279
54277315.1804621145 7313.2651672363
46008430.0093470812 5723.2548150829
46005472.1529518068 5720.4344339183
46005472.1529518068 5720.4497766307
52585689.2723184824 7280.3059844971
53033672.3579181135 7280.9715194702
46003629.9411932826 5613.7946710399
51353507.6810017824 7088.6124137044
50267509.7301821336 6970.7189505454
49442317.6606683210 6864.3002007212
51460658.0358605534 7158.8235842735
48613461.6201852039 6679.3451805711
46033589.2254076526 6030.5858725718
47906966.9087747112 6462.8506382732
52340229.0572684929 7245.7629928589
46033589.2254076526 6030.5556677988
46033589.2254076526 6030.5705298594
46057880.5607752278 6109.0922408419
46033589.2254076526 6029.9435691050
46008681.8308030590 5826.6776299403
46006901.1153719202 5720.9656957613
46003943.2589766458 5717.5183538423
46003943.2589766458 5718.1304525362
46003943.2589766458 5718.1453145967
46003943.2589766458 5718.1606573091
47753600.7955198362 6423.1880202293
50875270.8086866587 7049.5317573547
50746884.0762054995 7045.5708427429
