139771191.5756006241 1765299.7314453125
139477395.4123902917 1695014.5705566406
139653192.7512697875 1738614.8989257812
143430879.1657583416 2129683.7412109375
145149648.4491505623 2221199.9184570312
157651724.1395169199 2578380.5322265625
147967071.1279449761 2333620.7680664062
157359210.3693328798 2570418.2451171875
144738747.5412986279 2202018.4780273438
143634430.7540498376 2134666.1337890625
147953031.6952564418 2326076.2465820312
158728602.8505293429 2591219.2490234375
139404899.0343335867 1662024.8198242188
139413127.5597011447 1669842.2246093750
139415445.8499841094 1676960.9165039062
148387953.8138280809 2355126.6337890625
147566698.8964760602 2319244.5883789062
147372841.6845562756 2310818.1293945312
152625283.8032768965 2477189.7529296875
147866535.2748583257 2325861.8315429688
146101464.2101547718 2259929.0708007812
144954323.2668075860 2215195.0708007812
144746737.9200405478 2202875.2426757812
149144639.9508363008 2375978.7089843750
141808954.2972713709 2011212.6450195312
146968466.5250662565 2292597.7543945312
150723060.2365815043 2423109.0634765625
142266834.5055721402 2047364.7949218750
144823771.0374665558 2207921.8833007812
140196198.1068779826 1836262.8164062500
148313350.1544612944 2343924.1772460938
143753827.9945644438 2148548.5854492188
156687484.4031042457 2566429.0292968750
150404600.3139981925 2410941.9716796875
156325929.8695904016 2558944.1679687500
149043529.6050048470 2372132.3828125000
153203507.9002643526 2492692.6191406250
144722909.6727422774 2201972.7792968750
139787350.2339050770 1767469.0649414062
143844487.3987595439 2155046.8315429688
144761529.9233225584 2205226.0415039062
149096966.4636859298 2375554.7431640625
145086232.6793902218 2220183.0781250000
144612746.3732343912 2196452.6000976562
150312769.3838724792 2407246.3369140625
157432375.4455732405 2570651.5322265625
141616454.4910415411 1993947.9096679688
149881886.4724008143 2401605.7402343750
139513790.1516561210 1700971.0656738281
144692761.2327131927 2200767.1064453125
165185568.7647930384 2678949.1962890625
139671320.0494262278 1741636.5202636719
145208385.5848564804 2227766.0590820312
147666557.0436347723 2319672.8471679688
150586581.1947073638 2419020.1123046875
144437555.7514468729 2188528.0087890625
145643977.1696733832 2242579.1386718750
144508663.7576994598 2191770.4799804688
172205571.0569410026 2739867.5283203125
145771271.7093353570 2247813.6220703125
143820222.1852339208 2151315.6508789062
142789840.3942272663 2087100.4555664062
139812338.0818907917 1774309.3886718750
145716677.6617760360 2244185.1411132812
139439861.3974930644 1679257.6596679688
144816175.8542705178 2207553.6411132812
152789442.9766645133 2479848.8876953125
145684686.4805225432 2243317.0244140625
143717048.5666376352 2145654.6542968750
143734139.5076067746 2146510.2343750000
148809180.6896095276 2363635.5556640625
143411470.5862448215 2126897.5498046875
141171895.1522007883 1955748.4550781250
141057578.0553462505 1946117.2958984375
144810357.5465970635 2205545.8950195312
148858569.7623277605 2365581.3535156250
141918194.9870676398 2023558.2353515625
139390187.4185273945 1660411.3129882812
144431737.4437734187 2186520.2626953125
139528245.8562099934 1711898.8830566406
149221938.1043682396 2376862.8330078125
140003065.6306314766 1809740.2392578125
149238715.7887789309 2379483.2500000000
139571467.8709856272 1721791.7121582031
147675884.2673456669 2321764.8178710938
142590217.0771262050 2072230.1552734375
147673228.3287774026 2321232.8305664062
143005350.8783004880 2100646.4643554688
145169206.4144333899 2222169.1196289062
143198710.7731096447 2112851.8994140625
146711400.9361751676 2283350.0502929688
148711309.6521709859 2363155.6630859375
139370196.9339938760 1655295.4462890625
157626103.9827595055 2571801.6669921875
171232867.8920621574 2721315.2099609375
152964256.3583773673 2485303.0078125000
139554939.5121083856 1718417.7150878906
146630995.6047825813 2281262.6401367188
160657446.0584675074 2621189.6494140625
160907273.3960334957 2628456.5380859375
143248665.9411765933 2117209.6381835938
150283673.2351613045 2404894.3271484375
148789224.4597632885 2363586.7841796875
153248278.4772340059 2494468.9951171875
142426206.8708940446 2056665.4492187500
159957223.7329956591 2604092.2861328125
159574960.3006906211 2601331.8798828125
143646706.3275573254 2138836.0244140625
151603131.0003716946 2442800.3730468750
139711621.9660199583 1750763.7436523438
154393062.2751496136 2513077.0927734375
151821371.3874083757 2449327.7968750000
142051324.0214989781 2033818.7861328125
139677424.0357056558 1745275.4367675781
139510583.0618856251 1700394.6647949219
139718890.6144172847 1753858.3100585938
141429861.4063637555 1979663.9086914062
142645450.4775573015 2076414.7021484375
144410532.8524599969 2185853.1347656250
142550607.8624708652 2070629.7456054688
141415377.0018474162 1976568.6899414062
155611783.4373558164 2550450.6386718750
155342094.3322206438 2544670.5839843750
147127215.3947309554 2300374.6811523438
147067206.3944397569 2300066.7192382812
143691318.9230324328 2139936.3325195312
158829147.7463099658 2592392.7900390625
139746023.6972496808 1763192.5000000000
144307112.8732838631 2180950.8520507812
142091583.8214294016 2034886.8618164062
142578121.8869145811 2071437.5200195312
149051640.5672847927 2375339.4873046875
140431174.5137234628 1868992.6284179688
143056845.0499400795 2101649.5581054688
148040750.8178978562 2337220.5786132812
157622658.7742824554 2571620.4794921875
146483320.4131834805 2273823.4985351562
157350376.5078544915 2567376.6826171875
147151966.5621907413 2301460.7504882812
140608624.6853522360 1893580.1821289062
146331617.5627399087 2265654.7456054688
142179268.5195502341 2041140.1108398438
144371955.5916280746 2182050.5117187500
142484561.2414485216 2065170.7553710938
142905599.0613079667 2094543.6948242188
150231192.2833580971 2403606.9775390625
146703968.6870665550 2282448.8500976562
142350054.3617232442 2052625.8129882812
146727213.8195222020 2285659.5092773438
140416191.7603347301 1866015.3237304688
155328355.6070607603 2540370.6376953125
142333838.9230948985 2051170.3051757812
141952771.2818925381 2024565.9731445312
148970539.4687612653 2367998.1738281250
150376017.9421176016 2410151.3056640625
149258795.5998682082 2381265.9501953125
146658823.2673259974 2281330.6079101562
141336200.1073097587 1969871.4506835938
147242568.8827597201 2305165.9428710938
154024141.6558496952 2502474.6191406250
147038896.6639069617 2299011.0239257812
146734482.4679195285 2286156.2211914062
147165810.8581753075 2304896.0151367188
141786409.2013018131 2010003.1083984375
155782288.5531035662 2551855.5722656250
155259967.5117913187 2539699.2646484375
153957204.3447518647 2502336.1591796875
158050239.4851329923 2584857.7558593750
150816579.2313265204 2427018.5634765625
141736849.2732333243 2003724.3022460938
142524247.7677822709 2068639.1235351562
142746774.6538544893 2082961.5913085938
140822792.2513569593 1919836.0566406250
143236619.9239412248 2113436.0605468750
157770199.2814363539 2581256.0908203125
143089716.1573664844 2104561.6948242188
147533654.3981554210 2316566.9711914062
141392434.3199200630 1975579.9863281250
143335270.7083750367 2121777.3417968750
144056180.3780317903 2165006.7978515625
140110392.7082085907 1827275.1333007812
140083470.5360778868 1819956.6430664062
140462135.3740684688 1874206.0952148438
140237703.3289301097 1843844.8994140625
139954519.7568810284 1802090.0170898438
139736327.5660680830 1756843.3247070312
150697416.2325616479 2420296.8984375000
140581081.1637352705 1888875.2949218750
140230987.2805804312 1840491.3447265625
139880877.2918500304 1787040.9433593750
153941146.4292080700 2499197.0986328125
140627375.0936500132 1898258.2075195312
149542972.3925254941 2383079.9326171875
141674036.5573484004 2001766.7133789062
152408831.8324492276 2465962.2460937500
148001038.0674196780 2336182.2436523438
151538128.0791082680 2434559.4570312500
172177368.7572087646 2735138.7080078125
139978847.4464895427 1806536.0595703125
142007089.5975744128 2030246.7070312500
147747914.9659166932 2324979.1743164062
151517555.5960690677 2433280.4228515625
139898667.7503104806 1794373.0639648438
140715414.3777238727 1906857.7543945312
154790128.4450640082 2533464.8398437500
146334663.9894433618 2269412.4653320312
140882929.8527935743 1926914.5600585938
140086065.0186001062 1822829.0908203125
167364560.6021168530 2690981.4287109375
167644449.0828306675 2697739.8818359375
146324479.0234472156 2265590.8691406250
146039944.9714336693 2252211.1435546875
141014715.6385593712 1941606.1298828125
152537681.0874425173 2470987.9560546875
152757750.8890659511 2479133.5439453125
161895931.5884745717 2637749.0019531250
159044348.9493577182 2595037.0761718750
140704157.4435849488 1905585.1997070312
152846231.9510376751 2481842.5654296875
153139676.2763665617 2490811.4892578125
151300808.1247192621 2431868.4248046875
153010832.4440984130 2487509.0849609375
153366530.7974762321 2497606.4384765625
146584049.4769250751 2278486.2827148438
149631436.9394494295 2386518.2832031250
173343693.0160395205 2755205.8271484375
153149262.9141662717 2490903.1669921875
161676590.2422949672 2631985.4765625000
159117933.7596486211 2597929.6425781250
150758736.0187155306 2426519.3505859375
160362353.1603364944 2620901.1699218750
141363766.6816499829 1974705.4428710938
173308740.0650561452 2755064.8583984375
163533718.6732847095 2655433.6640625000
147959214.5086541176 2332791.2143554688
141256203.2258810997 1962163.9584960938
141610770.9859360456 1993527.3466796875
148974787.4297429621 2370018.6406250000
139710908.0636191666 1749145.6406250000
172902772.7815229595 2751202.7353515625
140542357.8860048950 1884655.1577148438
163059060.0263246894 2654350.0869140625
162889312.9777548909 2653545.1181640625
173220333.9856552780 2754785.0361328125
173166363.9084955454 2753190.2392578125
140501246.8117190897 1880605.4174804688
139975074.6616485715 1804837.5141601562
140445447.1810379624 1873638.4038085938
151952426.0791290104 2451101.3154296875
140419951.9297983944 1868007.3271484375
141630413.2378367782 1997227.6416015625
139730813.2208856642 1756739.5795898438
139809874.2409080267 1773867.4428710938
140816477.4713104367 1918426.3535156250
140592880.0494484603 1890641.0180664062
141296933.1521067619 1965288.0834960938
170525907.8675969243 2716209.4404296875
140645217.5544733107 1899592.8364257812
155167695.4895045757 2536382.4638671875
140382300.5428344607 1861508.5932617188
140466245.8597131073 1877390.2397460938
149809400.8191295564 2390324.7275390625
172156130.9618318677 2734811.3916015625
172786070.4184180498 2749824.8876953125
172007838.2771476209 2732399.8408203125
139475432.3169862032 1690731.8535156250
141559055.7336444855 1989682.6645507812
172600381.1494384408 2747995.2841796875
140404460.6320070922 1865240.7924804688
141324387.3433537483 1969385.7465820312
140349608.5013891160 1859737.4497070312
141589302.1635509729 1993224.8598632812
164585851.6284014881 2668686.9003906250
141258118.6741426885 1962825.5932617188
164098003.1002137065 2666466.3857421875
163873606.7867817581 2661230.3173828125
139843529.3999294639 1784098.4404296875
140387996.9534977973 1862109.5156250000
139380965.3342663944 1658875.6894531250
140390719.5756749213 1863787.1899414062
140369250.7532898486 1860712.1416015625
152219148.0685413480 2457033.8027343750
139879771.8200444877 1786340.3095703125
153093775.5852937102 2488898.8828125000
149756950.1401323080 2389680.4951171875
152601109.1990508139 2471400.0507812500
163620164.6686646938 2656109.9775390625
141222779.6466346085 1959142.7626953125
141629561.9634813368 1994442.3315429688
141543009.9703826606 1987426.2021484375
170323206.2189136446 2710374.1123046875
141089334.2973941267 1947041.7119140625
169584356.2801333070 2706032.1826171875
169290784.6180309057 2702631.9013671875
171730857.5334416926 2725585.4228515625
164522001.5345658064 2666773.2548828125
169683348.5080165565 2707353.9970703125
170036504.9858665764 2709769.1005859375
171998790.3709720671 2728418.7529296875
166273104.7251745164 2687666.9091796875
