571788770.6051172018 5035630.6718750000
565658234.6959520578 4902718.4951171875
570329717.0059087276 5005084.3769531250
553173365.9356814623 4407752.3491210938
570537977.0927544832 5010956.9296875000
553447704.7347103357 4418741.2778320312
556656931.1028259993 4619191.6904296875
556250647.8158619404 4608463.8671875000
556069557.6904264688 4601523.9179687500
554008293.6362649202 4446897.8613281250
556352460.8760725260 4613551.1137695312
576912135.8662079573 5128785.5712890625
570818170.3339475393 5018196.5039062500
560095651.4297944307 4756936.4531250000
579863516.1342942715 5173336.6923828125
556228324.1796061993 4604864.0712890625
578333261.9911690950 5149637.3349609375
622926414.7512297630 5451954.7294921875
581329498.1636190414 5192092.5830078125
554375232.4792401791 4479763.8833007812
589898808.2111467123 5284134.2265625000
554205646.3325120211 4471959.1162109375
556045831.2607663870 4588715.5644531250
579483533.2885323763 5168392.3144531250
578930532.7438507080 5163433.1464843750
579658271.1320459843 5170008.2392578125
579217221.9066870213 5167306.9482421875
554582567.0260578394 4497789.4887695312
555830884.3945333958 4583391.2949218750
554406710.3313434124 4489047.3627929688
554432949.4332225323 4495337.6958007812
580395802.2311456203 5183589.8593750000
557935101.0501793623 4679969.1875000000
573049287.9386072159 5053604.2919921875
575142519.0888113976 5093251.0234375000
578595551.1255331039 5152758.1142578125
573201066.4535069466 5058606.3310546875
555867966.1634119749 4584111.9355468750
556714410.6133608818 4643732.2778320312
555931643.9200994968 4588003.8369140625
579386028.0520865917 5168293.7207031250
578609315.1087555885 5155462.0986328125
578775484.6562664509 5159171.0664062500
578364890.6073476076 5150586.5048828125
578373354.6664376259 5150590.2929687500
578055236.7057009935 5149108.7607421875
554104865.9022210836 4452538.9853515625
557299975.6628417969 4652156.7104492188
575389582.4696701765 5099381.5478515625
555190561.6729156971 4567350.6376953125
557361508.7686704397 4655555.1254882812
590003900.3032124043 5288079.0341796875
555563831.8917701244 4574619.0615234375
555489848.9453289509 4570472.1064453125
555719846.7689657211 4581665.9951171875
554182808.9438575506 4459270.1889648438
553525174.8261634111 4419639.5297851562
556954471.0541521311 4650297.3706054688
556003455.9205447435 4588464.6630859375
553776003.3350155354 4446319.3139648438
555222276.7085317373 4569024.2431640625
581644492.5171663761 5194165.9960937500
581644492.5171658993 5194132.5878906250
576916692.9868242741 5134383.8486328125
581644492.5171660185 5194149.4414062500
557461749.6289216280 4658069.5346679688
553674058.7934192419 4425148.4555664062
581540908.5610740185 5193830.7011718750
557472902.0631563663 4658142.4453125000
580020519.9431915283 5177876.9501953125
578888373.3323990107 5161177.6523437500
578919853.7851625681 5161690.0957031250
557785086.1058709621 4672602.5024414062
554676771.5918663740 4524495.9082031250
622669721.4985918999 5451462.8583984375
579563673.0513343811 5168814.6123046875
567907399.1804516315 4968845.5312500000
558376564.6565338373 4706666.8515625000
558692735.1904714108 4714261.1416015625
565989629.9022488594 4923553.6621093750
567840522.1128010750 4965784.5615234375
559101416.6832631826 4733878.8642578125
611077786.8355131149 5419495.3320312500
558776990.7559900284 4721875.2539062500
559221094.9923899174 4737358.0214843750
564983994.0790557861 4897209.2763671875
564385701.6234463453 4885290.6220703125
564078179.1576858759 4879990.1757812500
562466262.9902492762 4844933.6210937500
564058875.8227685690 4879408.3789062500
563185301.3985170126 4859456.2500000000
563736381.0019655228 4877343.9570312500
563602668.2551801205 4875491.5507812500
582020712.2001819611 5200875.7714843750
571534723.0777292252 5034820.8056640625
561283712.0867513418 4808211.8027343750
570854305.1925027370 5021937.9140625000
577272717.6676620245 5137782.5791015625
559871387.4249486923 4756321.4375000000
579637544.2278915644 5169877.3359375000
610859895.7595628500 5418973.8818359375
564782255.1539528370 4889964.2480468750
569780287.6096156836 5001687.9628906250
577724632.2894552946 5138543.3994140625
571342898.8214237690 5031697.1132812500
569146713.9223942757 4991865.5830078125
567105462.1575897932 4953254.5830078125
566346533.0081682205 4939759.5693359375
566764277.6918777227 4948719.8359375000
569262648.7490379810 4996268.7705078125
565717639.5041351318 4923271.1367187500
569151280.7854905128 4992332.2050781250
566097441.7436133623 4923728.8554687500
566151322.8616682291 4927497.6650390625
567403086.2396600246 4957311.3798828125
569664784.7569258213 4999076.7070312500
562945920.3708536625 4853469.1337890625
563363665.0545631647 4862576.4287109375
569621700.1209107637 4997392.1855468750
567569194.3742091656 4961972.9580078125
567465953.6640583277 4958822.1591796875
565202772.1934813261 4901061.4062500000
568251761.2594462633 4970061.5566406250
568507234.5033072233 4979216.8925781250
568759225.7132244110 4987345.7773437500
568705898.2093932629 4985000.0654296875
568253952.2052026987 4976775.2304687500
564935129.3258806467 4896668.3378906250
569674660.7828454971 5000488.7910156250
564851587.8950747252 4892443.6152343750
618614033.0026724339 5440331.1240234375
622896739.7244757414 5451495.6083984375
564914792.8663094044 4894751.1542968750
571029584.1173207760 5025605.3779296875
622566585.7028181553 5450281.5126953125
560799145.6346058846 4789535.5800781250
555115452.9963822365 4541137.0517578125
559317645.2952222824 4741422.5000000000
570897781.7217922211 5023398.0488281250
571400008.9616630077 5033076.4042968750
560606121.0835001469 4780527.5712890625
554720070.5849893093 4537039.2890625000
585323535.7303538322 5245570.4775390625
557588996.3057082891 4667666.2617187500
555174150.3878412247 4548558.6220703125
619438400.5106421709 5443528.4414062500
560290751.9762051105 4777240.4179687500
581011299.7618186474 5188885.7792968750
581137372.5493278503 5189914.8554687500
619119308.4760507345 5442579.9316406250
560224005.9583833218 4765918.8994140625
560258593.4538701773 4771940.1533203125
557991955.4872379303 4690763.4794921875
617447342.6274037361 5440307.2529296875
561041715.8977741003 4802364.0927734375
560815306.4113099575 4794429.1025390625
559714905.1156744957 4750769.2441406250
619291384.3154561520 5442605.2890625000
617169965.4690688848 5439521.3681640625
616939956.4549833536 5439513.6572265625
559658741.6013069153 4743346.9306640625
561151157.6465674639 4802487.2333984375
560972433.1185221672 4801089.8007812500
560131855.2674510479 4765780.9199218750
615958668.5282160044 5434008.4453125000
619077583.6462931633 5440345.2314453125
558213998.4896775484 4696122.3583984375
619525895.7765635252 5444191.8632812500
562103057.3579630852 4830923.9023437500
561891840.4085553885 4823699.1259765625
582169724.8266803026 5207658.7226562500
562061023.4750959873 4825340.5429687500
562308383.0435291529 4834101.1093750000
620979652.5304687023 5446737.0615234375
558443421.9543135166 4709982.5820312500
558532454.4871360064 4711360.4716796875
558605643.5528564453 4713735.1298828125
616650733.0467208624 5434040.6494140625
593181397.3952958584 5321321.0966796875
583475366.6067891121 5222128.6601562500
560715409.2505279779 4782629.2153320312
621612397.9831758738 5449484.6806640625
622073757.4781051874 5449656.8994140625
593089440.5541986227 5320632.0205078125
593605019.7304240465 5327510.8574218750
584273296.5860811472 5238246.6943359375
584825718.5773788691 5244125.9277343750
584226214.9642816782 5235044.3300781250
595504892.6990017891 5347193.7226562500
590630438.9376193285 5295262.7392578125
593431852.0370610952 5322090.8925781250
599777378.5256592035 5375914.7851562500
599388468.7672399282 5370514.7675781250
584999486.6635588408 5244916.1132812500
585694899.7560194731 5254536.5976562500
584999486.6635589600 5245034.7128906250
598010211.8149799109 5363442.9501953125
598325355.4176212549 5367290.7685546875
599669185.6082818508 5373911.4062500000
598113320.9784470797 5365344.2832031250
597467129.4384673834 5358457.9550781250
590082069.4279646873 5289165.0996093750
590082069.4279646873 5288900.0791015625
590082069.4279645681 5288875.3681640625
594951574.7220100164 5342603.5253906250
595391169.9779098034 5344518.7138671875
595240818.5252348185 5344376.8759765625
593579540.6176193953 5326225.8085937500
593877983.4291888475 5332557.5957031250
588313345.1917469501 5276539.1767578125
600496969.8681819439 5378777.5166015625
586463561.6490143538 5262158.1562500000
588631689.1642776728 5281668.6933593750
587715475.5870507956 5272598.7763671875
587721752.6564772129 5272610.5732421875
587582520.1890443563 5268904.3681640625
586371417.8423249722 5259383.1093750000
588356342.4835588932 5278325.9921875000
587141344.2467694283 5266554.1123046875
594414864.5452164412 5337125.8652343750
594130102.2214446068 5334189.3007812500
576823008.7029955387 5126528.6484375000
573264412.7960773706 5061449.6689453125
573285484.3326510191 5066239.5390625000
573457540.2629785538 5067362.1650390625
572529618.8651157618 5051353.1210937500
597707895.3380911350 5361015.1279296875
581931153.2588726282 5200439.6113281250
583473576.6020871401 5220675.2529296875
583558101.3170732260 5224324.8164062500
582764542.7915521860 5212609.3173828125
597172131.4533668756 5356133.7773437500
583649927.7045165300 5226591.9228515625
574618700.4875251055 5085418.9257812500
583264123.6620804071 5217714.6201171875
574971340.5996260643 5092021.7539062500
574729727.1987611055 5090061.3789062500
572461748.3889237642 5048845.7431640625
573599380.6827913523 5069686.4931640625
573599380.6827915907 5069687.1123046875
575725590.8062664270 5105352.4052734375
575267237.8073281050 5096987.7841796875
575429425.2209420204 5102989.9208984375
569993887.5473308563 5004999.7011718750
596516458.8115453720 5351583.3095703125
602099874.1838830709 5388102.8300781250
602099874.1838830709 5388032.1289062500
601520096.3463616371 5384224.3515625000
602283845.1849055290 5388246.4970703125
601671990.8474298716 5387371.3837890625
576382994.7832134962 5114053.1962890625
576382994.7832134962 5113840.1699218750
601797682.1956646442 5387452.9736328125
599767762.4698742628 5374425.8759765625
601176086.8842169046 5384215.5546875000
599794340.0363895893 5377020.1972656250
611084835.4748252630 5419742.3994140625
609667287.1302393675 5418746.9248046875
611146903.8690561056 5421644.1513671875
592299185.9511440992 5315701.9960937500
591771248.3422597647 5309261.5263671875
591441118.1642762423 5307795.1621093750
592890935.1401824951 5318241.9931640625
592089014.8732585907 5312812.7646484375
590816587.4111956358 5298332.0283203125
591390918.8246921301 5305488.2275390625
590143261.5308500528 5293058.6220703125
602750576.9706954956 5395155.9140625000
608627194.1949533224 5418018.5000000000
608425918.9390677214 5417555.2792968750
597048717.2887930870 5354544.1533203125
597048717.2887929678 5354297.0419921875
608300367.4493416548 5416866.5664062500
607808565.5215418339 5416602.6894531250
607501211.8519339561 5416077.7187500000
606928842.2548282146 5415659.6132812500
606754504.0013154745 5413926.9667968750
606331973.8583194017 5411306.1816406250
606029205.8847109079 5408965.7226562500
604655968.0505696535 5403015.9384765625
604669526.8478595018 5403093.4833984375
605756965.0129684210 5407827.8613281250
604520117.8551483154 5401982.6455078125
603923877.6347299814 5397359.6533203125
604186766.6261737347 5400429.8369140625
603981489.3811169863 5398591.8955078125
603670463.2648552656 5396223.6132812500
614548831.0125626326 5429682.4892578125
611040742.6025575399 5419167.5595703125
615607413.7157233953 5431266.4902343750
615581926.5387582779 5431140.5683593750
615377692.5055086613 5430734.8769531250
615809396.3734762669 5431867.6640625000
613729844.4135962725 5427471.4726562500
613153567.9412043095 5424392.8281250000
612609177.7051122189 5424324.9609375000
612609177.7051122189 5424184.7792968750
613161789.7721307278 5424675.9824218750
613208878.2119697332 5425126.9687500000
612474004.9406597614 5423617.1738281250
