283211970.7098885179 10195.1185057759
222672299.2377728224 1387.7163985026
247862303.1816057265 5937.2329542190
223778288.5814937353 1712.9223852562
222735772.9192286134 1399.8071307105
259548414.2937497497 7185.0903301787
223108859.5876282454 1509.4481371802
222429277.3962827623 1270.8056050475
244181646.7174401879 5430.5869577127
251446747.4391479194 6375.2013654262
282756504.9087012410 10186.1321901083
233160428.7307047546 3427.9704558636
223161354.0454403162 1509.9839724464
285742305.1064670682 10496.0715604927
222559080.8680509031 1347.4425170518
222386312.9603030086 1151.0044681366
223016785.0014646053 1508.0414523048
252056947.8642022312 6564.0767385245
287278148.7023614049 10726.2615335137
287466333.8436993361 10734.0417039543
233299231.1328832209 3429.4130697484
245338628.2012344003 5598.6413027393
264895611.9776722193 7615.4495743912
223416061.0444291532 1608.8424689931
223608037.9160044193 1705.2140137213
250321936.8210842311 6265.1956790388
286337227.2323241234 10524.0182868149
274016323.4434412122 8572.5550643809
264065572.0352133214 7565.2252968948
281450671.9066427946 9825.3287190199
222488847.1140635312 1287.5504886444
279459249.4962751269 9695.1350868940
282694604.0491231680 10182.2596285939
243797599.8931222260 5289.3261600481
242846253.2022885978 5210.7300144183
223318305.0769209862 1595.3849503057
230311738.8136411607 2718.1407188113
229564299.5697378218 2629.6384223635
222578590.8823421896 1370.9730579193
279921064.9579221606 9767.2161902338
223573854.1016669273 1670.4944489975
223146248.8590711355 1509.5914400977
223054031.7524821758 1509.4008112289
273550914.5551253557 8450.3878629513
273085557.7082496881 8396.5464895077
291848147.8880328536 11209.1989555359
228285707.1225206256 2395.2398502617
227918796.0186347365 2304.9882231637
278537616.4148176908 9642.5911128819
240117576.9936275780 4664.0221461849
287798218.8109385967 10800.0265586376
265209297.3278722167 7794.5280899965
275682351.0948457122 8913.8739058822
285361092.8015806675 10370.2183979005
284748780.7219971418 10323.9783746749
232632948.1862002313 3319.1114045467
260250316.1870460510 7237.6991667252
290875546.1108071804 11123.6788635254
291487746.2501714230 11202.5110282898
222693044.8537048399 1389.6940522667
289199520.5624217987 10892.2683057785
290948389.3153764606 11156.0360507965
282334202.4112618566 10175.5717013478
222876887.1287025809 1484.3600167568
276280121.7579630017 9148.5752551556
281432046.0400194526 9792.5831805468
281523683.6611539125 9891.8246737719
273563599.0040088296 8566.6124603159
227106637.4709602892 2089.0967727013
222574241.2285748124 1370.2078517462
230825383.3961805999 2866.2406208100
223396953.9270723462 1595.6664331885
282262963.7672308683 10118.2607380545
270004218.5400414467 8107.3963132352
269357901.0900840163 8090.1667223236
222693774.3448680043 1391.5516453040
250376643.8043926060 6374.9360913783
222421119.6742577851 1262.7950808654
291395423.4486003518 11190.8576354980
254385690.4800340235 6770.4603714794
253719453.6356641948 6702.6026711315
229288299.4276306331 2452.1985428765
228486063.6460817456 2414.7667496636
222394927.7076444626 1183.6496085869
271474450.4773371220 8228.3601523897
277589443.8022266030 9198.6269113719
222534855.3358434439 1344.3672158456
266094386.8402980268 7876.3182552509
246102302.8225617409 5669.6156901317
245290995.5620683432 5595.4039820628
249313822.8110324144 6184.1838372135
248464299.5528713465 6047.6153070778
223268720.6222167611 1524.0200903667
258647816.6831998229 7154.0576674294
231501754.2734461725 2893.6842797085
230458689.5667395294 2758.8478147838
222456373.9863237441 1280.2267006602
253315835.3399065435 6652.1075463146
223878461.7450385988 1714.3737458354
222455899.8302743733 1278.8991658342
231633572.6287228763 2977.8270701836
230915108.3795634806 2868.3079588268
222433182.2913201153 1278.1646864665
223312964.5455582738 1595.3143366309
268000254.7867367566 7898.2583631984
222969217.6779103577 1501.6088264150
222467394.9730117619 1280.2339082237
252570455.0695012808 6627.5213424996
252286147.5270546675 6619.9530746774
222633616.8211206794 1387.6248305095
222408803.0200639069 1261.1160938080
287017316.1580662727 10616.8390586376
260845929.0871727765 7433.1273380816
254541162.7446878254 6783.1566866379
247621106.3309316337 5857.4310332686
247706801.8417418301 5936.9585048109
223250876.3938288391 1515.2176127660
229354088.3638211787 2540.9956420295
235108743.1565183699 3715.6467547539
234836177.0373635590 3688.2098336882
288550221.1575980783 10837.3945107460
222950827.6283023953 1488.7085733043
272086629.2660198808 8299.1341163665
249187750.2300110459 6131.1394609064
248582387.7377385497 6049.0930894464
284362612.7392719388 10219.9982785058
287932992.1146509647 10824.2699227333
253433923.5247737467 6653.5815079063
244635029.1276871860 5460.1206986802
239565879.9087799489 4625.8055136250
286795369.3373318315 10605.7631766796
263518977.4776529670 7509.4478655206
286194939.3513503075 10503.3683883399
223684356.9446101189 1706.1959827375
245473203.0961576402 5607.9581303345
241838463.0579846501 5020.2164072888
284581600.0108655095 10222.3084974289
268860584.6210075617 7957.1380936056
236468057.8735543191 4121.4689366247
265101078.9229526520 7713.3877882706
244711705.4704297483 5553.1923984783
288704246.3098443747 10860.9345879555
290366107.3565471768 11020.9629936218
290443086.3604155779 11035.7850933075
242262954.6038560271 5130.1925043957
224118930.6972241402 1730.2318626509
227611147.8809493184 2198.9786199571
255982711.5841626823 6891.7401649333
225529401.6723196507 1749.3437419033
238643337.9656373560 4492.7485273492
289476969.4983888268 10894.6840114594
290513720.7429734468 11075.9985961914
240602408.1936418712 4875.1449058604
290794090.1865726709 11078.9593276978
227591073.8274923563 2092.0917772818
252588629.0530255735 6640.0915479213
251760295.4208714068 6487.4941214758
234156012.5840487182 3466.0851130895
262783401.7006819248 7453.5434787991
262631723.4924660921 7450.1505840542
229198448.9841667414 2426.3344508198
263817396.0421404243 7534.3512279957
257172595.2920591831 7046.7712055265
237788424.1618347764 4260.6081053419
234370694.4789583683 3480.5531131146
238356208.4036424756 4374.2231483264
237779213.9464721978 4182.2940716399
241079190.8166803122 4972.7633542969
226737276.3370303214 1954.8441181136
226275544.9721013606 1838.6335652918
230045951.3446668386 2632.8746042475
235463730.1376837492 3813.0343397510
239035044.0548923612 4586.4930008594
