793394249.3032132387 547500.8621666061
794009199.6354944706 554304.3099710105
798465607.8055005074 616305.9203235938
797092384.0118131638 602163.9454742374
797137432.4578385353 605975.1839996281
937658487.1302851439 1153356.9629898071
795094594.5051220655 570002.0648178386
788429022.9237407446 402250.9021069109
788457828.0264540911 405550.1163403094
788527883.1095699072 418474.4336721282
788885433.5893669128 430538.7201198246
788821354.7150636911 428019.9684266951
789078042.8045641184 438971.6669304161
789042172.0207474232 436711.6607910972
789192885.2142410278 443800.0229777963
789236432.5496050119 444944.5278679710
790248087.9778288603 479364.9562518195
790615001.9707560539 489297.8762673036
790532324.8229252100 488427.5853717563
793079487.3834393024 542822.6916715729
788527468.6637884378 409981.7394260466
788721893.0081280470 424093.4928083848
788773509.6760176420 424397.6485319044
789020661.9725353718 435675.2592603951
789747320.1154263020 467867.0358396781
789784444.2383785248 468261.8551017357
791069683.4619995356 503890.1856082543
791718350.7885805368 515916.5239780154
796640524.6063742638 589188.6361878796
937559963.5414317846 1153052.3073501587
799599146.0639220476 631527.0445749292
788518870.3216683865 409535.4568791017
789133251.6896884441 440388.1352162939
789142160.7793337107 440822.2168328147
789345118.8037202358 452044.6450481088
789573592.9469895363 462079.9478053720
790440148.6150797606 483090.8991979001
790962073.9307810068 497263.8619473520
790881271.0238355398 496082.1034660580
793008023.3816837072 541449.5618849623
789424227.1084809303 455723.6350284828
789671201.9940332174 464178.4144429833
790530064.7042790651 486153.6574642257
791276494.9014781713 507231.8074904116
791655848.3793455362 514691.6074092367
791500072.5450818539 511640.9487650599
792882612.9451225996 535899.6258957677
796820211.3564580679 596490.8416639867
789099552.8527758121 440008.0684611183
790330841.4016381502 482820.1160089568
792222547.6826325655 526554.4099826443
792933331.5568027496 538172.7756754982
791649097.7838308811 513495.4642349461
792113584.8469033241 522348.4888833745
795166190.3182399273 573910.7644321027
793147456.2740771770 543378.5511314499
793196074.8761491776 544867.5006690382
798064990.0349417925 616066.2638495846
799178550.4056565762 623633.3710317097
788953840.5024394989 432182.9790844303
788869522.1728044748 428060.6680492740
789004406.5099054575 432273.7240905445
789014788.4875552654 435463.3194397371
791207263.5179135799 505043.9505620537
792972282.1104239225 538551.0709938982
792589138.7489733696 534752.8936731198
791467468.5921165943 510489.6414810645
793532431.8293658495 551619.9292465805
795528944.3528298140 578343.5367648809
794724960.0676523447 562672.1473420544
794470216.5704811811 559180.2645383074
789724311.3095282316 464871.2008196128
790238392.1720755100 479066.0240009961
790661804.0928709507 489806.2624779221
790195004.9898495674 478697.8049738006
790749301.3313647509 493796.5963860032
791588856.5788551569 513433.1295014281
792231547.2110644579 526976.7036460021
791951006.6617922783 521843.2841448763
791907720.4009929895 519773.0865077206
799552840.3896543980 626134.5123119277
800203328.9228291512 635735.5970500323
789006516.2750288248 432362.7792166155
788916795.0886973143 432076.1667636018
789601375.5676000118 462864.2628158220
790069602.9236365557 474943.7129658399
792179171.1125595570 523107.4937020692
791903852.8656115532 518985.1410583484
791783837.6405673027 517720.9731097200
791808404.4133418798 518248.5780706385
797860510.0557814837 610313.5322488828
820443167.8440333605 761480.3604431609
797939980.9046045542 612640.6914477630
789741547.3240255117 467477.6286763818
790714643.8756643534 493437.5186876749
791039311.7556085587 500846.8524842797
791219837.8513549566 506635.5971276400
796411720.3574063778 588854.4264710827
788720527.4935293198 423675.7320337275
789214122.6065616608 443812.4866976347
789242766.7797535658 450720.8620046267
789460695.0237135887 455778.8823961646
790651268.6166857481 489536.0227258740
789927485.8885046244 472400.8460224805
790030877.2955851555 474554.3058025435
790422826.9305169582 483043.5690272985
790512949.2940506935 485862.3167523948
792613053.5944843292 535277.8222239593
792124200.6884461641 522996.4675569811
810193139.6274154186 706470.7906685986
798606459.5239642859 617864.7067206784
796635907.7175402641 588870.2834733410
796165297.8336499929 588638.5656312390
792687137.8373092413 535324.5235559323
792736916.3382863998 535399.4963612536
795941879.4058113098 585066.3251527234
795775976.1444901228 581999.6172669812
794120429.6355259418 555851.2124826519
797046716.2710838318 597722.5223921763
788656205.3840763569 423623.9073403310
788646388.2784631252 419862.5940657090
789863772.5192704201 470010.6399809135
789376289.9874882698 454144.1909366859
790917649.1708116531 496976.9952491728
791453664.2816978693 509627.3062287230
791438490.8148446083 509232.8585014003
794878132.4045507908 566733.9307829964
800081409.2106812000 631881.3842000386
788491309.0288074017 405984.7757267579
788637152.7499955893 419604.1789642479
789526754.0141143799 459830.7491337074
789515617.7975677252 459046.0260366091
792355023.7762150764 531202.2125207761
795912066.3671442270 584423.7698565035
794248230.2731050253 556261.6819204299
793776711.5092436075 552139.3708852737
795644186.5538486242 580814.0786028488
788893950.5909361839 430615.2081903010
795130314.6962443590 570037.6117522346
798757622.2723293304 620213.5076389684
796135959.4222471714 586218.7870809122
795903687.1001641750 583127.2793763562
789483833.5841188431 456953.3989524731
799428037.7668782473 626002.7076753492
794883805.6002666950 567748.8554350960
789315156.1504379511 452035.0136317880
790901205.9278315306 496788.7704063848
794472253.0321874619 559534.3660936935
789385501.4804294109 455334.2278651864
809786030.8915014267 703582.1281624951
789190632.5217173100 443684.5428863149
793984611.2789692879 552316.7164401624
795421154.2965691090 576290.4817689343
794807892.0251855850 563420.2502523290
794342451.1421350241 556991.7287870327
795572993.4941221476 578712.4240490573
794444136.6451827288 558622.0054899135
791507288.6213489771 512281.4596801060
937421080.7401705980 1150159.4140396118
824603171.3216218948 780012.5329678725
794577751.9359945059 561599.5891438404
794357666.4648294449 557478.4757963100
794793957.7430275679 563285.1831746923
795911082.4342198372 583279.9109681530
789133543.2577389479 440396.3369100969
789510336.7393362522 457363.9118162066
825273369.2765344381 783557.8065274428
922211964.6804105043 1091789.9896116257
922464546.9314099550 1095235.1341428757
795041046.3294839859 569029.1491362678
794387326.9792233706 558486.9384122768
924040150.2230488062 1095509.5294905305
789029571.0621798038 436109.3408769160
808676809.8196736574 700057.3893166699
800808911.9319585562 636876.3360127828
825225461.8696596622 782519.6896603773
790020551.2887802124 474063.2509771400
791001801.5915129185 497879.2158375885
794861579.9409004450 566613.0081116783
810357371.1597737074 709971.5405692670
789027575.4753618240 435782.6137655657
793527536.2835435867 547530.8050119488
789988635.0943613052 473442.6430930981
790681906.5010243654 489922.2491993186
937099704.4362066984 1146398.3083572388
802132868.8523104191 647243.4021707755
801061320.6855927706 640692.6166711764
799151533.9625271559 620697.2010954765
800883083.9246650934 638053.7419881246
800890717.6125823259 638142.7024258992
796728630.4180637598 591660.3948319789
791413468.8625183105 507504.2538508105
810112856.7471146584 706108.8304635205
810036480.6107434034 705805.0174752392
800376693.5879358053 636199.2286274976
835205387.3030039072 818371.0823124999
834751753.6215876341 814918.5489258522
809273379.3391776085 702372.2481576123
825086171.7240141630 782375.9705668162
825320743.4703326225 784003.1765225600
800773765.0250171423 636589.3972615621
853213349.9470001459 894693.9449975591
853388748.4908331633 896304.7440087895
937358230.3286389112 1146728.4838638306
926583250.6762233973 1112366.2744427919
839099694.9619871378 829064.7785110390
801612511.5447442532 646399.6554069258
801119673.4252457619 642297.9848457314
825321905.6221512556 784789.1746230717
843579267.4872382879 854074.3707548806
897888592.2282116413 1015591.8656262780
910667267.2115870714 1051251.3239985220
819899437.3649276495 758946.9912849297
823004031.5489505529 775259.9405498640
812780734.6154739857 723586.6656600151
812369497.2605026960 721660.9470477023
859528879.3477114439 913986.0207738155
806008518.0318862200 688052.7502261021
806705617.5094623566 691608.5818911411
819719465.7168688774 758032.0887777214
811563644.6680761576 715678.8648558471
825596341.1606625319 785620.1129673119
808386424.0369906425 691919.4632071324
848194812.6036853790 868120.4586326384
810881387.7949715853 710511.9619860568
801510751.8329296112 645878.4696769509
805311847.3477104902 673608.0583087660
801385767.9503508806 642395.2024497781
811286558.0483220816 712667.7778500603
805180249.8665846586 673370.8997215184
801773931.8743302822 646918.6633536313
881262157.2090257406 993303.0511948699
845503475.1086255312 859757.0186084537
845683377.6459606886 862458.1648486881
825725996.3037215471 786274.0085275518
805354153.1998511553 674210.9374233454
819210300.5235902071 752248.9377405173
805342303.3908203840 673803.4308357656
912832715.8232436180 1051610.5642054081
802159028.2656755447 650569.9990322015
803961318.0707658529 672692.1552620351
824777023.3511146307 782128.6810782533
825882351.4724719524 787190.6185979499
918279372.2277096510 1077065.5401738584
815585196.6350638866 724117.2648141094
920984271.4181959629 1077587.0711004585
802691774.5507721901 656701.9307025373
934380953.7551127672 1114766.2474403381
802754426.3586696386 657341.2973242319
803024344.9520064592 657478.0827979296
803209843.1072013378 660419.3500911891
803026025.3519704342 658322.9311450422
805572221.8897037506 676512.5042961705
802701084.5484392643 656913.6693194807
817128959.6960450411 738777.1238074935
816878362.1814783812 734654.8127723372
803771930.2112481594 660901.8841937482
802662853.7712929249 656564.0860980451
802342094.9410704374 652265.8078177869
851833737.1666694880 871335.3629794626
917318193.5151642561 1076149.7461814417
816348914.9868924618 730539.7800425859
812361034.7948243618 715956.2814908419
869171424.8168127537 925058.9468029747
821715133.9482078552 763460.5777312224
818498368.7739964724 744009.2673640992
936897690.8532472849 1127579.4638977051
818213496.2773493528 740937.5050817230
833913588.6611456871 796419.4149724273
816245350.6327201128 730101.5680047469
815965649.3630657196 729902.1385613875
936847930.5062719584 1126966.6675415039
808825240.4572805166 700534.6734334027
808619600.5611461401 697673.9993611370
936809108.2831710577 1125987.6525268555
856896759.1934928894 905685.5881205853
813464183.1996437311 723910.7801045988
828019435.6224864721 794444.9546107836
851981983.1651285887 878378.7390656010
827280138.7561101913 788418.7372780815
872546756.6201931238 957718.1697043739
824510501.9715381861 779110.2669395283
827723633.5555300713 789080.1713187173
842365759.5060873032 836954.7877237871
842288277.8158342838 836528.8615763262
914590583.9721611738 1058940.6010085768
914724512.4716385603 1059396.4832412428
903127424.4675278664 1022739.9688711390
862867976.7859976292 921466.7871834598
862738433.8893046379 919695.6008126102
936613441.0083745718 1118631.0069885254
936530470.5370024443 1117693.5658874512
936294485.0031756163 1115789.6575622559
936329545.5546852350 1116675.3415222168
827815311.0602523088 790486.1914098524
936274304.4008842707 1115481.9643249512
893167251.3143749237 1001691.9401084706
905187344.6999572515 1025429.9937712546
905128461.1990169287 1024938.4869047995
870207000.4878019094 937185.9622187950
