408918442.8722085357 620812.8068410943
410763479.0838744640 774019.3414461205
408981329.5781871676 635821.7002887775
409277032.9833425283 668534.0192068408
409914524.2350933552 723474.9683197488
410377585.9895376563 752528.4737895916
410469964.0411954522 757304.8741991112
410200454.6572616696 744772.0422288368
410635831.2544356585 765938.6382371972
411621885.7933388352 818022.6090750173
411655079.2279490829 818758.1961111501
413728605.0404902697 907750.0486984774
414658911.7598406672 939905.0620405450
414528923.9216521382 938796.2395307794
426680522.3720999956 1212464.4789225906
408847260.2772660851 613055.2560598443
408967474.8074969053 629918.6146062503
408979723.1653318405 634669.2031695137
417777713.7411888242 1039502.2982036539
408903487.5421511531 620417.4116131554
409729138.5876222253 709116.3829804847
420140566.1002092957 1098243.6933515586
409143871.4927181005 657756.6527217517
411581221.9394327402 813882.1882188469
415386867.9302678108 968989.1722836867
410148267.7437748909 739037.7572655196
409042844.4708840251 644170.4061626086
409189515.0777840018 660381.0731976519
411345422.9687663913 803274.1933249906
411724356.8889250159 821613.2311988026
415786511.0436010957 981569.5885977000
417422969.9216958880 1034593.9911539026
416120855.0986583829 996986.5875473544
416044180.2442457676 994162.4671317786
409311182.2864353657 674424.0750057290
409541031.0384331942 697746.1306799243
410932719.0704331994 780899.8082019130
418840339.2001210451 1063200.3054433763
409607286.7585382462 700758.1412151048
410029989.3051871061 731102.8012021224
414766329.3372059464 942021.4361707419
409378016.0159878731 681298.8420828173
471250853.5760630965 1586863.0594482422
418753019.3050273061 1059295.1829779446
409470660.6420804858 689056.3928640673
409973840.5405189395 729792.8653489540
416725628.6358200908 1015753.4356597587
409361098.4479994774 680531.4640873859
410712805.6879307628 772971.7517637054
419539635.1701761484 1088968.8426865265
410741788.1012374163 773168.7652219574
425662799.6757777333 1192622.5679705143
425136602.9280774593 1186341.7027139943
412474156.2192958593 859989.0623254031
420309533.0355296731 1105737.0415304222
409420592.9968931675 682767.2752416919
410799947.8625412583 775822.8603844757
409283503.1206045747 672939.1426199267
410644237.4639678597 766492.0059052894
410598332.1061530113 764288.0783922265
409022596.0468082428 641722.2085895587
408993088.4628816247 636421.4866765628
410807988.8721786141 776801.1084844063
449617184.6431885958 1412706.1280174255
449562522.6198377013 1411628.1529197693
409994475.8584471941 729977.8403900613
409996834.2290874124 731047.5440598915
410107160.3991389275 737550.4161302040
410456149.6114543676 756538.7007355208
415787456.3049344420 984214.4514011666
410626392.1341426373 765542.7571031640
410455152.0853747725 756125.4976720477
410659408.0607181191 769751.9531709144
410872291.9173431396 778213.2993037889
409835162.9265108705 716972.3113373269
409590369.1905497909 699990.7632196734
416662948.8245734572 1015607.3111480400
416843980.6620846987 1018922.5239514187
409873588.3468968868 722681.7352890412
409781383.8007262349 715505.8647821734
408958598.8747232556 629644.2799191822
416436557.9529270530 1004117.5591377104
409683013.8166423440 707748.3140009234
408929967.1573293805 626920.2836834679
409628082.4941579103 701345.0378825853
462582890.9966117144 1513881.3385696411
409245736.8764624000 666676.9767263720
409056933.8411477804 644565.8013905475
409535437.8680652976 693587.4871013353
412183242.2543477416 844260.9674207419
409095030.4988501668 650087.7083171497
416441838.1660384536 1007995.8848785087
409015525.5303564668 637084.5415582706
409031085.5861895680 643570.6197748233
414131427.5512639284 922481.0696419328
409100288.7463480234 651261.8469419528
414814981.8493416905 943024.0866155401
426311844.0297988653 1203429.0225298554
419937666.1349124908 1095926.7911031761
420483270.5326380730 1113387.9033468284
420360587.0737038255 1107469.8399177848
454196861.3285629749 1463443.6666526794
418928339.6907758117 1065342.1150136888
419049506.8105909824 1065565.7053457201
417839712.7442581654 1042161.0457524725
422007905.4585059881 1130878.6263127457
420380171.1760418415 1107881.9111593284
420278945.7225610018 1105551.9594991722
419060280.0827025175 1070122.3625722826
418879175.6390814185 1063464.9172597826
422254854.6943188310 1138387.9355479330
411704572.3664487600 820009.6207884029
461099168.5067966580 1499277.5071716309
419966564.7168211341 1098175.5131241072
471046730.8011008501 1579828.3363037109
418559609.9810544848 1055236.5131331533
419049561.1117926836 1065744.8800283372
420555660.2839509845 1114376.3017803126
411947443.2836815119 833652.9725268856
453693004.9658032656 1460202.9244651794
428199241.8602834344 1230813.8594014607
426174124.9468021393 1197727.4982314073
411817847.2174692154 826633.3092344478
432778906.5959845185 1309446.3825492859
417553521.4925552011 1037300.2250739329
417382059.7414131165 1032678.3665839427
410531335.3152249455 761015.3519830818
420345751.6002501249 1106467.0226839103
415199961.6797273755 964326.5237951055
414590443.8844630122 939715.2938883156
419102121.3480082750 1075797.1977380365
412647306.6893221140 868040.1627671495
428948376.3709968925 1246194.8162863255
428549921.2344103456 1238102.4883902073
428948376.3709966540 1246157.9984152317
417185399.2587544322 1025353.3678961985
470698122.5198454857 1569682.1339111328
414855759.0070655346 948652.6473912969
415222690.6418318152 964499.1463536993
414427655.7241743207 935596.9184610695
416968608.5140274167 1021550.1446897381
411156961.0208597779 792014.4108890444
414674860.8753253222 940719.8105791062
467191187.2327595353 1539562.1020202637
414321518.0763875842 930752.6354997605
416000402.2726211548 992536.6146248430
412780221.7343138456 873874.0456762090
416206271.3483782411 1000727.9228196666
417290684.7725740671 1031175.3130857341
411092979.0519341230 787661.0591689497
412596423.6962205768 866116.4948949590
412101527.2131764889 840177.3231223598
419936199.9473047853 1094629.4985172667
411110731.6153696179 788250.1814507321
415313693.2629778385 967329.2277357355
422243299.5227029920 1137022.8469887823
419481614.0045039654 1082151.8216157481
434431644.9648416638 1324428.3829765320
415320321.0414932370 967882.2953626886
420662289.9240587354 1114430.2318485298
434434735.8665550351 1327242.3674736023
470986367.5637137890 1573795.2666015625
412433351.3381865025 858380.6377267614
412708116.2171617150 869706.3585035577
414995173.8126098514 953339.7119276300
412701488.4386464953 869153.2908766046
415028710.4279677272 960766.7742445245
434493322.7565827370 1329234.9351921082
413039423.3828932047 883946.3028394952
467275670.1823675632 1540083.3283691406
415993423.2812597156 992207.1006172746
415633960.2196358442 977021.5130623430
411838723.5538660288 827649.9183874801
412030553.3215300441 837661.9615316167
413299460.3187786341 893484.6551649347
412890376.2260313630 877463.9092848077
413617603.1185588241 907299.1005995050
413401545.9419310093 899133.3569290414
413820977.8209889531 915545.1857308000
413407789.7144240737 899684.9580213800
412978685.0548934340 878741.3790113702
411419263.4114198685 806645.0932005122
411551028.4333342314 813287.7785578519
412425876.8107995391 858362.0200338140
413518097.4050714374 902045.0236439481
422985181.9377206564 1154301.9962750357
412742226.8314512372 873065.0904371515
412354202.2756845355 854462.5916231647
411174232.2242142558 792778.3758745268
413361938.7720348239 895882.3746168390
413161655.9292169213 886737.9654371515
412186007.8963774443 845229.8319837824
412926681.3427455425 878188.3113844171
422836982.7897552848 1149488.7371955048
468143935.2500696778 1551532.9185791016
414029713.4238756895 921928.0020149797
417136849.1871183515 1025352.4487927638
450237299.8123300076 1457279.6306304932
466706195.3502520919 1530246.4708251953
412114911.3968627453 840568.5494845882
422990592.3162091374 1154971.9495373648
444066270.0070052147 1400805.2771263123
411493260.6451409459 810218.8492849544
412995496.7190494537 880367.2730543390
414331078.6627848744 931864.5144661516
438849643.9403508902 1343707.5238456726
438476463.8745546937 1341351.7242851257
464454806.1837616563 1528097.2128601074
464719227.0491846204 1529128.0746765137
411133050.2301511765 790646.7595388964
415816604.2345278263 984779.0638435930
410999730.3715311885 782889.2087576464
427077320.1267870069 1224883.0669209957
415458036.5197051764 974199.3959910646
456486090.3194778562 1496357.3369407654
413273032.4455745816 892879.3455641046
429040190.6873125434 1246775.5164816380
431318346.6001900434 1283020.3059321046
469662340.4516468644 1569397.6705322266
462114159.7576788664 1500373.5445251465
414207185.5452231765 928170.6594856828
422624211.8174742460 1146823.7464466374
426049583.1164572835 1193867.1261590123
420825938.1221367121 1117364.8345120617
467396475.6510959268 1548185.9967041016
430838964.9420676827 1281057.4106226563
468425598.8660220504 1561351.0926513672
413101575.6999143362 884740.7222158685
420812720.5301187038 1116537.1405738064
462931172.1523876786 1526820.4061279297
414824878.6886792183 946188.7723660991
427347866.1635427475 1225380.9428653121
449939272.7190933824 1429865.8650169373
420188075.7674856782 1101363.0792186887
446934158.7807776928 1408521.1339378357
420963725.5243406892 1119446.1628759422
442185126.6412237287 1372385.4425010681
420817665.0010668635 1117299.4155257412
426953247.1858741045 1220216.5586225390
426645406.7522032261 1212453.9033939242
422164242.1426996589 1133391.8585045487
418116136.4958416820 1048495.1307809420
426580253.9030970931 1210807.0242745727
421589097.5590225458 1126384.9143603512
418135262.0201334953 1048518.4806848832
426886601.8059964180 1220093.0907296985
419508877.5274807215 1082594.5573751815
419412184.4057101607 1077348.8826315291
440504902.3593038917 1357737.2589378357
440257563.3006238937 1352185.4779319763
417942118.5766383410 1043822.7495676347
418235172.1485587955 1051527.9364266992
456352191.1022948623 1483168.9295310974
426842319.3183989525 1217457.4765248150
430770288.8613545299 1273937.7446799129
426479860.9351713657 1206434.5863270611
426524780.0026896000 1206733.3601045609
420758619.3589800000 1116366.5199010887
426754423.9433944821 1216026.0149769634
425479046.6620071530 1188830.7511042207
427060698.5203210711 1222545.8365101665
426801937.1937180161 1216062.2283558697
431483267.1010321379 1285389.9608664364
424634931.6668291688 1177678.3214731496
424340039.8426985741 1177259.3055809895
422917893.7431030273 1152246.2694726121
433971299.9987956285 1322375.2441673279
455294271.4674544334 1478470.9326438904
433745734.1829986572 1321386.7552757263
430115301.3485314250 1271013.1772436947
429982262.2341983914 1271012.0395483822
454910819.1929926872 1472522.0478782654
434014236.1059163213 1323070.9694480896
423095333.5114850402 1159183.2359871995
423623579.4666261077 1168113.5621585641
430319490.4782293439 1272851.9929709285
433301573.2219524384 1311561.3547019958
423174238.9711053371 1159506.0414548051
433596145.3896080852 1314334.8945579529
441700449.3162227869 1366951.6230735779
418598729.9780174494 1057210.5079847642
431514994.8658321500 1289273.4722557068
423027459.8268439770 1157880.5665536057
433662352.3262141347 1315448.7255516052
430824866.3995890021 1279162.4165243953
430846013.3063395619 1282857.1776327938
422308201.9856135845 1139955.7896590475
433541271.3192465901 1311996.5924339294
429936264.6946628094 1255699.2133426666
431956774.4556646943 1298340.7423910946
432476022.9664657116 1298556.6335458271
422545728.6396166682 1143885.9769950043
424121274.3534059525 1168984.2263365071
422948467.3145386577 1152871.7911172044
418526784.5011588931 1052671.4977710173
425095565.1070951819 1183869.5572260898
423596189.8163609505 1163768.3675065436
424731433.3253949285 1177970.0990199130
423762664.9722995162 1168980.0575560424
424309318.6846334934 1175775.2769068759
