424759140.1366603374 5692601.4277343750
430799501.9164782166 5795476.3925781250
430706075.7509186268 5795199.5488281250
425647235.0365787745 5721108.8574218750
423232568.2285089493 5632525.5322265625
428225445.8789160252 5765881.8046875000
427128387.7997496724 5748834.0976562500
430017951.5066693425 5790022.6796875000
428847056.7883793116 5775458.4628906250
421766843.7796748877 5534697.9960937500
424902661.8031188250 5698792.0468750000
425372390.2412536740 5714102.7363281250
426892681.7995175719 5746163.7207031250
423866590.1217691898 5656414.4501953125
437516651.8638611436 5818951.6679687500
422353264.8894954920 5586123.6367187500
425810426.9466488957 5725278.9472656250
424247479.1548740864 5671985.7089843750
422869047.4694503546 5617984.9697265625
426445557.7146227360 5736493.6191406250
425001760.8492986560 5699949.1796875000
426618272.5058428049 5743133.8085937500
428804873.0253931284 5774226.9824218750
429069093.4943859577 5777765.7519531250
428577864.3248108029 5773188.2402343750
425252483.5393515825 5712442.9726562500
423671050.4386207461 5646589.0595703125
425027111.9609037042 5704638.0234375000
438562808.0643097162 5824016.2109375000
424013520.1995385289 5661093.5302734375
425163795.6622673869 5708787.0507812500
427000322.2862212062 5748743.2402343750
421912198.3566512465 5553386.6210937500
422259067.9282306433 5579844.8476562500
422456859.8642318249 5588516.5429687500
424628174.0534309149 5685986.2255859375
426797976.1605177522 5744098.2675781250
421889954.3186240792 5549536.0976562500
426302446.5224153996 5735818.2441406250
421776910.7300493717 5540206.4492187500
431035088.6068344116 5798512.6386718750
422653705.3056568503 5601708.1132812500
426506872.0168895721 5737120.4121093750
424335972.3077887297 5674698.2099609375
424549141.8083745241 5683894.3554687500
429377413.1358527541 5782566.9394531250
429335598.2410109639 5782295.6015625000
425539554.8560341597 5718761.6171875000
425553427.4330266714 5718945.3964843750
422691296.1888289452 5606345.0654296875
426518482.7154528499 5739827.0078125000
425628414.7190479636 5719676.6855468750
422148944.7220478058 5565341.7373046875
423932360.3868828416 5659673.3427734375
423164945.0124832988 5629783.6455078125
424731005.9387152195 5690684.4101562500
425768093.8953166008 5723919.4980468750
423125141.8851585984 5626853.5263671875
422998480.3510089517 5622978.5126953125
423677958.6587864161 5647625.7236328125
431503180.4854151011 5803286.4882812500
422787107.3225375414 5613268.7392578125
425415675.4494215846 5716613.0625000000
426240104.0557193756 5734833.3144531250
428506088.5459079146 5770115.2539062500
423770663.3420243263 5652886.5791015625
423328136.9225534201 5633953.7353515625
422495922.0185601711 5590660.5517578125
425010688.0059581995 5704616.9609375000
428326127.5464810729 5769777.1074218750
431500568.1919035912 5802742.9238281250
424480300.5483366251 5682534.9062500000
424794470.2865976095 5693925.8769531250
423847917.9014987350 5653757.3955078125
422697725.5683023930 5606394.5185546875
422757514.1077767611 5611570.7568359375
431087890.1403841972 5799500.1406250000
430799501.9164781570 5795295.2734375000
422552066.0858646631 5598882.3945312500
423555376.0173373818 5645060.5673828125
425106657.9062102437 5705820.9394531250
425750293.7156861424 5722265.8789062500
431323476.8307399750 5802519.7675781250
426447102.7364811301 5736593.4453125000
424401349.3671707511 5679709.1875000000
435871848.7764217257 5816309.8261718750
435464373.9791800976 5816149.3457031250
428084680.9573848844 5765726.2187500000
426416955.2963051200 5736429.6835937500
428306975.0081437826 5767465.9394531250
426414403.6859373450 5736304.9453125000
428264641.9568118453 5766085.4277343750
422811502.9670037627 5614306.8173828125
422052239.3273735046 5561563.9746093750
423847917.9014987946 5653938.5146484375
422029551.2887462378 5561542.9121093750
422594399.1371962428 5600241.8437500000
425768093.8953166008 5723940.5605468750
428296890.7543827295 5767444.8769531250
431103583.0450432301 5800550.3242187500
426741142.4574252963 5743623.6855468750
426265854.0599479079 5735797.1816406250
432403921.1007746458 5807340.1445312500
422310485.2421661615 5580383.9062500000
426001965.2770490050 5731043.5371093750
424293323.1643310189 5673863.2109375000
430285270.1606977582 5792343.0878906250
424187767.7072092295 5671404.9453125000
422083924.3257231712 5562364.2441406250
421847621.2672922015 5548176.6484375000
422919529.1698434353 5620152.7939453125
425879888.6381935477 5726503.9882812500
424099797.6886531711 5661583.4072265625
427793672.2286101580 5758727.2597656250
424372274.3454966545 5676709.9921875000
431281827.6308345795 5801469.7402343750
424372274.3454965353 5676688.9296875000
421742301.5016293526 5530287.9355468750
429560328.1103059649 5784364.8437500000
421682388.8448494077 5530118.4687500000
425484516.7094600201 5717993.5742187500
435875867.1473097205 5818259.1796875000
421970466.0761801600 5556777.5957031250
446784705.0507860184 5826122.2304687500
422859153.3275691867 5614396.4755859375
429003623.1520593762 5776800.3789062500
429836450.8947380185 5787220.3339843750
421822125.2863048911 5546672.1035156250
430855384.9521599412 5797548.1796875000
422173181.4160547256 5572324.5605468750
424886529.4732498527 5697170.5507812500
435875867.1473097205 5818360.5214843750
422519134.1615831256 5590705.7275390625
429248802.5954059362 5780717.6132812500
425200388.1247348785 5708808.1132812500
427871586.7575919032 5759463.3300781250
423474520.9477401972 5640500.3134765625
426982589.0465214252 5747653.5117187500
429139382.3689511418 5778219.4042968750
428000272.8146744967 5763998.3554687500
426743209.9466575980 5743749.5468750000
425641494.4477140307 5719770.4707031250
425925050.8560936451 5727544.4433593750
423444474.7293395400 5638938.1201171875
425010502.3046334386 5704544.2382812500
423555376.0173373818 5645241.6865234375
423718567.9274075031 5649230.6572265625
424099797.6886532307 5661786.0380859375
422541105.9430937767 5591213.4199218750
433827089.7216300368 5811704.0820312500
433354254.6571016908 5811328.8710937500
426732088.3377301693 5743305.4921875000
433106926.8254523873 5810890.0859375000
428306975.0081437230 5767462.4355468750
428548421.5972397327 5771474.7031250000
426137665.8121488690 5732542.2207031250
426223521.0086160898 5734437.7324218750
427587783.6540087461 5755818.3593750000
426586023.7082720995 5741795.4218750000
432337983.6521908641 5806273.0488281250
421943664.7765706778 5554022.6250000000
424167312.4338708520 5669745.0029296875
432034186.8002096415 5805402.7343750000
427147325.3464093208 5750020.4355468750
426973534.9268267751 5747335.3183593750
430070753.0402188301 5790678.3222656250
427454329.0326681733 5754919.8281250000
423584772.9495058656 5646062.0927734375
430222100.1345852017 5791695.9843750000
431503180.4854148030 5803216.2050781250
427148048.3357362747 5750595.8300781250
430813051.9008276463 5796188.7304687500
426379669.8918357491 5735968.8652343750
423710765.7920025587 5647901.4541015625
429135817.3875622749 5778007.1191406250
425641494.4477139711 5719749.4082031250
433354254.6571015716 5811102.0019531250
426051388.3230336308 5732052.3437500000
425245478.9396061897 5709586.9121093750
426732088.3377307653 5743312.5878906250
423336564.7267929316 5634265.1611328125
426586023.7082719803 5741774.3593750000
422488652.8884841800 5589555.2988281250
422375596.1651509404 5588073.8613281250
424278352.3171980977 5672314.2373046875
426896311.5574064255 5747163.6347656250
427309681.1032518744 5753404.1718750000
424156990.1354359984 5668729.2685546875
426157779.8953833580 5734269.8164062500
423411324.4380715489 5637978.1367187500
423354650.3140031695 5636015.2900390625
422087074.8845888972 5563656.0371093750
422203434.1379051208 5572565.6992187500
429095420.7927958965 5777891.0175781250
423718567.9274079204 5649248.2158203125
431017200.5287439227 5798329.0332031250
423383720.1529339552 5636973.9931640625
423583240.8456079960 5645881.8994140625
438941262.6710743904 5824213.4453125000
431676440.2147745490 5803978.5937500000
424917983.3227202892 5699377.1679687500
432155161.0681605339 5806224.8476562500
437981217.1838704944 5820901.7128906250
425128374.5448158383 5706515.3164062500
433540291.4053918123 5811640.6035156250
434431812.2946090102 5812621.3691406250
438285040.0954387188 5822886.5449218750
424154266.7075678110 5663974.3808593750
430147976.4096381068 5790850.0058593750
431970961.5488312244 5804813.9570312500
429759227.5253185034 5787048.6503906250
423517209.3591496944 5644782.1962890625
425106179.7741123438 5705231.3984375000
429530628.0379828811 5783041.2597656250
427706065.8109984398 5758352.0234375000
446683063.6104356050 5825539.2207031250
433400874.2930088043 5811379.1894531250
429166110.4044357538 5778999.5253906250
430010260.5575228333 5788653.9570312500
429873138.1700826883 5788137.0996093750
432077680.3539885879 5806068.0468750000
430619798.2618032694 5794528.5527343750
423597709.0686693192 5646420.0166015625
423257191.1917372942 5633018.2275390625
438941262.6710742712 5824032.3261718750
423505004.3854312897 5641159.1611328125
432898853.3660014868 5809432.0742187500
424154266.7075677514 5663793.2617187500
428698018.5258553624 5774027.9375000000
423462671.3340994120 5639799.7119140625
423734392.7700329423 5650590.1064453125
422131190.5085385442 5564368.6308593750
422203434.1379051208 5572586.7617187500
437619251.9067989588 5820642.9375000000
430994804.2737714052 5797814.1015625000
423734392.7700330615 5650611.1689453125
433001333.6512565017 5810208.2304687500
429009544.0407555699 5777657.6093750000
444077870.4544266462 5825056.0019531250
426788091.3113338351 5743942.4472656250
433354254.6571016312 5811176.3984375000
428836212.3594309092 5774831.6445312500
428456571.9367591739 5769998.1113281250
427993669.8643161058 5760389.7167968750
424897729.4854699969 5697221.8359375000
431400700.2001597881 5802691.4511718750
432573846.9353718758 5808466.2773437500
432573846.9353718758 5808717.6796875000
430577465.2104713917 5793169.1035156250
430577465.2104718089 5793190.1660156250
429602661.1616379023 5785706.7343750000
424897729.4854699969 5697199.6738281250
429560328.1103059649 5784347.2851562500
444316256.4993631244 5825133.2167968750
437619251.9067989588 5820638.3769531250
435430154.0621426105 5815210.8535156250
444030700.3069716096 5825049.3203125000
432573846.9353722334 5808727.4003906250
433000457.2397516966 5809765.5605468750
428319540.5534835458 5767508.4296875000
429519998.4314944148 5782928.8789062500
430619798.2618033886 5794549.6152343750
427634267.8239322901 5756158.6816406250
424718890.4719431400 5690103.2089843750
427254727.5641158819 5751235.9218750000
431935044.0396554470 5804338.0175781250
427634267.8239323497 5756179.7441406250
444967866.0890409350 5825208.1777343750
429291135.6467382312 5782077.0625000000
430697021.6312231421 5794700.2363281250
437255161.1249334812 5818740.5234375000
429467385.3232823610 5782693.1054687500
435450797.5438804626 5815635.1093750000
444301972.9842506051 5825130.8867187500
435450797.5438804626 5815754.5410156250
427693205.7643545866 5756785.1445312500
427816980.2613262534 5759102.3945312500
429234690.8438080549 5780129.6953125000
435450797.5438804626 5815453.9902343750
428247473.7053942680 5766029.6796875000
427981687.0082643032 5760247.4453125000
427981687.0082643628 5760254.5410156250
434053397.5960041881 5812421.1835937500
443866477.1176465154 5825019.4726562500
443168322.0609045029 5824511.4238281250
427558062.8672255278 5755672.0078125000
429213242.4788173437 5779290.2714843750
443168322.0609045029 5824581.7070312500
434449563.8334929943 5812994.9394531250
434811063.4570407867 5814199.4628906250
443845125.0009528399 5825005.3750000000
434992348.3108885884 5815162.4765625000
443283546.9966213703 5824908.4746093750
446418488.5238255262 5825508.5898437500
446658712.3871455193 5825529.2167968750
434726411.5992985964 5813683.4589843750
434809782.2717735171 5814016.6093750000
446410024.0788174868 5825329.6523437500
437093422.5012639761 5818602.5546875000
437470817.8012617230 5818802.9531250000
