172423335.1187615395 192.7342045254
183278306.0360867977 254.6570696831
183541943.9395421743 254.9285526276
183482085.2195265889 254.9108357131
166427328.8426228166 149.8884724688
173044453.7294793427 194.2953397468
152229961.4514203072 40.3872624598
175722763.4591176808 211.4131672311
169851941.1041263342 171.4281994414
152305106.4877993464 49.2146990542
152232125.2364387810 42.8871024784
152268945.3455127776 46.3079026433
158152013.7103065848 94.9689252686
152261264.5033323467 46.1539932024
152231644.4167406857 41.0223964138
183021510.9791345596 254.5655557811
152233418.7042463124 43.0188182166
183442406.2373395562 254.6809148490
182962345.1161668897 252.5582374930
152246931.7538520396 45.7602030258
182199452.6742786765 251.5886623263
152235367.2670969069 43.5289153949
182239901.9780873656 251.8710791469
175606531.4717232883 205.9704384993
182656116.9531264901 251.9823006988
182664136.2695079446 252.3514727950
152235016.0477967262 43.5222364324
152254059.7185020447 45.9335513122
181810288.8918482661 251.4334763885
172878338.2024528384 192.8767516642
178354065.8432551026 230.1709811085
178819017.4215634763 231.6248040994
179506100.3698124588 239.8163131326
176406707.6653919518 216.9549201135
176545280.3343010247 218.6158674363
179948009.3382901549 242.2304671854
180407280.0245175362 250.4528345466
166961128.2790363133 150.4259965655
175507595.9707501531 205.1747825129
178489572.1446022093 230.5910661322
153910291.7497953475 61.6343181626
174338342.0604438484 203.3682281740
168387361.1626426280 162.9436303911
180146521.0725671053 249.5368596911
152269407.1096796989 46.3488092418
180741502.9117716551 250.7772597671
152397371.1613157988 49.6759342401
177384192.6086198986 225.0140939722
175078159.2056092918 204.7302471382
175474324.2922652662 204.7394070608
177778890.4188987613 228.1720984955
176963895.1525350511 223.0508564714
177513059.3871360123 226.0923594707
177310674.3755259216 225.0096060703
176979971.2516181171 224.6406881282
176266902.8020194769 216.8442773401
179569625.8418439627 240.4258484691
168305079.0174341798 161.0017263231
177434692.2051909268 225.6775178382
180125949.7742578387 246.8785651922
152258861.7982903123 46.0247932117
180052535.2530909181 244.8660771847
177582606.6497800052 227.1823189924
179973724.6556165814 243.5721480846
177446883.4779557884 225.9120156238
179865144.8267104030 242.0260560513
157908476.9176356494 93.0888797206
154517040.2685676515 64.0835015848
152266480.2534714937 46.2916000551
168590943.5786231458 165.3082255726
168422861.8010577261 162.9599955788
177953177.2896664143 228.2171841664
171026995.2372603416 184.7113691891
171242137.9187156558 185.8006209457
173271843.5050301254 194.8831149807
152274794.6104287803 48.3520186308
152277331.0955301523 49.2020861331
152266673.0430873036 46.2997700933
152325664.1592401266 49.4971394598
169048449.9888209105 165.3490558925
155702065.7359625697 75.5270024963
152459331.6885489821 51.0424894103
152656488.9554070234 52.2885730344
152908154.2063511610 54.9727988950
152757783.3971064687 52.9771434459
152889760.2912375629 54.9467181484
153018413.4867746532 55.1080845830
153227692.2800793648 56.6781232339
153148144.7923316658 55.3493747121
153207688.3980454206 56.6150756698
153358340.5118381679 58.9461289087
153234586.8645811379 58.0557489953
157928560.5968255103 93.3333973822
153339442.1130916774 58.8784650970
153301101.3205676377 58.8198322324
153535988.7518096566 60.3777157689
153505328.7315904498 60.3398894536
153265113.2848525345 58.4587107184
153564246.3934408128 61.5288337017
154189672.6407105625 62.7181394086
153456618.5753530860 60.1459157326
153479008.3030226529 60.2761862520
156535596.5414164364 80.8319997303
154248135.0232577324 62.8536714968
154671670.1008121073 66.3158914946
154412006.3986897469 63.8407603456
154521900.5739423037 64.1570510343
154710881.7429714203 67.3803854445
155083843.9159193933 69.4510326004
155304200.4355099499 70.6888159814
155471737.5728526413 74.8389345148
155423405.0201227665 72.5437863708
155484801.4914349020 74.8409179785
155370262.7175862789 72.2162982915
156014296.4735055864 76.6554876707
156350816.5794382691 79.8615773373
156141868.7133043408 76.7844734841
156534972.3696496785 79.9918431385
156411125.6965049505 79.9243444547
156561940.5187454224 85.2925260416
156983412.9035975933 85.3303120311
157102324.2853170037 85.5282998148
157117454.8533055186 88.3243296266
157274528.5069668889 90.3862901557
157437231.8742839098 91.0522799010
157197448.6809597015 88.6558161807
157226947.3890655339 88.6704571714
158124962.3823626041 93.5987900366
158384059.2119847834 103.0356355147
158185900.8085162342 97.4211760708
158248647.1435944140 100.6188005101
159912480.0462149382 113.2388159715
158978888.8833688498 104.3929050184
159001350.8029571176 107.0412640489
159219342.5119406581 109.3848978351
158993758.5318096280 104.4366877457
159269442.0246857703 110.7309712909
159100970.2330637872 107.4375015420
159160466.7588976324 109.3070193535
159634512.8950786591 111.8776097972
160013586.3372276425 114.2822446733
160277830.2070913315 114.6059744853
160289328.8594368994 117.1595699745
160728320.0814707279 119.9529351795
160920935.5829945803 126.9946875550
160765802.1263913810 123.6791180549
161277967.8664624989 127.4134575714
160835448.4881405532 124.8440960635
160807317.1472723484 123.8937235652
160407778.2536799014 118.4196657788
160639929.6578872204 119.4151141787
160593042.3969459832 118.6056414347
160763184.1143115759 121.6851456474
161506134.9989843369 127.5544766817
161899237.4724127054 128.8890673938
161728450.3318240941 127.8299912289
162403680.8350066543 136.3144505579
163553287.1632625759 140.0385891644
162184462.4651634693 129.0990359416
162255042.7383209765 131.6556072113
162206823.2459203601 131.3419500101
162191224.2418408990 129.7033226011
162277119.5634849370 135.2247591701
162340354.4395138025 135.2475473073
162627316.5277747810 138.9928000842
163710691.0828998089 140.9008097406
165103654.5123998821 141.3317225873
168113583.3773214221 157.3865735866
167817782.8098618984 155.3955666758
168091573.5402626097 156.5937360562
166240686.2308943570 148.1258550882
167555836.5301616490 151.3222077712
167569454.1517578065 152.2819245048
167916819.9697350860 156.1631514169
165519460.6143235862 145.2925123712
165280531.7122964561 143.1479393160
165784866.9543579817 145.8028057637
165285667.5102319717 144.5041300328
165182558.5449838340 141.6099913931
169432617.6714923680 170.1516593620
166129554.8501128256 146.7446900746
166213227.8244713247 146.8326782277
166086844.5281366706 146.1332915118
166318179.2167733312 148.4990806170
169409984.4642597437 165.6622013375
167345265.1850217581 151.1022574976
169925466.2851096988 171.5145594031
167634164.5145218074 154.2401648238
167462713.7297753692 151.2078688070
169624509.7388553917 170.4932007939
170308969.0757578909 172.6860214844
172419575.0906629264 185.8771632027
170991820.3058256209 173.6317428998
170850258.8553521633 173.3673961759
170618831.6159865558 172.8752409518
170838171.8962219954 173.1670342325
170851701.1620639265 173.6095789373
173541075.3941077590 195.3871650472
173701517.6424556673 199.9357645586
173767438.5649617016 202.0473636985
173667616.8387261927 198.5651467219
