392275667.4671006203 320722.6018077880
392745534.4586504698 347455.8532388359
393581954.1270424724 384542.1729821957
395427233.2309715748 433844.2298756496
400825725.0396924615 505520.9137099613
414055962.0785416961 588694.1293019876
405276677.4505712390 535094.0217224844
391676624.6665030718 263824.4552691747
413649651.2544604540 580468.7998952493
392873274.8399444818 354273.0956373066
414216178.6032884717 590151.1257091686
394887893.3990817070 421322.1475940890
391750371.3639888763 272166.7896886785
392637571.0226871967 340644.9405000359
394569761.2061623335 411606.5700534582
400569101.3732570410 501341.2946523314
395101653.3471856117 426314.9440841824
391735606.9428690672 272148.7582746465
393132660.0838809013 364887.5517057574
396057746.3298622370 447909.7445159510
391868917.0474984050 288229.1077075470
392427836.6397132874 328967.2238781005
392297377.6877720952 320965.2682747245
393303799.0841828585 375256.5835279620
408941625.9515936971 558280.0979282930
391732002.0503454804 272118.5118068028
392975138.3855609298 358919.3889328092
394930669.9906471968 421938.9611247725
395635080.3239328265 438641.9081235186
391829502.2558792830 284106.7966723908
395926946.1356518865 444829.4606849060
405619872.4930812120 538815.4414359361
412277148.6328566670 571095.1824025735
391703877.1072639823 267946.7663043309
445385499.5587817430 718582.2383651733
445414331.7848130465 719515.3420944214
414064021.5182622671 588740.0753469095
413788295.0406348109 588422.2126149759
392216617.4983363152 315989.5718598682
393546263.4930855036 383920.7140664852
392341302.9497260451 324412.1659802869
392328482.5864502192 323706.0031444579
396371945.8588603139 453297.0360826061
398985653.9793055058 484660.9728059724
393216915.8796395063 370988.7255046762
393153212.5972976089 367613.5151393808
393088059.9968386292 363436.9387233651
443914853.0607013106 717825.8829365009
391696810.5722181797 266744.1612939555
395817821.3043305874 439665.8656928495
393421387.1534803510 379632.0912412799
408115582.3174333572 554341.5837717801
412860515.3129531145 574676.0146600539
391946818.4253004789 293925.5656294692
400499299.6589666605 499492.8335933068
401119064.5394290090 506496.6950904280
392174300.1779180765 312542.8701409698
392534326.6336513162 335543.6058981568
399919207.6544173956 493652.9855453924
392358309.4527372718 324989.0960549787
392474055.3140339255 331624.7535042465
395343315.3768881559 431082.8482456654
392142079.4920473099 310428.3427988440
393450400.8789945245 380231.6801767147
391978593.4700608253 297457.5111632217
392631808.5798715353 340149.7254764810
394874970.3528524041 421030.4472327179
391886504.3912099600 289212.8890929092
411017633.7952088118 563117.8629328394
392117445.3761396408 308420.5591058135
395510725.2582151890 434742.5504157499
392809571.5576026440 350897.8852720112
395133894.2649456263 428570.2419031399
391676353.4195544720 263315.5715446193
392400592.5702387094 327806.3410958722
396383253.8373303413 453437.5769842372
392767288.4401012063 348080.6402311176
392130197.8454984426 309837.3437206298
392187767.4754992723 313133.2356423736
391932334.5589065552 293335.2001280654
397026031.2749503851 461077.6124456630
391998427.8928752542 298116.1337384451
394854730.1804151535 419947.1845606106
391985835.7230987549 297607.2284541596
392066969.8334629536 305141.6530427337
402683584.5535740256 522959.9443333228
398096066.5589855909 472053.1090942889
392077108.7080504894 305684.7862176299
392372793.3191313744 325582.6358727887
399489213.8702746630 490466.1050764024
399551942.7698493004 493050.8999525011
392792865.1090457439 348572.5519507229
399354040.5554774404 488964.2016098455
392387513.4964174032 327075.4987372681
401900273.3181933165 514014.2765354898
401400087.0865614414 509769.4976149946
409450648.1983332038 560454.4133349336
391971351.8567048311 297016.8629527558
396115489.9299832582 448340.1960169077
394020246.2888305783 398265.4768805898
392107306.5015522838 307872.5968903899
391728499.8482455015 269075.4285548497
392164161.3033307195 311994.9079255462
393877670.1031757593 395590.2482565439
391786612.8916780353 279917.0197558869
399116920.4932817817 485135.0492354780
393504605.3603896499 383321.5170678890
396724961.1853412390 459064.3384982795
392854171.6446446776 352348.4982544035
395044975.7932477593 425382.1769991666
391961212.9821174145 296473.7297778595
393729899.2389656901 389831.6666803158
393236469.5783065557 371039.5925696886
463448798.4305772781 793522.3631591797
391811235.6326595545 281045.6820064057
394150462.2547886372 402177.6297126210
461356460.0361739397 784486.7037353516
461817012.0662497282 786913.3142089844
392106428.7999243736 307845.1051911712
392533041.0029547215 334994.0783800408
453588182.3580017686 751190.0140848160
392679854.1401886344 343462.1855409294
391924886.0897823572 292894.5519175995
393098008.3390534520 364156.8484764099
405160294.3595854640 533872.0047769137
404474174.3176136613 531442.0428534485
404226594.0144484043 528702.4570057876
391756905.3460526466 272679.6763957310
392916379.4039800763 355758.9397021383
440100833.1811567545 696526.7761711925
391839641.1304666996 284649.9298472870
392892828.5386114717 354323.9627023190
405205075.5633500218 534815.9785748012
401317702.4186673164 509056.1492127329
391796751.7662655115 280455.3165050019
392732276.0523561835 346136.8000154644
407861813.3296954036 548695.3423886085
393340139.2980991602 375853.3256115711
395701392.4562258124 438747.3502700925
401689731.7404319048 513589.9087478071
399731295.1836512089 493110.8684909455
413399002.6028949022 579030.7036405737
413654036.2332832813 582124.8712278539
461638443.4978390932 786550.4836311340
461206861.4744263887 782930.0142606571
394125610.6161406636 401361.3247997165
400180468.7474193573 497480.0789310797
405353355.7219592333 538206.1630840786
392597848.6409403086 338401.1199607402
395916213.8384329081 444170.9511355907
400419699.5428947806 499339.7607280705
401391669.3096784353 509752.5049392134
397155566.1495079994 461861.1340187872
396307513.1022096872 452137.0728122443
404418444.2706034780 529043.1519451626
401488122.4597496390 512449.2477318062
405169801.8665706515 534693.1297588833
429036291.4719356298 639086.1987167895
402189968.6903473139 518124.3101228303
399169698.5152049661 486878.6414023205
393596039.7509700656 386967.1909140146
405814592.0360812545 538914.9066687115
401666324.5303112864 513181.7523704781
404034393.3830178380 526511.5035455837
402189238.9254532456 516015.7965596355
392452298.6024503112 329601.7771997079
393403079.8522537351 379122.4006128109
393438296.8447371721 379746.6368951596
457604679.6587248445 772592.2319240570
401618399.9369333386 513106.7526146187
392508919.7771354318 333101.4412090480
457389087.4753628373 771250.3999956846
394820777.5255231857 419727.2161034293
398892416.3198074102 483823.7881689831
392462312.6496485472 331279.9304414541
391768207.9634997845 273197.7395900059
401291485.7814095020 508984.4415794625
394325371.6949506998 406554.3559192419
394167204.7048564553 402756.7988955379
401283068.0045263767 508967.4489036812
395202977.2314300537 429883.6665537506
391753724.0971057415 272607.3740886021
394197330.9389141798 402809.7369090915
393938537.9866954684 396743.1618560351
404612935.8337448239 531720.5767202540
392502746.0768246651 333024.3117402643
399260802.8959791660 488126.5402060314
397990077.6717828512 470593.0933103575
394267522.7814164162 405620.6343700290
403672622.3827932477 525600.9931181557
391777379.5053210855 276255.0155324508
467654538.4199867845 811476.8715820312
458573729.7949099541 779093.3231658936
396024438.0298446417 446677.0230934620
466699521.7870019078 808444.8514404297
406813281.1148834229 543489.1347256191
393838219.9101354480 393879.3263815439
394095636.6922135949 401169.8048044443
466822189.4532722831 809264.8995361328
394113867.7776422501 401170.5480516553
443568838.4919257760 710740.1774552315
393923971.5881401896 396713.9618185557
466481856.9245623946 806897.6106567383
466564284.4638381600 807149.5010986328
438853589.0681825280 685109.8986382335
435111146.7647574544 681425.7530551553
394726718.1802316904 416762.1043574757
394209498.2722917795 403193.5919335283
394022342.6923509240 399071.2808983720
394869710.5214880705 420325.6198328274
401102119.7006385922 505705.0627617724
408001603.1161911488 549474.8712290344
395536854.5366629362 435419.8760172874
456087606.1740921736 762371.6236724854
464353519.8295113444 799897.9061279297
410993610.7639927864 561345.9015488497
393198983.4305844903 368414.3315146960
393080316.5471665263 362870.6189670414
454476950.0852773190 759502.2690988481
460661763.9963222146 781638.7855873108
393907599.3884062171 395996.0117285646
393922579.7294791937 396374.4470007814
430264714.4925298691 654156.1126313806
467090035.2378900647 810140.4158935547
430518735.0053391457 657508.1064973474
430136649.3473701477 654037.0545716882
394267124.3597029448 405251.9195147753
393013478.3789384961 359601.7156424373
456234023.7144190669 769215.6238492802
398731464.9663087130 481193.8342661229
394649808.5128703117 414642.4996809947
392533090.8819975257 335053.9073340371
393483709.5529193282 382767.1461917692
398756553.6656500101 481837.3030043878
396705293.1138140559 458180.2533561438
396537546.5519045591 456177.7992049903
436945689.9778095484 682368.9317726940
418276211.5370010734 593282.0981901735
436739295.6056341529 681976.4679055065
398243200.9119786024 475995.2650405206
398579295.4654675722 479340.9420817532
393078112.4189419746 362728.3685199469
420469049.7837226987 609449.0753465295
393174572.4701406360 367754.6058405436
398608605.5130515099 480300.4553501573
395518033.1489515305 435396.9439875633
395547693.6982624531 436208.7980643343
451042417.5457776785 740239.6915849596
467003400.3968246579 809696.9378662109
398443742.8390201926 478502.2180752300
413163218.6227593422 577502.2996145636
412911802.2217350006 575769.3425729126
395370016.0287008882 432578.3069209289
396510496.0402644873 454783.6832381934
395545064.3325133324 435502.7915157080
462193308.0281315446 789323.2551269531
399158749.8908196688 485755.8272972670
431563320.7913377881 659957.0878511071
449498852.4653418064 725972.5596022606
449096676.8980313540 725649.2593844980
430316074.6584325433 654551.4682679772
447295704.9395422339 720339.8257029355
442947596.3229881525 696789.9646019787
458544312.2300185561 772596.4875882939
398809035.9378895760 482446.0174615611
423614718.0900248885 625580.1090455651
423167287.4719304442 625347.6307740808
396948502.3084757924 460501.2592472144
397170243.8136000633 462390.0147258248
396457625.7061237097 454063.3681747168
451266523.8027350307 745377.1520633698
443001591.7670336962 700934.7301285714
449914347.1504983306 736723.8691349030
460933453.6677888632 782327.7515653446
460899115.6292696595 782266.0535672978
443093343.4219276905 706371.6957383752
443117197.5896009803 708670.1851792932
398308847.9374403954 477300.6339370050
398352217.9290074110 477986.2365542687
460618391.7313344479 779710.0564969853
424480099.8089132309 630692.0718141198
411982187.5347627997 568749.1437024176
411365800.9438742995 564555.7225674689
435019434.2732119560 670341.5193391442
466413615.0428875685 802505.2770996094
437129702.9602683187 682368.9822081029
429630871.0981127024 650107.8018118143
466424200.5264748931 802548.8549804688
455371958.7958765030 759966.5860685185
466167890.4666570425 799920.7717285156
398152138.4680365324 472526.4263054319
466212932.8748429418 800829.8247070312
466289837.4826958776 801056.0192871094
433908003.3498446345 666141.8219402730
398164817.3967543840 473024.8690291680
397659032.8386083841 468028.7888301774
397420164.9346704483 465776.4946378185
397534862.7443734407 466719.4060691542
428372189.9642382264 631471.2036972046
411784143.5100473762 565596.8906268775
