210524808.2860124111 14230.0366724581
210490213.1161504388 14189.2803928256
299809584.8226293921 41251.9075987190
295470129.2130420804 40300.9230587333
295058526.9183453321 40267.4497272819
210740244.3152455389 15548.4184789881
289301334.5675584674 38969.3859111890
210896547.4958796799 15964.4314340577
210593757.5332862735 14578.6679841429
283409022.4415995479 37750.9925705716
327267311.7360196114 49736.7740173340
212976283.7615519166 18501.1006008610
210385705.6099479795 13135.6422011405
210377576.6750221848 13131.2660760134
210504748.5675538182 14229.7919365615
308108051.1419802904 44742.6782067642
210408994.2879747450 13537.3254830092
211899940.3591122627 17424.2994199023
210494648.6802259386 14196.8247406632
210712110.3275320232 14962.9390072720
211539566.1300232410 17085.4607192320
210693081.3466640711 14896.0949719950
210987606.4754428864 16322.3734372375
210570592.2360887229 14539.7380222231
302006155.9252186418 42839.9022128343
210810250.4102726579 15918.6191622136
211529521.8397712708 17084.7701656041
323338291.9050512910 48913.4447703362
211176170.8735524714 16591.5139327124
303079894.4710018635 43372.1857477501
210499380.7671488822 14223.6411020309
210752843.4906314909 15874.0982168838
210552191.3963200748 14471.8099843711
301986282.4403905869 42564.7700106859
210450506.0040802360 14092.7549348623
210930819.0787145793 16085.5250815079
210569154.5182690024 14534.0577010363
210682037.1818386316 14885.9058913096
213032344.9682333469 18514.0962120518
210580198.6830945313 14540.2085355669
210947397.2662108541 16216.1459211707
210584641.4037819505 14540.7257312089
210601756.9431321025 14840.9528464733
210730532.8550039232 15547.4273589477
302904132.5473150611 43097.0535456017
210832999.8607014418 15919.6102822540
210433671.3796253502 13829.3899368793
210726090.1343163550 15546.9101633057
213378327.5251689851 18872.5536037907
210967498.4477638900 16246.7292831913
316076914.8532552719 47888.0352926552
302467176.9511012435 42923.9633912221
212331405.0680815578 18090.2263676450
210921004.7172537744 15966.2584621832
210790324.3151586354 15875.0893369243
213360834.0046271980 18865.5514794812
210852352.6729056537 15919.8714819178
213246407.8881219327 18634.0650159344
213535259.8239684701 19268.3146344647
291710635.5098254085 39406.0792858228
291657539.3450002670 39347.1578075513
213414300.4017742872 18896.8616315350
309361516.6717211604 45125.8977876529
299147990.6563649178 41058.2685247287
213145677.2617471218 18525.4086286053
210416973.6189725399 13553.7516038269
210601746.0811330974 14664.7846387923
210559548.0712633133 14533.5871876925
325978202.1702799797 49406.9188385010
210430580.2549934089 13555.3029608587
210432342.7028690279 13560.2880275100
320601184.0141041279 48215.7999258339
298092763.5921857953 41020.1488347873
320214755.8870475888 47964.6529935002
210444905.1361503601 13857.3512246460
301939763.1995020509 42564.7149371639
210396222.8568415642 13292.4255928099
326000002.8240882754 49659.2684631348
211974128.1067533791 17424.5603468642
212182571.4350725412 17795.5629497692
327234266.1999250054 49671.0044860840
210399202.5480731726 13502.7190789431
212742361.0496069491 18153.9556256756
211326036.2678524852 16843.2019907460
211158158.2454998791 16528.6336605176
211398121.6559749842 16977.5165964589
210693840.3285824358 14896.1209911257
290111128.9685550332 38999.3079845533
211681019.6916586757 17383.6884507164
210544435.3161577582 14346.6357694492
211296539.6918094754 16702.0601370749
211179906.0066059828 16668.7569223866
324874798.0359004736 49214.3934478760
283060577.6364655495 37425.0125839338
283665854.6609163880 37754.2759582624
210984842.2992019057 16252.7832622752
211421429.5084165335 16995.4277803227
288816087.8681982160 38565.8880092725
288164942.6504923701 38522.9077007398
212492065.2007169724 18144.5396603271
211610271.3162228763 17379.7394677624
211792581.0637007058 17409.9087699279
211245938.2217984498 16672.6285578236
311905498.4347177148 45306.4709363803
211424038.6581285298 17015.2231408581
314291628.0045518875 46276.6712130532
211095164.5752057433 16333.6363851056
220333480.9462628961 20110.2468405887
220016820.6121038198 20064.9252764508
212050316.7304164171 17768.3369534835
211116507.9353359938 16453.5740305409
258017317.3602695167 33235.8924087510
211497345.7468737066 17021.3467918560
212005804.5380104482 17446.4157994613
211177025.4988980293 16601.9144000635
211740470.7192845643 17395.4126619920
211561449.2033766806 17227.5771261081
211165979.1413288414 16534.4423166737
261648248.1897392571 33805.1588963998
260673042.3767101467 33772.0645665658
219025729.5721685886 19456.3522238600
222821583.9087916613 20414.8497598791
222557022.3615565300 20285.0704504159
223331966.8511523604 20671.7635817719
222645721.0089441538 20391.6676842594
222972027.1617877483 20597.7891709232
222660873.8520585299 20399.8128169147
223001534.2239294350 20653.2291919608
223391951.9039672017 20786.9738047124
223359486.6906295419 20710.9757458568
223127985.2662201226 20654.5721779485
223870008.9813399613 21223.9075955083
223575607.1472940743 21046.5789054462
223455200.4649068713 20831.0154503866
223521334.8912940621 20853.5965472068
223560326.1903804839 20878.9833935781
223905978.7339738607 21440.5381943247
224045446.3659644723 21461.0877501881
224154602.7101426721 21788.1121756947
224054616.9564345181 21461.6710446706
224058819.1317531466 21563.8823630727
224317074.8568770885 21827.8745505727
224111615.2012400031 21754.0351798451
224476445.3225982189 21996.1190378895
224496852.4065103531 22196.1357560401
224406992.3728369176 21914.0977752437
224369547.2720305324 21831.5638066606
224636006.2607480884 22214.5812426570
225101312.3022662401 22215.1539139231
225101787.8486221433 22333.0831423461
225889310.9713794291 22509.2384047992
225592235.9484204948 22389.3807024217
226310108.2258882523 22545.6323253497
226763751.6397430003 22656.1192399932
226922519.5300274193 22665.9634975714
226536652.3987534940 22556.1638507990
226621997.9473654628 22605.9989634899
226970862.7600419819 22687.8746884239
226856222.7640608847 22664.5884841268
227198257.8318557739 23206.8318328664
227434731.0372930467 23280.3675632737
227072879.4857264161 22931.1219349343
227765305.0132224262 23494.4553286240
227754088.9231011271 23463.3863263714
227591664.6918628514 23350.3712481187
227475776.2125041783 23281.0501575905
228539386.8977957964 23589.9639257954
227434588.4966313541 23212.6523226157
227552467.9954567254 23334.8923674107
227673934.9795464873 23353.7133792010
227704509.9381294549 23379.3271380336
229296153.0393581986 23725.8061484652
229262546.3124776781 23632.2099886735
228197412.8886881173 23512.3763822870
229620674.7766382694 24489.0394927071
229607702.3247221708 23779.2179227363
229608778.7501797974 23786.4335866974
230144387.5668159425 24503.2710344003
231265342.6306319237 24877.3094236807
230458153.7260446846 24818.5311178374
231481267.2887682915 24890.8775694685
230214829.4072488844 24553.3286052708
231830689.6874883175 25026.8549898790
231750295.7227029800 25000.6466629620
231739574.1624294519 24973.9080689068
231997231.6844165325 25341.8709042037
231724762.6158656180 24970.3772181200
232880126.3378175795 26425.5261322932
232232625.1554896832 25381.2479861606
232212618.5684395134 25376.4488784189
232250925.0908156037 25493.0418540354
232426841.0019357800 26058.0858544350
232922759.2509464622 26771.4425653370
232288970.2335388064 25614.2243670464
232745541.7290202379 26397.0143531055
232615666.7147977948 26379.0918473120
233617419.2100910842 26799.6513966106
232315843.2647232413 26050.0150956155
232511401.2661054432 26153.3122128487
233628592.3071840405 26817.0926917575
233846728.5065806806 26890.2441935323
234958491.4555803239 26907.6395794977
235698297.4700452983 26929.6227447396
237131271.8470807672 28032.9473426160
237385649.6148749888 28211.2889869031
236989876.4928274751 27889.5244719800
238230155.8839554489 28475.8351450529
238176429.0868012011 28217.8097776760
236520451.8039985597 27226.3001160620
236863700.4477722049 27401.0503071637
236391915.3984930813 27011.7393849491
236575019.5950426459 27287.9482331275
240694262.1528895497 28612.1903991355
240923142.9363995194 28795.0086850654
240897553.1151766479 28730.3501386177
244866249.0611719191 29683.8206211161
241508832.1119014025 29021.6508485507
243387733.0928915739 29208.9799929792
242925932.6068543196 29201.7863019863
243876890.9757111073 29218.2868400374
242875651.3056818545 29095.4326938866
243940454.3815161288 29454.3890531105
248519783.9966453910 29879.4477123437
249190772.4312388003 30027.5164985310
250278919.9222421646 30755.3700406543
250127034.5033909678 30720.8067204347
251034067.5261452496 31274.4014908625
250462137.1845235527 30835.1911029472
248047404.9787353575 29747.6758735366
248758260.8541437984 30006.3432424060
249352114.5497226119 30640.2420423022
249244068.1391264200 30105.0135152331
250583624.8970753253 31202.2690531603
257037289.1989803314 32315.0708031459
256178433.5593613982 32239.4103703304
254115229.4137960672 31663.8362135838
253678201.7465096414 31388.2672774504
254391498.3888931572 31685.0517730664
254718940.7064223588 32129.7863330792
254407332.0226231515 31896.8084907483
253859703.5427166224 31524.5192155838
257113578.1301652789 32420.6222429081
257922510.3389679492 32518.7500457659
257696973.0334928930 32439.4670972629
267072780.3329320550 34983.9325710833
267616718.8607565761 35253.9431665540
263388008.8400722146 33880.4761794209
266089289.0859637856 34365.4531629682
263310238.3355161846 33849.2094781995
263517348.8253879249 33952.2573946118
264028198.5682263970 33952.9189465642
264253351.8632426858 34200.8538673520
264030186.6107837558 34118.6941688657
265153129.1598218083 34228.6807516217
264917160.9105245173 34201.2762622237
266254929.1356916726 34477.6820482612
265873656.8079721630 34361.0191759467
265508267.9877739847 34323.9295485616
270815810.5132207870 35773.1810711026
275641498.1730349660 36549.7724216580
266412654.9687095284 34677.3884223104
266860289.9677608013 34705.9200633168
270617555.2835016251 35318.7204197049
275947991.2705828547 36818.7622631192
275914835.0487983227 36578.3744857907
280779254.4891019464 37423.8893564343
280124490.4937795401 37222.4809892774
273933663.6508013606 36012.9867509007
274967509.7664952874 36058.9689185619
274834594.7002764344 36029.2984783649
275234440.7930100560 36096.9107041359
274968061.7048015594 36095.4354007244
276533869.0024537444 37174.4915320873
