392317282.6240832210 294532.8513269220
392290732.3617771864 293750.7749445830
392333320.0437992215 300199.0247996841
392405621.4848234057 305721.9817181770
392445272.3872302771 309842.1499025170
392504899.2559802532 316649.6426133756
392593722.7886676192 324434.9427190125
392591454.1243467331 320880.3478275985
392639818.2863813639 325176.2343182862
392528304.8531639576 318020.7087318897
392630232.9504988194 324981.0541959107
392728583.8834711909 330315.2851444930
392968957.6512444019 342674.7574783688
393170966.4946478605 353099.2322863865
393260189.2830264568 355445.2117041452
395173973.6322118044 421562.9508551955
392272083.2451329231 290111.9603269491
392332873.6252579093 297743.3238608036
392427168.9225764275 309688.1491181199
392807123.1640425324 334061.1954133213
392881869.4585498571 338375.9193273485
398664613.3011281490 474863.7212785453
392385625.9284541607 302247.5749096517
392380863.4916102886 302029.9484821949
393133306.6788898706 352492.9130085809
393086999.4316907525 348825.4091442926
393022899.3773275614 345152.5885827644
393503540.4812710881 369975.2528256852
394391455.0522759557 398459.0111632599
397166558.5855231285 456236.0387977742
396918561.6763842106 453813.1501258992
392295271.0747919679 293785.3264118824
392454088.3276098967 312527.3315782193
392477493.9247937202 313898.3976967335
392714816.5135896206 329678.2603568286
396736110.2351722121 449823.3512063407
392782718.6386132836 333254.2755346925
392820890.5339238644 334733.2857935131
392912342.8452060223 339413.7554564578
393429499.5358183384 366025.0226592077
393079172.2150840163 348296.1766147716
394017034.0254079103 387175.0143661750
399698099.5396188498 484892.1220125452
467537318.4512304068 785732.9913940430
392657305.3877056241 325561.4393467158
392925133.4401816726 341362.0772500932
393543247.2785480618 370451.9665466798
393780577.3820522428 378930.3922958625
394186691.4714590311 393704.7965851082
392371707.2038946748 301513.1256354842
392391434.4853100777 305600.5174953286
392555224.2581973076 320859.8911919892
392484694.1285626888 313898.3976990164
394832555.6435887218 412789.3200102448
405539282.7503661513 529084.3206434585
392310083.0303428173 294333.9862733874
392260268.6073092222 289825.8072566036
392362671.0061033964 301471.6861605737
395250989.1129934788 424130.6343845658
468259663.3225138187 789910.4520874023
392783819.6049228311 333256.0922117860
393591500.6471071243 374018.9495522035
394265835.9112082720 395237.1857942790
395772310.0430369973 433558.5429774158
445736880.6788845062 688124.0110024698
393363197.4675639272 361890.7168386234
396545147.8217270374 447014.3412984245
392842013.5061129928 337409.4487607181
393638776.1869273186 377158.3043296589
410425274.9820686579 550335.0079793185
435532508.3502291441 652313.0406417847
394581772.0424580574 405625.6192055568
399054825.4611154795 477365.8950749532
414413688.4423962831 570008.0036684275
392693962.8139606714 326726.0921985060
393497246.7557424903 369958.3443345506
396375531.1158661842 443558.2978081338
467985423.4675157070 789038.6653442383
397116338.4089056849 455215.9020276017
396711767.4124793410 449497.1977823087
401743965.6368819475 504772.8938803589
413412670.2955341935 564195.8047033548
394036968.2236159444 387800.9026642097
394919115.8887131214 415500.0044298470
393082156.5433969498 348330.2850856883
394133526.2755424976 391356.9312668098
398451661.5981491804 474633.0199055171
401767404.5957690477 505190.1566222161
392257864.6863436699 289679.9238678608
393380204.5245394111 364941.5455427421
401853353.4907857180 505603.9036421441
393110571.7401477098 351312.8469753368
393614928.8570223451 374684.9394966615
393196210.8220757246 355261.8794316156
392684789.4836472869 326117.3312515020
439959929.4514552355 672028.4230861664
392219890.4650055170 285540.8322866354
393443907.8068813086 368381.3809423698
393580115.4669049978 374002.4638611330
393815427.6733944416 382676.4508873476
400591610.4423769712 492385.4351929887
394055629.1639682055 389582.4855499519
401630592.7576996088 503707.6683433615
392217031.4483518600 281925.6424824391
453807161.2186293006 717225.1059856266
467980605.8416512609 788584.9132690430
395198455.3185353875 422229.9313350916
395363592.4275023341 425207.5763077371
394100407.3070019484 390977.8857947839
395504590.0316326022 429320.6283177965
405417090.8189049959 527247.2316375114
404374229.6594845057 519138.1008863784
394062506.2321088314 389920.6323844446
398671052.9096106887 475414.1527513050
394712949.8343347907 408419.1478608800
399635680.6954883337 483833.8297762171
392964789.6938220263 342443.5732361777
393548037.8832021952 373444.7203291906
393343336.3361824751 361391.0482282890
394495464.4115476608 401815.0846385509
394717895.7638312578 409267.2408195361
393889640.4014135599 386206.7627254976
406641397.9531046748 536942.2354537882
414152955.1602537036 569194.4080563784
406214948.5055034757 534499.0392791666
411734397.3087693453 557235.0911025628
394751779.0171195269 409661.9447737088
408649325.3798373342 542931.8319332898
408299116.7932116985 538774.9497093707
394992250.6806147099 416148.1343435645
394878218.4728695750 413959.4513389891
399993198.8834047318 488970.6428955689
392903821.1507045031 339229.4768945873
394770991.8788331151 410708.8561038797
399898282.6959928274 485840.3343638674
397085438.7884579897 455100.2984031386
401774053.2187843919 505220.4654167257
442095325.4149245620 676252.5568847656
442194200.7891092300 677651.7294921875
393317364.9968150258 360819.2345075859
396411866.9016211033 443640.2768929832
401410086.9138039351 500991.2733238302
396437121.8577952385 443661.5202840202
458916706.7167743444 749834.6131820679
467840608.3867048025 788510.6532592773
398002039.2807546854 468296.5767227307
401728998.1082187295 504623.5984175764
458358035.7370241880 746372.6477940753
458715530.5908951759 749673.7149327472
468244509.7546923757 789338.7782592773
429863103.4409774542 626308.6485730410
438334674.5410065651 665838.0575613976
429343844.7548276782 624981.7948437929
438576622.2427564263 668793.7150321007
393313573.4071871042 360299.6313670529
395281971.6866954565 424402.5118546121
428094135.3927130103 617068.6692353338
396467940.5825698376 444180.2520345084
393121549.9625883698 351807.9710339410
395721116.0209000111 433384.8421408616
394372404.6513732672 397990.9231280340
398305858.0335350633 471896.6358415953
393613998.7201932669 374397.1678153056
397900981.6767923832 466199.0541835919
399333841.2819349170 482130.6682606831
453909742.2917474508 728447.6559240669
422541627.0585173965 598553.6352124400
454136655.2754906416 728648.7821447700
422701958.8003134131 600882.2244458385
392236260.2635569572 285825.3357055578
393782298.2207781672 381577.6921050800
392302487.1162451506 293947.9903466944
447413328.9797083735 703132.4280778021
393278760.2362728119 359653.0636180295
401494067.5436497927 501827.6524131857
395687063.3328338861 431132.9347390987
401749012.2784247994 505188.8241203390
393105260.7764133215 351028.7973425016
400356764.6848236322 491719.7910930775
396594621.1312487125 447504.1759342782
454391510.3764171600 729885.3431739807
453196601.8298628330 709576.8399816751
392272403.2344214916 290246.3546505962
394345591.4447704554 397852.6875595106
398239475.5227123499 470656.5749610633
392362453.9110165834 300747.1221335921
401275799.6347482800 499288.7614390999
392217229.5842798948 285376.5187004004
394386383.2745553255 398039.7343154205
468338391.6055423617 790188.7228393555
404717048.8323740959 522693.3558149673
394161682.3814776540 392522.2096008314
401386786.0351008177 500404.9635223486
392839327.4827343225 334872.3391554058
411405666.7114171982 552987.6918105707
394037183.5383691788 388970.2165535940
432266815.4611104131 643428.0473518372
423619522.6210350394 602072.6784268618
431961218.9535865784 641216.4358406067
423898670.3339741826 602971.7797452211
402321413.1929641962 507975.4385769926
402156994.1009695530 506136.4486315809
403580830.2166544199 517641.3718283437
405357742.5860292315 526686.1050825454
392318216.9574713707 297164.5279054288
392359793.0302911401 300582.8085473571
400902599.7201302052 493526.7400267412
400967068.8828756213 494434.3374927630
404500038.4379629493 521792.8058734275
404927946.6772425771 523117.6763482578
397660767.9380418062 463106.3033508605
397897666.8175600767 465557.0759535924
409290734.4129340649 546335.4609784633
410306563.1474581361 549921.9694973321
394813530.8779173493 411897.0843543410
398143013.2525913119 468454.8389189307
458337865.9228332639 745756.7457555011
393678220.5592024922 377379.7297049541
425481829.7894191742 603495.3290283270
401465250.4248922467 501681.8553982996
395165842.6860537529 421048.6401337981
455791265.1128128767 741689.4718894958
399205535.8426313400 479408.6802993909
402424982.8322664499 508524.5368863307
449958645.9544454813 704215.1401525736
467129530.6664049029 769058.6039123535
449810212.6250599027 703376.1789709330
467362105.3478072882 772548.7916564941
404283546.3721056581 518662.1911273338
461793334.7806763649 754543.4644699097
461993856.4677647948 756642.8080978394
395026577.5260357857 416883.0079362988
399022155.5633456707 476224.8601432935
459936424.2118221521 749912.0781129077
399465448.2623552084 482717.0499571607
393678082.8995580673 377317.9570321096
401439781.5562049150 501284.0000215285
404957641.3196433783 523412.8202925064
411925410.1235589385 562145.4528202554
411739700.7698504925 560281.0131229898
397272038.0910016298 457206.5426295943
402084181.8613418341 505796.8204577528
405377455.7333853245 526825.1096601821
392239241.1335711479 286124.0436154399
442372738.2437554002 682639.5813017437
394677703.7994512916 408167.9741407335
437980916.9513727427 659013.3294358104
430811309.9323398471 634287.9586707205
437603496.9243815541 658889.4859299511
405108201.3852742314 524920.2660785057
466000719.9746122956 761827.0798339844
466010877.6134355664 762673.8013305664
405079330.9885517359 524909.0934326785
399195158.9207233787 478928.6592274800
396085600.4490882158 438004.7591565035
395706697.0740255117 432789.5846962564
397737370.9927928448 463161.9927596420
395783741.0391502380 433872.6926806122
394326615.3825838566 396420.4658988938
396254225.4156020880 442127.0701916598
405119324.9764751792 525881.1539236940
399137291.6359825134 478289.4186268941
395779010.7144639492 433847.8769325845
404667434.6383116245 521804.5331856596
396014408.8272123337 437985.7348515175
403423767.3140244484 510169.1768303352
428535661.2365387678 618686.8335191011
397396465.3035905361 459001.2708518303
401088436.1050768495 494911.2757515522
445558815.8997293711 686871.6533284187
444931060.3316962123 684844.7817463875
397430057.2500643730 459726.8292720116
436375037.8040180206 654086.1195098013
394308655.5026972890 395708.1266190410
394558044.0816735625 403242.0963274837
394557675.3485673666 403231.5653245449
394546636.3772453666 403225.1878363490
396122548.4859851003 438773.5142714612
419975353.9265267849 583787.5408584829
394651815.7568588853 407168.7857949138
396147012.8742189407 439551.3446657461
396152840.7887194157 439739.4276121889
397378987.3618385792 458486.3081738747
394526280.3570157886 403047.1768624187
397363346.3227199316 458288.2591253392
397488494.4986734986 461619.0584856865
396172004.5847784281 439760.4645210092
413713057.4697918892 568360.8733785003
431768957.0930336714 639154.1309162229
422523644.4877011776 588471.0540086031
422908366.9457648396 600905.3994107886
426073423.7485471964 610495.1932340307
436120425.2439215183 653380.5141631216
411454247.1104965210 553898.8116503904
427432152.2869939804 613526.8921500295
446017263.0361893177 692760.3119350523
446268695.2440745831 694831.7605129331
428798711.6730391979 619435.7127638906
434932806.5833666921 643593.3420081828
445000651.5300016403 685382.2619777769
