203918783.5594649613 921408.8428344727
204319162.2718253434 977631.2445678711
208926040.7850475907 1314040.0493774414
203726635.6910400093 887176.8945922852
218772226.8814879060 1590385.9658203125
204980317.7222414315 1042300.2008666992
209220737.8219223917 1330337.5460815430
203891268.8406424820 915299.5662231445
231548618.6939177811 1689283.5307617188
206008476.1397509575 1130532.6590576172
207355906.2129852176 1229442.7587890625
206049748.7155635953 1131936.6591186523
207510154.0188986659 1241067.6228637695
207430246.5832134485 1232176.7610473633
207814069.0079736412 1260465.3436279297
204921643.1758249998 1041258.7831420898
204793952.3435290158 1027961.1876831055
205197774.7203428745 1065266.1546630859
238193659.9334700108 1730542.6875000000
207013354.4619946778 1207012.3969116211
207637581.7819574773 1250755.6721191406
211271641.3177453876 1420320.0274658203
205458884.7110773325 1088767.0901489258
210406747.3827280104 1379393.0209960938
204758011.4898245931 1025533.5243530273
205882820.6600712836 1124560.3737792969
209243908.3833573163 1331610.9610595703
238712500.2845121920 1740104.9282226562
239128711.5217043459 1742262.7788085938
219244293.1332841814 1601509.0815429688
205508922.6978176832 1093095.8107910156
204635479.7739596963 1011642.3976440430
208195253.3097430170 1280335.2861328125
206029531.8522717655 1131010.7463989258
205882248.4125885069 1123726.6081542969
203464737.0178320408 821949.9806518555
239829537.9173637927 1748098.9394531250
207852347.5567249656 1260636.5389404297
238328368.5459671021 1731854.7500000000
238666716.5831525028 1736008.5810546875
205757353.7967600524 1113350.6755371094
203595671.5377044678 860908.0011596680
204662977.9766529799 1012530.0109252930
207769441.7424529791 1259071.1916503906
208832687.0929627717 1313332.7177124023
203459890.7771140039 820644.2739868164
203547815.3306988180 853357.0355834961
205716589.1646105349 1111872.8991699219
206595896.0507576466 1177876.4285888672
206968761.9995332360 1203876.0854492188
207322527.3333272934 1228415.2302856445
204359226.1446905136 981200.9194946289
211147657.5946701765 1413314.9263916016
214796042.6948558390 1529847.4887695312
206183043.7967790663 1143190.1101684570
206508585.8651657104 1169049.2015991211
239650536.3744240701 1743568.4472656250
203870927.3524592817 913696.4558715820
208177430.5315666199 1280297.3583984375
206062793.9788922668 1132897.3638916016
236938050.2373653948 1724052.9814453125
209290560.1043618321 1336503.5068359375
205487506.7195406258 1092117.1945800781
205591694.5487820804 1101121.4094238281
215139521.2470169067 1531897.7502441406
210433513.1744360924 1381403.5747070312
203508210.3265088797 841002.8463134766
205025831.0050664544 1050292.8739624023
205329574.1864613593 1077734.8574218750
203815031.0394524038 903616.9194946289
204634360.6479741335 1011078.5827026367
209623228.2582742274 1350113.9677124023
206148892.3379930556 1140430.6840209961
203928818.8386518061 922163.5442504883
204509189.4366659522 998344.8021850586
203833592.8047543168 906409.4373168945
203948349.8896017075 925098.1332397461
203785736.5977486670 898697.0503540039
203469979.0488063991 829218.6260375977
203867877.3403416574 913183.3858032227
219858871.6701718867 1603613.9130859375
208963758.1327285469 1320946.7409057617
207940376.9689084589 1268111.2219238281
239739117.0081948936 1744579.5087890625
208561436.9045529068 1298869.7517700195
224829903.0815775096 1642750.9858398438
224580466.0391041934 1637523.7099609375
210228238.3698164523 1374799.7243652344
204756892.3638390899 1024969.7094116211
234720990.4157392383 1712160.4755859375
203616368.2349264920 867290.2625122070
205098805.0302692354 1055641.8870849609
206733402.0735027790 1183943.6104736328
204200132.1535405815 959964.2330932617
240020895.7374232709 1748873.0595703125
205303895.5879964530 1075100.0051879883
209643573.5824643970 1350922.2994995117
203647502.6251934767 873078.7581176758
204661314.0566960573 1012141.7765502930
236914093.1274121404 1718710.9873046875
204571969.2974905074 1001735.5300903320
205703984.4220474660 1108393.2557373047
209374675.9594133198 1339148.5357666016
203498867.2960761487 833007.2485961914
204830818.0803390145 1030117.8764038086
210180203.9652555883 1371707.5705566406
209176137.1601129770 1329955.8692016602
204373809.6571621299 983016.8460083008
203435848.7705623209 818129.9904174805
203482818.6884630620 832020.9190063477
203602610.2097116411 861472.8197631836
231526288.5632357597 1681010.5585937500
207859148.9010336697 1261163.6766357422
203513438.0850328207 842793.8754272461
204468006.4378153086 994211.3123168945
209014549.4314074218 1322139.8376464844
209091213.5079541206 1325432.7786254883
210252781.1430628300 1375790.1989746094
209147306.6702997088 1325664.2737426758
208139713.1838855445 1278890.3636474609
206067349.6917908490 1134801.6140136719
227893398.6561985016 1652884.8740234375
227432803.0236019492 1651482.0273437500
232250272.5465885103 1694605.4838867188
203983903.2036306560 931970.6002807617
204433283.3680048883 987601.1980590820
206876879.8323686123 1194843.6996459961
207866211.3213437200 1265171.9802246094
209628090.2160761952 1350764.7883300781
204987010.3172529340 1047694.7811279297
208198081.2070648968 1282490.9412841797
205115777.2742777169 1057420.5770263672
204235521.5571829677 966436.7782592773
203628567.0200878978 868189.5294189453
223344774.0529457927 1632291.4726562500
208708074.4959286153 1309689.5478515625
235098124.4955969751 1713424.0869140625
210075027.0465276837 1366276.7371826172
207333394.8104079068 1228747.4672851562
207046492.5761677325 1208325.2533569336
204684162.4575667977 1014350.5507202148
232335581.6931084096 1694895.8876953125
210506268.9509768486 1385731.1721191406
210915470.0080029964 1404805.1115722656
210750107.9454574585 1397779.1402587891
204668821.5398183167 1013578.8243408203
209402210.6020764410 1340870.6081542969
204019658.2672064006 936975.6210327148
207213837.0559355319 1220440.6029663086
204031759.4106362760 939682.9872436523
205422743.8709090054 1084086.9764404297
208510842.0482328832 1296544.8445434570
209351615.7457564771 1338519.8308105469
210529658.3895563185 1386907.6236572266
211370310.2513271272 1428631.2188720703
211300800.3790033460 1422716.0590820312
206298222.4979878068 1151804.9169921875
212787130.4820850492 1478500.0822753906
206945677.2180583477 1201581.2465209961
209446315.4609915018 1343976.1105957031
209577495.3597561717 1348414.0109863281
204564680.7921272516 1001200.5735473633
204061095.4166232347 941862.9467163086
203802664.6947404742 900714.8828735352
203738387.0438283086 890453.7151489258
208126835.6752465963 1277972.4511718750
204401307.8598552942 983904.4592895508
210127960.1710382104 1370833.7686767578
203773776.4474707246 896926.2603149414
207621802.0046886802 1248878.3931274414
207589947.0481380224 1247236.2266235352
204536687.6393592358 999232.4154663086
207957938.4288008511 1272154.3958740234
204508070.3106804192 997780.9872436523
208379662.1494681239 1292121.4959106445
211451276.7795339525 1431455.6971435547
212788483.4102173746 1480081.7775878906
208089118.3275655210 1276565.4564208984
205411638.2739521563 1083587.8626708984
211615139.1647766829 1435761.3051757812
204040657.8797862828 940112.3814086914
211148246.6298221052 1415861.2838134766
204052165.2379105985 940920.3880004883
207111316.3881518841 1214180.2164916992
209423887.8447933793 1341009.4800415039
208950142.2849101126 1315052.4358520508
231375176.7871094942 1677800.4658203125
211172814.9991758168 1417005.1685791016
213914409.8136180639 1499666.3215332031
203821126.0013910830 905169.5955200195
213899271.7256597579 1499418.2678222656
210375655.0514154136 1379029.5885009766
208513122.8569703400 1296873.4363403320
209719182.9322068691 1359137.4241943359
208331652.0909682810 1290287.4744262695
208462831.9897329807 1294710.8230590820
213895680.3731476963 1496818.6147460938
234494314.2383844554 1695310.9814453125
210564941.2512870133 1390223.3758544922
210020565.4247258306 1364415.2800292969
203912245.6509053707 919824.7145385742
207734773.7264500260 1256032.6726684570
214391082.3178136051 1521612.3811035156
206672044.8835367262 1180677.4080200195
206906981.9108948112 1200317.6583251953
212446061.6201991141 1462052.7504882812
204144178.2308070660 953765.5042114258
206594780.9218560755 1177579.9696655273
212383827.2912405133 1457364.0258789062
206788624.2055409253 1190048.5841064453
208027413.7837247849 1272655.0187988281
218311478.2821640074 1580071.6059570312
212596775.3949327171 1472598.0026855469
206483991.5038426220 1167688.0832519531
213990552.8959521353 1508792.5344238281
210987807.9639830291 1408657.7276611328
205587765.4876719117 1098727.9910888672
206251362.0012554824 1149091.1702880859
204204815.0203969479 962556.6784057617
216687637.8111690283 1550806.9062500000
206545388.0236504376 1172077.1501464844
214388486.7143880129 1519430.6679687500
206467644.9921778738 1165505.3974609375
206881443.5288370252 1196666.7611083984
218546497.8315304220 1588215.3266601562
220321451.8018913865 1609729.0341796875
203662835.4695077240 875831.7976684570
212550078.8772640824 1466777.3740234375
203710185.0234280825 884075.1328735352
214011463.2935634553 1510798.6887207031
205283325.7681472003 1072418.5848388672
220254764.1510432959 1604398.7768554688
203613355.7158661187 863611.5876464844
214486105.0147821903 1525486.7761230469
214167908.2506148219 1517231.5944824219
204614935.4294161797 1008709.3214721680
214130099.1249536872 1513019.3459472656
217310462.2859328687 1562868.9750976562
218513905.4520398676 1583477.9990234375
216875373.1657041907 1551012.2373046875
216968854.4778445363 1554392.5136718750
229041294.7888765335 1659864.4621582031
206370490.5530402660 1156830.2678222656
213484921.1887736619 1491354.8872070312
230328479.6574913263 1673752.4033203125
230285679.0105256140 1666932.9008789062
204429080.3788218796 986800.4652709961
205083070.3422084749 1055064.5306396484
205125050.2529337108 1058309.7774658203
238136655.6350843012 1727125.0937500000
219109517.8066524565 1597798.8520507812
206339479.0515440106 1155900.4064941406
218936453.4374549687 1595105.1508789062
215263654.5025871992 1533311.9194335938
204296458.3998082280 971472.5090942383
210897997.5663861632 1399676.9869384766
237500254.4389130771 1724131.6445312500
218490228.2865267694 1583363.8515625000
232046116.7960440516 1691968.4765625000
214410765.1458220780 1523672.9079589844
217975956.2832328975 1575986.6923828125
237861092.1819502413 1725336.7451171875
219894205.7915816903 1603698.7988281250
213196386.6145122349 1489608.0275878906
213977336.8841911256 1506510.2409667969
221940945.1793433726 1625087.8671875000
216501111.4173366129 1546408.1638183594
216293929.8388616741 1543863.4543457031
228514577.3870071173 1653649.5935058594
228553823.8513374925 1657172.0310058594
204733519.1286117136 1020050.0247192383
230600010.4147744477 1675233.6752929688
220443514.3747164607 1616717.1157226562
218267477.8716869056 1578158.2192382812
206152494.5780012310 1140767.8669433594
230013694.4941111207 1662950.3188476562
213064428.2901404500 1489085.6276855469
231155156.4541576803 1675718.7910156250
231471768.5477587581 1678417.6044921875
229955983.6937265396 1661720.7485351562
212899555.3545141220 1483172.7272949219
212002803.2197793126 1441642.5798339844
212328084.4124777615 1455636.1437988281
212224639.7414886057 1451641.1604003906
212176057.4522206783 1446821.2033691406
213496108.2664360404 1493433.0947265625
212090521.8170301318 1444361.1506347656
217499198.4980015755 1567032.4404296875
220271290.9300726354 1605146.3408203125
212874773.8968222439 1480874.9479980469
212478981.4833255112 1463846.2294921875
213379808.1548581719 1490398.0332031250
212410935.5432397425 1458301.8752441406
213660957.1712040901 1495512.0510253906
223215465.3649202883 1626138.8408203125
217899430.2015942335 1573781.8105468750
212732172.0466369092 1476133.7602539062
217753814.8078260124 1569118.0429687500
217843312.6735329926 1571756.5444335938
217136848.7416543067 1556257.7587890625
