437234857.6891551614 19832.8511023475
430694996.4168521762 18071.2280651107
456469720.9134677649 22904.2516871756
442107528.1945357323 20757.2621252639
444462743.0690393448 21180.5013461923
463682839.1199311614 23520.1254616976
463033005.0591641665 23476.1892510653
461207042.7923554778 23397.6657070518
432079825.9914697409 18659.6615290353
433685384.2284004092 19045.8359680078
458764811.9327988029 23160.0905398726
431934872.4918511510 18603.4504324020
460986788.7272719741 23371.6871394515
437790870.5742837787 19929.5433611823
439981461.5603427887 20389.2761794059
458551171.0300916433 23101.5251235366
429760201.7914868593 17884.3484197631
430453629.0908769369 18026.5275417342
430236651.2014583945 18009.3896347060
441466952.3817311525 20600.2176317056
435606184.8003436923 19549.8007985046
434053845.5345026851 19148.2097547939
433522532.9763298631 19027.2242476043
436083513.6389825940 19632.2595271172
433269284.8585505486 18933.6759249267
453127894.0123320818 22464.4939314611
436646764.4822744727 19705.8258546172
434945480.0938130617 19389.3052423885
429795506.0822241902 17967.6121923597
453149228.0650759935 22482.2958342321
466219202.3620683551 23681.5565990210
459944045.6713004112 23256.2495674491
429129686.5716655850 17634.3970430204
463934396.4394114614 23548.2246304750
432592924.3227535486 18746.5081754745
466263972.7306613326 23693.0604785681
432615501.6257578135 18792.1370054306
459092538.2765651345 23209.8532389998
461645982.6660079360 23417.4923881888
441884174.7477061152 20742.4324813141
459332705.5956327915 23233.6076831222
435117801.7861465812 19420.8001287868
443911031.9005638361 21115.7642322397
465156375.4057036638 23651.5636235476
432778889.7154095769 18801.7626920761
435973816.3791404366 19632.0445852580
464570312.6645876765 23568.4401570559
461659258.6582050920 23451.1559789181
442176680.1550281644 20811.2135014785
443445953.5599287152 20939.6573389275
429519917.2028049827 17833.2429306181
429215529.5189298987 17794.7134582670
434955286.7489699721 19413.4436064626
431979678.3272779584 18608.4643770279
442408567.1095775962 20818.0259944303
458926350.5709825158 23186.4110812545
443046786.2893053889 20917.3208215339
434720829.5441312194 19358.9150828423
453580640.4472948909 22539.1741873510
438053987.1184508801 19986.5635619117
464969986.8092128634 23584.1364333630
431285667.2907581329 18346.8885441192
452329298.9437820315 22349.7547667604
450729579.4382620454 22129.5655423615
439307470.5671662092 20254.8044336764
458994075.6628178358 23195.7806491256
433946524.7199994922 19046.9033478682
432314962.6830472350 18711.6059537949
461067719.7567308545 23397.1277648211
436881270.8564979434 19780.4431424374
439248717.7379674911 20241.0471170871
433502576.6435973048 19010.4647416146
429064440.5086411834 17626.1772668668
446579538.4180121422 21482.3139115609
433055777.0088316798 18895.1539168069
457459184.4080066681 23016.8338519400
433406747.8276342154 18951.1558350594
467480222.9296826124 23762.9265140295
454393305.3594002724 22631.4796246327
439994795.1164850593 20409.8016024558
434299497.6054928303 19290.0789513143
440300143.3648166060 20432.4122191397
471525355.0207787156 23902.5896759033
429534255.3020778894 17866.9639211669
435760001.2004413009 19577.6788491225
469025782.3361338377 23817.4541187286
440319521.3547926545 20448.4807692496
438677511.7855898142 20161.6227453677
429155089.1979486346 17725.4102084944
429432105.4297940731 17815.2938810363
430792730.5356876850 18114.9715637909
431527623.8928209543 18349.0630944268
441487736.8297440410 20610.0561909927
434043130.0449123383 19085.6911286018
427551193.6068034172 16901.2882448872
467625700.1949111819 23778.8014110327
438829747.5627810359 20162.7163113086
436424205.7488943934 19680.7505965466
460124227.4173509479 23299.6273604631
442693997.4020603299 20891.5724929189
453385938.6056393385 22512.6419417150
441377355.7817038894 20582.6023202045
441646079.0191575289 20679.7914414508
439152717.7484113574 20217.3910368411
434718679.6033496261 19300.5076340651
432948166.7391865849 18887.0480164191
431656917.9567755461 18437.1707556741
454242069.7827314734 22609.9389270643
436391159.3029499054 19649.6767016230
443464377.8379240036 20988.9234864814
443225575.5768659115 20926.9531819923
456880396.0094600916 22937.7639972037
438609566.7707077265 20135.0032232730
440027338.3474932313 20427.3472796408
456515692.0686269999 22919.3334475821
465713636.5110577345 23678.2406123877
466329218.7936853766 23701.0169070959
454389193.0127376914 22624.8701404432
451461257.3060784340 22262.0990033684
432814235.9415444136 18840.5718942783
450887255.8425232172 22184.2871537743
451238848.3210994005 22240.6866117058
457338057.4176205397 22999.4375021774
431753681.0436782837 18454.9764309295
452235034.4627318978 22324.8461003838
438424583.3945131898 20069.1933277575
456597122.1113889217 22928.9701836607
457711184.6818655729 23030.6278326828
456164099.5900504589 22862.9339896506
450043752.7646809220 22040.1727700768
446487772.4915068150 21427.3417694877
442572674.1285740733 20840.8088109596
453163529.6206601858 22491.2295500524
443717859.8669806123 21006.2842309577
430899739.3095642328 18220.8118700729
443801444.8271231055 21012.8575837715
436137927.3488055468 19635.7760609603
453637865.5471701026 22554.1289488561
437320849.5307048559 19909.8959937049
471044511.1289547086 23897.8481330872
442494322.2064155340 20835.4444253547
446320530.5101068020 21418.4864371484
439002827.4394859672 20198.7865217654
449806644.3028632998 21952.9771795807
435873359.2905706763 19623.6274613356
451987447.4746924639 22309.5556226311
446641816.2504545450 21484.9938881705
457101831.7198442221 22949.6566641647
437539251.4826548696 19922.9020132972
441812266.7247403860 20703.2335991962
442806258.5994397998 20896.3220002754
432851879.6980371475 18857.4271654793
446023108.1505587697 21393.5380771821
454730053.8028323054 22732.6562522749
445434704.6275812387 21318.0696376031
452682585.9325826764 22415.7005526312
470865212.2735353112 23881.1650962830
460948471.2805779576 23349.2383334637
451713184.2476091981 22303.5860105095
438070142.6923063397 19996.9314360572
467084418.8555808067 23747.9800167084
449658732.1161547899 21927.8637812734
454471199.7074561715 22662.0268443922
454627268.2881851196 22680.8966182570
438605912.5110663176 20107.7160916282
438207738.5003648996 19999.7232553316
455226022.5866727233 22797.2803291182
472827028.6736007333 23994.7869644165
436774894.4712531567 19712.4924069978
455193479.3556646705 22779.7346519331
470542228.3376249075 23877.7271118164
463747884.6399423480 23521.3207608461
435189359.4572935104 19428.8742569899
440851161.2400867343 20487.7324293582
434302867.3162078261 19293.4838761392
445624363.2723048329 21336.5659716791
428044279.9831352234 17100.9908697316
435176189.6306124330 19427.1854676222
469602064.6019095778 23854.5653285980
455125575.4662746787 22746.7252181868
439492598.7503396869 20295.7040747134
445895325.1892811656 21366.4086001581
469740016.8322359324 23858.2099666595
435372436.3420888186 19520.4819191908
438468487.3625439405 20071.8241324378
448920709.9403694272 21822.6185987592
445118465.6976907849 21271.2426417535
437291826.6241199374 19848.6363939596
428328938.2587106824 17171.7637828597
444739987.6636977792 21241.0348017877
445362321.7219951749 21277.5400088495
435363264.1179567575 19508.7229927992
462049409.4449939132 23456.7294331193
438249480.6303736567 20013.9383276431
459985188.7861481905 23282.7981673479
460691906.4039385319 23330.8102370501
435197076.4123740792 19485.2808350539
471431576.1139825583 23900.9771060944
472047164.5656882524 23931.6732711792
428441675.4171655178 17282.9686797829
429044893.8183593750 17391.9756020316
428244503.0283860564 17166.7365905949
460548509.2530583739 23324.4997168779
438289300.9049076438 20055.5316351382
466444538.2015755177 23733.8212271929
435147597.3275381327 19422.2125748610
429990267.8235427141 17972.0614155954
459686355.2594341636 23250.7477370501
468912691.8438798189 23815.0264682770
444700606.7812618613 21233.8215716546
448748209.0045893788 21808.2796301311
464625684.4621577859 23582.7848883867
428214782.5166031718 17108.5618752441
437824221.5514210463 19982.6617601840
463673184.1235193610 23478.9295159578
439575778.9372181296 20360.6904014517
444280225.5617816448 21174.4950450128
448526486.0113384724 21766.7629255718
472385773.8978957534 23952.5301589966
448795778.1694834232 21822.4339346355
439460110.2808033824 20262.8874586551
447442592.4224811792 21577.2347158855
464163972.6947042346 23549.2137585878
447771310.6114261150 21637.7035139268
452495195.4346708655 22396.9077243395
441226137.6165314913 20540.5464984728
428912330.9050058126 17307.9058064009
447423221.3195942640 21559.1356771355
452601039.7036783099 22399.9753169604
452703106.8694568276 22438.1937426366
427729011.9470660686 17049.2336482755
449131336.2454187870 21847.2392385602
468317109.5473615527 23781.0443344116
459863340.4049057961 23251.3995944262
471616830.6410005689 23912.0136528015
449523997.6397299170 21918.7289479375
449202175.0573140979 21875.2329571843
453002516.2364518642 22458.0504207201
441133006.2273860574 20540.1801959826
441077514.9599155188 20531.6746265246
438883105.1321843863 20177.1509299232
449887381.1327835321 21984.5695873983
447714556.5417870283 21603.7532028621
448312729.5517333746 21759.8594603008
472364177.1613298655 23945.2728347778
472377748.4938449264 23946.3707351685
448634552.1341485381 21803.3554510539
469953585.0543720722 23864.2354621887
452993698.7406547070 22457.2769145556
428389168.7333626151 17174.4238256003
471651992.7645122409 23918.5148582458
452909037.9071106315 22448.8345126696
447268061.8023023009 21557.7260778314
441017577.5821748972 20499.8209909685
441366526.6559038758 20551.5253404863
448615756.6335499883 21789.7262514234
452289681.5158135295 22343.3745092936
464539851.9625997543 23560.4468480349
449729843.8701674342 21937.7575395703
458342855.6456812024 23097.7197221206
447579642.3765577078 21588.4904566929
447773297.6771151423 21645.6773773804
449765596.1100070477 21945.4418892451
450332533.3463605046 22076.9807667322
450253550.8077523112 22054.4345974512
455899280.6971617937 22812.3574670241
456325784.0899487138 22880.0076085613
458975573.5843070149 23186.4205560819
450887114.0994868279 22140.8910135813
456063521.9753954411 22821.9852468059
450828813.9629958272 22139.9573816843
457646703.1766600013 23020.9024449871
464444089.0012179613 23558.2860509157
470505398.7989487052 23872.8332290649
457734261.3323747516 23053.9589940594
458694341.1315221786 23128.4771232903
457994780.1206607223 23056.4838201092
456113669.0909256339 22836.8813144253
470481841.9997734427 23866.2836074829
458629406.4365514517 23122.1290436089
451657611.8852357268 22263.1883558817
458235307.8105263710 23077.4826413677
452093120.4361461997 22318.7475947887
453277824.7330319881 22493.1684283167
453340277.5575527549 22496.8928774744
457109718.6238089204 22950.5162583874
457304774.7098225355 22987.7472659526
450229736.2772569656 22044.0090717860
457109731.3652862310 22973.2573825298
469249720.9365023375 23848.9407424927
450570954.8008478284 22103.3369412012
450629692.6905354857 22119.5750302263
453952588.7937706709 22604.3353488622
453928463.8839655519 22594.0326678930
447688697.7016648650 21590.9537744531
447097075.2218762040 21497.1835718164
447186581.6446624994 21499.2536873827
468447462.4733086228 23795.7344932556
