498068205.0893900990 12794423.5839843750
505016536.9236783981 13639579.9511718750
512657207.5635190606 14225250.1250000000
558966802.6986798048 15382936.5546875000
558749371.2979192734 15381298.6640625000
579376966.9196249247 15609744.6328125000
499540465.7926793098 13025322.4746093750
499519871.1951034665 13020845.7636718750
528954436.2501087189 14858634.7929687500
574870643.8495182991 15570050.5644531250
522959863.9219577909 14732624.2871093750
522148793.8149119020 14688946.6230468750
515466269.6265333295 14374650.0351562500
499526694.3295952082 13025097.5214843750
509078931.8736145496 13973677.5761718750
523065922.8284764886 14734647.5429687500
496530109.2007212043 12528117.5156250000
496674519.5325290561 12567190.2656250000
497638234.0696499348 12745028.7597656250
497691645.4831844568 12756530.8066406250
499288918.5270982385 12984086.2675781250
500273825.1194040775 13125915.8320312500
500342073.2539916039 13134358.4121093750
501429003.5236058831 13257786.5917968750
503115092.4458561540 13471651.7656250000
507732820.7853159308 13882930.6757812500
522699001.8351044059 14724088.8691406250
600131763.6010519266 15835675.2324218750
496329617.6326552629 12477471.1640625000
497169105.1578407884 12655674.1992187500
529189688.5777351856 14879576.2285156250
522261558.2192029357 14706563.4707031250
498634751.4738863111 12896549.1406250000
508141559.6419032812 13916268.7656250000
496540526.4144200683 12539677.6914062500
507677585.3709568977 13862910.1250000000
549016683.9975658655 15297097.8007812500
499595594.1536980867 13028788.5351562500
501598463.9463058710 13289338.0937500000
508108537.7482337952 13915223.2265625000
521991568.7065619826 14687164.5351562500
499445865.8582714200 13013372.0214843750
502800051.2367170453 13432481.2285156250
496593196.4185212255 12543108.2343750000
499504529.2203880548 13018367.8027343750
499461827.1798739433 13014038.8261718750
499626584.8698177338 13038254.3515625000
565074799.0133672953 15505784.1445312500
564846396.7306027412 15501179.7519531250
534891607.9210750461 15023755.7304687500
496360821.1406684518 12490590.2734375000
501617537.3248248100 13294948.9062500000
505584956.0730854869 13695911.5742187500
505573364.0854742527 13688006.5449218750
512731522.3278368711 14231984.0273437500
533424226.0549058318 14993469.3906250000
517179552.4849654436 14475392.1054687500
498435804.0184786916 12868228.3730468750
499831841.2790045738 13069072.4824218750
496821449.6493657827 12590447.3632812500
499678027.8550135493 13046381.7929687500
500016175.4482023716 13091017.5664062500
496925773.5640654564 12617601.4316406250
496711843.7319154739 12568227.5742187500
498959933.2818964124 12945330.7343750000
499727580.8288401961 13057541.3339843750
498846775.0098071098 12930838.4433593750
497470183.0994396210 12715199.1113281250
497604222.3088003397 12737017.6230468750
499724034.8997619152 13051546.6210937500
504659302.7308457494 13615222.5410156250
512813402.5483387709 14238206.8242187500
500419205.0323656201 13144068.9453125000
497032608.2079196572 12630641.3144531250
499047995.9038508534 12957587.7343750000
498739493.7641158700 12915267.6425781250
569243040.4532203674 15520248.5097656250
496980009.8887749910 12625350.1113281250
498916819.9112814665 12939340.6328125000
549137654.7710199356 15299419.2500000000
501322170.5383813381 13252667.7890625000
508486183.7528045774 13944644.5527343750
499931089.4624127150 13079565.6113281250
509238072.6919087768 14003721.7343750000
512790807.3798062801 14236268.9980468750
509838488.9246072769 14032667.4296875000
562663096.0358588696 15479108.8339843750
563246240.3361721039 15479714.9980468750
498506706.1708853841 12880562.6601562500
501080143.6720827222 13219227.7285156250
505396760.5745494962 13676348.7656250000
504797920.4061697721 13629094.4785156250
504161914.7758974433 13581487.8007812500
515693971.6543205380 14401392.8203125000
519415792.6978715062 14573230.1406250000
529327715.0512486100 14882668.3242187500
581607054.8731288910 15633509.1660156250
509889156.7865860462 14046964.3027343750
515590178.3392879367 14387999.6113281250
498245203.3490269780 12838083.0117187500
498121928.9346958399 12817382.4609375000
499222838.5567343831 12982296.4179687500
517362445.1865726709 14484491.0996093750
497516395.6363288164 12723955.9902343750
497470183.0994389653 12715188.5058593750
498411786.0556007624 12863889.8359375000
515774281.8781350255 14403663.8984375000
497849806.7089685798 12776554.6425781250
511571347.8744944334 14176630.3554687500
501917265.4054751992 13330669.5917968750
547493484.4373270273 15265431.4902343750
526006547.8216905594 14785259.3945312500
504860903.0714122057 13631112.9062500000
549183687.2743502855 15304015.2617187500
497192448.6720924377 12660982.3437500000
593334537.0729748011 15785211.3144531250
544193984.3361537457 15194312.8242187500
509166688.2810691595 13992057.2265625000
497053431.3199557662 12634218.5820312500
501691724.7753248811 13303822.5781250000
502103228.0190467834 13354724.1035156250
516103760.2166741490 14427017.6875000000
498578594.7444891930 12890377.2675781250
548454823.2427647114 15276258.5625000000
509375758.8619704247 14014658.0898437500
548784868.1155802011 15292119.3984375000
599789999.8488080502 15832167.8554687500
512725251.9958668947 14229776.4941406250
516011261.1596924663 14422099.6464843750
599663210.0753408670 15828241.4433593750
599508351.0806299448 15825751.4238281250
599407849.7147858143 15818945.9511718750
503665245.3235467076 13529155.6250000000
500482552.3124370575 13152140.2773437500
529334346.9717774391 14886842.9257812500
534832436.2155433297 15018034.6191406250
500868665.7774776220 13201717.6269531250
500953516.0115864873 13210456.2265625000
541150723.6375622749 15141760.0644531250
509546815.5316041708 14017886.1523437500
553126086.6455925703 15319692.5683593750
559242759.4442574978 15445130.2539062500
559159320.0266826153 15443295.4179687500
502056387.2728723884 13351275.0605468750
519782550.9613815546 14597723.5527343750
518395047.9663454890 14539650.7187500000
501819995.3195236921 13317867.0019531250
508222695.5672111511 13927695.6796875000
502199180.2718030214 13367437.2070312500
505928488.6265703440 13718335.3554687500
506375248.4588996768 13766607.1171875000
501651147.9052481651 13295936.1875000000
506115941.4359964728 13753365.0468750000
511640851.4299732447 14187367.2148437500
505216079.4202357531 13665242.9531250000
502454577.2850577235 13391174.9511718750
534862325.3921256661 15018782.7929687500
508587485.6730852723 13954589.2070312500
512888323.6990110874 14248887.1972656250
508643975.7369351983 13955494.9218750000
535328015.6881163120 15038575.9746093750
532505743.3480868936 14950477.0957031250
534288177.0300200582 15000837.9238281250
536049067.5176475644 15055407.8730468750
511787412.9864358306 14195232.4550781250
503549986.4526966810 13518512.1250000000
512096324.9672933221 14209137.5722656250
509555469.7074007988 14030159.9335937500
503763690.2316268682 13535320.4746093750
535473684.9727228880 15040498.7167968750
509213110.7980219126 14000462.4492187500
503005754.2750930190 13456777.8769531250
501458355.8877378106 13269158.5410156250
520236338.0113086700 14619398.1679687500
503531447.6557084322 13516933.2890625000
503327109.5753312111 13496340.0683593750
511269241.5563625097 14153007.6406250000
529818312.5617498755 14904039.5156250000
516217422.5484037995 14428453.7734375000
535743167.6879643798 15050445.4941406250
530451710.9910013080 14912334.6523437500
500627777.6034766436 13169262.9296875000
539749387.3791630268 15129785.3007812500
539610881.3763123751 15127835.3671875000
524890469.9292911291 14775602.3769531250
543124364.2175538540 15190088.9062500000
508672641.8964599371 13963343.4882812500
504550571.7949568629 13604778.1757812500
519964859.7526609302 14602028.9160156250
532248022.1520493627 14935709.8203125000
548559135.9274772406 15281541.7089843750
553754715.4574685097 15330706.8691406250
596046010.2488008738 15800536.0214843750
553676784.2401307821 15330329.7910156250
598505322.9182518721 15802837.9511718750
598324978.7633627653 15801891.9082031250
516434765.3731144667 14449240.1113281250
555611482.4645993710 15334931.2070312500
556218350.7711606026 15375212.8710937500
520565913.3411646485 14639982.0371093750
530525301.0004801154 14916138.4472656250
549492560.2634822130 15305391.9062500000
502578945.6285074353 13409691.7714843750
521450358.6010063291 14677217.0468750000
520444439.8730962276 14636087.3769531250
502578869.2877221704 13407326.3945312500
588135364.4729827642 15726620.2070312500
509638063.8051027060 14032162.5136718750
513067204.3354146481 14254422.4707031250
545661330.2738974094 15221502.4101562500
503041561.5676457882 13459396.1035156250
589086494.0883457661 15744183.0937500000
531419118.1119962931 14933755.9179687500
548548050.2160474062 15277313.2617187500
548121484.2672691345 15269021.3320312500
507165398.9758816361 13838399.4394531250
507054523.0942262411 13825019.6972656250
527421146.5497658253 14820854.5585937500
535206002.8314690590 15031264.0546875000
595404007.4525309801 15793518.2187500000
566457772.3741556406 15516803.7558593750
518054783.9950919747 14533339.8105468750
502855830.6826999187 13441848.0683593750
571343893.8847141266 15535777.6406250000
544521459.1831266880 15202102.0625000000
516476947.5716673136 14449675.6621093750
513097742.5192412734 14263404.1738281250
517386129.0286146402 14492767.1660156250
506772865.6071243882 13805712.1718750000
507791170.1175602674 13883127.2753906250
506639587.6229553819 13792843.6132812500
513397219.1156505346 14273192.0039062500
508296486.6388819218 13930954.0859375000
507055367.0272457004 13828159.4550781250
572373851.0524536371 15546996.7031250000
572140727.1474239826 15545629.4492187500
519183203.1202091575 14562318.4355468750
506672205.0452754498 13795950.7851562500
530109928.4085348845 14904497.6210937500
530110488.9535426497 14904715.1347656250
584408352.3031359911 15652855.1074218750
583914473.7454779148 15642840.4433593750
591702627.1143925190 15770377.1523437500
565796556.5041916370 15515288.9062500000
510310309.6474323869 14078919.5097656250
510455177.1556819677 14090793.4062500000
569630561.2198557854 15527260.3085937500
505870004.3173929453 13717504.9863281250
578891708.9717518091 15601695.1269531250
545005308.6584609747 15221114.1992187500
544713774.0759005547 15211495.6816406250
537756725.1013532877 15071884.2675781250
526927986.3274330497 14802679.1464843750
505991342.4761250019 13730190.7343750000
519748745.3160415888 14589345.3964843750
590216985.2802035809 15749943.5078125000
517574702.0243642330 14499257.7968750000
531336217.1157405376 14925710.4531250000
510638129.9481788278 14105735.5800781250
515845053.8907656670 14408266.8847656250
556627024.8770469427 15378783.1699218750
509960223.9909518361 14048950.2656250000
510972065.5419225097 14125341.3613281250
510683850.8833593726 14108570.4472656250
510700225.9692367315 14109024.6933593750
595018957.6638524532 15786365.3085937500
577854125.9435660839 15583153.9960937500
528034986.4508267641 14840834.3105468750
541377339.1842191219 15152660.2753906250
540799508.8760163784 15140824.9101562500
584849465.6062804461 15679768.0820312500
526952521.5406156182 14814805.4140625000
542506286.5636483431 15172003.6738281250
542280171.0916113853 15168113.5585937500
533016815.6790347695 14961397.6914062500
536524255.4131929874 15056668.9746093750
510022047.3326058388 14063557.1269531250
546769265.2468905449 15255687.7753906250
514511705.7387281656 14320856.4648437500
514208181.0614972711 14306732.6796875000
514602991.3114908934 14328287.6250000000
514432126.5273286700 14320351.1328125000
514567727.7330259085 14324446.8027343750
514394295.3283124566 14315462.4492187500
519131866.6414619088 14559026.0976562500
516683631.1237895489 14451097.7382812500
524428901.5269819498 14749214.7050781250
516831588.2937065959 14465551.3398437500
518805211.6210267544 14553200.5273437500
587815451.2512533665 15712276.7324218750
587697714.0797759295 15711624.9433593750
538277426.8320851326 15072459.5332031250
524858335.3890560269 14758388.8300781250
522219219.3114879727 14700861.2539062500
521192550.7167538404 14663507.0234375000
538373159.9578098059 15087156.2089843750
527211906.5497580767 14817488.9277343750
526549183.8465188146 14797451.5839843750
527739955.5713312030 14838361.1562500000
527481620.3363429904 14826938.9355468750
