526365845.9709663391 2312823.7058639526
496996092.0994741321 1115360.5112011167
508910574.6597638726 1893024.0856449599
500706874.8955230117 1460722.9799439861
500910940.5249875784 1477241.5838656528
503448377.8313747048 1648402.4487996937
503791558.9146526456 1653580.7690109680
514504635.2579953671 2101767.9840781209
497473735.3153856993 1180353.7555145868
498243319.6364581585 1260258.7999361977
498415536.1110763550 1276975.2581985141
499238964.3703637123 1349040.6521308981
502089439.4826487899 1560883.9789837194
502516857.9502966404 1592442.4903783095
511688528.6009653807 2003358.5089758013
499305892.4362379909 1354443.8451117091
499325720.7504007220 1355695.7809027247
507730004.3586677313 1856349.9658048723
601716881.0719352961 3058726.2388916016
509010700.9536724687 1900546.8206131454
497101249.1711555123 1132020.1490833494
497212654.0680160522 1147489.3817489140
497167653.9115402699 1138456.0444448655
497784109.2572939396 1216802.9056731910
498606192.5089021921 1287244.1278198324
504689342.7706503272 1713549.4178150119
497238632.5560269356 1149715.9736349233
497752239.9545454979 1214263.0272190953
498292604.8542638421 1263202.4922828833
501966602.7963241339 1554915.4138631118
507303295.3063600063 1839091.3015898142
512578493.3943303227 2028042.6757906054
624954406.4793360233 3213460.8781738281
498743717.6131236553 1303898.6608638465
506716379.2876421213 1814632.3119041319
499941867.4606249332 1399873.2940115640
505975894.2035235167 1777766.9613388903
506289670.2353343368 1797373.6476890738
624964414.8681215048 3214589.1105957031
497154913.3556095362 1137173.6779356310
505778444.9147754312 1769647.2096894081
505357209.0633804798 1740849.5053663375
624603868.6953785419 3205082.6467285156
500249063.8826572895 1426928.7833274016
503425735.6319627166 1642598.0219556065
512266418.4897863865 2020688.8465431307
499178318.2787870169 1342823.0884870775
506739009.9924886823 1815776.6960022445
516833710.5077586174 2141172.0713334829
560955143.8667951822 2710162.8547668457
497703213.3448571563 1207442.7977754027
499967729.7939179540 1406838.0870981775
499719129.4262613654 1382515.9988479335
505686274.7092998028 1749339.2262750724
505105399.5084197521 1733691.5676221969
498011218.1412943006 1239138.7437046450
500656410.9003678560 1455632.7756198272
512549425.1082174182 2026300.3811171029
508711106.7267444730 1885539.9840061660
498374083.8751418591 1270889.2503784262
517038292.6928859353 2152831.8635354787
496995682.3454007506 1110814.2094669109
497492605.5507494807 1180957.6702995035
502260867.4160510898 1573042.8927131868
516986715.5966771841 2150799.3587632924
552441872.0512412786 2669467.2619323730
500424243.7596349120 1439859.1363655939
514823081.4701793194 2102480.4864451406
499863162.6495460272 1396936.0928654536
497831536.9622241259 1222211.1739691114
520360027.5832923651 2211178.4891278399
502827041.0659568310 1611365.6513191438
504430815.9979187250 1703119.9603023240
504410266.1048246622 1702522.8713358799
534619458.0882420540 2430550.7003326416
516372881.4695456028 2137157.3874803334
508851174.9571899176 1890781.5104420180
517038292.6928859949 2152832.4277559072
504965724.7396483421 1726677.5421095015
505264370.6139452457 1735469.4983922364
550863069.8405178785 2653966.4335632324
550293468.8397800922 2650226.9838562012
506511696.1283053756 1807687.2930748160
499407944.0328595638 1364134.6881292872
500192367.5015529394 1421950.6076814784
506874452.1174720526 1820107.8783103819
512482772.4979332089 2023974.1163465951
497667617.1225005388 1203614.4580012113
499267368.1410803795 1349970.0145091759
496899400.2321601510 1090143.2364684790
501783845.0357090235 1542566.0203761947
504868704.9243234396 1715448.2837653765
500311102.2100481391 1431877.1205695877
525869002.4825217724 2305751.3879928589
505429830.1118189692 1741128.1153409192
499030948.2463741899 1329950.1775574880
500964322.2865027189 1479626.0253301337
498079562.1106317043 1243555.0610662717
517145264.2004033327 2157229.3871390894
499522336.9665305614 1368024.2434491832
517203521.3173265457 2157367.7192598134
502954375.1608918309 1616390.9151320136
497209439.8237135410 1142962.6301492965
499299237.4438287616 1352780.0580023341
499074837.9557817578 1334787.8242746340
501408272.0767117143 1515465.1324494113
500409015.7154973745 1439294.4836083069
501253912.3735762239 1504001.4555946817
500998063.5059854388 1483170.6892562732
500946703.5688059926 1479010.3693745956
498192529.4478775859 1255772.8645142186
504161642.0155076981 1685001.5727290818
497571662.5650748014 1190857.5627203733
603210164.3749759197 3076200.2651367188
512458267.0055440664 2023207.3419325326
576766979.8021900654 2842200.3611145020
501622036.3241033554 1533937.5204509390
548255851.1113412380 2609426.2776794434
501822128.0571255088 1545292.6318687126
506135408.5562275648 1788841.1442597206
516013478.2756365538 2130148.5098795686
498291496.1118889451 1262853.8946177233
504268571.2908130884 1692714.0532966563
516952164.1343565583 2147377.0260911733
517729859.1770541668 2169649.7219529897
504672649.6382741928 1708827.5989517579
502702181.8973020911 1602316.3848271859
497603668.6577546597 1193685.4066413464
503058432.7269715071 1622679.7882972932
505974988.1129417419 1772644.4774318114
621034113.7177749872 3179160.3603515625
620781339.7809052467 3177541.1074218750
609412053.9127396345 3142295.7800292969
514259675.1572622061 2090978.6854960439
502241949.2557905912 1570559.2665230012
625209606.8394002914 3216790.7917480469
552354360.2227542400 2668946.0523376465
521103171.1636693478 2230029.9742550277
533159102.8524051309 2408469.9417648315
515188045.8533502817 2112229.3750941274
533353935.1468814015 2413589.0515823364
521270846.9092352390 2234923.9200558090
521103171.1636693478 2230029.5919308090
548509050.6064054966 2611013.6341247559
500116795.1476697922 1415061.0705814222
500990023.5369926095 1480938.6394545659
502099833.0990083218 1561864.9298393950
507884373.8100380898 1862712.9847281747
516989382.5651139021 2150838.3019700795
515009474.1862291098 2112037.7865015981
500857713.8284974694 1470892.8961140737
532924711.3313364387 2396859.5659103394
532682209.0458385348 2390336.0452804565
551943351.4060505629 2660961.6358337402
503448138.3474094272 1642843.2726537157
531567967.0482735634 2373412.8063046522
501018689.1145228744 1485124.1367224678
535792199.5579462051 2454532.0776062012
535242138.0497874022 2447901.0621490479
607962934.1697720289 3116563.2919921875
501014760.1548205614 1484112.9354895577
504688001.3896468878 1708990.5550593743
500237720.9736658931 1424462.6132309157
523747528.1174505353 2278132.4614986801
523334316.5978724957 2274394.6323971176
501462296.4557351470 1516908.6634788141
504211196.1871439815 1689425.1494899914
516951856.6843132377 2145114.8066621572
521103171.1636693478 2230116.2853512191
542306943.5791904926 2521452.7985076904
516986715.5966771841 2150799.2004495412
500775701.3446909189 1465798.7010992989
500934263.4988988638 1478681.6346442327
538253937.9170233011 2463491.0928802490
538033143.4612898827 2460347.3292083740
546589905.0996602774 2579110.3075256348
500035425.6036933064 1409146.9420883376
532502611.2854549885 2383297.6994781494
510897468.0169104934 1977392.2664650057
528792637.5204014182 2363238.3080978394
528827083.5079143643 2365918.9912033081
548731074.4452035427 2637203.0030517578
501155998.8681270480 1496452.4304465875
538402603.4095979929 2469217.8649902344
551647984.7887054682 2654872.5066528320
509899194.6972576380 1935670.9311000700
540958900.0904599428 2520305.7225646973
501370111.1323848963 1510443.3274192438
510516920.5349928737 1961921.0320833300
608779571.0671895742 3119059.8540039062
525724763.1506608725 2298753.4075393677
503142829.2186965346 1625272.8886752811
527723356.6213008761 2349580.1281661987
542918305.0857592821 2566247.0541076660
542475892.0250527859 2556056.3491516113
507088904.9466601014 1832824.1833413076
501006571.6280713677 1483467.9570855200
512989910.0990895033 2048509.2129376363
509938859.6011324525 1936238.4767229217
511136534.1938234568 1984028.3591716860
516980060.1480873227 2148773.4719529897
510950811.1328033805 1978247.9513643358
504586591.5774484873 1706286.5942744920
508656794.4542873502 1879166.7726070280
509899194.6972576380 1935670.2548457975
525844496.9901326895 2304984.6135787964
512585140.5446519256 2035113.3967683148
508685809.0534613132 1881758.4481441374
510022418.4840558171 1941438.0357219572
509938859.6011325717 1936319.2396852630
509607095.8478528261 1924638.5865785736
508773824.4242967367 1889106.9266554299
544834503.4672918320 2569564.2051086426
534073802.6293254495 2424596.4359664917
511335351.7096813917 1992174.4382722948
552114334.6021165848 2662831.7941284180
522007474.3706860542 2240559.2560009947
509274941.6875270009 1906116.4910733532
522569673.1420328617 2256176.4843649291
516971559.1710741520 2147423.0845628530
520670114.4345086813 2217539.6280636215
513245155.0242029428 2054145.2567170095
547663609.9202837944 2605554.1597900391
548601522.5074530840 2615381.2351379395
599124378.8550875187 3054932.1706542969
540258032.2731748819 2482552.9826660156
539548392.8803238869 2474784.9340972900
540331327.4700763226 2489003.8093261719
513502275.0039787889 2063360.2151137292
569314937.3912308216 2787136.1507263184
513940291.7404861450 2072328.5414535461
539242889.1565253735 2474093.8010864258
521075020.5733373165 2229059.1748852157
503968774.3496575356 1674272.1427927585
517240493.6243295074 2159610.9928079396
515486431.0984239578 2117830.2757545770
520878970.8145421743 2224433.2489742660
503363897.4583529234 1639892.2263354361
575473309.3194668293 2791675.4915618896
519433233.0700584054 2187633.0663338453
525548081.3747724891 2293151.4211349487
534944451.0236528516 2441208.2293777466
507974922.6943762302 1864228.2164028205
508121822.6400894523 1870497.5621827163
502982899.7221020460 1620461.6504974971
513307283.7617101669 2058048.2018220257
511171819.4399718046 1984504.3557303466
509339168.3229161501 1908149.0114343595
540041891.4623973370 2476861.5456542969
611098282.9615745544 3155228.8698730469
611798739.6214985847 3156083.8327636719
527647638.6377797723 2333676.3600082397
514019672.5303323269 2079911.0787328165
534447252.6399489045 2430390.1648025513
535129099.6814396977 2443602.0159225464
505518453.0299289227 1743441.7020582049
585163241.9916428328 2861343.5660705566
520737998.3251358271 2219689.6643185043
546990854.2796900272 2584423.3058776855
565018020.1991523504 2739914.6481628418
538151181.1073678732 2461687.3856201172
505548877.0160452127 1743534.2548643015
622925882.6586041451 3183763.9736328125
512781524.4831566215 2041475.1144092511
512781524.4831566215 2041475.5107715558
513070179.2206165791 2052422.9225452375
511593202.2849655151 2000908.3939337947
513070179.2206165791 2052420.8934619855
533023383.1338197589 2406183.5193862915
532735188.3524821997 2390989.2292556763
532177179.7692265511 2381758.6156082153
589049517.2822420597 2923154.6475830078
606850326.6227163076 3096035.3413085938
527687491.1759203076 2334089.3413162231
603573495.3291665316 3091125.4296875000
520228978.2112090588 2207153.4531278037
534861076.3513286114 2435743.5594558716
623497506.8666645288 3184994.9392089844
525456258.3421836495 2290043.6904678345
534900127.8897249103 2437247.4930801392
586325578.0234594345 2898109.8363037109
586150061.9235862494 2893575.6259765625
623416026.1921852827 3184739.0305175781
595924151.3598320484 2997092.4633789062
596340140.4914320707 3000188.0161132812
583208642.6547124386 2848934.2606201172
525614834.6736178994 2297374.3401412964
575777812.7618942261 2795504.8314819336
513577382.2736386061 2065758.9215619992
512176065.1451066136 2018916.5921376713
586836093.1350569725 2922820.5598144531
586771022.3980911970 2922103.1044921875
525235279.9174151421 2285696.3225159273
558207571.6709630489 2684058.2848815918
531976398.3189749718 2376467.3453292847
592020000.5440967083 2948394.0327148438
598249390.9194650650 3001199.5240478516
594770322.5557531118 2962442.9132080078
593843230.8147058487 2957136.6667480469
593840827.4373826981 2953209.9084472656
