213255039.2327463329 300.2207048237
206229698.0490558743 229.6569381524
204630568.9128054976 179.5879184436
205803651.0231798291 219.8383193035
204736214.1930652261 186.6154722437
207656450.4036684036 252.0643795583
206964847.2375153005 241.1274794806
208486438.7663166523 263.5724058190
206575507.6798617542 234.0245991533
207312795.0594428778 247.1543369477
209262262.9947536290 272.7894020811
205595780.3714148402 216.2486669626
208299360.4386409223 260.4535474471
207330575.4329476655 247.2004289811
205071257.6089529693 198.2428208087
205495534.4139662385 209.7565659001
205056296.2648800015 197.8648478217
206011763.6135889888 226.4201675523
208185593.1578436196 260.1822894505
211942273.2819452286 295.3258000910
207254110.5885693431 246.0827763563
210464606.3224035203 283.7580277864
206089092.1372077465 226.8504454959
212032917.0493295789 295.6377171576
204819706.6417162418 188.2624510914
208757291.1495596766 267.1092334138
204780350.4487366378 187.7546743095
204478613.2376303971 167.4714266952
208917083.2125587165 268.4363700190
205476080.3859454393 209.7343656696
209748465.7117577493 277.4268300004
212059675.3318713307 296.3828161061
209818719.2882075310 278.6894713111
206919433.9100751281 239.9269514997
206095634.0650905669 227.4158292878
206229698.0490558743 229.9282712508
206229698.0490558743 229.3628874589
206721053.7512611449 237.5396716166
206687375.3732724488 236.9639828687
207310712.6167414784 246.8320215827
205075007.8585521579 200.2267012424
205738918.4471606314 218.7880534064
208683339.1121420860 266.6367258178
210693744.4367034435 285.8839564100
205072540.3261737227 198.5556729711
207148232.3962332010 244.3195796197
206764448.3928794265 238.0006084626
206623842.4810312092 236.0560805088
205923542.5568225980 222.2501935605
209823868.2681749761 278.7390750117
205801074.8153168559 219.4993102793
207453400.9712910652 249.6310917025
205537285.5582607388 214.4366856064
212101401.8606531918 296.7687223256
204519129.1294154227 170.3338554497
205883791.9811059535 220.8663413171
209074677.2892033458 270.9795327531
205683393.7499497235 218.1078300606
206611269.0329122245 235.0364219449
209153139.4214738011 272.4285723316
207453400.9712910652 250.2138160353
210204433.7385050654 281.7615871709
210421986.9210728407 283.2374035399
208951207.7600068152 268.4684781181
213385884.3216310441 301.4641191065
213594958.8795978725 302.7337348759
204426298.5356326401 166.7379038078
206320046.9151778221 230.5896719680
206711358.3494776189 237.4767295323
211975705.7517359555 295.3754037917
207719983.2959095836 252.9534281347
210591182.8376421332 284.8269403949
205012762.7957988381 196.1298954818
207830124.5678904057 254.9598531163
206152695.4885651171 228.3262618650
205923542.5568226278 222.5279898290
209373629.5204292238 273.8998324409
204661335.6271930933 182.4753725394
204741793.2552107573 187.1583074197
207978949.7498831153 256.2458247451
205519554.3843275905 210.6977095414
208576931.3349049389 264.7513346366
205953331.0268085897 222.9615807179
204542591.5441136956 174.8820643048
206987356.2372774780 241.2604258824
216565745.6817573011 307.0356242955
207688531.1869671941 252.3232158309
206836161.7647747397 239.3076267427
204726413.0909759700 184.8948656037
207585184.0427992940 250.6483706122
204702393.1206146479 183.9497486721
219872083.4277201891 308.5282588303
207752064.0792084038 253.7990321999
207621088.0801866353 251.8148432527
205037002.9968595505 196.8456174560
208798059.1008532643 267.2390997754
213564073.6724053323 302.7026288807
204786269.4663311839 187.8557635411
215736668.0758274794 307.0035565197
204645955.4629583359 180.2079574331
205055979.8388908803 197.3564769454
215335098.1297937632 306.4221902192
207909410.7521595359 256.1403525954
204645955.4629583359 180.2119307235
204903897.3371786475 191.3294016547
215555777.2199428678 306.5373802483
205396457.1210626662 206.1594734765
207610353.4718341529 251.4444600230
211387966.0922525823 291.6181233376
205519554.3843276203 210.7148978520
204843330.8898057044 189.2893326148
204577459.2814765275 178.6116049658
210328175.8602036834 281.9639625764
218302006.1774416268 308.0597782433
205461410.4195801020 207.7352694325
218998390.1322075129 308.3545341790
206836161.7647747397 239.2719395345
211743945.3223804832 293.7542398274
206836161.7647747695 239.8546638673
216590153.1483576000 307.0538535416
207830124.5678903759 254.4213812983
209212308.1184896827 272.5673307525
211526648.3738220334 292.9664498866
208994342.4781969190 270.5293999063
207609858.7685520053 251.0998686438
206836161.7647747397 239.3169448560
215387338.0527323186 306.4339781106
218944574.2772876024 308.3136320412
205297328.6329000294 204.2194676749
215413099.6540611684 306.4353375733
206416291.5710033774 231.4994752906
204913169.7137930989 193.1101972811
205245416.1893931329 203.0450584046
211248912.4475473464 290.5611073226
218987634.3496238589 308.3148508370
219257058.4957555234 308.4953966439
205115836.2142460346 200.3213481731
204534245.0580480695 173.1924578935
208918399.8181318045 268.4503807174
211257121.0033679605 290.7475055903
204494317.9232585728 169.9693997796
208730562.1103962064 266.8369171964
204947178.5490058661 193.2384965174
205426869.9595346153 207.0139136515
208730067.4071141183 266.8350665914
211257121.0033680201 291.0902463645
206788116.5430633128 238.8425939582
205320031.0893941522 204.9970371775
206425969.6724484265 232.0599802039
205185967.1054288447 202.5268425099
208838168.4357000887 267.2910122565
204519197.5404977500 172.2997554239
205359160.0634643734 206.0663063876
206776600.2526062727 238.7004801236
208436003.6090309620 262.4059626750
205452369.9297168851 207.4904961787
214739048.5361646414 305.8378517926
209279576.7475435138 273.1364678489
219228979.5635759532 308.4878626168
213775171.6314661801 303.2955320179
208883644.9438911378 268.4046787368
210722027.9265267849 286.0703546777
218308042.9978438318 308.1512265503
214062888.9862358272 304.3116414845
209675008.8130575716 276.3210260406
209312268.0001817346 273.2991900789
213687417.6511376798 302.9226491749
205240267.2094255984 202.9954547040
211830782.1039415300 294.7428999245
209483473.4658280015 275.3351972833
205240267.2094255984 203.0377019994
210021988.8968918920 279.5073127217
209312268.0001817644 273.4779465543
207002772.4918511808 242.2617152981
207197728.4741513431 245.0419567507
212168775.0228783190 296.8498535454
207309848.1530036032 246.5488255900
209257147.9500966966 272.6539413081
205009739.4545800090 196.1152753677
208414397.3444993794 262.3183990434
213966061.6590369344 303.6105742753
204959196.3367456496 193.4343657788
204969738.3953878284 195.8500730838
211799948.3784857988 294.3102767766
211526648.3738220334 292.5882951319
207242158.0686456859 245.6308964423
207237009.0886782110 245.5360449484
210232717.2283283770 281.9479854386
208847830.7692159116 268.0563990222
206623359.2599991560 235.1483009633
208409248.3645318151 262.0823970750
206466258.7669488192 232.4650397754
206473988.6447799206 232.5802095539
215702788.5487007201 306.5544607937
209732580.7182347476 276.8584906526
207030896.9314124584 242.6459316216
210888875.0873704255 287.8948275298
206742246.4394802749 237.6348883524
207386379.7038972378 248.2794405323
211024869.1562226415 289.0014472455
210791496.8316718936 286.3052906748
209807408.3034924269 277.5304854579
213255039.2327463925 300.4071030915
208516076.2317895591 264.4865729526
205887496.7677153051 221.2598049543
211486442.5506455302 292.2680185139
208647035.3806836605 265.3419056801
210740179.8453501761 286.1324496716
211780674.0371725857 294.2364381850
214621432.8619351387 305.5886411965
211195007.8811867535 290.3108476698
211246652.5284680128 290.4282194674
215000858.3992731571 306.2965367138
208654180.3129997849 265.9079169517
212258446.1816627979 296.9164355099
208213675.6971905231 260.4328138672
211652698.8456720114 293.4088782370
211106428.2699382007 289.3706438988
209888008.0114961863 279.0970290370
211481293.5706780255 292.2184148133
207798841.5222388506 254.2289913371
214158808.5996480882 304.5386729538
214516772.1808225214 305.2890644372
205887496.7677152455 221.2397317789
217959954.3804332018 308.0473549664
210560854.9921088815 284.6093580853
214301146.3448517621 305.1981001198
207099967.3787906170 243.5416580123
214418777.2324891686 305.2208156884
213863423.4991163909 303.5105057061
208147836.0458693206 259.1868769271
212176749.8149729073 296.9032061398
206922180.5270285904 240.8313521348
206922180.5270285308 240.7755975924
208099141.5901294947 258.0213622195
208147836.0458693206 259.0004786593
207990883.5453263521 257.5998856170
208441744.3462272882 263.1174286944
214896197.7181605101 305.9969599545
209437147.2105952501 273.9426744647
207990883.5453262925 257.3058349235
210808275.3793666959 286.7645215243
206159160.0831303596 228.3539527334
207990883.5453262925 257.4922331912
206502330.9080628753 233.2529627856
206373445.8730009794 230.9134390033
210345859.9913167059 282.6537166866
206381654.4288215339 230.9593003668
210830308.9175096452 286.7670993060
214161961.5520670712 304.8212492764
207871755.0240708292 255.2446409636
209888008.0114961863 278.8029783435
205957232.3710056245 223.7369129635
207875545.3648676276 255.3299057824
214644046.2517795265 305.7218394578
214264620.7144415379 305.0139439404
208970122.1515007615 269.4759513622
208968160.8922621310 269.2803065067
214056549.9992488921 304.1434016526
208970122.1515007317 269.2895530945
205993642.8071434498 224.1372274696
213888800.5190107822 303.5287683308
212912004.1418916583 299.1530657113
210960316.6166589856 287.9599708766
213111297.5200991929 299.5504231751
218023648.6920395195 308.0517347157
213113507.0221895576 299.5851869881
219568706.3396753073 308.4979424775
213352201.2160328329 300.6526159346
205349496.0274232328 205.1453136593
217568664.4485008717 307.8134076893
217500099.2961250544 307.6863038838
208325524.5044447780 261.2797875745
213508122.7407175303 301.6198400557
212328070.1913742423 297.3609700501
213994299.3221152425 303.9935958683
212531414.7712537050 298.0296373665
217355036.1165089309 307.6632342637
212306608.2260208130 297.1501100361
212476480.1964675784 298.0112438500
212391016.3322068453 297.3993790448
212742059.0658024549 298.9101984799
219893417.5065679848 308.5310988724
216805421.5753416419 307.5112564862
212666573.9463660717 298.2673523724
217219934.4765853286 307.6190693676
218923366.6654747725 308.2704420388
218880331.1522905827 308.2046003640
210978202.6911027133 288.0165313929
211088802.1817677915 289.0570496768
218563704.9478986263 308.1632125676
210164681.0245608985 280.5777506085
214891146.9173618853 305.9300258458
211480199.2131308913 292.0546070784
213054782.5660482645 299.5009284317
212979824.0519723594 299.2326748669
216727583.3565450907 307.0973053277
215734198.9933708310 306.6023690999
213158698.5614648163 299.7973687947
213160740.9506691098 299.8857617676
