468318523.3360190392 294010.8077080665
551638114.6242600679 1515442.8045654297
468779997.5349810123 336543.2204888878
468441387.2337507606 304117.6893696008
468632419.9278358221 323059.5513246432
474170569.2863926888 628977.1655785739
487889990.3825328350 927859.3063550293
479376108.0227520466 776868.8631601036
479192235.1617960930 773031.2269296348
506772846.3048481345 1166924.4762300253
505336293.1861990690 1153524.0058320761
487571199.5031825304 909508.5691980422
486137649.5972781181 891733.4192684591
469432589.0570775867 390955.0042975023
545235191.1428468227 1454415.1601276398
487571199.5031825900 910084.7171472609
488289632.8457466960 939061.3662303984
488030466.1970662475 937807.3418163359
470930105.1482838988 487205.3801236972
470868762.3693667650 483822.9116231171
477555793.1794015169 726249.2118818555
497891119.2432624102 1060980.9384021163
506641515.5938629508 1165775.4442476034
494940804.4078280926 1026754.0852762982
469432589.0570772886 390937.6229498461
468798844.8691570759 338998.2825229540
476530311.7009047866 700131.6367763951
470866981.9326286316 483712.4125996796
472622930.6354389191 572264.5900646448
506266147.9578770399 1165056.8895601034
505770606.0830643177 1157125.0197490454
472496782.2647219300 567397.1332106590
505792037.2711240053 1157522.9592021704
505213060.5505560040 1152163.5510600805
488547243.4934710860 942177.1135095656
470877974.4732891321 486693.6470253989
473899609.1211037636 617426.0963488519
473386565.1390910745 598862.4837933481
472711460.2285606861 575457.1938726306
494227869.1731357574 1014323.5021037385
470930105.1482836604 487205.3375058994
470917229.4722443223 486883.7245286033
468020461.7304561734 240095.2428141832
468441387.2337506413 304089.9097435889
468481399.5662215352 308180.7899787799
479959601.4943467379 787242.4260863960
467985798.4420157671 227900.7471534014
501373428.2244007587 1111186.6802219152
547767645.0922302008 1471905.8237075806
468101704.0386519432 259649.1664019046
470827726.9336730242 483501.9458028046
472011673.6925250888 545612.2845880240
487631646.2349597812 921831.9313062727
473922648.8223037124 617551.8624621332
470513702.9684681296 463261.5275066463
472180127.7145615816 554017.7046030313
486722743.2696589828 896953.6436714828
490056681.2592356205 958348.4999195635
468076223.8899361491 252012.5712382793
468067000.4079993367 251908.3976672111
471426547.2446169853 512605.7455912977
479959601.4943464398 787204.9017638862
471794557.2579842806 530987.0396301448
472394805.6784002781 562103.4021420628
470719304.9798942208 476281.4714558689
470971140.5839773417 487581.2291189060
474048797.1930203438 622411.4866405427
468995794.8235478997 357921.1610042272
468055165.3611087203 247853.6493052244
470448134.6510255933 457805.9491510913
548251303.8174315691 1478252.9304733276
519665585.7425377369 1237595.2420724630
472340316.4883882403 561876.8929357007
479874954.1550551057 785302.2836546600
488671756.7818775773 944084.8318480551
469674272.7284974456 409274.8644139139
498459582.6742272377 1072713.7342447042
468439418.5497155190 302253.3124357238
470877974.4732890129 486633.1553320214
468825723.5122688413 342189.6649641214
469999482.2571407557 430403.7389338581
471108148.4697644711 497977.9470402151
480151958.4136297703 792754.3450851142
473899609.1211037636 617484.3424426019
470967742.6291167140 487503.4812390208
473899609.1211037636 617472.8385363519
479495763.7409880161 779903.9018211067
484387599.1751928329 874542.5649609864
480419236.4044426084 797894.6271743476
470101176.2429770231 437357.7666277215
467992446.1549617648 234392.8202278614
481353079.0322594643 813075.4189409316
486785212.9648174644 903999.2092283070
537988350.1600658894 1380977.7139270380
468223192.4256884456 279721.1149806795
471846888.4310413599 535148.0738657266
471798680.1701263189 532325.0775522143
488207590.2633932233 937918.6445507109
469573450.7378762364 400466.3280928209
472052490.4424678087 548290.9503305703
491025963.3246291876 965777.9140998647
468177300.6685304642 272864.2341001034
523293195.6093986034 1245709.5600235909
484387599.1751925349 874497.0122266114
482956001.2206557393 843824.3991001546
471297244.2149997354 504798.8341629654
489152256.7054471374 945353.9928153455
484461801.8809662461 875709.9691281617
468137781.6943040490 267234.9689633846
479774455.6440051794 783581.9021148384
486161444.9780380726 892972.3388929963
545306088.5394318104 1470369.3555755615
545489086.0529773235 1471214.9649505615
549327321.8152308464 1485466.2764229476
481756777.1143729687 821275.6329878271
488522946.9266974926 939086.6992577612
480585701.2711632848 798754.4415282905
470031429.0010661483 432622.1274418799
542530438.3628135920 1445558.2532677352
483810744.1412107944 852256.9566312134
469533438.4054055214 397152.3827456353
473861548.2008460164 616911.1052848399
469471728.2613494396 392722.1008629873
469923556.3630748391 425762.7480555741
469127019.4736523032 367344.9773234501
534477789.2403753400 1367996.1136344727
492201142.5597395897 971077.8133918568
479706123.5199893117 780523.2314338386
470169585.8642850518 441236.2311438290
484701518.5064058304 881672.1319165528
468573084.2179693580 315850.2186242757
494911688.7688103914 1023812.9279014394
480070924.2088584304 789358.6127776802
470401831.5140423775 457473.3340105340
481869653.2810881138 825100.5774391592
482761263.1548688412 842153.5538166463
490855793.6243807077 962887.1553804576
482565495.8538327813 841672.2514294088
478904599.8642497659 765652.2790336311
482761263.1548688412 842090.6651447713
468223192.4256884456 279720.3098048983
468177300.6685307026 272879.5178750753
486470387.7650982141 896002.4821150601
563341136.8209400177 1564126.9843750000
537769812.8239966631 1377825.8948949277
563113014.6383612156 1563917.1723632812
469040766.9545376897 362076.4788425341
483154581.7386281490 850709.6091602743
476957229.8123681545 713784.3598899543
468612886.2165470123 320287.9230254783
473952842.9292954206 617853.0305854026
470274459.1737560630 449046.3099959418
470307448.3641927242 450848.1841081902
474855061.0639982820 647279.9241830111
531906301.6201084852 1347609.2105747089
562520347.3237875700 1561672.8498535156
480070924.2088581324 789313.6611175239
471607126.8977208734 521962.0876543075
529968807.6109311581 1324925.5111116171
471036634.7428060770 490459.9327633530
482282267.2583138347 834227.0998333395
484990185.8686788678 887508.5248335302
539650301.1958807707 1421425.5544973984
521371849.4309579730 1243477.1992503926
481594176.4914004207 819442.4252776802
468602794.8969743252 319939.3292373834
469471728.2613494396 392708.7854332998
468738233.9408199787 331334.1105292216
471489235.5076153278 513672.7963816077
471723937.6081066132 529187.1551473886
562848098.9642795324 1562410.1791992188
471036634.7428060770 490452.3766110092
470214058.5836027861 443488.2186745033
471005742.6941616535 490133.5039837509
486466777.8889769912 895669.6063322723
469917781.5427766442 424845.2358491985
469849371.9214688540 421133.0745557472
478971748.3080139160 769960.4216214801
473551551.0370001197 601940.1786203384
484216503.1552042961 867514.3403057158
484216503.1552039385 867440.2759746611
501135718.0008826852 1108552.0400645137
469522864.5878195167 396067.5775698540
492307578.0385140181 971999.5210759714
492168301.9702736735 970104.9253738001
538250012.3342843056 1402178.3143463135
503450922.6684703827 1123375.8450482339
549898253.8170748949 1486656.9693450928
549990364.6672569513 1491353.4116058350
489906350.0991414189 951512.2033878267
504861968.1525916457 1142804.3768657446
499669872.8290439248 1087774.3807743192
499428936.2039424777 1082790.7219608426
536049869.7497763634 1370719.5258427523
493545961.4770982862 1003114.7739643753
469471728.2613491416 392708.7773115709
477675480.1775417328 729933.7412875891
473488709.2291242480 599254.5606189966
476636899.6411103010 703830.4225615561
479356649.5891307592 773760.0465440452
551631814.9007258415 1504532.9816284180
479880218.1286501288 787181.5425969745
497219271.9588243365 1046368.4996200651
476879896.3552672863 712478.1890350282
475481573.6670395136 671058.2289079726
496091042.6989725828 1037592.2810788229
499010902.2229369879 1074361.5942924800
504430217.5633928180 1125299.0257667303
478745764.2262834907 764145.3169476688
550384945.4714508057 1499929.8209915161
524728006.2365208268 1271407.4375032187
524389080.9578659534 1270834.1782258749
517113584.5354860425 1217145.9674113989
517226013.8932427764 1222064.7664836645
552064788.5887387991 1521427.2619018555
478582028.6157503724 755986.3428036869
495569926.2583407164 1032430.4650637582
494800514.4649770260 1022940.4848878458
480235406.6719557047 795488.2137231529
475248524.1992517114 663755.0182172358
493942035.1072493196 1008937.3690383509
477976741.6644805670 737659.8667758703
477881680.2268698812 736068.1819671467
477963390.3547913432 737506.0126498938
494395248.2819063663 1015417.2490048483
494432291.2290906310 1019616.6105771139
545000768.0418331623 1446860.8155122697
494395248.2819057703 1015367.9365048483
477113491.9494367242 718795.7040061653
537995638.0396006107 1397979.4280839567
554159856.6386592388 1522717.5983886719
494190878.5229555964 1011225.5243575647
486294879.2343377471 895363.6411674321
486169163.0789116025 894674.6082084477
476837372.1130720973 711952.7182370126
500807896.9949830174 1088893.4628309011
556788706.0790370703 1540435.0533447266
495846491.8771363497 1032537.9048163965
527568270.7821069956 1282328.9459846250
527228766.9264174104 1282092.7008674375
533990095.8390216231 1361674.7658997481
473557793.5117464066 605623.7786756754
536499062.2637398243 1375912.4566664398
561849444.6569319963 1545404.8182373047
547921538.9855674505 1472968.4155731201
538664720.7020797729 1407576.8051235378
530433822.2696915269 1329873.4265264273
477194573.7556213737 719890.7328854501
473703610.1831991673 611285.9181629419
548092940.4174534082 1473959.6356277466
562209387.2456628084 1549533.6138916016
477113491.9494367242 718861.5365256965
500863668.9998864532 1090347.4824041128
561931514.8143180609 1548840.6744384766
561852424.4374949932 1547735.9322509766
556232595.3347798586 1536437.1352539062
500972184.6767494678 1096285.3381942511
516326032.7600568533 1197725.3180092275
473808534.8307249546 613978.1344682872
476233853.3799172044 691764.0607998371
562177916.0982285738 1549129.4249267578
483359724.2726044059 851300.4255903736
518594722.2779411674 1230541.2374010235
518313033.6622750163 1227296.4649400860
528551313.3745093942 1312342.1262096763
478886861.6780006289 765016.1379154623
477204093.6085359454 721512.6393150985
477138633.6000111699 719870.0815182626
492580332.0224896073 983680.7105074227
483118189.2264308929 845028.2339313626
523702494.5764935017 1251471.9567184597
483065627.0696943402 844115.7687402740
500405136.7755959034 1088562.8094196469
473361098.1801348925 597701.5182605982
525728222.4554976821 1277734.3234442621
541029820.2339011431 1427517.8925304413
514793630.2524421811 1196499.5423984677
483039445.8782392144 844023.2052174881
475738597.0904049873 679542.2815279365
481536286.8360441327 818342.7539058626
475919911.6567158699 683053.2339653522
476139459.1779061556 689082.1986501217
541847895.4050319195 1433531.1698951423
487154512.5492488742 906926.2038615718
475427561.5888345838 670844.1001911163
541673356.5242955685 1427858.3364755511
475292930.3721356988 666804.4247999936
476094134.1171646118 688694.2767751217
474470229.0947821140 640971.8131061271
473982987.5661247969 620321.7266740873
474297827.4064127803 632964.7348744348
474953842.8432409167 656451.5616931617
516346415.3793367743 1203186.5790805966
476663692.7340266109 705623.8440285996
481314379.4457343817 810279.3309193924
474314666.8106883168 633845.2900481895
474678693.6110581160 646981.1401055530
474227783.9561235309 629106.9709563926
483833340.8931718469 857460.0244505480
487304285.9400020242 909197.8950865343
