511677799.4754921794 276264.4624710203
513623781.8050984740 311770.7541907212
509629680.4293798804 222886.5161058679
510088630.7460779548 238968.7196419723
510211807.0075447559 242392.2479009256
510047353.8132822514 237322.9669430293
510185695.9799934626 241425.1895599253
513145802.6128771901 303777.3574411437
541900571.8312256336 502872.5583467819
509137523.6873288155 195522.5823373608
517738493.3909308910 362924.2063677624
509251288.2335134745 203694.2103638463
514929523.5407709479 330640.4454398766
509505993.5934450030 218699.3579284921
510336506.1017612219 245487.0313885249
512419932.6194446087 291323.4703346506
513184939.9678506851 304985.9788678751
510233265.3557435274 243091.0306771286
510635071.9167487621 253420.2380653396
510916466.2268240452 259795.3709617034
579526856.8164715767 624812.4415294826
578928948.4935811758 621161.5390971154
509545162.0218139291 219175.2913334742
509525612.6644838452 218932.4638855234
510258798.6011118889 243111.1190953888
512982781.2827357650 301096.5204766855
512990288.6889725327 301530.2070954904
512999152.4699435234 303308.3874322936
568685222.9452490807 570190.1306292005
509250093.4322239161 203461.1044068150
509426144.5540055633 214810.1528503671
509471145.8749678731 215504.1987604909
509630875.2306696177 223119.6220628992
511716945.5251550674 276461.1113892616
561855089.8683406115 563798.9852271974
509116370.1282500029 192042.9140914492
510978803.4093409181 262300.9332316294
511203759.5849987864 266920.0501443669
511374495.8118056655 269938.0683861942
512870439.8913375139 300006.0634692773
512486725.4175754189 291791.5740571670
509678524.7630961537 224430.8621094599
509668079.5875520110 224098.9120491967
510088417.9514282942 238110.5175024495
509599299.1816824675 220547.6504643336
509579680.1106435657 220314.5445073023
509063178.4307900667 187185.2411941104
509732406.1511747241 227075.9764775261
509688330.0491102338 224543.0377947316
509916558.0017281771 233115.7203473933
516690219.1906374693 353009.2768740073
523612367.4250399470 405365.6149800143
522699124.2652533650 401193.5509561023
611536896.1211475134 744474.0689095333
510138578.9156475067 240655.5662085041
510185570.5092145801 241374.4374029674
518249509.8930217624 367693.3106618576
614730167.0983939171 748028.8412393034
510319925.1133006811 244768.1601940617
511136715.6117700934 265323.3897973970
509878328.7740737200 232410.9441381916
523326593.1297451258 405309.6458355209
522302594.5966219306 400776.1651254653
521991920.6328241229 400415.4175668715
510782816.7484238744 255820.3048479930
510862002.7466252446 258792.0202919021
537997274.8992069960 481569.3316166140
519037907.9805757403 374646.5976405479
509178211.9061273336 196688.4158882909
510015402.6541807055 237232.0379495509
510768309.0322215557 255811.6319035217
590840494.8154346943 664903.8714287579
510566842.6523619890 250852.5610878505
510968649.2133671641 261199.1874213740
514486523.9088345766 324194.3354247675
517796887.5164859891 363272.7301830665
518012623.2155410647 366271.2079887917
517760397.7197518349 363234.4333080665
517563906.8597854972 362060.0174431220
510943115.9679989219 261179.0990031138
510823889.0082270503 258178.6221964732
514066649.9796447158 319634.1036132440
512986128.4248348475 301101.4141739622
511907083.5386393666 280833.6684175186
513290285.4323812127 307193.0608335600
523119444.7175397873 404965.6486123523
610924249.6441489458 741610.2843150049
519431848.3208026886 379310.7801077105
509304141.2776826620 207227.1224417500
541624171.7338445187 502689.1926546432
509189588.0136101246 199438.3677925877
510887535.9919934273 258812.1087101623
516653729.3939031959 352970.9799990073
538443849.2452986240 489036.2840947509
509357906.9629703760 210454.0892691985
594906535.1581871510 679629.1406278051
632690557.2693796158 827943.1705932617
511519565.6831247807 272826.0685540959
516909860.9104726911 356217.1446128540
516694042.3963060379 354363.6605696097
512950389.3079640269 301088.2908795938
509242441.0577791333 202971.2798704915
509194859.1616812944 199671.4737496190
510617787.6753262281 251703.6447911784
528635221.0079923868 437863.1841568351
516276259.9135107994 348367.3675263539
540658339.7095576525 496853.9454186894
523297673.7257674336 405292.2758962214
511837344.0010390878 280452.2718224153
558607610.5348091125 556262.6322467662
510393851.6386433840 246098.5274039097
515712021.8298344612 343399.7795312755
516420748.7372027040 351758.2672590628
573652045.9951484203 601721.6446813084
556046583.1179521084 542389.4517653324
509102749.8090947866 187622.3923781924
575946076.1847461462 603461.8970514722
515500813.6163955927 339797.0857822016
524331469.7792715430 411755.9037773444
523924878.2002481818 407931.4170675112
516342922.4175426364 351685.5485090628
515925991.0350076556 347563.2374739066
540524771.1072589159 495133.2993990220
509102960.2470681667 188224.9199470095
509111625.1263731122 191214.4575818591
606092915.6424330473 722573.1452229228
521823558.4981802106 396094.6270846166
528644979.9706172347 440807.2419197692
519238380.8014862537 375495.4613100812
518642034.6794500947 368575.7620613739
633321220.5807371140 828411.5220336914
515132317.5998260379 337500.2576572016
509247712.2058503628 203204.3858275227
511611277.9567103386 274488.1210980043
512524015.1966027617 293927.5156408005
517842677.4239242077 364633.7900802732
619187371.3923789263 761472.3862019256
509271309.0164819360 203762.2802002719
522735614.0619875789 401231.8478311023
515704192.6657756567 343175.3866745547
516599067.1209114194 352609.6987934724
519188583.5891124606 374678.0096455552
512354847.5416526198 289467.7911287561
513698446.6787576079 313681.4609350875
517421683.4088420868 360053.1617302314
524945403.2231830955 412343.6855427511
514158734.6173760891 320111.8791210518
513563260.4339539409 311427.0828717813
520386694.6753185391 386375.8143353239
515304216.7349322438 339094.8628818110
517120857.1835662127 359290.0377808266
513837571.1620188951 315968.4038214401
515768429.6331087947 346073.5617212668
514747260.1245806813 330518.1610523775
518233483.4122149348 366781.2005310707
513346327.1768865585 307540.4466413126
511402483.1918890476 270431.4258261890
513196546.0931439400 305736.4958858825
512825197.6571871638 299174.9743513778
513495430.2740553617 310810.5557694152
527998164.0178000927 434035.9302493914
532139264.6826429963 454998.1471544961
515291501.6870293021 338712.4700369850
514966482.7429588437 334251.7825161532
516744303.5014874935 355555.5564221755
515597325.6095082760 342833.1751102224
515298725.4644309282 338763.3765262380
528340065.8658116460 437818.0850189934
514559883.3308572769 327718.3266148582
526388048.5141047239 420649.1280542063
518659479.7856752872 368619.4741007067
530416004.7103817463 448176.6850856729
515641902.7991988659 342903.5152435318
511810876.7725321651 278536.8101849183
512266532.9992021918 288385.5637184397
513695612.0333494544 313670.4091772750
519814504.9140512943 382531.8374616131
511722562.2300816178 277440.7432579622
516237918.8493396044 348334.5831347458
516834546.7717341781 356169.8797486142
529216461.7336081862 442279.9693227867
516990804.7009568810 356271.7209939413
512393667.1759887934 291312.4185768381
612382360.9492207766 746673.8290718868
516492243.5961003900 352075.2311944418
516239614.4338753223 348334.9864550583
569065192.5957705975 586939.9520716108
513913533.7665602565 318133.3761027917
536271073.0462889671 471967.2197657600
538293059.8241064548 484194.2017624117
512034145.0919207931 283867.0097986475
512710928.2364170551 297017.1376575582
512920821.8897407651 300910.0383429691
517206839.4457584620 359525.7691345863
527978561.3353865743 432999.7282316545
512316158.0489188433 289194.3988214188
511748338.5610235333 278054.1413533911
519917209.9925439954 383551.1837016977
516068854.2860457301 348158.4652603284
578296742.2914600372 618227.2992912093
521650270.5226097107 395273.3207866098
512895035.6576637030 300268.2535195068
518891716.3492452502 372260.5108565427
512667092.9391966462 295738.6478419021
513489318.4286364317 309941.2161957041
535618677.7526433468 470637.1652979404
534856232.7893460989 467292.1514409333
515569157.0988798738 340878.9880504623
520879896.5836169124 391456.6361594903
520521318.1360725760 390514.5693608928
516295195.2856639624 351395.2987753466
512882801.5673674941 300257.2017616943
513459976.0818613172 309772.7211889938
537796172.7341692448 481254.5712588951
537821948.4259113073 481345.4408467114
526240687.5390323997 420502.1427668827
525421890.7604860663 417088.1719250550
525695392.6798067093 419893.1333676684
521474719.0077235103 391597.1291769254
519909166.3345952630 382562.6156438733
511824463.5043415427 279740.3892493896
511965381.6530391574 282111.8377357178
540002221.9036848545 491706.6223200895
526434665.8556655645 421304.5261837926
576477496.0563507080 617849.7679153122
536346949.4128899574 474629.3693628646
523025237.3600268364 404005.5495071555
588180707.3482105732 646827.5938856304
521713556.1953006387 395765.7825195300
599479176.8620471954 698309.8453773260
599364943.0367244482 697879.4571937323
528204412.7313835621 436711.4352472881
512633506.0583801866 295052.6633162216
520272968.4053465724 385302.4009093693
589176838.8760029078 654967.5699835122
540735682.5438867807 502196.8806360736
529142983.7876309156 441140.4395259167
537124657.0675671101 480483.3362033442
542576032.0571073294 510982.9792169668
542092059.8005696535 508256.6213068105
527984767.7596576810 433595.7640364030
578425994.1406487226 620660.9244804680
596302957.0302386284 692425.8207629360
540159133.2009973526 495070.9735558964
528186394.7975966334 436466.7553211749
527782218.4612770677 432919.8711149553
618705898.7746202946 753949.8748541623
541318782.0627460480 502436.5887169614
528113664.3109809160 435402.2875956157
608999046.4561661482 731974.3335958263
528302984.7972203493 437038.7307894090
526475121.3009730577 428685.4848483647
525577134.4918269515 417476.8118197070
532272635.3405448198 455254.1719506271
528328473.8343409300 437111.9794095950
513280988.5140699148 306209.3036299074
533885994.7349142432 465239.9384805039
538983844.2236580849 490379.2433427311
605237519.8011734486 718620.7684189081
551472914.4097058773 520437.3738641301
626154483.8089299202 774210.4952278808
531357192.7932701111 452823.2617390091
623151983.2128623724 772355.2220353745
527415099.6615391374 428876.7377948062
536570712.3002633452 477555.1524279891
533695619.2378965616 458278.8632752821
531216039.7929134369 449739.2171223098
536233852.3099997640 471713.6008176692
588037940.8768773079 644541.1038295664
603520975.9483726025 707830.4173372090
582029817.7500202656 642175.0658087730
571068601.1679315567 598842.2555957548
526388312.8497002125 421168.1886934128
527696044.9259724617 431695.7694398658
581044238.4954415560 634087.5590946451
580572840.0524809361 631521.1530887857
534194423.0005882978 467079.0117063597
533828347.2992385626 463692.8375110701
530054441.7070346475 444898.8504347103
529526938.5944340825 442940.7787012355
602147153.9248468876 700310.2965952791
626734614.1659550667 786203.5776424408
570158542.0734128952 591909.0787735283
532928596.8766646981 455590.7851537364
632542729.2770773172 810141.1295471191
527456956.1440457106 430287.9758060016
570293843.7310029268 592985.1676479196
533269385.3148158193 457468.4458411112
632458168.4584698677 807235.6579589844
624167397.6456056833 773437.1344201602
622441187.2308825254 763642.3976113833
602484627.1578623056 704307.8913732767
632337752.4106184244 801935.8478393555
631754561.1125402451 797984.9144897461
631461323.4433772564 794075.4885253906
631598953.3005836010 795498.1794433594
553337561.3908934593 524160.3702279190
567052998.3172475100 570181.7554883063
555423543.0572606325 526641.8420999656
568689449.8193325996 579562.8126223125
