469633231.2604606152 549.5519979894
468926961.3760202527 542.7109097987
465895862.9936752319 509.2585087307
471156743.1334682703 562.2046258152
472372325.7360219359 573.0578918606
472505293.2001159787 573.5882258564
479999184.3769415021 597.1624381989
464287064.2919402719 474.6142414205
473971579.7925148606 580.7120286673
471433561.6464697719 565.8126306683
468305596.8017774224 536.9474920891
468320325.8813236952 537.0964300297
471708865.3557531834 568.2171006352
471627770.3260906935 567.3989164978
480935879.0126583576 598.2088144273
470552123.1737108827 557.2389229685
466379226.2729260325 514.9847867452
472773257.3166902065 574.9339678437
471418832.5669235587 565.6636927277
471463928.8535886407 567.0870059878
465991814.1566017866 509.6052718647
473162414.4993641973 576.9283739775
470731465.1136405468 559.1691679507
466077228.9034972191 512.4337956645
475294478.7572218776 586.6780187339
464656190.7368655205 486.8901473128
472095888.5896134973 570.7090637833
467912898.0905959606 534.2163720988
464478475.2824074626 477.9875943356
469301653.0479408503 547.0894582272
474883273.9675894976 585.1085803360
468089895.3898783326 536.0257664584
473292139.7389271259 577.0376049727
472982825.0633554459 576.0110495687
469743941.5161789060 550.8076649606
468570275.2469298840 538.4301486872
471037220.6830909848 561.4843381345
467883960.6128842235 533.8306681775
475259627.4812723994 586.4020334333
467630566.3576858640 531.2761269026
469992675.4197298288 553.1219971180
470792941.7570582628 559.8136150390
482421311.5795740485 599.2150671929
470107264.2946571708 555.5573045164
475099866.9504674673 586.1443878859
469994319.1581018567 553.7928040922
469996100.7883365750 554.5168207586
478878393.6457717419 596.4864553660
475642737.0406441689 588.0314281434
465095297.8070366383 493.1113024168
468610974.7627089024 539.5398750566
469867392.7708263993 552.4009250551
469588921.6064792275 549.0622078478
465270920.3917021751 493.5820741498
468480704.8323091269 537.5570865534
472122254.6366045475 571.4215027988
472552040.7639874816 574.0837350041
470455367.3957310319 556.7457467616
465792593.6575994492 502.5923149027
469695084.8728190660 550.6666773707
471959598.9212657213 569.3237987459
471413210.4596707821 564.9235170782
474647344.9707449079 582.6395612210
469759246.2201416492 551.3031741083
467505278.3492167592 530.6229514889
469858106.1433355212 551.5707337558
470637016.8036475778 558.4544820487
479220397.3913296461 596.8074398488
465250312.7333577871 493.5353207923
466116421.0813966393 512.4616311826
470746194.1931867003 559.3181058913
470620960.6193577647 557.8573938161
464899065.6638940573 489.2436867797
474806267.6878327131 583.6239660233
469546414.8020271063 548.6911622137
474533753.6417497396 582.0414417237
464747054.9385451078 487.2863100611
469029639.9461127520 544.1492130309
468993603.0867239237 544.0578949004
469944244.8503578305 552.4511617124
465717960.4631385803 500.1209644787
473575837.3238995671 579.1803876013
472033845.0205591917 569.5772532374
478312179.5641077161 594.2490163296
474424657.3647615314 581.8730010241
467273079.7382829785 527.1119190343
470570751.6396929026 557.7900506556
467787610.0821269751 533.5631966852
467428029.9759568572 529.7462237887
472334515.7487143874 572.8839628845
467679399.4453799725 531.4366072901
478509315.9221116304 594.6696339101
464597956.6244880557 484.4712613814
467331264.4576740861 527.7068249695
470639240.3850537539 558.9470602572
471016498.1552124023 561.0379988700
478257469.3991630077 593.9778511971
478364850.4874980450 594.4695837945
473333388.4896829724 577.8174292892
475920580.2468693256 590.1303511113
476371609.0026361346 591.4918884486
464522324.9715270400 483.7947086089
467448839.8501272798 529.8585393243
466325628.8703338504 514.3815251999
474546117.4161028862 582.2851155251
475823529.0333300233 588.6779569834
466234115.6552811265 513.5737519003
465296533.3132849336 496.1268257238
469989110.2424074411 552.6120279729
470374421.7159696221 555.8073240817
464469283.6753494740 476.6369592417
468431638.5120756030 537.5537637137
475683049.6861290336 588.1702760905
471727835.1947185397 568.4905020893
471581801.0001218915 567.1766168773
470876841.7321054935 561.0236816108
466393985.0656100512 516.6142662428
464992301.8792466521 490.4679187024
466271925.6425886154 513.7476808764
472953679.5906489491 575.3377714008
477053429.3846815228 592.5737455338
472419073.2998935580 573.5534010082
469292753.7650846243 545.6900189221
468832823.1373197436 540.9484293461
468508728.1534380317 538.2465291880
466672142.6620727181 519.3599413671
466016931.5473194718 511.3216749467
465363366.1493321657 499.8539465480
464508524.9444699883 480.3340875798
474346038.5261211991 581.4466969222
474764143.9986768961 583.3022443503
466573289.2478117347 518.8992848434
472053381.7851614356 570.3380181491
464997665.5732480884 490.6852546418
474880252.5506487489 583.8696026057
469435211.4675992131 548.3738648295
475476670.0205387473 587.1348567456
475876447.4061452150 589.4637136906
476050528.3883763552 590.2492242306
471770341.9991708398 568.8615477234
469280911.1688399315 545.4723965526
472033413.5373019576 569.4742374122
469152879.7346890569 545.4336196333
478650685.2118532658 595.3913104981
466134196.4151824713 513.0603497960
475085483.1468173265 585.5507076234
468814460.4455950856 540.7135663480
466161786.4546762705 513.1032337882
471270196.9535142779 563.1992485970
472278822.5709675550 571.4307472855
475578896.7907377481 587.9325362891
471933135.9454120398 569.1980619133
467251394.2089016438 526.6416146867
477269223.3435130715 593.4984997958
466925381.6065955162 522.9028554074
474595484.1600180864 582.5946845263
476325781.4227029085 591.1431199759
471586545.2181495428 567.2726871669
471677902.2510675788 567.7215914875
473149933.0023515224 576.5482622236
472314505.3131403327 572.0383922905
467983990.2821261287 534.3993972801
480287594.0024293065 597.7904702872
471406423.0753445625 564.6074173152
482566373.0853362679 599.5695128888
476274251.5559210777 591.0536494702
474565239.8172829747 582.3893063515
471683608.2530747056 568.0897846818
474368700.2530694008 581.5551012009
475393101.0958611369 587.0107323378
467786216.1003950834 532.1285902075
469248844.4323522449 545.4526407868
471290508.0463886261 563.9076509327
472932892.1197043657 575.2421389669
468196659.9722010493 536.1830863021
473198925.6269462109 576.9908377975
474875411.6595983505 583.8178369254
471257051.0246729255 562.9815690964
469066590.5544016957 545.0441886634
475708316.2420477867 588.4398298711
471076817.1840770841 561.6648711115
476765702.2021266222 591.9903083295
470541238.1998814940 556.9020995796
473089778.8714882731 576.3820952028
472974049.2527418137 575.6289521307
466693479.8080362678 519.9481188916
473270266.3697026372 577.0116520971
469290134.5783724785 545.4974281490
468005510.4627274871 535.3182998709
477257196.5331469774 592.7507473677
478858365.1634171605 595.7629596442
471030069.6202055216 561.1693619639
467785753.8941783309 531.5188076980
476152791.5045793653 590.7168251723
480173390.5947232842 597.1666405648
467235111.2387228608 526.3332953416
473384153.3943637609 578.1657842249
473457466.5332293510 578.9512947649
465051384.2585189939 490.7035187893
471108365.8352342844 562.0420099348
473395989.8898116350 578.3068476766
470845029.8261083961 559.8420493007
482853876.1795443892 599.7062790841
474750632.0945573449 582.9828790277
468710690.3999016285 540.3591206521
480287878.2785332203 597.9054773301
468839671.6813648939 541.5332991332
471666957.7637450099 567.4623210132
479041606.3274781108 596.6847635955
466581285.7641056180 519.1059064306
469416498.4692295194 547.1981790811
471350431.5748037696 564.4388186634
467235053.4424301982 526.0190710984
468900239.8583263159 541.6891911477
465828289.7485016584 507.0947015174
479082016.5885930657 596.6967077702
468774915.4236719608 540.6610100716
480211661.0886414051 597.4038150758
475728151.9781375527 588.5391090363
466879898.5145713091 522.7216925509
471394586.5798967481 564.4663538635
469827811.4836029410 551.3126027584
475844931.0729824305 589.2085471600
476982069.6417347789 592.1445001811
471311012.9669783115 564.1119081676
480774866.2714539170 597.9333751649
468265577.1296445131 536.2308161221
473759880.0296912193 580.0071464628
474269106.6902557611 581.2453311533
467030526.1294217706 524.5887013040
467161124.7287052870 525.9546238743
468658795.5553632379 539.8797967881
466729681.7398631573 520.9289045744
471174281.0618815422 562.9086063430
471292942.3897991776 563.9483667016
468743353.1065423489 540.5492349118
467124096.7906879783 525.1463495009
474163544.3070254922 580.8691605181
466471732.9249839783 518.1223868765
466816093.7528257370 521.6121302210
466780484.3645067811 521.0629177280
469296095.9811083078 545.9029550105
465721182.7959315777 502.4322466142
479864745.8211571574 596.9710306376
465818895.7338346839 503.8846439209
466872193.4240448475 522.1490685306
466934003.9428728819 524.2676594965
479826938.3391274810 596.8445008248
467379148.6972758174 528.5313826762
466878682.5806398988 522.3773505203
473637903.8198218942 579.2789364904
470865892.9433017373 560.0516407937
472042014.5694618821 569.5826412141
476762037.8468843699 591.6104206294
468802753.8425272107 540.6754811257
471988002.1116029620 569.4147912413
469617079.0958210826 549.3538209200
473562371.8957094550 579.1299985498
466810702.4861586690 521.4046431296
468487404.6560873389 537.6088669598
468926820.0252795219 542.0528734177
473628773.7729728222 579.2018476576
468584040.6454514861 538.7063864917
