129462247.4669485688 709602.2387554646
131841554.9315088391 875686.1092056632
135756881.8842697144 1036622.3746175766
130312619.3495095074 790146.0694113970
129246913.0141142905 681919.5707142353
130113708.2509883195 775646.1606612206
131942959.2483317703 884158.0760025382
130928561.7986922860 825698.1550835371
131013294.2268962413 833446.6065930128
133514268.1430663168 951302.1514492631
154468672.6608771980 1244610.3789062500
130083912.2924577147 771417.1789734364
129366071.8104001582 696378.8293573856
130363890.1996154934 795197.6121205688
153551593.9437413216 1234947.6591796875
131757590.0465207398 874306.4679703116
131461185.3063694090 859603.9031051993
130930968.9448301643 828302.0346338749
133845442.2308004946 960493.9203267619
134629477.1181119382 991841.2282276154
140914492.4929789305 1112817.4729919434
140854712.0519406796 1111775.6429138184
130176756.9144433737 779040.1873704195
130777700.0518835485 819282.2282698154
131903470.6528510749 880610.0075363517
130592307.0174765289 807660.1789588332
130552878.1456715316 807475.7355994582
130940451.4017649889 829112.5713770390
154527409.9317120910 1245566.9401855469
154576704.6508736312 1248503.5388183594
135156924.3938280344 1011565.9074544907
130625205.7958117872 811295.0163077712
130280201.8040038496 787573.5529406667
135047091.4298434854 1006382.2311849594
130664634.6676167548 811479.4596671462
156762505.2275890708 1266901.2792968750
154071425.1675739586 1242941.6750488281
130025326.0754121989 768253.8797774315
131452137.3516423404 858008.1377243400
142060828.3830090165 1132738.2385559082
131068778.1293489188 837485.7813042402
138234934.3467174768 1081368.1698913574
156475765.5120112002 1265761.1318359375
130064200.4951325953 769781.4758225679
155260286.7617241442 1253833.1435546875
136665066.9221568406 1062187.5214891434
130225073.3894661814 780745.3954854012
131140710.4926942438 840395.0260279179
153575227.3052775562 1236877.1376953125
129489077.3623636514 713162.0224776268
131375399.3633372039 856253.4746384025
135879400.9519173205 1041693.2994527817
130195638.7514713109 780719.7626729012
131093151.7306237370 837792.6748030186
130221537.7212821245 780743.4950947762
131154756.8878539801 842487.4068859816
142248367.5256019235 1133815.6216125488
129841267.9765846580 747047.0863814354
130112450.5325380713 771759.8858622685
129252272.2891046107 683296.4060375690
130787694.2856936753 819441.0388166904
135960318.9908471107 1043324.3927145004
130748265.4138886929 819256.5954573154
130049401.8690830022 768365.8591530696
130014050.7622722238 763252.0912705660
130889132.9268873483 825513.7117241621
129945218.8025327623 757567.1732039452
130023117.5733466446 766485.4756394625
130956173.0481308550 831811.9443342686
129343097.0218759626 695890.3335125446
130855164.0225682259 823452.3869801164
138160771.2984425724 1081001.8349304199
131687388.1651932448 868704.5149216056
135093619.1563346982 1009915.2541341782
131536402.2784781754 865519.7095016837
131602142.8295745403 866419.9875381514
130853237.5908383727 822747.6493176222
129477289.5544902235 711451.3589034081
142500825.1299327612 1141781.5002746582
134532137.9348922074 983996.5899396539
130813808.7190333456 822563.2059582472
142780736.4829573929 1143174.8043212891
131046247.0115225613 834494.1437971592
135198972.5258995593 1011651.4055013657
137652860.8935489058 1079757.2514953613
135754866.6445324421 1034341.9249162674
129932084.3242895156 757501.3265242577
137974735.3921509385 1080502.5165710449
142230494.9909921587 1133813.7182922363
136643815.3798205853 1061895.2588057518
131632082.6053219736 868670.3362106681
131532321.7401703596 862583.4070495367
130316155.0176935047 790147.9698020220
129221442.5947916061 675939.2167006731
142379782.8435653746 1140803.4702453613
131177512.3872016072 842765.0166558027
130161922.6394569874 777990.4604742527
131348109.6349361241 853145.5532768965
135826966.8759241104 1036989.3993915841
133878818.1825548559 964386.9198713303
131747133.6355314851 874088.5220627189
129233217.6310920119 677603.9698287249
141709584.5333678424 1126990.7691116333
129456745.3078940809 709074.5415203571
153474538.1063742340 1234169.2014160156
142968132.2228089273 1147538.2540893555
129213598.6403332204 667359.7965804338
129315230.8982019871 692837.1137554646
151940374.5004584491 1223185.7065429688
131057504.3990797251 834788.4599268436
129673523.0324983001 731479.8820967674
136112394.6380419135 1047330.3731832504
129979042.4256930947 761133.1862412691
136160720.9651311040 1049790.5616598129
138405643.8616111279 1087276.8200378418
130713894.8184190989 813286.1982920170
130887453.5292116702 823934.4252588749
131932502.8373424858 883940.1300949454
135547298.3110637069 1026821.0814955831
134434620.9749861062 982765.5170829296
131053172.2384321392 834661.3687403202
134095923.4935540557 971171.9859293699
138676491.0494966507 1093235.4621582031
151224844.7632132471 1222057.7026367188
154537759.0424085557 1246946.0329589844
136405291.3768846095 1054945.3828268051
135999420.2236801088 1044128.9454488754
129875196.3058982342 751772.7261824608
142021454.4854837954 1130371.1661071777
131735051.6140895784 871564.1675552726
129403959.3647295684 702134.7458355427
135522594.5652436018 1022323.7169680595
129420837.5413609892 703862.0546734333
141659055.8618992865 1123641.4164733887
142277917.6627882123 1137709.0312805176
130520242.0201189071 803946.1057951450
132040115.9466948956 887418.1711417437
142260045.1281783879 1137707.1279602051
130543752.5873066187 804529.2522795200
142895267.9172146022 1146257.8253173828
136415703.7328224778 1055333.1026754379
135255900.9940713942 1015261.9677509591
134778589.8957181573 996527.0987702012
134463163.1362819076 983006.8637626171
132529031.1751635969 911571.9955734611
138259712.4353743792 1086760.2690124512
135037144.9694732130 1006049.1696615219
140227016.0508110523 1106043.0645446777
138187882.3721317649 1081021.8339538574
129407059.4170813560 702793.6595318317
131282866.3810095191 848484.6874659061
134833272.3876610994 998555.5097898841
130471211.1779090464 800073.1249652505
134445290.6016721725 983004.9604423046
131771499.9222015142 874673.8952316642
129618838.7415531427 725461.8130049706
129720427.7515994757 734732.7959151268
135835612.6970307827 1037147.9471926689
135401019.0182110667 1016709.2887809873
129302239.5484940559 687039.1068890095
129554201.4401442260 719323.0126204491
134252197.9365155995 976195.6123386621
129583692.6601569951 722315.2523665428
135439314.3963910043 1021841.8149189278
131102921.1273298562 837858.6903955936
131325055.3060311824 850345.5611231327
138461388.0311024487 1092235.9564208984
136531471.9385406077 1059910.7089891434
138837626.8554846346 1095067.2727355957
135006496.6258550584 1005183.2009115219
132897333.1225298643 928482.5623306632
136504893.9581783414 1058764.8107175827
132631172.7875750512 916779.2829518840
130041996.2218395323 768321.6268477440
134078050.9589443058 971170.0826090574
130225816.1083281785 782143.1835862398
136715638.2920571864 1062758.0794839859
129978002.8187358528 760859.7983018160
131969172.0237471461 885525.7732452750
129723171.9766943157 736538.7422347069
129924070.8841527849 754827.5182725191
152301263.6658641100 1227920.5283203125
138405872.3786065876 1092048.3360290527
149722271.7563382685 1205903.9082031250
142859156.5451281369 1143350.6427001953
130142306.6734503359 777680.1865159273
155016934.3635188937 1251610.9042968750
136683965.7850838602 1062509.8386454582
130420692.9692297131 797583.0061635375
156442380.2240525484 1264281.8427734375
132018047.1940178126 886815.9246506095
140125874.8534258604 1095182.3399658203
129999899.6415201575 762110.1218186617
132566162.3284866065 916337.8102707267
136331104.9177377820 1053748.3110494614
130088374.7388672680 771647.9064866304
147349986.7838619351 1191205.8706054688
130621977.8969988525 808672.8932608962
141102019.8194026649 1117115.1629333496
135577504.9706836343 1032171.7047262192
129561615.0882260054 720015.5963301659
129703014.2525110692 734472.1218428612
129742373.6579461992 737663.6743330956
129814762.4663848877 745799.9678816795
135566729.3899275959 1027695.0056295395
134988624.0912452936 1005181.2975912094
130038460.5536554754 768319.7264571190
134332772.0945762396 980901.2016532421
135062402.2553175688 1006659.3765707016
134143451.2507879883 973241.3129416704
136262186.9986565113 1052352.6820554733
136332034.8085991740 1054028.3173704147
132692849.6628979892 922076.3466961980
132107732.2969426513 893110.9655441642
134127671.6548171341 971323.1604648829
132897443.3541655689 928615.9431900382
135423558.4296537638 1020892.6486086845
150696462.4639651775 1217655.0742187500
134504318.9399121702 983661.6250959039
129274307.0937595516 685883.1772167683
146438767.9124432206 1173383.7292480469
145870714.6981731653 1163302.7060546875
144702714.9348776340 1156570.1398925781
129776143.8988040835 740850.7414717674
135237115.6750706434 1012486.7162923813
129660388.5542550236 731414.0354170799
152351626.7767425478 1229890.3881835938
135030894.2607595623 1005589.9053282142
129861022.2206977308 751433.4915633202
134170519.6467286646 973246.6782752275
129686677.4070115536 731608.2273262665
135995104.8953349888 1043470.2332906723
135234008.1796862781 1011885.3498373032
132672282.4813377112 920353.4436486959
134409370.5142759383 980906.2377860546
137561277.2521582842 1065102.4481506348
132266369.2887794822 897633.8059982657
136552864.9775802195 1061621.5742063522
151989416.9535048306 1227812.1157226562
138142898.7638328373 1080999.9316101074
129237812.3159041852 679496.7212536335
132731667.5979631990 922104.7939618230
134698526.9066132903 994159.0546401143
134687020.5202599168 993951.6483901143
129202218.1061803848 667311.8627730608
129221837.0969391912 676291.9253951311
154810880.3563677073 1250003.2636718750
152921765.4568507373 1232425.4731445312
156097949.8907602429 1261209.4848632812
133705025.9920936674 959099.1076956987
156161912.6923687458 1261415.0458984375
129384958.2813659012 698443.5868999958
133137667.2832151204 938550.6208425090
149535638.0119832158 1193166.3981933594
132565969.3965947628 916188.2166999504
133633046.2504616380 957410.1271472573
155803973.3785356879 1256762.1484375000
134067857.5604839474 965033.4992516041
153820418.1986537576 1240256.9729003906
155824516.9226437211 1258088.0412597656
133250839.0915211439 944016.8431172892
150281245.8574370146 1208082.7600097656
133856111.8574865758 960733.3636861369
156350164.2735977173 1263562.2207031250
156337685.4980434775 1262064.0058593750
132490213.2400983721 911543.5483078361
156004123.4268955588 1259813.7402343750
132883062.7813448608 928236.9044028521
153239196.0685162842 1233823.3935546875
156426473.9908278286 1263847.5351562500
129515366.2151201814 713356.2143868133
132934147.1803471446 931094.2097096965
133411454.0873724073 949522.0356832072
133230107.7797579169 943110.1386647746
133579482.2123978436 954712.6945558786
132771421.7429094613 925278.2785573527
133395575.9795595706 946308.2937308550
132312695.7264736146 900388.0134729147
132780672.0960618258 925442.9632178545
132363690.9685947150 905780.8744644523
132953951.1825836897 931738.0456471965
132101249.2805742174 890324.7265304923
129428879.1842201054 706015.6519634724
129392999.9242250174 699782.1233990192
129502211.8406069130 713227.8691573143
132985992.1445931345 931876.0044145733
132302239.3154843748 900081.7073539495
132387790.0007576942 908178.8987945914
132532883.3127261996 911877.2455734611
132596282.7652038187 916611.5755180120
132638952.8378316313 916945.2727836370
132463242.2306253463 909347.9422172308
132192231.6424645185 896296.5829758048
132353234.5576054752 905562.8178390861
133092660.5431994051 936195.9422926903
131886398.8889902532 879193.1657394767
135531536.3982346058 1022714.6073489189
137485394.4495511055 1064553.1848564148
134565902.0641583800 989159.5542987585
135405011.6209709048 1018954.0842999965
