202617108.5398944020 2265055.2631835938
207296573.2519882917 2535566.7714843750
208370266.2893747091 2572158.4667968750
208488350.9609321654 2573892.5927734375
206031820.0814439952 2482649.9208984375
202472929.0666592717 2246455.8676757812
207220409.6703301370 2527356.3183593750
205760321.7893528640 2471001.8408203125
210256595.9646844864 2619948.5722656250
215506976.1725365222 2709968.2128906250
206395414.8774757683 2494934.9902343750
218960259.2086876035 2737765.3691406250
219485202.3904024363 2739561.8066406250
221311368.0300462842 2743797.9335937500
206515936.1783291698 2501125.1298828125
206590124.0179797411 2505482.3027343750
207945845.3455024958 2553674.3759765625
208291534.0590440631 2567630.7773437500
206109840.0980738103 2485875.3359375000
205356659.4640538394 2448303.9082031250
223427496.0327769816 2747426.5976562500
214990256.2364159822 2704628.0732421875
205656005.2288489044 2465658.4658203125
202794504.7540052533 2278668.8471679688
202568336.9069850147 2262809.6108398438
203120534.8877992928 2310248.8730468750
204240855.6352210045 2387492.9052734375
208599063.0420822203 2576194.6835937500
219922480.7630499303 2739594.6328125000
203036850.5071965754 2309413.8076171875
205713782.8850798905 2469764.0654296875
202766802.2700239718 2275289.5849609375
203000354.9501298070 2303199.3076171875
205243123.8943251073 2443655.1855468750
205550528.8704802096 2459713.2880859375
205820101.1735503972 2471847.6250000000
211544971.8273907006 2651038.2001953125
214603698.3104096055 2695694.3300781250
204619615.1901599169 2410625.5419921875
205228567.5141130090 2443372.4843750000
205479179.5352604985 2457522.3603515625
203675918.6711224616 2349734.6069335938
205191219.6292241812 2437983.9023437500
205346207.5698214173 2444540.5800781250
205079528.9529306591 2430554.9316406250
203912887.3657370806 2365771.1093750000
205376770.5458071530 2450294.4365234375
214848128.9324947894 2698376.1806640625
205084137.6356480122 2430805.1503906250
214643568.6714018881 2697312.0009765625
213545507.5915408731 2684628.5253906250
203205343.3845322132 2325767.3769531250
207195610.9299090505 2526865.9492187500
207756748.0276148915 2547731.7636718750
204386636.4796405137 2397276.9218750000
203009248.7465748191 2306088.3417968750
202972652.4661484957 2299799.8232421875
205809966.4176051617 2471288.5078125000
205418468.3314045072 2453396.7363281250
213447039.9329198003 2683936.1845703125
209164513.7726601064 2588872.5253906250
205416882.2189982235 2453074.0371093750
205501757.2375709116 2457551.3222656250
222169288.4468302131 2744650.4179687500
206405399.2446353137 2497811.6103515625
206412758.5637157857 2498640.3759765625
202686447.5772455931 2267384.0585937500
203282634.4285708070 2327724.7705078125
208489845.5585656166 2574310.9433593750
214709856.0034212768 2697828.9736328125
207431347.3658508360 2537820.1787109375
206340982.8672872484 2493139.8896484375
206323916.1027668118 2493125.2783203125
204390935.6770978272 2398675.7822265625
205192409.7099101245 2439361.2763671875
206009035.9334604740 2481545.9658203125
209298160.4241422117 2595511.7763671875
206241919.2542932928 2491843.9980468750
205087764.4970763624 2433148.1289062500
203547529.1924441755 2342834.1669921875
205305443.1071096957 2444022.7070312500
203463258.7977441549 2338466.0351562500
203567212.6737270951 2345852.0043945312
213406036.4802962542 2682439.3515625000
214879454.9605846405 2701971.2929687500
205707924.1538113952 2468170.1806640625
206031751.9896518886 2481843.8994140625
213702426.8711409569 2687094.7753906250
205650110.8689771593 2463776.4052734375
204640379.5086520910 2411420.7167968750
203625158.7677365541 2346041.0449218750
204190949.9360741675 2380111.1108398438
220216376.2805230916 2741320.1699218750
208000776.5292726159 2557394.3320312500
205544464.4923051894 2458738.0087890625
213701127.1947352290 2687045.0488281250
204568580.0847351551 2408603.9023437500
214142879.7165791690 2693010.9023437500
206540425.9633968771 2502820.3408203125
213987298.1318048835 2689800.5400390625
214057060.9233488739 2690688.4228515625
214307862.6322367787 2693717.3056640625
207107679.1797141433 2525771.7402343750
203831330.2000112534 2356344.2958984375
208051013.0034907162 2560981.6503906250
203747278.4732986987 2354141.5429687500
202698205.4461111724 2274690.8886718750
205558315.5232106447 2461059.5224609375
219440920.0900331438 2737872.8691406250
205659672.3616466522 2467396.5634765625
204726183.2643998861 2415769.0937500000
202368283.8538255095 2240242.7202148438
209250332.5658904016 2590992.6230468750
208149931.8996623755 2563543.1845703125
206344428.6624188721 2494785.5400390625
206917478.1351785362 2520589.4853515625
204060836.6327482164 2372726.3183593750
209383979.2173725069 2597631.8740234375
204428380.2243156731 2402171.2236328125
205834809.8633141220 2476032.0341796875
204149229.8685727119 2377202.6586914062
208125381.7451875806 2562126.9482421875
208849167.2830199003 2582771.1972656250
204960539.6042598188 2427086.9335937500
215142861.0344321132 2706013.7080078125
204519808.4518257380 2406402.3730468750
207490268.0817551911 2539558.6425781250
206784486.6272947192 2517833.5371093750
207831345.5357183814 2550856.3164062500
204215802.8902527094 2381455.7636718750
208197181.1691045165 2565145.9208984375
207384979.9779510498 2535848.9707031250
206621047.6741185784 2507642.1943359375
204502865.3011053503 2405911.7119140625
206779297.8425683975 2508602.8896484375
218619302.4744551480 2736144.9824218750
206652221.3657689989 2507870.6113281250
206530566.9300649166 2501571.7333984375
204677392.8463909924 2414725.2490234375
204810738.1905644834 2419993.6171875000
203193484.1241039634 2318949.9111328125
218646439.5551689267 2737278.0429687500
204109608.2656576633 2374888.3291015625
222821404.6291847229 2747057.2031250000
202445506.3242521286 2241713.0473632812
202818878.9277670383 2289146.6342773438
207741831.6121879816 2546762.5976562500
205179240.6917774975 2437736.0976562500
207830690.7197054029 2549570.0605468750
206876481.5894935727 2519394.1054687500
222388125.7089126110 2745064.0839843750
204890138.8878563344 2422182.5126953125
215455794.8802134097 2709010.6406250000
206974182.7221361995 2524211.4150390625
212729979.9815522134 2673191.5449218750
213670756.7485573590 2686140.5703125000
208119702.8996061683 2561556.0097656250
212988798.2607847452 2675753.8691406250
218449585.4301265180 2735940.1914062500
216514397.8811168075 2725273.3242187500
207221605.1739493608 2529849.7519531250
207873133.9735799730 2552905.1933593750
215491779.5435966551 2709885.7011718750
208986455.9093247354 2584597.2177734375
206166480.9974339008 2487526.3789062500
208215331.4383912385 2566396.2851562500
215661378.5007599890 2714028.0205078125
203460269.0498342514 2336772.0297851562
203343705.4175001979 2333478.9975585938
204485132.4517734349 2404911.9355468750
208048533.2081617117 2559945.7988281250
212406216.5857581496 2668530.0498046875
215855179.5768707395 2714563.1621093750
212729590.9394732118 2672431.9716796875
203378272.2013608813 2335483.7192382812
204949474.9658033550 2426540.3486328125
215588386.6336987019 2712042.8417968750
214044637.5657756627 2689866.0146484375
207585886.7665059566 2544678.6796875000
213041981.0047130883 2678358.9804687500
209946738.5319472551 2609619.2568359375
207955487.0487836003 2554388.0410156250
216391042.6101029515 2717821.1406250000
210557332.2046732306 2627306.4228515625
204005610.6780516505 2369014.1972656250
204751877.9231806695 2418465.7373046875
215266591.4234822989 2706718.2011718750
207556528.6207852960 2539992.9970703125
210080385.1834294200 2616723.8349609375
213610182.2941861451 2685832.5976562500
207727704.2217901349 2545812.8515625000
202515589.7033238709 2250853.3017578125
203136587.1716534197 2312713.0410156250
203817554.5239746571 2355281.8671875000
221873380.3920702934 2743817.1289062500
203629547.3049335778 2346228.7539062500
218916669.8587710857 2737388.6699218750
203908980.5245059133 2363185.4277343750
215990286.9535019398 2715009.7392578125
205126658.2803388536 2433667.1103515625
205042011.9119710028 2429461.5859375000
220426097.1943837702 2742035.4589843750
211477766.7738270462 2650089.2519531250
216415735.3975964189 2719167.0273437500
222695330.8539839983 2745448.8144531250
214405816.9357023537 2693887.9628906250
215533516.6336995363 2710648.0566406250
214626585.8957938254 2697199.4853515625
213927816.3910275102 2688407.5097656250
217995401.2819904983 2731058.5156250000
208650762.1246162653 2577973.8574218750
213256455.5342247188 2680688.1455078125
211587217.0619951487 2652852.2988281250
211368067.5497501791 2648581.0634765625
215300802.7130494416 2708442.7236328125
204112401.9595655501 2375068.2270507812
216083158.0625297427 2716487.0498046875
216034561.9042819440 2715843.8505859375
211618341.9952083230 2654794.2109375000
211186346.5948641896 2645495.1464843750
211767163.0594861805 2656268.0683593750
212825966.0241014361 2675021.4511718750
204268785.3896895945 2390208.1635742188
209035321.0031945705 2587920.5175781250
209483861.5906202495 2599401.1074218750
204308096.0872544944 2393075.8276367188
215275687.0957956314 2707288.7431640625
208731437.6129110157 2580067.5283203125
212575131.7485209703 2671814.3642578125
203868924.8480522633 2360633.8310546875
203276601.7667673826 2326551.6445312500
204153246.5294565856 2377854.7573242188
202818169.8137621582 2279979.2739257812
212283285.3916638196 2664732.4306640625
222473868.7740973830 2745122.3359375000
222054550.5596216917 2744607.5390625000
220891652.6805680990 2743398.4765625000
212538703.1420574784 2670945.5781250000
209654195.9148832858 2606692.8808593750
209317548.9687755704 2596465.2919921875
209503116.8384170830 2602332.1083984375
214807533.4409074187 2698329.1044921875
208811234.0504046082 2581193.8828125000
209185776.8209220469 2590891.3701171875
209619381.4214206636 2605890.2558593750
208940168.0732828975 2583419.5263671875
211659913.9066073596 2655703.2431640625
211140956.9886578023 2640688.3183593750
211601503.0061795712 2654111.1894531250
209571508.2423122227 2605242.7656250000
221950403.7093992233 2743858.4648437500
212309882.2581787705 2665980.6513671875
211806605.0900232792 2658903.0859375000
211931341.2316672504 2659138.8955078125
211973455.9054571390 2662220.3662109375
210586686.9775669575 2628452.8105468750
212096851.9682906568 2663310.2929687500
217880136.1336130798 2729875.5302734375
212210661.5641294122 2663868.5087890625
210749169.3615192473 2633411.4248046875
217658735.2021726966 2727517.3056640625
220675525.7711822987 2743069.7578125000
210899068.5236732960 2638065.4785156250
217586361.3038603067 2727107.2841796875
214986839.4157602191 2703307.3251953125
211526819.1047282517 2650654.3671875000
214852917.6710902452 2699517.2646484375
222038947.0686450005 2744541.7851562500
225191525.1357278228 2747538.7011718750
210781687.3754927516 2635568.1083984375
210952567.9612753391 2640684.3476562500
210818115.9819562435 2636415.5019531250
217155714.1297939718 2725392.5742187500
222746502.1751113534 2745787.3925781250
210604849.7204648554 2629559.3330078125
210706438.8668896258 2633002.4277343750
216500354.0284850597 2720119.3906250000
210382475.3602931798 2625450.5361328125
209965398.8817360401 2613731.4277343750
210381086.6096804142 2624865.8046875000
210078625.8823803961 2616100.0488281250
216275282.0709596276 2716491.8457031250
210266224.7885644734 2620223.0068359375
209386369.4020459652 2597803.4804687500
214448540.5372738838 2694688.8642578125
216329667.9031240344 2717746.3847656250
209993752.2880426347 2615137.6914062500
209175758.7750206590 2589012.8867187500
222724360.3252434134 2745571.4277343750
209965200.1632218361 2613086.4687500000
218140786.8733059764 2733764.9765625000
220058128.0723106563 2740507.1855468750
220180103.1485725343 2740804.4394531250
217873674.5084883273 2728820.2792968750
217958765.3474069238 2730631.7539062500
217874625.3243820965 2729154.0468750000
218100492.3733035624 2731070.6542968750
217727430.6473746896 2727876.3066406250
