1497797663.4928863049 154469.5433944278
1478403117.4621784687 137663.5631903628
1494095508.4068253040 151443.9047835116
1479916965.2206590176 139277.0377004883
1463570704.9748039246 116259.2521647015
1473514840.5357379913 133682.1353086318
1463491908.0376329422 116249.8098429242
1473125058.1413104534 132856.6194627248
1495806656.4537963867 152815.4068103484
1495528782.1130936146 152269.8656017504
1478445971.1364543438 137915.9017337710
1496749986.8588781357 153566.0017226301
1475173221.5495531559 134800.5596273438
1479210092.5036702156 138571.5624543323
1493632894.0193560123 150522.2292571945
1463583955.0563144684 116442.9634531537
1469934165.2806763649 129311.3700433414
1465703050.7266695499 121844.7078897007
1499271518.5329644680 155316.6962872818
1499263445.7087650299 155191.0168359862
1475534778.6695713997 135492.5245104719
1469550677.7338442802 128918.3061795084
1479046330.0431396961 138408.4157922163
1469333278.0891523361 128771.2938805668
1469250369.2657849789 127831.4791322396
1475359942.5066647530 135301.2411530918
1474833134.3766949177 134775.1343581991
1468842094.1583807468 127637.8344578192
1493888043.7100775242 151243.3735472280
1474265137.5269637108 134551.3446809712
1466256934.3557972908 122744.3058686572
1475305797.8158023357 135269.1127046054
1465468529.0398333073 121282.8559624931
1466161492.4956388474 122655.3507523852
1463685383.2121918201 116731.3048975268
1495743149.3169066906 152658.2316317737
1465387507.3856904507 120981.9475228569
1464671887.8646473885 119138.6284149369
1466364665.8647623062 122807.4122666706
1467862059.7689063549 125403.9758705133
1467542633.2906246185 125283.3962102890
1463919337.9428606033 117279.4733555862
1475898616.5848028660 135964.9149347275
1475655287.1009082794 135531.8555620995
1463847176.3616392612 117175.5505564013
1464242139.0419757366 118554.9313032686
1463948984.9347727299 118269.4995825350
1563323427.5607476234 179744.8916664124
1476986015.8790314198 136793.9080527475
1476294453.4985103607 136310.5923343370
1476996074.8618006706 136950.7102161971
1464300164.4141879082 118573.3504878963
1466096745.6202695370 122304.9094883313
1567113815.5012660027 180464.7474832535
1564867933.9189200401 180062.1169834137
1564790234.4056055546 179977.3524389267
1564534325.5481891632 179921.5412082672
1565265493.4651088715 180074.6189899445
1560885939.1428313255 179646.0386219025
1470217943.2042152882 129612.9680299390
1471949454.0615124702 131432.6179016473
1463887638.7467267513 117211.0348554464
1470834380.4015047550 130254.5548142468
1470240733.0112261772 129683.3163935769
1560066635.3344986439 179438.7487959862
1499457861.0030159950 155342.1637520070
1463716403.4684541225 116989.9355890551
1578870098.4604258537 182029.2518520355
1471526600.2175765038 130902.7354084358
1470903821.3938100338 130304.7717834724
1471530600.0915744305 131043.8412586555
1483733099.3731040955 142453.4682645302
1497709204.2499239445 154384.2893053214
1492185047.5657784939 149872.7828798144
1564457875.3587100506 179762.0228137970
1484469570.9927682877 143093.2225534495
1489581908.9880127907 147568.8758949194
1498009495.5710449219 154621.3410317074
1498335632.9512820244 154864.6697113882
1564812240.3120310307 180008.2292118073
1497412004.7113225460 154237.2693320237
1498335632.9512815475 154862.6523278127
1465108078.3091115952 120403.0621720764
1465427123.7941265106 121034.6262572558
1485264025.8458662033 143864.2505510472
1465192206.3004689217 120417.7623974546
1465285880.0504283905 120655.8158470020
1580114559.6418032646 182141.6981029510
1483600313.3800878525 142266.9710229797
1463729119.9805271626 117002.5780589616
1470555524.7096972466 130048.0476614337
1468336128.6757407188 125732.4746360130
1468114448.5959630013 125642.9840812035
1496466637.0678384304 153187.5569091252
1490956055.5553815365 148291.6503144623
1470885676.7134728432 130274.3197589469
1470955560.1105134487 130829.3838611197
1468581792.3555479050 126039.5545673522
1484549946.3443739414 143196.9631360340
1483950372.1645925045 143077.3615132020
1483914969.8878488541 142727.8277248780
1486351805.6276488304 145286.1684592111
1477608837.8328344822 137330.5619237174
1495114764.9105825424 152070.0623655595
1482555532.9390983582 141440.2254991349
1478346865.3755133152 137618.8968308959
1494708343.0475196838 151684.9544409382
1485391509.1215732098 144380.4674642597
1486701207.8540210724 145377.9100768483
1486751814.7090742588 145636.7257811941
1486035383.5775098801 144896.0806577789
1488664752.4769325256 146808.5721167684
1488122283.9392905235 146733.8412259624
1555098608.5864725113 178312.1898927689
1464820476.2574851513 119911.5233284142
1477232838.4299817085 137295.6674623847
1489044802.0490088463 147087.7650070873
1491732239.5215110779 149576.5904186252
1464881339.8939101696 119927.9970475342
1472036274.5855348110 131859.7575114932
1487510991.4278805256 146190.8404553936
1489505269.2808885574 147403.1747001547
1489244734.7228071690 147315.9314750571
1490384798.5712571144 148218.0189702716
1488793734.6859328747 146820.4862499627
1487434118.0899443626 146128.7576893245
1468458216.3405761719 125800.2771636028
1490210698.9481372833 148049.0227327456
1486173435.0550434589 145032.4069006531
1464548001.0649442673 119003.6896056486
1464571036.4005506039 119031.2390020443
1471546832.8508913517 131113.7332938993
1470734729.9390304089 130124.8593855100
1490203420.3781819344 147854.6219527621
1476926982.7149767876 136682.1410246997
1477185604.6440968513 137195.6601054559
1469079376.9506285191 127679.6853744882
1478166744.7322943211 137599.9752229428
1490962252.9436368942 148545.2545791431
1466673390.2734913826 123778.3858446550
1466556000.7175147533 123530.1573859254
1466817430.9732184410 123934.2774132291
1467423071.7348761559 125149.7941559005
1467201281.8048887253 124161.3922935176
1467350615.4528696537 124362.6167817760
1467360036.7211956978 124366.9887271571
1468660072.0644738674 127024.6727608243
1473632161.0729584694 133782.0732039656
1473914584.1680886745 134106.1765140737
1473215636.9739091396 133362.6626175074
1471718241.5452184677 131274.0186486119
1472573113.4335756302 132415.8898500679
1476020189.7305841446 136047.4698007171
1557876984.7310216427 178781.6344518661
1472281200.9914245605 132337.7559219497
1558874747.2491817474 178992.3800010681
1559984498.0003881454 179001.2164478302
1467301084.0037765503 124328.4668924358
1578043799.3796908855 181533.2093486786
1577691215.8013303280 181515.6233425140
1578516666.7664871216 181678.1563320160
1558178216.5885109901 178982.2576169968
1478745076.7849199772 137955.8817517346
1491344271.8308782578 148974.4021562951
1577893445.7942984104 181518.5443019867
1491318931.3823969364 148855.7510555884
1555345906.4144809246 178346.1982431412
1555484618.1471645832 178576.5779333115
1575259064.9580657482 181178.4158649445
1572082392.4203975201 180675.7238950729
1572408740.3107450008 180928.6302366257
1495083430.0867123604 152033.0779848223
1495628776.2217190266 152294.1720757116
1514740484.8742923737 163802.7712239788
1548436272.1863090992 176914.4377899170
1554697278.7556567192 178057.8336591721
1553674053.9020862579 178034.4924039841
1482275367.4006211758 140806.9639226015
1481745002.4862759113 140451.6955455359
1499182751.7815983295 155104.1111694048
1481980952.4115278721 140620.3602723728
1480553853.9232821465 139396.6138146933
1481215340.0251150131 140106.5844400044
1480574369.6340091228 139582.9389909323
1482124427.3645226955 140767.6625875052
1480872983.5041682720 139810.0290435370
1481097358.0100662708 139989.3205891069
1532406938.4129421711 171543.2565776873
1514661420.0527467728 163546.2116877459
1484956349.4591875076 143776.5752608849
1489979179.6757771969 147785.7433904163
1483378389.2149028778 141700.3970427624
1482814603.8716564178 141516.9009597413
1496266971.2813818455 153124.4510642292
1483187482.9732954502 141596.6036388474
1499831482.9587459564 155485.7054417554
1500227706.8677644730 156088.0981577580
1492501374.2535097599 149899.7157225240
1492059791.7159008980 149724.9219872722
1492614752.9824409485 150275.4477763954
1492871678.0151968002 150333.7380216844
1489423560.5463678837 147401.9903100576
1502260559.5468370914 156963.2619573177
1492973295.3324799538 150421.6411016710
1499937212.5950129032 155640.0613674251
1500960152.6049127579 156337.5247467606
1501665729.1007025242 156752.0634937956
1500960152.6049137115 156337.5977371781
1501112038.2703225613 156526.6667927354
1503228297.6321356297 157506.6580764579
1521546427.3397295475 167270.2944261767
1521662098.6317656040 167292.1805665847
1518661319.8172574043 166090.1044296394
1515846168.0440018177 164417.1261651302
1503749963.0213723183 157955.5083554671
1519973073.7340347767 166612.0286949011
1504275079.5009875298 158074.0352490828
1518595270.1446433067 166004.3821716751
1504449805.3251595497 158342.3803641382
1517571913.4599201679 165342.1822967972
1516138503.3672170639 164600.2395578334
1502681062.2904415131 157285.4484674552
1503289980.9119579792 157585.8286951654
1505004128.0072166920 158380.8041687316
1516584615.2853229046 165030.5406070855
1520334196.0019335747 166636.4343833131
1520598416.8286290169 166734.6413647834
1516923930.0244071484 165211.0031761065
1516531523.5557930470 164994.3639034465
1516476892.8099389076 164912.3499145269
1522503225.2187995911 167831.7088266728
1523155342.5335636139 168033.1723589860
1523247397.6077449322 168353.8492994905
1506729093.3733050823 159294.5802373532
1505221676.8471951485 158529.3907490871
1505378518.8890025616 158767.1529942653
1547962607.2098765373 176789.9706466198
1547231004.2707281113 176739.4962279797
1549826463.2943921089 177253.1055004597
1545054330.2133951187 176020.6718461514
1546430086.2585327625 176455.6369819641
1546183014.6550714970 176344.3203716278
1546183014.6550714970 176345.8048686981
1545656048.4327776432 176323.6171132326
1542923047.5236551762 175597.7647948265
1541590274.2804934978 174921.0759930611
1542913023.8021450043 175415.3891086578
1542260638.6898844242 175165.7271618843
1540150343.9285652637 174571.6314279437
1541779996.9861235619 174940.9504022151
1511183037.9741599560 161675.6555154305
1511558082.3130693436 162070.8222577553
1511571343.8526480198 162128.5320355874
1540707509.9846339226 174725.9283036739
1538315231.6955749989 174205.5497357398
1537853719.5463378429 173991.2541930228
1512391700.8836259842 162245.6864553504
1536960557.3453845978 173767.3470246792
1512801593.3630516529 162699.0883745982
1534616920.1649279594 172630.0842533708
1529453521.9679219723 170660.6374270879
1513298903.1299979687 162927.8894659095
1525732409.6705238819 169251.5379515551
1526375670.1549715996 169657.3052301379
1515753650.1575784683 164287.3416033350
1513573833.6669986248 163023.2011176161
1510944330.5226647854 161619.8065702878
1515021329.1269354820 164020.8276208155
1525711900.4988446236 169196.2704970445
1507575101.4529805183 159742.1631646079
1508287468.0630035400 159978.7095767182
1508032659.8061299324 159939.9753138942
1507443531.3482069969 159482.1779748764
1534010408.6880998611 172408.8555846922
1521708201.8605790138 167459.8911569975
1510166984.4531929493 161120.1211495362
1522128650.7111358643 167602.1752706841
1523221993.3411631584 168042.2000953071
1512384999.6294238567 162216.5104896389
1508585581.9325406551 160288.2778480663
1510064282.4107456207 160960.6883086599
1509574085.3222417831 160726.0334948935
1525231581.7327878475 168972.9012820655
1529224150.5399646759 170559.9564156793
1508545159.2829439640 160145.6749460115
1508511024.6406586170 160112.6508371248
1524953462.1614084244 168849.4942881456
1535236194.4945893288 172923.4517352842
1528279462.9872901440 170187.3085584973
1530340282.2712848186 170873.3487235056
1535940266.9393825531 173155.9091435336
1535301800.3275871277 173002.4990929626
1528348138.3862559795 170198.2144270276
1531573664.9954869747 171474.8821628438
1534732971.2664425373 172773.5128467344
1529126578.1121470928 170448.9257804609
1528573295.6831905842 170283.7171812390
1527772620.3121037483 170090.1438517794
1534866368.8682837486 172874.6434638761
1534304374.2874519825 172566.0137493126
