648490734.2912862301 1882070.2337557371
633449028.2927399874 1021325.1957008857
633505536.3709887266 1025724.7231667060
634051426.9912472963 1102180.7178003748
634463878.0583573580 1148634.1848165914
634720144.1943182945 1173133.3843808635
634616071.3015341759 1162311.4774282449
634851948.2424006462 1177996.2566882838
634918885.5030045509 1205715.7153974040
634459160.2007261515 1147968.3027575398
635609371.7454897165 1259897.4519800660
636495243.8149064779 1314627.4434470916
637862274.8256251812 1405780.1567825312
638071082.5702409744 1418814.8446487421
639200491.0718069077 1486030.0179444514
639296048.3414031267 1497757.2868310176
641233149.6835024357 1590374.1568420557
639683310.0160801411 1511972.3583014370
641708880.8661456108 1614014.3241888471
644319611.0185652971 1711290.2177663567
686860107.8157207966 2584638.2963256836
677986662.4980162382 2429812.5889434814
672618967.7132689953 2343278.1461906433
648870521.7885075808 1892208.1993730362
658914215.2894936800 2133035.0207503941
646969439.8610588312 1828421.9161461499
652769579.5306807756 1996750.4340101182
652614665.1125329733 1993105.7387882173
733720763.4170775414 2961955.0457153320
763335988.3542776108 3172302.4121093750
637861350.4271903038 1396444.0663497634
639228122.8496016264 1487712.0802283124
646027980.5741050243 1785671.2396513345
658435870.3877842426 2126342.9634383824
763502208.3013472557 3173521.6074218750
663323429.9141265154 2240096.0641279221
639400974.1460547447 1505790.9322566600
672662430.8046524525 2348002.9951896667
634347018.8961377144 1137560.3407870997
635459825.3248531818 1247882.8264002320
635765035.6270723343 1269663.6873722172
644011734.9848184586 1708982.3460062109
663350743.1360719204 2240137.6236982346
737782191.6577699184 2995516.4357299805
664076307.8263602257 2256392.9251508713
663466385.2227911949 2249385.2574872971
633953059.2002621889 1084164.7432611263
634023520.4700416327 1102146.6317071863
634534734.7904896736 1158753.2544980529
637814582.0509700775 1396011.5317520136
637974115.0842931271 1415293.6534860861
643879162.1010105610 1702492.1229625037
659197565.0435537100 2151840.9542031968
659509838.3144367933 2156842.9189859116
652079791.5650507212 1975272.2602861924
645646894.6891837120 1776840.2831256683
633872471.2633231878 1073879.7515771838
633918837.0693392754 1080472.5068316408
638160338.1575639248 1428298.9015335077
641859021.3026971817 1617618.6191863650
649739436.5602971315 1929127.4852056014
648510845.3225569725 1888743.8248613174
641783178.6574478149 1615333.7109832400
689547016.9631725550 2607378.1108398438
635902962.3089411259 1283512.8458399295
636985648.1730514765 1345387.0394280807
762606982.9333479404 3167072.9575195312
681852705.4374943972 2498157.7607421875
634694500.8799284697 1172686.9660265222
635269055.9221217632 1234012.9359583375
638716293.7594002485 1454121.5374108516
638254083.8390643597 1430135.2961244555
638289897.4751801491 1434513.9827291111
638057034.0594806671 1418350.0897035571
652361893.5975979567 1983701.3219244666
638476120.5484511852 1447519.1720922100
640190530.5898809433 1546494.1358197429
645646894.6891835928 1776838.3312213714
642313956.2677298784 1635074.1531668864
645894248.2942529917 1783754.9721940877
654416792.0597217083 2036545.3271551430
672746759.0387895107 2356127.2859611511
651737129.7557636499 1947303.7041812837
673019619.7284491062 2362735.4170188904
634107905.9100313187 1107930.0983417167
635887296.6126961708 1280165.3848299766
636924967.5055584908 1341490.6260575373
637573207.9391897917 1385994.6945924731
633798572.6524025202 1067014.5644502589
634281355.5770295858 1131945.0612437858
637303260.5339784622 1370038.0721658701
642091933.5548312664 1631652.6735648746
673492634.6101073027 2374750.3931541443
673175071.5358517170 2368283.9473533630
649389765.8415795565 1916273.7759770858
653940481.4687929153 2035573.3010320961
653516035.0388437510 2026258.2824873328
637536634.2507963181 1383395.9371872235
640349606.8171597719 1559711.1715558269
641064433.2024234533 1585240.6919334629
733640796.7208786011 2950768.2850341797
742645954.5977581739 3027469.6873779297
662757920.8571501970 2201956.1183900833
662810274.8297288418 2219060.1592750549
663272848.2607173920 2238829.1775856018
683590274.2448794842 2531786.7113037109
683185590.1015261412 2523755.2957153320
654790703.7797443867 2049460.1134199500
636045891.9056273699 1286987.5603394029
635817402.1111649275 1274682.4848590672
636287084.9046449661 1305361.5636595145
645522789.8143855333 1768375.7529304721
677263849.5222491026 2410595.4165802002
633783199.6919548512 1065343.6679658839
634866631.1594328880 1201178.3964594258
647954853.0720205307 1860276.8081783885
647711210.8858312368 1856607.4250351153
649308308.4649449587 1907816.3570104619
633771350.2399868965 1064662.6605730006
635171708.0094947815 1218321.6885619431
635718239.1924257278 1265494.0488037583
726766700.9324361086 2892307.4931030273
633822250.8537434340 1069570.8374109217
637030661.9113365412 1348629.7087570773
637036448.4371064901 1349311.9024689810
657251817.9952347279 2094038.8833654644
663201295.7641062737 2237898.2613935471
762923759.0754542351 3171343.3388671875
638933795.8263747692 1476776.7247887813
641869568.0589245558 1625091.8166312808
653217123.1141504049 2007337.4214135678
684244938.8316655159 2537030.9428710938
645646894.6891834736 1776838.2069537933
633987476.6945145130 1089112.1317795636
663269248.6697131395 2238327.7644996643
663106523.7415912151 2229184.6901588440
649843099.9473094940 1936390.4001012822
744637741.6631267071 3033435.2645263672
634654236.6471610069 1168276.2151962458
635059985.9587519169 1208054.5672005720
640492718.8970949650 1564234.7331233625
640272618.7863650322 1547435.8473370769
640662284.7483799458 1570715.3923137956
652361027.3673011065 1978009.9460636079
683483450.4161040783 2527489.7703247070
662904900.7421664000 2220092.3402719498
637899717.8027366400 1406753.9477357836
762542880.2439284325 3163425.6362304688
650330643.0966336727 1940314.8404773688
671173496.9244408607 2318145.6021349430
652038610.6545904875 1972009.3449893892
637265919.6355831623 1364777.7316722693
656963509.9445192814 2091662.0323886834
716448646.3303327560 2802211.9268770218
634613501.9249284267 1162308.3277965600
730749406.6738039255 2939679.6005859375
636953292.4444994926 1343083.8454636652
637662518.4353153706 1395450.9799942011
679053148.9563571215 2461832.4376983643
678703739.3462787867 2458753.0225372314
638614639.2991650105 1452787.6890336238
679302364.7057870626 2467833.3551788330
635686577.6768960953 1261159.8537540531
643635725.5263344049 1701412.4327006629
648174846.1020152569 1870083.8523663892
658265491.1697367430 2121928.4270614292
640598835.4288562536 1570554.1487591960
681859042.7088857889 2508908.1683044434
637467074.2995166779 1380357.5213036404
637265919.6355834007 1364777.8383617224
643325725.6267931461 1688013.7978509353
657978417.2384520769 2114398.1391585972
713948098.1878640652 2765457.0395660400
713785940.3641057014 2764856.6923980713
641008702.5647876263 1583937.3485881635
640862179.7141299248 1579661.3998576947
689259977.8931244612 2599197.3434448242
648627744.4933319092 1891714.7634262703
689131908.6861867905 2595979.2501831055
688869018.6976376772 2593107.3435668945
633806740.7703279257 1067324.1437730738
647398435.2009062767 1836552.5518661700
642016981.4206215143 1625635.0465232097
650195977.3133584261 1938886.4187687826
658246671.5150263309 2118690.9011214878
641330834.8128281832 1598682.2003722617
683250948.2351233959 2527201.2792358398
639758908.1551485062 1523568.5002692104
651800295.1928367615 1971922.3980871220
762827320.5996040106 3167655.6279296875
639630874.2388510704 1511305.4533026577
684336549.0422998667 2539836.8995971680
646036696.1916445494 1788293.8848350705
682650077.4561544657 2509063.2492065430
648939471.4703466892 1893191.5055089970
649110471.6332979202 1896580.8901525517
660521800.5368442535 2164517.1220332505
648359049.3685457706 1879315.7362260395
637009792.9719390869 1346897.7391598637
688688021.3125789165 2592862.5496215820
688045136.4322475195 2587053.7758483887
674087495.6832970381 2378963.8562612534
758477916.8502905369 3138432.8306884766
758685091.9577051401 3146464.3590087891
637170418.1614642143 1357794.5166529277
678701583.2130384445 2442843.6624603271
643926691.9648381472 1705012.0896021037
650178646.4714043140 1938715.8973931489
721660011.5136734247 2825776.1526794434
641478248.1745252609 1599225.3920360713
649543840.3134360313 1920837.4665075322
681385062.2806342840 2491342.4846038818
645028356.4531000853 1747445.6657406031
645296529.7884780169 1764291.4670726233
664415188.0495977402 2261785.6994800568
639254927.9162156582 1490232.9374288525
645430561.3618209362 1766282.8400570094
755006669.2836091518 3111244.3450927734
722332902.2503420115 2891912.3560180664
650501952.5245958567 1940418.2183676059
657530809.0501093864 2097995.9309897888
708787002.2386072874 2752857.8378906250
683121457.5213792324 2516623.7669372559
638747373.3434931040 1462071.2382845271
679289566.6689035892 2465359.6173858643
645155258.9562879801 1756902.7431331812
661639683.0819827318 2186276.6668097675
640017776.2636159658 1532864.4391606250
742918582.5689072609 3031424.6186523438
644572158.3038754463 1725091.5364177763
659019506.5544735193 2133777.9879045524
640017776.2636160851 1532864.4391606252
734299548.1195886135 2970770.7716674805
734002861.8201756477 2968544.5260620117
643054626.7120531797 1662265.0197610343
642902387.9354305267 1656748.6691052611
669144437.3655754328 2289751.0293166442
666161507.1535769701 2266248.9338874817
642482549.7447408438 1640297.8538743888
677981518.8729419708 2416970.9498443604
642658758.2210451365 1644039.6590127433
736830816.2696781158 2986057.2696533203
701721460.9898437262 2677132.2698669434
643175441.0767129660 1670170.9398050399
675678336.2119380236 2380473.4135284424
750867839.4955369234 3078694.2562255859
644812418.8120495081 1727923.6186931669
680159364.9116108418 2485783.3276519775
731663565.8994829655 2939745.8892822266
758475559.0131742954 3112383.6762695312
662178264.9592424631 2189828.9531145096
671443218.7515071630 2335351.7900419235
644959371.0351624489 1747089.7891185819
761272298.9327602386 3154419.4965820312
761448080.6161793470 3160701.1015625000
645293595.6849977970 1757183.7848201930
660692481.9353924990 2166962.5099933119
668109023.6677042246 2278913.3279304504
738739602.2533506155 2998452.8722534180
745690329.4918153286 3047681.7332763672
646455528.0892332792 1797829.2507575285
701659128.0115207434 2670550.0231628418
701954843.6440418959 2684219.1907653809
752055619.0606553555 3091739.7889404297
726872303.2804867029 2902061.8961791992
657756600.5848264694 2104251.3569541443
656359377.2786210775 2066710.7927224326
704414976.7915709019 2717825.7760827541
655588102.4192470312 2066235.6039308151
732446760.6063823700 2949802.8391113281
646788786.6195565462 1806843.4815736366
730188946.0374908447 2931641.4746093750
729798221.4100435972 2930912.5898437500
655343417.9158776999 2057287.9176003623
698655344.9602721930 2638929.7575988770
670164351.3238729239 2292209.9544887543
742453053.2941839695 3006412.3701171875
742446834.4333444834 3002310.6381835938
732055335.9569026232 2940547.3298339844
737302517.7583352327 2992897.8284301758
676703734.8736110926 2390996.2723846436
719733891.0022537708 2817806.6857910156
654687407.6639870405 2040747.7917499691
647548048.9530414343 1841035.9806703865
747255672.2930908203 3055099.4020996094
735708561.4461375475 2982927.5180053711
714019136.1635850668 2790450.2056808472
676111880.8440216780 2381645.0781505108
669552475.1508619785 2290565.8380384445
669091882.8171496391 2283169.9919691086
710880752.8270760775 2753962.2554931641
696316620.7597161531 2629776.0596618652
729387544.8883072138 2915257.2070922852
729415446.0294040442 2920954.1499633789
719695766.6035825014 2805136.4258422852
715854774.2474598885 2798250.8500366211
700255295.8605095148 2658036.4747619629
661317163.6112731695 2167857.0027089119
671222948.6356546879 2326700.7860872746
670360102.3713030815 2296520.5325350380
