153190280.9478144944 1999436.0292968750
153816201.9613274634 2112678.6479492188
154719956.3572894037 2221759.6250000000
155495948.3557126820 2299306.0708007812
155344493.6409460306 2287291.2016601562
155906167.9512129426 2330251.7568359375
158284155.5751908720 2480083.6718750000
155834954.2115390003 2321561.9833984375
182825621.1977589428 2703174.7314453125
152794410.7626778483 1887910.6503906250
152949487.9171575606 1937009.3100585938
154633902.9968036413 2213976.5385742188
160189755.6294301152 2545527.4941406250
154065905.6759616733 2148934.7148437500
154510098.8313428164 2200375.7070312500
152880647.8637069762 1915276.5605468750
154311659.0540252030 2175515.7290039062
154039708.4440637529 2146303.8759765625
154187854.8885644078 2162150.4228515625
152869159.4874716699 1913283.9169921875
152856034.5771423280 1908652.1845703125
154039708.4440637529 2146305.3525390625
152955346.1198481321 1939989.8032226562
152918012.1997301280 1929058.5180664062
154324273.8125360906 2179212.3720703125
152727671.6069678068 1862605.9873046875
154552300.9459959269 2205505.3442382812
158297689.3134209812 2482684.1132812500
153702342.0196786821 2096684.8798828125
162996075.8033535182 2616607.4013671875
161138241.0032588840 2568575.4873046875
161656273.7709876299 2575538.1230468750
157353809.8792266846 2432334.3388671875
155916420.7836067975 2331476.7099609375
157928806.5843448639 2461844.4189453125
162001326.7968564630 2586161.8525390625
154104441.3451798260 2155178.7773437500
152659381.4482685626 1839641.8881835938
158979917.6478583217 2514376.3359375000
158041788.0248483717 2466753.6591796875
152631980.8422540724 1829193.7695312500
153534600.8123695850 2068107.0644531250
153499116.7421044409 2063141.5595703125
162344300.1986804605 2600539.8603515625
154685236.7983642220 2221368.1030273438
159602183.1561952233 2526950.6318359375
152668265.5888864100 1842392.3076171875
152893772.7740362585 1919908.2929687500
154999895.7396608889 2251026.6376953125
154552300.9459959567 2205739.9379882812
154804317.6380414665 2233244.7714843750
162811149.7635212839 2606515.9306640625
160458255.2710234225 2556579.6689453125
159147680.1471488774 2516287.6093750000
155700040.0603148937 2313932.2138671875
158870474.8884242177 2506924.4882812500
157617291.4078968763 2447132.4414062500
153969461.0100881457 2134943.0957031250
160264212.4035281539 2546554.0996093750
152609110.4936243892 1819404.3173828125
160225634.8701381683 2545603.9296875000
152654665.9507585466 1837287.4375000000
152831795.1514484584 1899501.9594726562
160163789.0513941050 2538322.7421875000
155355587.3963615000 2287545.2690429688
152674839.6073457897 1846742.6928710938
157246120.9343813956 2427824.9414062500
153098359.3494244814 1978002.3750000000
159109559.8284972906 2516004.0703125000
155423818.9791581929 2293187.2709960938
153239986.0746912956 2009810.8544921875
152780018.4924796522 1881034.1230468750
152998731.0100432336 1951980.4853515625
152631980.8422540724 1829254.3120117188
153825220.3925121427 2114309.3095703125
157299930.9903749526 2429829.6181640625
153182802.3855487108 1997250.3759765625
159977539.8891108036 2536677.6191406250
161627683.0476031899 2574835.8613281250
152806009.9381109178 1890898.5849609375
154856552.6870474815 2238305.2802734375
153528068.0051233172 2065790.5136718750
153629010.8888167143 2083484.7988281250
152701941.6436844766 1854627.1459960938
153141759.3733405173 1986985.6093750000
153333667.1575104892 2031400.4287109375
153528068.0051233172 2065873.1503906250
153499116.7421044111 2063080.2080078125
153961698.1827462018 2134657.7148437500
154009649.8253356814 2141533.6279296875
154829608.2542631924 2234757.0087890625
155867462.2048411965 2325201.2387695312
152588370.8954379261 1808929.3891601562
152740695.8154675066 1865100.2778320312
152788048.8933127820 1883594.8022460938
161700558.1245965064 2584865.9843750000
152606905.9575270116 1815395.8374023438
152771134.3518618047 1878344.0908203125
152636659.6355142891 1830643.0712890625
152606905.9575270116 1815397.3994140625
152645543.7761321366 1833393.8334960938
153261399.6687469780 2015657.6542968750
154677973.3266292810 2218606.7949218750
155571968.1196533144 2304935.4272460938
152931106.6941543519 1930930.0312500000
155916420.7836068273 2331529.6123046875
153847838.2410974205 2118661.0034179688
153944916.9242196083 2132658.5244140625
153808439.1339855194 2112390.3237304688
153971114.1561175287 2135253.3085937500
153759312.0934528112 2104783.0571289062
152884888.6334184110 1917190.1728515625
152752916.4561409652 1873149.6699218750
152822911.0108306110 1896811.9272460938
152831795.1514484584 1899590.5722656250
153873172.0351016223 2120776.8251953125
153831056.9825708270 2116667.0229492188
153787563.8806751668 2106862.8320312500
162326098.9029875100 2594215.6416015625
154091548.6790177524 2150588.9633789062
162576678.5745163858 2600879.1650390625
183326943.5351821482 2703427.7294921875
160225634.8701381981 2545859.6367187500
157743803.4360029101 2456751.5498046875
155700418.2763699293 2315152.1494140625
160357263.1231042147 2552693.3867187500
161047315.7092494369 2568083.6767578125
158365633.6923393309 2484776.0595703125
154556141.4199743271 2205883.5375976562
158572438.6633144319 2494236.6064453125
155527335.6915039718 2299971.2514648438
161047315.7092493474 2568059.0556640625
153133024.3393311799 1985433.5576171875
154473771.9426187277 2195998.6274414062
154258081.4096881747 2171480.6416015625
152766513.1432782710 1875579.0034179688
161799695.7125030160 2585410.6015625000
157551331.2325662076 2443702.2265625000
182488110.6689433455 2702214.2431640625
183111087.1369494200 2703352.9033203125
153148058.3235251009 1988631.5390625000
154403739.0657924116 2187847.9692382812
171101216.3527143896 2654949.6582031250
153787563.8806752264 2107011.3144531250
154473771.9426186979 2195802.0239257812
154477612.4165970981 2196025.9692382812
154461795.6553549767 2195329.6416015625
159337683.6818048060 2526738.2197265625
155380878.0125832558 2288783.0981445312
158667373.4891745448 2496776.8955078125
160930341.5731121898 2565630.0732421875
155507042.1111281812 2299560.1381835938
155169783.9592693746 2269080.1093750000
158329578.0118199289 2483489.9882812500
160038083.2217218280 2538267.0380859375
159178727.4175535738 2517512.4482421875
155257828.5403457284 2276797.0571289062
183255319.5600079596 2703426.1767578125
154968072.6211681068 2247523.0693359375
157513701.1776411533 2441065.3632812500
155341802.7403254509 2283675.5781250000
155655191.2516232729 2311186.6870117188
152722477.9197466671 1859905.8569335938
158226853.8541865051 2479020.0634765625
154748006.2034555376 2226560.8496093750
154195930.5467739403 2164163.8686523438
156709173.0293397605 2388811.1542968750
155527335.6915040910 2300286.6811523438
154974956.4445938170 2249025.9414062500
154845165.6358286142 2237184.3115234375
154473333.8904175162 2195330.3798828125
156421314.1687849462 2369659.8857421875
155569082.2374352515 2302028.8398437500
153582451.7625067532 2076086.3276367188
156640941.4465430677 2382453.3730468750
160789753.8645997047 2563182.7910156250
153296064.6586536765 2023118.1494140625
158798350.3971576393 2503273.5742187500
182357096.9370759726 2701576.0126953125
153202793.7999597192 2001931.3789062500
161047315.7092494369 2568330.6142578125
156336135.8828450143 2362399.8813476562
175720934.6240747869 2684005.4951171875
175805878.6631544828 2685552.1748046875
159943859.7584097385 2535709.0000000000
177893934.9805230796 2692971.3681640625
155072295.5891672075 2260649.7998046875
159823374.2313430011 2527368.6562500000
156243891.6687474847 2357130.1640625000
153719123.2782053649 2098638.5170898438
153573433.3313221037 2074452.2197265625
153565670.5039801598 2074166.8896484375
153590214.5898487270 2076374.6499023438
152722477.9197467268 1859970.2045898438
157185362.2281614840 2421419.9228515625
162746497.8194362819 2603277.5654296875
158407225.8321456611 2492318.2929687500
157185362.2281615436 2421617.5185546875
182402245.7870396972 2701881.4072265625
182708710.0625899434 2702607.2998046875
155341802.7403255403 2283873.8515625000
153274089.5192049146 2017648.5332031250
153479023.2548749447 2059074.9951171875
157199129.0522656143 2423968.3066406250
157231246.6696738005 2426416.0878906250
155912188.4945716858 2331187.9453125000
156122548.6745047867 2348008.4482421875
153582451.7625067532 2076086.3256835938
162682340.8066360950 2602645.1767578125
180091498.8854843974 2698555.0849609375
160590886.4383265376 2560729.7607421875
153345769.7855304778 2033402.3105468750
163659732.8740099669 2618563.8134765625
153296064.6586536765 2023027.4853515625
154968072.6211681068 2247562.6787109375
156392133.6113301516 2367742.9443359375
159890382.8413400650 2534575.2636718750
155072295.5891671479 2260454.5156250000
153582451.7625067532 2076083.7924804688
159878392.8721033037 2534487.0429687500
160233878.9970551431 2546436.9003906250
155230030.4076917470 2275235.0561523438
153291444.5332210958 2020777.3271484375
160706478.7845866978 2561212.9736328125
158962655.4824945331 2508326.2822265625
157061616.4381161630 2414341.0566406250
153070703.6051762104 1969716.9819335938
161520846.6444767714 2572497.2431640625
153068826.5755930245 1969340.8945312500
155108217.9325864017 2261681.2187500000
153411228.5989587009 2046068.3417968750
156204360.2754223645 2352956.9238281250
182276651.7698802352 2701217.0224609375
153333667.1575104892 2031491.0927734375
160867530.7301865816 2563190.2802734375
160910338.8544509709 2565540.9833984375
153383372.2843872905 2041865.9179687500
153499116.7421044111 2063083.4208984375
153449411.6152276397 2052708.5957031250
153421555.3006561995 2048411.8457031250
153488041.6860596240 2059889.9262695312
153590214.5898487270 2076372.1166992188
153510418.1061135232 2063754.8173828125
153471260.4275330007 2058786.6708984375
157061616.4381161630 2413945.1582031250
156538921.0424840152 2378443.0507812500
152979959.4064128101 1946704.6323242188
153033165.7594610155 1959796.3862304688
181211142.9843056500 2698962.6533203125
156142842.2548806071 2348686.0341796875
159836199.3357878625 2528623.7695312500
153018802.8050170243 1956327.6333007812
171450436.9757415056 2658641.3955078125
152970281.2305430472 1943967.5991210938
157426852.2524844408 2439369.2558593750
156354773.4789855182 2364057.9091796875
161689583.8886379600 2578540.0273437500
152942090.4229131043 1933359.3281250000
153182802.3855487704 1997352.2451171875
156417549.9246571958 2368728.4287109375
153081687.3339349926 1972129.3598632812
152969764.3843932450 1941785.4213867188
153056136.7251351178 1967350.0156250000
182037764.6452375352 2700777.8779296875
153039464.7096455991 1961443.3920898438
158721374.3196645379 2502370.7080078125
156392133.6113300622 2367468.4912109375
156768222.2104357481 2394912.5009765625
156868322.8101517856 2400656.3466796875
157970973.0038795471 2462413.1093750000
158217772.9458574653 2476984.1865234375
157488807.2970519364 2440867.0898437500
157323665.4377069771 2430100.4804687500
157157045.7024340034 2417250.2451171875
157130199.4393699765 2416810.7626953125
157124808.1785232425 2416575.3525390625
158195442.2148154974 2475961.3544921875
157570293.0093123615 2444700.3095703125
157570293.0093123913 2444702.0195312500
153158935.3568292558 1990841.0268554688
157373334.6675127745 2432967.4296875000
157422572.4859796464 2434777.9707031250
156651023.0338849723 2385029.1464843750
156499504.4447982609 2373109.9013671875
156651023.0338849723 2384982.9355468750
156499504.4447982907 2373159.5361328125
167237263.5156559646 2623731.5625000000
181644590.0592898726 2699552.3896484375
176231546.3511626422 2690504.3017578125
171856781.0764406621 2668666.9091796875
167881568.4294792712 2637329.5175781250
167499847.0656488836 2636415.1406250000
180535092.6439513266 2698708.4638671875
174124885.5020367801 2679551.0048828125
180747162.4634715617 2698743.0419921875
168939548.7182738185 2646288.4755859375
179598879.9894675910 2693965.1767578125
172633587.0995199084 2679494.4443359375
179928836.9419263005 2694143.1298828125
170254184.2759343386 2653605.3779296875
