659090561.1432065964 10902641.6191406250
662818103.6294431686 10988736.5644531250
661142935.2886534929 10960837.0390625000
655264181.8561398983 10790275.9785156250
655390280.5804772377 10792427.0117187500
654696188.9425950050 10762915.0917968750
655836380.2304288149 10809803.7500000000
662198035.8530068398 10977526.7500000000
652277986.7901237011 10632038.1171875000
659504714.2046966553 10915879.9531250000
658670089.8598062992 10893920.4042968750
652933286.7135080099 10678988.0546875000
654557805.3830653429 10754206.5351562500
665123860.5023515224 11018832.6445312500
658425025.4226061106 10891610.7597656250
660866505.5771646500 10953120.7695312500
668179466.5751351118 11056386.8203125000
653159871.0460684299 10681741.0351562500
653235334.5197978020 10684773.4160156250
657889576.6444510221 10874113.9062500000
657449561.9392808676 10867175.5234375000
669931356.2090299129 11073075.4199218750
656681257.9226272106 10840799.1757812500
671212588.5123294592 11080554.7675781250
656931601.4917989969 10845569.6718750000
658269610.3413407803 10883907.1523437500
654841752.2033452988 10779820.2968750000
652724192.8628220558 10659539.7089843750
658408842.5541189909 10884446.1679687500
660394851.1039905548 10943334.8867187500
656608399.6882789135 10835482.0175781250
659597547.1249070168 10918587.2890625000
659568854.5228048563 10918472.9960937500
652910940.3454666138 10674644.6816406250
662072106.7382743359 10973527.7714843750
659336869.0251874924 10912443.4375000000
664880859.0918397903 11018052.9921875000
661521845.1692812443 10964811.6660156250
656554573.0061904192 10834798.3105468750
654593883.6304309368 10760931.3808593750
652631503.6898151636 10652668.4238281250
668354857.1286064386 11059070.0234375000
659276901.1577219963 10911592.6035156250
660206308.6421754360 10935256.4355468750
656495047.0574649572 10834561.4160156250
659305593.7598243952 10911664.3613281250
662770572.0740915537 10986692.2050781250
668023036.5253070593 11055054.7304687500
667958417.2974114418 11051964.0625000000
654823018.4773355722 10768433.8203125000
655051222.0715624094 10789596.9082031250
661604043.6081125736 10972830.1601562500
652486780.4687997103 10644406.4746093750
655851683.8089070320 10814188.7695312500
655422440.1789662838 10796091.5019531250
654093104.1895794868 10735315.1875000000
666104106.3262884617 11031605.1835937500
654310940.6335504055 10746072.1386718750
666129675.5557407141 11034314.5703125000
660969529.3165570498 10956953.4238281250
668671220.2032104731 11062306.0820312500
658695681.1166272163 10896770.8183593750
659268076.8083033562 10908490.8339843750
660183481.2021436691 10935164.4707031250
666104106.3262884617 11031601.1328125000
656644081.8662452698 10836908.0761718750
662291947.3249268532 10980824.4843750000
661230776.7342690229 10964694.6582031250
671261593.4720597267 11081838.1855468750
663444506.4641356468 10999507.7617187500
653867814.6666152477 10724354.2050781250
654052580.8786127567 10733889.6406250000
659162253.9192341566 10905429.5703125000
652255553.9773910046 10611976.0273437500
652816725.0299888849 10669178.0664062500
653245093.2544895411 10685082.3359375000
652379266.7062649727 10634664.6972656250
669153201.8226163387 11064869.4453125000
660036885.8325451612 10932165.2988281250
661072645.7233477831 10960478.7558593750
660783819.2425824404 10951753.3027343750
669134050.8393713236 11064802.8671875000
659788965.7803190947 10925218.9316406250
655727547.9961901903 10808002.8203125000
668179466.5751349926 11056245.6875000000
656644325.5000711679 10837386.8027343750
656057087.2711845636 10817149.3437500000
654727281.3125814199 10767822.2753906250
659680412.7583317757 10920606.5898437500
655929469.2500238419 10814770.6542968750
659959569.0119385719 10929493.0957031250
652796777.2847746611 10666303.5878906250
659835472.8061345816 10926939.8691406250
652878955.4386991262 10672895.1113281250
668591209.1475894451 11060374.9023437500
652711215.7641801834 10658201.4433593750
662929661.8649702072 10991161.0410156250
654197699.9510501623 10740445.2304687500
652735526.6707139015 10662269.9609375000
660254590.3770570755 10935365.8261718750
652272168.8309327364 10617960.1035156250
664880859.0918399096 11018155.9218750000
674098923.7886245251 11092822.4277343750
660299800.6646968126 10938214.1171875000
656678809.8080161810 10839000.4121093750
667393103.9971393347 11046716.1777343750
662770572.0740915537 10986709.2050781250
658900618.7542942762 10897088.6875000000
659102076.7283526659 10904850.0175781250
656217443.3337366581 10824663.8593750000
659483776.3887612820 10914071.7812500000
658184134.5728107691 10878958.9882812500
661141264.4350848198 10960596.8300781250
656750982.4285237789 10844000.7187500000
653900849.9246616364 10733781.1210937500
654090246.7970064878 10734897.2675781250
664880859.0918399096 11018290.9492187500
667590627.4916386604 11047253.1132812500
655773054.6282154322 10808489.9843750000
656111702.1666343212 10823622.7832031250
666759924.7862852812 11039718.1601562500
652877026.8198716640 10672543.1542968750
666384188.1968894005 11038043.0273437500
656085531.5027564764 10821620.4765625000
656409714.2619369030 10831832.5585937500
655839477.2127573490 10811172.2109375000
656085531.5027564764 10821641.3320312500
653322293.6339156628 10701888.5117187500
653392549.1866316795 10706347.8457031250
658136325.1638950109 10877153.4335937500
660299800.6646968126 10938228.0078125000
653670008.0135102272 10721029.0175781250
680676823.6693828106 11113539.3554687500
653281143.2482124567 10699943.6953125000
660618089.6520789862 10945847.5742187500
655382779.3126646280 10791420.9921875000
659604253.8651416302 10918754.0917968750
662606477.5884643793 10985216.7753906250
674365911.9976562262 11094196.5019531250
660375305.8479557037 10939485.4414062500
662929661.8649702072 10990899.3339843750
667232773.6911658049 11044198.8125000000
669093903.7022168636 11062859.9609375000
656111702.1666342020 10823108.9062500000
657722114.2307145596 10869456.4687500000
659991281.4368458986 10929746.7265625000
663100529.2857487202 10991646.6230468750
659697745.8876630068 10921793.9414062500
662564335.5704874992 10982424.4160156250
659194058.7901545763 10907713.3144531250
656383543.5980591774 10830269.2812500000
666072912.1993446350 11030957.8320312500
653530163.2141361237 10710132.5761718750
653550899.9723483324 10712146.2226562500
656833210.4479099512 10844128.5976562500
655687311.3611871004 10805600.5820312500
665442913.8334242105 11025575.1953125000
661585829.1843136549 10967958.6347656250
661860535.8980511427 10973275.1660156250
666487231.7169367075 11038267.3359375000
653469636.2513737679 10709447.4394531250
657909644.0638887882 10875902.7324218750
657291733.3369898796 10855863.2753906250
654191980.9442574978 10736209.4062500000
657441782.4706556797 10863197.3574218750
658065137.7174026966 10876852.1816406250
664556852.8945498466 11016745.0820312500
667372831.2339831591 11045020.7851562500
657844814.8491914272 10871625.3789062500
660095484.3683981895 10932784.2031250000
654191980.9442578554 10736323.4257812500
658249581.2415971756 10881607.8691406250
657368896.3040220737 10858602.9765625000
666855534.2079228163 11042706.4609375000
653277778.0597612858 10685663.6933593750
663297682.2884078026 10997375.8925781250
663453292.6185486317 11000380.3320312500
657293489.9648268223 10856254.7578125000
666944756.8456846476 11042836.2226562500
657134507.5776396990 10851823.6640625000
665150701.4231517315 11019510.0078125000
657134507.5776396990 10851827.5976562500
664556852.8945502043 11016906.5781250000
665193233.3118952513 11021077.9062500000
654238769.7578411102 10741045.6718750000
663828298.8027375937 11005783.3964843750
659272799.9927119017 10908544.7558593750
659272799.9927117825 10908529.0957031250
677581316.2018686533 11106338.9863281250
664325611.7094219923 11016185.6406250000
653401774.4045391083 10708279.8691406250
657131514.4685347080 10851191.4394531250
654162310.1401782036 10735540.7343750000
658214744.7880918980 10879753.9589843750
654514191.3005094528 10750994.5097656250
663912237.4609360695 11007123.8242187500
657134507.5776396990 10851809.7734375000
663813282.0749870539 11005584.0566406250
664320414.1393316984 11013758.5859375000
666467855.9157228470 11038047.1093750000
680794113.3168199062 11115299.3828125000
653255668.7649959326 10685188.2890625000
653124987.8312590122 10680440.2050781250
660596872.9491506815 10944297.9003906250
667289619.3851753473 11044487.3984375000
663696847.8924801350 11003313.1875000000
664839454.7570123672 11017107.5058593750
667602459.4135113955 11049511.3203125000
667638594.4309579134 11049673.9492187500
661023642.8746135235 10957021.2304687500
664059954.1264789104 11010335.7128906250
667095540.7092242241 11043972.3808593750
660644119.7279386520 10947784.7050781250
659434389.9445468187 10912668.7207031250
663692383.8775595427 11001536.5683593750
669727236.7381322384 11070574.0410156250
667993122.8788224459 11052540.0195312500
663246895.1585609913 10993864.2597656250
672429837.1740924120 11085605.0136718750
672139255.0201256275 11085521.8613281250
678151333.2637047768 11108958.8515625000
678913158.7338392735 11110432.6406250000
663640649.2376153469 11000989.7871093750
672078705.6622552872 11085051.3496093750
671702319.2609863281 11082514.7675781250
664266032.5315210819 11013733.7910156250
679655851.5473406315 11112923.5273437500
679375690.1894245148 11111034.2382812500
674924764.7993704081 11096470.4687500000
674924764.7993704081 11096481.3242187500
672429837.1740921736 11085580.9355468750
674924764.7993701696 11096362.0000000000
678585281.5688455105 11109539.7382812500
679550527.9558899403 11111858.2265625000
665234339.5942212343 11021596.3300781250
680215162.0006657839 11113036.1562500000
665191026.7329005003 11020785.0234375000
674654221.0599037409 11094576.0410156250
671917660.2309290171 11083760.3496093750
675622474.2970380783 11099140.8535156250
665003556.6643391848 11018565.7500000000
678779255.0657285452 11109568.6835937500
668010605.9338812828 11053896.5058593750
680578876.2929579020 11113121.1718750000
669361986.8391333818 11067457.1113281250
679541080.5358632803 11111271.5039062500
669413946.6117073298 11067826.2871093750
669413946.6117075682 11068037.9628906250
669413946.6117073298 11067722.5761718750
665934423.3502656221 11029806.9746093750
665778655.8041136265 11027941.9550781250
665880963.7081805468 11028761.9277343750
677385062.0681053400 11105131.2246093750
670875701.3364866972 11078007.7558593750
667814374.0144594908 11051196.8183593750
678779255.0657289028 11109577.6992187500
676768572.8206293583 11103279.8417968750
670873633.4168596268 11077670.0488281250
670875701.3364864588 11077695.3417968750
671754124.5563905239 11083661.1542968750
672504102.9570498466 11086103.1328125000
677469191.3462114334 11105743.7480468750
669656260.5894137621 11068709.6074218750
670465414.0189017057 11073617.7675781250
676972662.8173359632 11104983.8691406250
676972662.8173359632 11104849.9355468750
676972662.8173359632 11104880.5527343750
676972662.8173359632 11104878.3964843750
670656689.2407165766 11076470.3417968750
677449460.6551395655 11105168.2890625000
670465414.0189017057 11073600.7675781250
670306790.8894838095 11073400.9902343750
676509375.3244262934 11102755.8222656250
675701392.3597234488 11099864.5234375000
676058295.8077712059 11101109.0976562500
675710282.6355872154 11101063.4921875000
672867476.6028001308 11087811.7304687500
668892447.0610184669 11062742.2441406250
668892447.0610185862 11062753.2519531250
672637221.1682764292 11086241.1972656250
676240825.1098262072 11101531.4609375000
675701392.3597235680 11099886.6093750000
676115967.1074802876 11101461.5156250000
673519982.9733672142 11092117.0488281250
673567800.6633776426 11092241.0371093750
679237341.1106172800 11110636.6015625000
673264002.0125638247 11090954.7714843750
673346897.9618188143 11091613.8144531250
678138344.2348794937 11108484.3203125000
673178653.5352299213 11090419.2089843750
673581823.6481009722 11092297.6425781250
674681382.1821521521 11095940.4414062500
675470108.6807320118 11098925.5898437500
673243540.6779752970 11090440.3261718750
678099041.3692307472 11108143.5195312500
677590267.5311667919 11107763.5976562500
672647854.4672462940 11087645.8027343750
675344948.5227991343 11098526.8359375000
675329828.6364805698 11098333.3203125000
678475645.9833623171 11109076.1250000000
