649171337.9977319241 8784755.7949218750
650163340.8817114830 8796889.1933593750
649660205.8978688717 8792339.9335937500
641925083.6192685366 8654357.4902343750
641814138.2963261604 8649228.0019531250
650470411.3824021816 8800539.6289062500
652583673.5669577122 8820830.7988281250
638479119.2769863605 8554191.3046875000
639379956.9944756031 8568563.1250000000
638977521.0697828531 8564374.3847656250
638265324.6863676310 8525002.4550781250
660839186.1805696487 8872259.6972656250
660189763.0737525225 8868981.5410156250
644841652.3165804148 8725888.6894531250
641329226.8092221022 8638106.8828125000
640585381.5789886713 8602925.2304687500
642136391.9415357113 8663554.1972656250
642712964.2495614290 8679812.8593750000
642538511.8217087984 8671929.3964843750
658887559.1307446957 8862661.1445312500
642723635.5680720806 8681429.4394531250
650803202.4966555834 8804971.8027343750
646241611.5096323490 8752922.5390625000
646051972.4685207605 8749805.7402343750
642940006.3954533339 8682719.9023437500
645541516.2180504799 8736893.7773437500
652419418.4736013412 8816867.0664062500
645756874.4348421097 8738246.4101562500
648582975.8652677536 8778510.1347656250
646556593.5765823126 8753297.2851562500
641846129.7788482904 8650816.9511718750
649528646.9651080370 8791534.5234375000
649699570.9570145607 8792721.3808593750
645563905.3102759123 8736922.4941406250
645093305.9252129793 8729610.1250000000
641671237.1749062538 8648763.4863281250
643825353.9891061783 8710990.2871093750
643766838.8210986853 8710086.1640625000
649305938.3900847435 8788237.6328125000
660087871.2398394346 8864037.1757812500
647307927.5264121294 8757227.2812500000
667366701.7093116045 8892157.9531250000
647367856.9753304720 8761108.1445312500
667579483.1143376827 8892393.0019531250
643550923.9053626060 8700752.7402343750
649402728.2829406261 8789183.4726562500
661878245.8513908386 8873234.9746093750
648551480.2756519318 8777904.6894531250
641115989.5815287828 8632445.4570312500
642490550.4577647448 8670481.0156250000
645850618.2175536156 8741879.8320312500
645628317.6886001825 8737834.0292968750
645987431.2755125761 8744420.8085937500
645115868.4893202782 8733996.2675781250
647721166.1469552517 8767948.2070312500
643180791.2612730265 8693182.6289062500
641978062.2088766098 8661398.4355468750
638964641.3668228388 8556197.7500000000
654972302.8564125299 8841184.6582031250
655446627.4261503220 8847809.4355468750
641528820.4052124023 8643156.8164062500
644400119.0346032381 8712568.0957031250
644463039.5616191626 8713049.7167968750
640819712.9518933296 8610136.7519531250
637799279.5073105097 8499865.0468750000
640006818.5028330088 8590823.2148437500
653024727.3622331619 8825895.2812500000
655723521.9049042463 8848147.2265625000
657442209.6042642593 8856481.0136718750
664357076.8829063177 8879652.1210937500
662447254.7527666092 8878486.3906250000
649000631.6529574394 8780972.5664062500
650504964.8962701559 8801796.3300781250
649705223.3805146217 8792854.4609375000
643366722.3007057905 8697504.1503906250
660058291.7041112185 8864023.9453125000
644546616.1069421768 8717498.0312500000
638244679.3118567467 8513009.0468750000
645747189.9599050283 8738087.9687500000
640838625.1961300373 8613404.1914062500
651120719.8292256594 8805741.9199218750
642885386.0101652145 8682414.9882812500
644880334.1036051512 8726433.5078125000
656231059.6900492907 8851600.9882812500
643694022.9889709949 8705631.6582031250
640089074.6731909513 8593334.0253906250
639446696.3488800526 8570745.7031250000
648510532.2797636986 8776308.1816406250
639588302.8277543783 8575029.0722656250
653871631.2482712269 8834394.0761718750
667369045.5298761129 8892343.5156250000
642177655.8048673868 8666310.1816406250
644679350.9274647236 8717684.6757812500
649107659.0459537506 8784307.1992187500
650957976.4673634768 8805645.0937500000
654348018.8499948978 8839806.4160156250
638235347.2018375397 8509711.9179687500
645953273.9114868641 8742897.1054687500
658931636.9978671074 8863422.2988281250
648545115.4413077831 8777132.4609375000
644924053.2861282825 8729418.8496093750
651256445.7312536240 8809230.7187500000
651140637.0996717215 8807013.4453125000
647489327.1533051729 8764911.0488281250
647313748.3248510361 8760890.3085937500
646964363.9274083376 8754554.3300781250
645418090.7011528015 8734508.9296875000
642631480.7783297300 8673304.0253906250
640849671.0823885202 8620318.7421875000
644876704.9380125999 8725889.3242187500
642685766.2091380358 8675072.6621093750
647262188.6512358189 8756541.1367187500
647485613.3193542957 8763339.2285156250
644744724.7551739216 8718720.4882812500
644748343.8557091951 8721976.8125000000
648046256.6877708435 8772646.5917968750
649061454.0301706791 8783572.8925781250
649272378.6353867054 8786190.8027343750
643638477.7387958765 8704867.3750000000
666166774.8262864351 8888716.5585937500
643105413.0556983948 8688303.6425781250
640620141.8418509960 8605151.9824218750
653649815.2435085773 8831590.7714843750
653789495.4918284416 8833943.6542968750
640238450.2963759899 8598744.8945312500
640361952.3657602072 8599592.9199218750
664468057.0107241869 8881895.7539062500
652522655.1564379930 8817173.1992187500
641313385.0447053909 8633259.8847656250
639474965.4607516527 8572825.3515625000
638922940.5029081106 8555069.1523437500
650339508.2379969358 8799483.9882812500
640640448.0270434618 8606406.4238281250
650702259.2410851717 8802103.3437500000
649220046.6936504841 8785983.8691406250
648453947.6361694336 8775754.6484375000
653334879.2724318504 8829547.3164062500
665962408.3320558071 8885881.7890625000
652037008.6324951649 8814730.7617187500
648281379.5601388216 8775236.0859375000
657047311.8931822777 8854698.6855468750
656927453.7492464781 8854363.0781250000
648604898.9772150517 8778595.1425781250
654419406.3470427990 8840089.4218750000
648522455.1062936783 8776416.4042968750
666008888.2606519461 8886767.4667968750
647884106.4910997152 8769516.2167968750
644286043.2362945080 8711544.2285156250
656034267.1104078293 8849972.9960937500
652742339.1411105394 8822127.7812500000
650077449.1852773428 8794735.9882812500
664435776.0425421000 8881258.1875000000
639598743.1392982006 8579886.5839843750
639820333.3058606386 8581689.4785156250
651210587.8446894884 8808066.2011718750
655223832.5234093666 8843604.9453125000
665979566.8036776781 8886413.5488281250
662310843.2809557915 8875067.0742187500
653955625.4223588705 8836650.9550781250
653909605.3921228647 8834884.1523437500
662420006.4092822075 8877948.7910156250
655366893.9624261856 8844485.3750000000
650185751.3098007441 8799201.8789062500
656285778.9455701113 8853467.7207031250
649887017.6146636009 8793262.6171875000
644476588.4176191092 8714612.2792968750
654834304.6467143297 8840430.3222656250
639754608.6022160053 8580310.6328125000
640806934.9057351351 8608120.9238281250
648211279.9879279137 8774010.2988281250
658161897.3824027777 8858103.4726562500
654152347.2596546412 8837746.3398437500
649059464.1776155233 8781500.4648437500
648748631.7714228630 8778654.9628906250
644984345.3906651735 8729466.0996093750
647037479.3245512247 8756538.4648437500
657548794.5867515802 8857832.7285156250
650702751.2279865742 8802448.8281250000
650744753.3031336069 8802488.2363281250
651813611.7681442499 8813650.5371093750
656049953.0301001072 8850968.1035156250
660188987.8071172237 8865262.0000000000
651392306.7291342020 8809988.8261718750
665722180.3864629269 8885540.2695312500
666671058.9908831120 8889182.6347656250
654950330.3317420483 8840884.2402343750
651700226.8500889540 8812570.0195312500
662381380.8352339268 8877374.7285156250
658485861.6246759892 8861976.9492187500
648760817.5450043678 8780694.9179687500
647262688.6975288391 8756787.5878906250
641639928.3927432299 8644070.0449218750
656984896.9160674810 8854627.5605468750
665036097.8677055836 8884723.8496093750
648018434.3639079332 8770453.0664062500
648005753.6159708500 8769608.8164062500
658181988.9344576597 8858276.4453125000
664968506.9560794830 8882971.9511718750
655199635.3381079435 8843095.1738281250
648181440.5294774771 8772704.3789062500
651514313.1463207006 8811552.9453125000
641066445.9591306448 8624764.3964843750
654628462.5234451294 8840168.4199218750
666661500.0748517513 8888976.4433593750
655774760.5359447002 8849822.6542968750
652138291.9839582443 8815406.6933593750
653314741.0624018908 8826662.4804687500
663015605.9345728159 8879235.6210937500
651124201.8798377514 8806091.3183593750
667029405.4680248499 8889871.6308593750
667044103.9556795359 8890304.5996093750
661837614.4918130636 8872647.8183593750
652357001.5193964243 8816363.8652343750
655111175.3953853846 8841764.5371093750
656719333.9721851349 8853666.2871093750
662373428.9032847881 8875296.0761718750
652478709.7024935484 8817066.6015625000
652283593.1472078562 8816326.8964843750
