178454437.3813188970 317446.2290725587
178673090.0532850325 331958.7009992599
180666624.7819919884 445725.0414490700
178300261.5021573305 300774.2301452160
179149021.8092929125 369633.1829357147
180192425.3506418765 425816.2582170963
205471026.0869917870 679298.9199218750
197746955.9235590696 628241.6755148619
188932981.4286785126 550694.1011883616
188356122.6019510329 543616.0218579173
179681681.3297394812 400905.7359566689
179890999.6224470735 410412.1577118635
192893126.1683924198 573837.2740090340
196907524.8818343282 623520.8928152770
180995064.0332002342 453352.8169386387
178766655.7106322348 345580.7504377365
179592322.1674480438 395041.2372994423
190718744.5248939991 563052.2611360550
181689187.4269893467 477668.2057604790
178542434.9254297614 322305.3415867090
178701191.1114789546 337823.1996564865
178551148.3383617103 322312.3132318705
182486813.3273418248 491915.2428475473
178419637.0011556447 310018.7673592567
179048739.1531371474 362651.1238966435
181779722.4389254153 483380.4865031242
178282369.6534981132 293388.7744262218
178831565.7143865228 347759.5132977217
180014442.4167140424 412552.6252694130
180317437.2750754058 429075.2728936672
189235901.5253938437 552145.2961902618
179490414.5261442959 387312.7020707130
181550307.7852333486 476605.9374194145
178820766.1592828333 346641.7320613116
184111449.0345732868 513478.2476770520
178363915.1557978094 302069.8490935564
178436708.4073986113 310020.8751530647
178582517.8859270215 322359.3065885231
178748578.1217569113 340551.8745522946
179473270.9086637199 386957.8875660896
178329816.8898807168 301657.5702582598
178399399.2004415393 309605.0717288256
178740907.7588117421 338911.7239059657
179796835.1717178822 408291.1916756630
205291693.7978193760 664426.1688232422
180157626.3584884107 425668.0500543118
178994211.5657523274 361817.4401473999
179975378.2942599058 411751.7061396837
181739065.5502712727 481826.9924290538
178346379.2671603262 301659.6780520678
180090418.3466074169 418356.3791201115
190757505.2821412683 567469.3779573441
186386104.2751099169 536444.5052437782
183796157.1188506186 504785.9690351874
178579564.3940846622 322359.2179594040
178970321.7664468288 356243.3966672868
178952309.0103124380 356119.7120437622
179481251.8250141144 387101.1455342770
179054493.2019095421 363768.6842784882
189497470.8951721787 556346.9290635586
190755654.5692099333 566494.7572298050
190792082.8356058300 571237.2218294144
178370553.7498930395 309415.1210395098
178575178.7459999621 322336.1058092117
178700808.8843917251 333156.1435032733
179559524.4058795273 392875.6826653481
180251189.0609892607 426296.8506993055
180117341.4470244646 424251.3618981838
181416018.4722653627 468272.9551997543
182057071.1729536355 484853.5580723644
190355139.9515790343 562390.9930696487
186078756.0440779626 535159.5236395299
185718215.4238627255 521916.2338397503
184970593.0273690820 520706.8279063702
206021897.6436576247 681001.0032958984
182147352.1321975589 486232.9614100814
185770080.8245610595 528631.9752948284
179081252.0065402389 364087.7037532777
179066950.0012101829 364076.6902263612
179091605.0271344185 364141.0001953095
183338459.6750093102 504413.2869947315
179059538.7082408667 363768.9051330537
179410259.0055641532 385137.4918258637
181073897.7348016500 456719.1656996459
178321894.3486423194 301632.4043229222
178538049.2773450315 322282.2294365168
179333953.3692283630 379651.2061927766
181427856.6107239127 470033.2675280571
179206809.0397825539 371887.5374496430
179170096.0701699555 369741.7614822388
179707476.0094264746 402426.6930184364
180036094.6967918873 418226.4360888004
188071542.4419575930 536682.6095294952
185888021.5035261810 530879.0577533245
178988457.5169798434 360699.8797655553
179790310.4469333291 402686.2604056597
180969119.3392657936 453216.2317843437
178298932.0307776630 293390.8822200298
180908133.9388988018 450241.8142774105
179296168.2020740807 377752.0361068696
185226716.0635859668 521280.7796917990
182770980.1492460370 503391.9527619243
184662608.3391589820 518343.1516993404
182530142.3707590103 497688.7870819927
178615162.8829347491 325116.3530890942
194512344.2331947684 596647.2762402296
205141828.8758322597 661457.6094970703
178911790.0976609290 355952.9414901733
178359657.5929253399 301841.7486811876
178924411.6434756219 355958.0579097718
186281944.1434724331 536347.4160578251
178598756.8948357701 324740.9543419727
181888049.8905511498 484072.6982701183
179437222.3704199493 386849.3090195656
179897801.0144516826 410588.8584876060
203857265.2382030785 659066.7852783203
179185099.4677321613 371526.4559143037
180930787.1245114505 450646.1920668334
205865702.7628631890 680741.8024902344
205794190.4771858454 679687.6179199219
178906036.0488885343 354835.3811083287
182371899.3407639563 491755.5594942928
183000266.1961441338 504278.9491913677
189310753.5233846605 553982.7300975323
180682572.4087966084 448013.0221590996
178316823.8794368505 300776.3379390240
179890118.7861464620 410185.8517720699
180956829.6513895094 453201.8077759743
179557783.0584495962 392173.4125579596
195656218.9781474471 611672.8898649216
181717621.1975118816 481745.6872973442
179033232.8434361815 361881.1005962342
179517521.9313526750 387635.0112281917
180150504.3000726998 424571.5494067669
182177950.6546930373 489395.0499911308
181116859.9041242599 457742.6538159847
181457831.4759876728 470927.3748583794
185767688.9906299710 528427.1710345745
184028105.5425230563 510472.9827070624
184209713.2171128094 515724.1738620192
182529199.9670793116 496897.4613983989
200938877.3878805637 632378.6350097656
184087969.5638072789 512668.4540390164
188752029.4661330283 550483.0265006446
178691479.3180553019 332723.7493149489
178802483.5017927289 346297.1796249598
180570196.0816534460 442142.0694043636
181543339.6724942029 476315.1474888683
183856589.2963181436 508290.7366133124
182091801.6092559695 486222.5654576183
180821207.3465009630 449899.6201856136
183986491.6232240200 509680.2392988593
178641211.0429563820 330460.8560876846
182160696.4451530874 488165.5320742488
179121538.3193648458 365131.3701999187
180473659.1450951397 441730.1670441628
178721813.4324167967 338481.0054547042
179052839.5410416424 363715.6086910218
206039026.7767731547 684105.2375488281
201610394.4702832997 642580.9253540039
178652198.8041994572 330506.8101242036
178740347.7112953365 338636.4559677094
178783389.1753978431 345866.4611736983
180740248.0418948233 449527.5251233578
179570610.9873055518 392965.6441915035
180437227.5122053921 433864.3672072887
202581361.5723985732 650330.9635009766
185729512.5163393915 522634.5317523479
182285092.3308682144 490027.3649210930
179863619.7174232304 409446.5568845272
186022647.7511950731 532862.6703021526
179274458.6300236583 377390.9545715302
179380047.1345236897 379754.8027068079
181237916.2363196015 463233.2838244438
180325340.4696854651 433804.7071244717
181388856.1585786641 468268.5751395226
180001423.6006350517 412545.1444089413
178900399.3786974549 354278.0686747678
179006833.1115669310 361822.5565669984
178983136.5096100867 356400.2053461969
180207177.8080420196 425970.2312717438
178876235.1044869125 354065.0057857484
180541783.6161549389 441769.9743421078
179026674.4987909496 361840.8279927969
179268428.3086157143 377148.1011569500
181678784.2208704054 476719.6791398525
180019258.7301641107 417996.6989953518
190316428.5981605053 557728.2018243875
178896076.4917109311 354083.2772115469
178919366.1371443868 355957.8370552063
200908870.6386588216 628716.5080947876
181521895.3197347224 476233.8423571587
179843621.0709810555 408442.1805163622
179677235.0419328511 395381.8405672191
181425068.6315361857 469554.6223864555
178847928.2429453135 353630.5953273773
180265884.5664189160 426594.7325875759
178826786.3315714300 346679.4966303557
178812841.2703873217 346520.5178440064
178893407.5808837116 354065.1732039154
178810674.4653008878 346307.6224226654
180297605.3694426119 426741.4382312298
180048459.6372575760 418282.5943353176
180098011.0868110955 418584.7755527496
179910092.0089332759 410611.2432763577
178575413.7606647611 322338.1818893403
178668496.3328595161 330902.0173366517
178714518.8271277547 338202.0455093384
204839567.1772762537 660998.1610107422
178655525.7330040336 330867.8943443175
178685001.9338603020 332330.7960615158
178664110.6847746670 330878.9051864594
178636825.3948715925 330437.7439374924
178596599.5434075594 323966.4381948113
178726795.9271434247 338636.2351131439
178593747.8232506812 322687.1648014039
178684234.5086356103 331983.9440702200
205142509.9928927720 663354.9061889648
178624913.5142962933 330065.6488752365
178596178.8656691909 322705.4362272024
178636057.9696468711 330090.8919461966
178647969.8502222002 330462.9870084524
178585034.4103185534 322680.1931562424
