156492979.5340479314 256984.0494931340
156025698.1974919438 250090.3688901067
156142105.5138475001 252330.0776303411
160786622.0793186724 305899.6847515106
154499918.9932999313 221346.6175635457
155162340.2959984541 233914.0559350252
159276662.9491093159 292960.7088419795
156365389.2462128699 255750.8082821965
156276099.6936323941 253582.4340756536
154308000.9160563648 217225.0033414960
155142957.8561314046 233887.2716798782
160127126.3513414562 301556.4895620346
155108550.4533082247 232215.0856807828
156625727.2880992591 259191.1383603215
156167195.3164205253 252472.7283871770
166248292.0177914798 321600.4013671875
156198219.5300288796 252647.8224423528
153783735.2939258218 198132.8388914466
155697729.5476604998 243696.8063622713
162703861.8968964517 318181.3935546875
156227892.7682048976 253368.4487851262
156265695.1607618928 253563.3188412786
156227892.7682049870 253381.1553280950
164233733.4929198623 320134.9755859375
154282282.0866793096 213943.5497282147
164233733.4929199219 320147.5048828125
158900235.5978969634 287845.8190605640
155495534.9769475162 240418.7264672518
154845610.7010116875 226793.9761450887
153585277.7890839577 190430.5059953702
162703861.8968965709 318234.2902832031
155798413.8242057860 246669.6382382512
158896255.0293208957 287827.6984748840
155354037.8580188453 238036.3669701815
154859867.0905947387 227635.6630957723
166005090.4502398372 321474.1804199219
161625431.1825144589 312808.8144531250
154225143.7191314399 213839.6101453900
157089417.7911058962 266468.3838298321
154765861.1847204566 225933.1593751907
161756172.7197889090 314070.5888671875
162703861.8968964517 318194.1000976562
161756172.7197889686 314083.2954101562
162703861.8968965411 318233.9614257812
154642634.1070656776 223536.8627417684
162147361.0155438483 316816.2211914062
157068257.0194683075 265347.5238653719
161825604.3702179492 315568.2604980469
155896371.6860296428 246737.2544491887
153875062.9892269671 205013.0673283935
157887605.6833737195 276916.2656254470
157392512.1934258044 271242.1528326571
155303152.4460593462 236508.0700449944
157218783.8284819126 268182.4536749423
154523643.1023952067 221957.6920890808
154946294.9775570035 229764.2638316154
154681938.9007195234 225676.1190996170
157392512.1934259236 271254.8593756258
157268922.5465114415 270008.9116217196
156514692.4456605017 257957.8971493840
154448716.0117520094 219630.8735197186
153862792.0879291296 204797.4423283935
155087010.0732526183 232170.1340098381
163038173.3466981947 319535.1477050781
167381623.8935591280 321651.3659667969
157185016.5256093442 267964.0729376376
157138404.6715556383 267256.6801764071
157322286.5688655078 270515.0920416415
156410997.7192887962 255783.1142514348
156957732.1523233652 264543.3422857821
166248292.0177914500 321526.1105957031
160127126.3513414562 301551.0347280502
154893400.5654283762 228048.5197877884
154410954.2863698602 217710.2619116902
159340239.4163637459 293127.7693888545
155416605.6510126889 239064.3656628728
154972519.2911902368 229764.9606447220
156138651.6943955123 251018.5242856145
155565362.0289915502 242547.0151990056
157127445.3210681081 266900.2954106033
155767556.5997045934 245825.0950940251
160127126.3513414562 301551.3635854721
156454490.1554990411 256838.9000326693
163289413.7353388667 319948.8618164062
154147773.7002193034 213186.5610731244
155555813.2616142631 241991.0662282109
156693013.4361673295 260717.0626837313
154860776.4979424775 227659.1737769246
156802268.1610503793 262205.7091070712
153783185.5663782954 197886.7385496497
159721672.6988983750 297681.5187063217
156287408.0723743737 254537.1664975286
157233231.9069120586 268409.8110357821
156410997.7192888260 255828.4304135442
156152510.0467180014 252354.3188412786
157955735.2520549297 278085.0402836502
156214620.2186149657 252657.3276303411
157233231.9069120586 268351.7883307040
156287408.0723743737 254549.8730404973
153725992.8847796321 192836.3761735929
156379794.4200040996 255775.0494931340
154219036.2091263235 213588.6476896405
157993517.7511267066 278485.6096808016
155909053.7186332345 248207.4545910954
153649687.2816167474 191158.4398332608
155194821.8472901285 235553.8992183805
162128574.4066113234 315802.9372558594
153764371.8879741728 193886.5300840735
156451534.1036770642 256594.4413456619
155899897.8965782523 246783.8068783879
157993517.7511267960 278543.6323858798
153980859.4543107152 208795.0481832623
154408378.1138357222 217440.4810304642
163038173.3466981053 319494.9575195312
155706077.1246872246 244952.8853772283
155482504.8320666850 239252.6690915227
159787353.9571697414 298159.8813786209
154288488.7959150076 215592.4312513471
155082154.8496622443 230981.1628494263
154656543.0295856595 223650.9338138700
160090500.6539910436 301536.7882680893
159787353.9571697414 298199.7427067459
154428063.3753037751 218168.4148683548
154859519.6235316098 226908.0472171903
159787353.9571696818 298147.1748356521
153935634.1445963085 205525.3761662841
159787353.9571698010 298200.0715641677
160390381.3346502483 303414.2776479721
157955735.2520550191 278143.0629887283
157146861.9432670474 267450.3852545321
153696204.8166513443 191846.0683779120
155065827.8489651978 230542.7454708219
158117107.3980410993 279718.8508917391
157265150.4930778444 268625.6037603915
155062002.6627469361 230418.9328156710
158344391.7713272870 283197.6042486727
159566579.1806531847 295704.0935354233
158220802.1244128644 281906.3403326571
161967040.0775331855 315573.3864746094
158900527.5839367807 288760.9107851684
158141415.1773813069 279885.0123297274
162288796.7228591144 316828.9614257812
158784897.2066080272 287395.7440191805
155041528.4407523870 230287.5226068497
154127697.2229172289 210089.0425680280
157146861.9432668984 267392.3625494540
154138241.8892861605 212896.0513074994
155666457.7275735736 243680.4601593018
157470121.9844369292 271516.6607672274
158433316.7138108313 283708.1833502352
167337402.7229486704 321600.4074707031
157536235.5223962963 272602.4154058993
158079324.8989693820 279318.2814945877
158433316.7138109505 283746.7202154696
158079324.8989693820 279376.3041996658
161454452.9730281830 311007.1737060547
157552263.8972554207 272748.0220606625
154047277.1642859578 209475.3206556439
167730873.9985535443 321666.6906738281
154048968.0316554904 209522.9820211530
156678818.4769630134 260015.1719975173
155633956.4321200550 243485.5901031494
158079324.8989693820 279370.8493656814
157146861.9432670474 267405.0690924227
160022652.7827773988 300320.4136343002
160220295.7967236638 301640.2062368393
156740297.9519805014 260945.4044193923
154835113.7458063066 226208.7101564407
159899063.1358630359 299087.1724233627
162801013.0049651265 318542.4250488281
160035664.4135767519 300323.0000600815
160266791.6877359152 302239.0591421127
159879397.0574657023 299034.2756948471
158945474.3492431045 290088.3721841276
155703685.4274967313 244530.0444424748
156001464.1604119241 249358.0532010198
159645490.9042019248 296763.0816752315
159400252.5960237384 294199.0760294795
157448804.8922198117 271300.2828028500
159935523.2853990793 299654.8587026596
155053256.1366831362 230331.0211915970
158711468.6778493822 287337.7213141024
159645490.9042019546 296815.6495463252
159769080.5511163473 298048.8907572627
159267199.0624639094 292751.6247779429
162960450.3418063521 319482.2509765625
157030823.2562908232 265288.6924444735
156614956.7968361080 258319.0359086394
156011012.9277893305 249913.9366391301
155949533.4527719319 249041.7269223332
156073123.0996863544 250274.9681332707
155939984.6853944957 248485.8434842229
155550019.9878366292 241585.8662347794
154992232.8545278609 230088.6879272461
157086877.3784697354 265667.0541996658
156904571.0706931949 263417.2277836502
156891770.3478025198 263380.6369633377
156432294.5347957909 256149.4536595047
159143609.4155495465 291478.1933814585
157086877.3784697354 265679.7607426345
159029637.2581644356 290244.6421208084
158297277.2776035964 282267.3718267977
159096417.8302852809 291169.4197086990
157801212.2444513142 275025.3411259353
154136179.0122013390 210203.2544935346
162288796.7228591144 316828.9277343750
158691893.5930678844 286447.7797769010
161156077.8976973891 309132.5219097137
154389584.2836517692 217333.1056240201
161156077.8976974487 309145.2284526825
156919577.5699809492 263984.3384405673
159048387.0237156749 290266.0593484342
155477336.3464001417 239087.4401119351
156575885.8803391755 258311.1925055087
162288796.7228591442 316868.7890625000
157025030.9027356207 265062.5709234774
157025030.9027356207 265062.8997808993
156916970.2750395238 263469.7956547439
156775473.1561109424 261034.8682865798
155339497.2673899531 237187.5580139160
161155261.3015007675 308854.1862163544
162898755.0569404960 318905.3806152344
155517012.0322724879 240436.7772827148
158534839.0819029808 284721.4577554166
162944541.0739524662 319028.9829101562
158665425.5677372217 286251.2639077604
157833904.2115235925 275760.7034916580
161203289.7758491933 309310.2270507812
161732616.3171450198 313233.1375732422
160678151.0667544007 305827.8451519012
158541489.1755668521 285018.0226968229
160678151.0667544007 305867.7064800262
162408597.9139950275 316883.0202636719
160232443.5838288367 302146.6022329330
158411249.4349885583 283488.2165444791
164312845.8976866007 320223.9140625000
159267199.0624639094 292751.2959205210
153839980.7866352201 202011.1210977435
158411249.4349886179 283500.9230874479
157632448.2976979017 273013.8565333188
160801740.7136687338 307061.0863628387
158534839.0819031298 284779.4804604948
161202965.5232611597 309302.4948101044
157632448.2976978421 273008.4016993344
158479379.0036697984 284656.9912026823
164067908.0041862130 320110.9575195312
162420250.1834265888 316909.4399414062
162459665.7436009347 317886.7431640625
159071285.2531391382 290468.6345524490
165679720.1812480390 321003.9086914062
160232443.5838289261 302199.4989614487
161206689.4830487072 310438.1118164062
160801740.7136687934 307106.4025249481
160801740.7136687040 307048.3798198700
160801740.7136687934 307100.9476909637
164720664.1449773610 320436.9243164062
160889018.4244986773 307312.8102397919
158339639.1531365216 282543.9321295321
160678864.9473126233 305868.0353374481
157920823.0647411644 277564.4829106033
164531188.8748971224 320384.8110351562
164818789.0444283485 320968.6262207031
158071949.0152346492 278800.5678106844
158905412.4952479899 288772.8586735427
160858377.3119741678 307148.0424175262
165931796.0275733471 321203.1494140625
161703649.7413033843 313218.9038085938
157726265.0878372490 274527.6549617052
157726265.0878372788 274540.3615046740
159599085.3999896646 296030.8168325424
161765129.2163207531 314144.0102539062
160425655.6979600787 303871.3638286591
160425655.6979600191 303818.7959575653
158159648.3078608811 280525.4565347135
160549245.3448743820 305052.0371685028
160549245.3448744416 305064.7437114716
162014211.2312630415 315591.4628906250
161765129.2163206041 314091.1135253906
161765129.2163207531 314103.8200683594
161765129.2163207531 314143.6813964844
159206475.8448387384 292038.9409400523
159599085.3999896646 296018.1102895737
158167283.9454393685 280548.6081460416
161649175.2069847584 312933.6423339844
157712367.0356627107 274518.6796199083
162885426.0358080268 318600.6562500000
157884780.5970376134 276177.5465632677
159599085.3999897540 296071.0070180893
157712367.0356626213 274460.6569148302
161641539.5694062412 312857.8723144531
158905412.4952479899 288767.7326969802
161488689.0727937818 312344.1771850586
161488689.0727936327 312291.2804565430
161379900.2116428614 310782.5900268555
161387535.8492212594 310845.6535034180
161387535.8492211699 310805.4708862305
161387535.8492211401 310793.0350952148
165783179.3313380778 321101.3447265625
165621566.9370839000 320997.8742675781
