48488184.3684441820 1157298.0468750000
48379544.7472799867 1148158.6455078125
47846432.6650992185 1100194.0834960938
47575483.9791063294 1059178.0024414062
47934795.2709382102 1109664.2426757812
47771921.5521389470 1090887.2153320312
49175397.2318184301 1195075.4482421875
47672370.2636905387 1078357.5815429688
47979179.3340175673 1114453.6333007812
49789023.5668839663 1214045.3916015625
48357118.1625507846 1146587.2421875000
48328089.6145628244 1144967.2348632812
49071961.3285656869 1191048.5263671875
47927718.5508427769 1108054.4379882812
48680706.6293325052 1170268.0078125000
48738394.3744793087 1174147.8789062500
48538290.0315548331 1160627.8427734375
47823311.5728089809 1096448.4985351562
48021002.6572477445 1116963.2231445312
47463093.6848521233 1038422.2631835938
49216122.0372910425 1196783.4101562500
48710088.5600660518 1172439.5097656250
48224146.7784278616 1135828.4018554688
48673852.1593137905 1170243.2080078125
48321134.2685584649 1144311.3227539062
47891683.8801260740 1105276.3823242188
49376587.8842963576 1201935.0283203125
47671687.3496855721 1077556.1137695312
48302588.9106858075 1142160.0541992188
47841311.4984745830 1098743.5307617188
50043274.1661019325 1216504.0234375000
47832214.4918911830 1096479.8383789062
48010774.2760146782 1116459.6606445312
47605543.0654135793 1066302.6157226562
47714479.7233946100 1084062.8227539062
48265659.0115443617 1138572.4262695312
49392255.9295189753 1203831.5322265625
47611229.9136262015 1067179.5815429688
47622867.4077079669 1068318.9526367188
49991572.0341356024 1215608.6835937500
47571838.9950939938 1058365.9233398438
47518658.1784663498 1049489.1215820312
47668895.1709599569 1076584.0610351562
49415031.2801854461 1205340.8623046875
48645763.0770368874 1168521.0507812500
48240106.1935070828 1137979.1020507812
48034275.0736642405 1119036.2250976562
47956628.2956464812 1112014.9711914062
47940990.9672592729 1110127.4399414062
49733095.4467724189 1212929.6699218750
47609326.7185059041 1066556.9516601562
47794971.8819244280 1093794.8881835938
47808244.2983409092 1095867.8901367188
49404157.4010949805 1204334.9912109375
47718474.7626208141 1084577.3676757812
47933449.6748779565 1108325.8881835938
48151775.8327743411 1129354.8706054688
50386902.6825542599 1216883.9853515625
47974058.1673929542 1113003.0805664062
47965380.5028648674 1112435.8618164062
50205408.4393460378 1216730.3056640625
47834490.6147673950 1097852.5405273438
47705202.3462043330 1082504.3657226562
47863344.1892415136 1103106.1860351562
47773574.6535214186 1091815.6635742188
48710029.1137306765 1172166.3476562500
48810526.1236332431 1177206.3388671875
48110453.8159016967 1126107.0112304688
48134566.1077339649 1128145.9389648438
48140806.6041157469 1129280.5971679688
47714970.9904710427 1084073.8803710938
49941029.0259747952 1215297.3183593750
49233150.6101446003 1198003.0009765625
47860300.8753984347 1100395.0815429688
48673792.7129784226 1169970.0458984375
48760912.3965301961 1176165.6503906250
48815174.5286726505 1178915.6884765625
47801288.9523365721 1095211.9780273438
48822070.4283416420 1179147.3886718750
48604974.1116806418 1165479.7011718750
48778938.1279204041 1176719.3867187500
48643376.0001614392 1168057.1171875000
48607139.5994091779 1165860.8154296875
48598783.5134020820 1165239.7255859375
48894009.8084373847 1182836.2382812500
49791173.4334064052 1214409.8759765625
47504469.9720758349 1046083.8852539062
48887113.9087684080 1182604.5380859375
48356030.3512624651 1146493.7470703125
48131114.5338793918 1127993.5141601562
47777485.6401069313 1092303.9155273438
49196127.3173559830 1196678.4257812500
49182293.1314874291 1195672.5546875000
49538495.6852658391 1208674.9921875000
48531334.6855504811 1159971.9306640625
48865001.0436059237 1181384.9472656250
48592353.2135909945 1164481.7041015625
47884027.2502799481 1104341.6694335938
49159890.9166037291 1194482.1240234375
48828764.6428536624 1179188.6455078125
48222467.2647877559 1135720.2124023438
49616689.5977373421 1211440.2304687500
50145858.6286743060 1216609.0078125000
48284392.8129399866 1140706.0615234375
49145948.6384308860 1194209.1669921875
48417530.3189360946 1151073.3222656250
48426103.0594152734 1152676.2998046875
48122478.1302354559 1127862.4135742188
49970752.1677652448 1215321.9052734375
47581908.7158694491 1063495.0209960938
48888984.1325944513 1182709.5224609375
48227500.2120792642 1136358.4912109375
49524661.4993972778 1207669.1210937500
49722569.0203511119 1212339.6425781250
47508773.1099868715 1048161.4409179688
48688919.7473036498 1171469.8369140625
48384318.2843275219 1150035.7373046875
48597901.5879264846 1164925.9648437500
47695264.1251529157 1081223.8793945312
48637338.5223903060 1167450.6142578125
48847274.6586364806 1180287.7460937500
47711519.4166164771 1083921.4555664062
48368871.3691541180 1147410.6689453125
47934035.6212549359 1109471.5278320312
47804740.5261911303 1095364.4028320312
47540716.4676331505 1057278.2358398438
48823600.8184967041 1179154.7167968750
48556116.8128387481 1162285.4023437500
48730080.8290784881 1173525.0878906250
48382217.8142694756 1148432.7597656250
48050567.8934616745 1119053.7182617188
48171137.0800174102 1131525.0668945312
49345700.0428759605 1201652.0126953125
47664300.2321407348 1076108.8735351562
48179709.8204965964 1133128.0444335938
47728126.0905083865 1085310.6323242188
47910232.3090252951 1106563.4653320312
47586744.2308851257 1065543.3442382812
47590195.8047396913 1066081.5571289062
48003516.4154302627 1115472.2504882812
48097695.0620119572 1125085.4516601562
47641316.8615664169 1074161.4770507812
48517121.2187924385 1159220.1718750000
47518242.8406988978 1048284.5961914062
48180807.6010392085 1133266.1713867188
48590981.3184119835 1164173.4804687500
48191561.7190612704 1133529.3559570312
48424123.7266683206 1152175.1806640625
47648423.3968825713 1074424.8403320312
48196279.8017807454 1133781.1997070312
48186127.9733259678 1133400.1606445312
48555668.8137453645 1161532.9179687500
47567882.2693252191 1057507.0297851562
48224722.9348547980 1135906.1000976562
48652683.3465513960 1169273.5351562500
48852747.7318421975 1180513.2207031250
48278777.1058625951 1140422.5361328125
48666896.8133094385 1169587.2958984375
49515827.9311705306 1206812.8652343750
48495098.2847982273 1157775.6289062500
47996197.0645383000 1115319.8256835938
48435545.6781485379 1153230.0361328125
47535880.9526174739 1055229.9125976562
48637714.2360894755 1167793.9326171875
47637240.9962340072 1072305.8686523438
48471782.0789007917 1155426.3378906250
48549709.5600880980 1161063.5390625000
48078009.1941951662 1123786.9594726562
48850877.5080161542 1180408.2363281250
49536345.8187433854 1208310.5078125000
48853027.3745386079 1180772.7207031250
48306503.6527455002 1142271.4418945312
48157985.2161040977 1129906.2905273438
48449759.1449065804 1153981.7949218750
48119026.5563808754 1127709.9887695312
47628777.3953629881 1071097.1196289062
47636481.3465507552 1072113.1538085938
48292990.5726206377 1141174.2949218750
49293825.5981732607 1199710.9628906250
48802417.5893265530 1177060.0771484375
47464182.0633107871 1039340.6469726562
47496490.0340852737 1045738.1157226562
48051436.5280503780 1119666.0766601562
49057837.7929759324 1190071.8154296875
50188326.9138987660 1216677.3339843750
48440316.5261733159 1153428.0585937500
48503500.5419423729 1158318.9462890625
48405004.0215066969 1150787.4960937500
48209120.8196724057 1134698.1215820312
48283792.9187470824 1140603.8583984375
47774034.0662523732 1092151.4907226562
47909741.0419488624 1106552.4077148438
48063890.6999433562 1121759.4409179688
48028702.7567540407 1118942.5708007812
48461672.5237810835 1154872.6015625000
48094243.4881573915 1124933.0268554688
48167685.5061628446 1131372.6420898438
48732230.6956009567 1173889.5722656250
48480884.8180401847 1157023.8701171875
48058944.1124067456 1121441.7661132812
47632228.9692175388 1071249.5444335938
49420141.4534860030 1205705.3466796875
50093870.5092058331 1216529.2558593750
48231040.0052669421 1137323.1899414062
48025742.4499759078 1118801.2036132812
48597240.9602904990 1164862.8183593750
47751050.6956780553 1087441.9506835938
48300655.7248976007 1141685.6918945312
47683350.0260442793 1079715.2524414062
47926375.0999359563 1106707.8540039062
49098946.3192216009 1192632.6015625000
47837859.9246200249 1098591.1059570312
49399411.3679484501 1204102.3691406250
49386120.8427262530 1202068.1064453125
47458258.1698364392 1033719.2348632812
48266352.5099335611 1139963.7524414062
49457106.6633660197 1206586.5830078125
48597225.3390844017 1164846.1884765625
49522028.1594210267 1207018.7275390625
49991980.2333035022 1216302.9736328125
48235912.1307603717 1137687.6743164062
49432329.6221411601 1205810.3310546875
47900646.6354788244 1106411.0405273438
47970606.5935383886 1112850.6557617188
48563154.4260606989 1163031.0009765625
48176258.2466420308 1132975.6196289062
49821210.6432032287 1215090.0625000000
48314667.8126839325 1143233.7666015625
48471126.3277206421 1155348.4736328125
49752491.7965000719 1214037.0566406250
48072463.4404225424 1123362.4184570312
48811662.6311231181 1178439.4267578125
47888232.3062715158 1105123.9575195312
49295975.4646957144 1200075.4472656250
48972965.0354400575 1185829.2294921875
48372245.1968759969 1147884.4687500000
47627311.1901999488 1069210.6166992188
47759623.4361572415 1089044.9282226562
47756663.1293791160 1088903.5610351562
49614539.7312148884 1211075.7460937500
48884786.1220509112 1182071.6787109375
48773276.3638484329 1176456.2021484375
47741960.4717797711 1086735.2124023438
50213925.3979788646 1216793.9306640625
47655717.7865477651 1075950.1391601562
48282267.3990879580 1140517.4887695312
47754715.4785937890 1087935.5805664062
48684721.7367601097 1170717.3525390625
48324616.1772127002 1144504.0375976562
48813774.6543334723 1178569.4931640625
49016473.0495604500 1188316.0830078125
49291955.3743472099 1199605.9785156250
49119710.8007816300 1192638.9599609375
49279655.9792782813 1199248.7216796875
47532824.9332759529 1051988.7446289062
48536274.6001951247 1160286.5585937500
47578852.6965279281 1060253.8530273438
49014602.8257344067 1188211.0986328125
48623528.7063672543 1167122.2666015625
49335797.9599988014 1201283.8437500000
48994944.1427865848 1187032.3994140625
49032389.6188173071 1189121.6630859375
49012703.6762418672 1188025.5312500000
48212494.6473942846 1135171.9213867188
49985301.5030330718 1215418.6162109375
47625269.4217033237 1069139.7827148438
49851300.5454949141 1215192.3339843750
48054915.8674950004 1119921.4428710938
47741607.2654272169 1086485.4067382812
49885660.5561957508 1215291.1123046875
48467252.4598992467 1155163.1533203125
49586839.1542963237 1209527.9531250000
50000492.2742646635 1216405.2451171875
48931779.6038984135 1184096.8359375000
49508645.2418248355 1206762.7148437500
49169410.9299664348 1194971.9716796875
48474753.7893748358 1155678.1816406250
49049972.4504252598 1189774.2167968750
49337668.1838248447 1201388.8281250000
48938675.5035673901 1184328.5361328125
48000694.4423491359 1115414.6069335938
49130295.8535639644 1193726.2509765625
48725141.4071394354 1172927.9707031250
49228149.3210265785 1196803.5205078125
47612855.0924960151 1067532.4018554688
47710337.1207943261 1082939.3041992188
48939051.2172665447 1184387.3876953125
47613538.0065009817 1068198.1840820312
47832884.3021573052 1096619.7954101562
49228883.0941775367 1197801.9511718750
49144141.2784002870 1193945.9824218750
47738705.6555756107 1086072.3403320312
49019374.6204052567 1188339.4218750000
48702058.1626782343 1171850.9511718750
48936207.2044180706 1184292.0966796875
48925217.0313979834 1183042.9189453125
50261692.1054881886 1216835.2900390625
49275182.0242447257 1198195.7158203125
49693105.9806925356 1212120.4169921875
48920132.5012876615 1183028.9531250000
