292694634.9372300506 554202.5799617767
293413991.0414469242 585143.8781337738
290448600.4778854847 404913.4856743515
290531720.1117616892 412671.0364556015
290676489.2230793834 422484.0008504391
290934350.4854393005 446856.9580452442
292539610.1604832411 548175.9338559732
292318791.8396460414 538006.0365846045
292240624.1872233748 532944.6598756202
292432719.9935616851 540431.5124632753
291391501.8780795932 478164.7814406306
291596993.8138484359 496264.7596502304
291622173.9493010044 499552.3338647308
291843751.2075033784 511822.3154498823
292457086.4446390271 545552.3185803704
296778707.1814975142 686200.7616464049
298970552.5391436815 718515.7947287099
312755438.4060707688 881428.4969329834
290549710.7308964729 412898.6214306690
290612712.2145015597 420310.8800008297
290722039.3108455539 428068.4307820797
291004961.5652540922 448097.2883987427
291060698.6348235011 454898.3293533325
291506447.4516878724 491459.8906927109
291466458.4111668468 482252.8706313521
292090269.8758310080 526905.4794728048
292075428.0427753925 526340.8390450068
292495905.0465123653 547756.0850130543
292361927.6022894382 539998.5342318043
298626339.2790898085 711800.0166241117
298925868.0111338496 718515.4309307523
291293181.5920758247 470480.7240859419
291413881.4443850517 480720.8800581843
291305550.4820996523 473960.5051528364
291696157.9123505354 501293.0399844088
291884105.5084568858 512378.4505206831
296394729.1816900373 675735.8890752494
302561439.1700400710 769143.6697707698
290571688.2805541158 419701.3771462142
290933850.8231567144 445077.3663173914
291270519.3194363713 467431.4415542036
291394488.1581036448 478168.7619477659
292553461.8671709895 548848.4039363861
290464147.9552443624 411635.1548638046
290801485.3688023090 436315.1460492611
294182112.1854183078 613260.8451539874
298775246.5068679452 715902.0552332886
294840384.1859497428 634607.1850419864
303142044.7319140434 778262.8026986644
291079452.5189544559 456248.3430742025
292652920.4348831773 553653.3355770111
338844170.9423329234 1110372.1514892578
332203802.9060635567 1059247.0629577637
332626854.0387024283 1063368.0133972168
290968519.8172036409 447183.2190010548
291358457.9850385785 475542.1007949263
291377672.6064512730 475609.7339100987
291228702.7902339697 462901.9534879923
292128140.8343188763 528004.4583531916
294430130.2681515813 623445.9739141017
294871084.0822245479 634990.6288896427
314386631.9942501783 908073.5866813660
297756793.1315310597 695992.2582631260
290841485.4172027707 440630.9132039547
319905969.0652721524 938877.0855064392
341587673.0781813860 1135612.5661621094
291384606.1316687465 477191.4939223677
341674070.5043448806 1135847.9143066406
291030648.2392351627 453380.9914811850
293509202.3618741035 585881.7320060562
300294929.9297294617 727329.0321910151
298521357.7268632054 710757.8801495023
291136904.3655917645 457868.6591154337
298675448.1540604830 713345.0937828012
292269656.2366930842 534047.5969505142
293327864.4520530701 582883.8353562141
291722964.6776898503 503038.9342973027
292439440.2032117248 540972.0316289943
297506293.8565264940 688945.3608132154
290757836.6631041169 429364.7097308403
291202830.7634124160 462844.0416878462
293228658.2286081910 577836.1891262084
295535785.7974947095 654398.6470190287
295920795.4965713620 663892.3403411508
294640476.7696868777 628064.5072607994
291130860.5103492141 457808.1213753223
297984398.1423166990 703381.0367671922
295237618.0435205102 644736.9777665958
296764285.4440455437 681617.8902833015
291723843.4263792634 504410.1950489767
292299058.7108101845 537928.1540353186
292723064.2757002115 556469.3661540924
295573905.7991419435 657688.3028655648
296053902.0373107791 668303.5343591124
302624693.5416861176 771200.0350689143
290753200.1915643215 428705.7850301266
291790278.2490832210 509471.5717579611
292623605.7079879642 551664.4345134674
292901839.3352397084 562514.1050529312
290998258.7320290804 448030.6079475880
302705916.6966636181 772221.8830276057
291769669.5607464910 507821.0842568669
294880944.3566548228 635262.9311357364
342105305.1553861499 1137786.7087402344
298923015.3103052974 716285.0106897538
302841731.3210307956 775769.7846389338
292046920.8454973102 521839.8207070623
307109361.1832453012 849186.5750370026
307153961.5296573043 853508.5408573151
290991778.8591965437 447933.4046394825
294289303.5402448177 618258.6989906570
296345809.7747786641 673845.5428505689
295473007.4982532263 653847.7533279285
334698022.8741244674 1083090.1722106934
334291138.6917707324 1082179.4129943848
292850666.0493990183 560667.7343270667
295456893.7123954892 653341.5822979435
291015331.4472936392 450050.5705940723
329336214.6799094677 1020655.1218912266
339775082.3731267452 1119210.6156005859
329259144.4919496775 1019453.1668131016
290699636.7672086954 425088.0829730695
292764466.5784229040 556514.9195060562
313964122.3761800528 900988.0800285339
306363782.2734885216 834527.8734436035
292273681.2217012644 534698.9079110511
294951351.1557809114 640052.0055986270
298449518.7232199907 708458.9913498049
331715350.3954463005 1049575.5018422604
332101159.7731568813 1052757.9027211666
342081837.1581320167 1136047.7316894531
293034014.8930972815 565966.9199352693
290662174.0739088655 422115.6611287594
293142437.8590965867 574077.6512685418
293133473.4608094096 570771.8515758943
305915216.1108424664 826719.6350688934
290709677.2839617133 427700.0910604000
295163622.6646252275 644062.2013994083
332228621.7756471634 1062717.0007019043
333229455.2393562794 1071447.0803231001
325997207.2773442268 989304.9188999534
326315600.7396595478 998961.4789585471
337613948.9482799768 1108480.6834106445
295723044.0472147465 661415.5679392330
306351303.0902541876 834017.0672740936
292954891.5510006547 565468.2724509072
342252052.9085752964 1138232.6291503906
292028422.7079927325 520468.8513467200
293173758.4401250482 575314.9064140152
306149113.4091624022 827453.8318462372
312339990.9267431498 876772.0498352051
291923876.0094937682 515301.7267167363
291707354.1258503199 502238.8815018926
295359748.2175105810 648498.6876044655
291718632.0050490499 502482.7992265020
293225988.5678952336 576304.5958061051
293054134.8289235234 569921.2635001969
304463146.8891524076 803794.2976287492
304860137.7645484209 811419.2820647843
291976103.9057589173 517987.5936285891
291949335.8347029090 517034.7219064124
292783157.4725975394 557604.2115002107
296296001.3097403049 672994.0382071286
295105003.9462512136 643550.5917354450
314117178.4491748214 902207.4209098816
338621668.7194981575 1109903.3544921875
291485573.9924162030 484275.2001986760
296119127.3216646910 670811.1536707878
307013795.1308734417 837148.3196191788
294244509.3847986460 618095.5755077740
306174803.0671349764 831854.4663677216
293856492.9148405194 601478.4180671116
296021538.2240018249 666846.7780285329
297380714.8969190717 687787.4561974667
305706524.5843176842 823373.0335388184
305842067.3782902956 825945.6526470184
293163717.5454539061 574982.6402091812
294011415.1355379820 605583.2112115026
300748464.0249631405 735150.4838865399
314031533.7518847585 901809.0093498230
297640087.2219921350 693400.8233849667
295035419.1326475143 642395.6298213825
295248649.6399657726 648122.8022619709
300597328.7410646677 732572.5414373914
296289817.9394912720 671681.7432208657
295724725.6898763180 661734.4175486080
311891736.0627187490 872719.7985656187
305374913.1311948299 817442.2164707184
293839056.4093902707 599776.8699413678
342056958.1142158508 1135890.4338378906
341200665.5138199925 1131811.7839355469
304201518.0938179493 797609.2703590393
294476536.5325110555 625853.1262890240
295101387.4553168416 643231.7421260700
313976143.0550845861 901617.5427970886
293573275.9673932791 590580.1323110005
331120005.3904386759 1036754.9408107996
339673840.9464426041 1113319.1758575439
322831496.5804133415 960200.7583770752
300817963.0114356875 735515.4110972651
335958296.7492361069 1085986.2846069336
293754758.8542693257 598283.0281745335
331475122.5304411054 1043765.7791748047
295720738.1182289720 660883.4875272084
328502881.6627178192 1010822.3478680849
294759674.2028810382 629530.0194727322
293996051.2978242636 605382.5555182835
293744760.4090105891 596706.0044356817
300735369.3466691971 734173.8277613886
294305088.3555606604 620616.9075242868
293601793.5288479924 591351.7380730500
293749804.4227120876 597344.2551805368
321144339.0660382509 949742.7739300989
337404384.2678635716 1101363.0289316177
307336255.6259177327 853965.6435794830
312805838.1826558113 884762.0890216827
297628225.7827687860 691416.6896224245
301104351.0608842969 739843.0738244220
301191037.3879729509 744638.6153177186
317002235.8241497278 920327.8928241730
305557514.9529068470 820679.7428874969
301411609.6914775968 753593.7060199231
294024123.5694863200 607780.6197792878
297609670.8976505995 691400.7696682396
295510801.0303567052 653932.7765742559
312828245.2311779261 886000.2072372437
313082852.8408186436 888800.6863021851
293689643.5554609895 593704.0779344430
297533860.5754726529 691085.2028189669
295604535.2165217400 658767.3987000454
295823034.2816575170 661793.6726716179
293546272.1929293871 589759.7064387193
297525008.3687763810 691045.9826245978
297520634.9666532874 690574.1208081916
295370762.1804318428 651188.9010710567
295389320.4315639138 651237.4292479018
321755422.0623277426 959422.4204673767
301442065.5771134496 754256.9468332753
303818255.3255938888 785155.6737902686
303922500.0420311093 787536.2106249854
293855476.0398861170 599986.7418543687
293794820.2867354751 599711.1954676500
313339458.1036902070 893549.4887657166
310670000.7220835090 869387.5767173767
310321886.3397615552 865866.6477928162
294130001.0820265412 610222.7180024972
302300905.2084658146 765286.4601080939
312385202.8304433823 879616.0278252661
312087817.6841759086 873249.7635544837
313162029.7584797144 892138.8300437927
326983779.6984570622 1009136.7537734509
293698843.5248128772 594772.6175310006
313032337.0555446148 888256.0480918884
323825317.3034234047 976886.4597618245
331189150.5955097079 1040747.2027587891
331250557.1545328498 1043278.4507446289
295363113.9543712139 650785.9016176448
295395296.5287578106 651896.1151128579
313554246.6522604227 898773.1413536072
336191112.1409013867 1088954.6997070312
308804423.9289988279 858127.7767486572
302353049.3258100152 765490.9911749884
320348697.0189248919 945070.4265136719
301067244.9716105461 738351.8716725868
304038319.8814580441 791993.7273948193
328860194.8886976242 1013577.0494079590
316094635.1689599752 913447.3090839386
300616337.5557134748 732866.0049123329
313954159.9157323837 900685.7727928162
302565390.6293994784 770696.7456915900
323855748.8169849515 983295.2303283401
314181703.1456931829 904362.9282684326
313579783.6743324995 899395.5634117126
330163549.2232275009 1034515.0151367188
300249720.2697491050 724917.8111826178
311500573.5300036073 869545.3257293701
300501289.3494483232 731954.2743990120
302703486.1306847930 771268.5522101447
303606065.0425870419 781886.3124907538
302729216.4333868027 775250.4224822310
302356532.7147983909 768549.4991554780
300264286.8113187551 726135.8004433066
300414671.8356205225 729632.3733529296
301998398.6529368162 760240.5186771452
302209347.9353004098 762959.8092044890
302236587.7225898504 763641.5077899992
300258251.6819252372 724918.1227425780
302978243.4760721326 775832.7768258969
299936042.7764397264 720725.5232861922
300963089.6564977169 737674.6699837890
329584002.3016973734 1024171.5723571777
300072745.1755957603 723821.9924621634
320263228.4615978599 939075.1484985352
304739422.5210527778 804008.4613227844
303011845.5973798633 776745.1264147083
324563098.8017235398 988359.4462127686
300941501.0708851218 736773.6817619500
323774639.3144065738 965258.0951538086
312286201.4593245983 875800.5565338135
312218238.7253690362 874196.0900955200
