940221751.5859873295 179.1643490472
940236996.7328135967 179.6202431076
1078541350.7513263226 737.5473322049
1078437421.2085244656 736.3931145743
940518616.7054638863 184.0515782591
940481978.6269875765 183.2873914018
940291004.0461934805 182.6274922765
940437817.0429260731 182.8430742150
1078829564.1523580551 737.7081059590
940664571.1443140507 185.4981575777
941453203.4920444489 189.2196949578
1078068882.7508723736 728.1709473804
942173018.2674859762 189.2801507722
1077301601.5101594925 723.3350730983
1076984675.3042361736 722.4365298149
942887425.3361221552 190.7435068108
943087246.8523406982 193.9480003245
943505243.6075716019 196.7954122142
943115144.4555763006 194.6748431493
943007777.0705869198 193.8064165671
943848640.7532708645 197.7591601749
944133917.1032309532 199.9107414775
943940970.6347098351 199.7628699442
1059167110.7320865393 664.9344020212
944390676.7552068233 201.0823743937
944637190.2497607470 204.6773506697
944669833.0380660295 204.7407866777
945900140.0771372318 213.8653306936
945300455.5348845720 212.0290877179
945959813.3874936104 214.6164280757
945961981.0241888762 215.5069207778
945703914.0906705856 212.7323744495
946429024.7870647907 221.4311218242
946375985.9788616896 218.3202444651
946457273.2027122974 221.5914773996
946379050.6684865952 218.3394052030
946697218.8446738720 222.9254155521
960537314.2890208960 299.8630294852
947056274.7725316286 231.7646934087
947354683.2666728497 234.1537677881
947251301.6687884331 231.8262873184
947804611.8204157352 236.5473340426
947734094.1072559357 235.5088767556
948154173.6050605774 238.7225542719
948686766.5372580290 241.6656281242
948295513.3130890131 239.6390751199
950510905.2773199081 247.2834301429
950383086.7140948772 247.2079680494
950602323.6390938759 249.3486681866
951283632.7300633192 252.8606277925
951113990.6914461851 252.6686515037
950808037.9824116230 251.7378332043
951697257.5342868567 254.6001591629
951865756.5002478361 259.4437425665
952416101.8119318485 259.7459623811
953551054.4134117365 261.4988682315
954607776.7611740828 263.6312165889
954785194.1256147623 265.4599905174
955285555.6046345234 273.3038142967
955283417.4211233854 273.1282995689
955283417.4211232662 273.0882560956
955294725.5241510868 278.1773819438
955283417.4211232662 273.0882560956
956072924.8860460520 278.4431980763
956249616.1465680599 279.2816134469
957658190.2392288446 280.6683813032
958426441.3159785271 284.1575289688
958426441.3159784079 284.1505781731
958993697.3616449833 288.3063854455
958917004.1636492014 287.8141418046
959184664.9749935865 288.9608883183
959863608.4081228971 293.3145451378
960103417.6227759123 293.5314181352
960224944.5254883766 296.3149462202
961137539.3443787098 301.5494997200
960936558.2772647142 301.4120126083
1064606396.7975008488 679.2710065901
962228723.4280700684 308.0368484205
962525736.0135939121 308.9873814208
962090257.1750571728 306.5882198615
961533126.5923841000 304.7876130750
963171852.6259963512 315.9208844955
963114150.9142200947 314.5309380950
963476658.8950215578 320.0422016489
963153775.1378114223 314.5695293652
1076811022.8031105995 714.0406396240
964688077.7407302856 320.5636741531
966630859.5276223421 328.9248979118
965856447.1275902987 323.0967293392
966024113.8888442516 324.3414696606
965881871.2900582552 323.3031068948
966725942.1863090992 331.3707860821
967312162.6281063557 337.1518968118
967109667.9877727032 331.8614982023
967499778.0783425570 340.2667630399
967168805.5635833740 332.9755173303
967061161.1295795441 331.6608702700
968249847.8616775274 342.6871283176
968446960.2186036110 344.9301116751
969164196.1541659832 347.6765824941
968831285.7320195436 345.4961362967
969024679.1317857504 345.6476614033
970718031.5583852530 349.4234075720
970703805.0072040558 347.9963934789
971118050.3680022955 354.6674399632
972292429.7528028488 364.7211318398
972266512.2226109505 362.9155193464
971726219.9489469528 360.1389235300
971565046.8556536436 359.9807257120
971543242.8179970980 357.5722604478
972247173.7766819000 362.8003284959
972290431.5587812662 363.3833921428
972002758.5060633421 362.1857779734
972361720.1239924431 375.5358163149
972676827.7907418013 379.2713521270
972493609.7258596420 376.7348266354
972875199.4815548658 383.3550116286
973620561.8527337313 389.1949981232
973253019.1284962893 385.8635440932
973436651.9802261591 386.5644642451
973155843.4456775188 384.5133129019
976442334.7681292295 390.6015310356
976491646.2423549891 391.3357803460
976765228.1262655258 392.9276824522
977593207.7050125599 395.8393581015
978354632.0482445955 401.4011577362
978354632.0482445955 401.3963482970
978354632.0482445955 401.4039230544
980030333.1308386326 408.7055838952
979998107.0524359941 406.8528547684
979412597.1287279129 406.7796419478
980792385.9864306450 414.4548143019
980728435.1374394894 413.9993838011
980926033.0082501173 414.9508416360
982046342.5171785355 420.6859502625
981695219.2146209478 419.2374889282
982420380.0849232674 425.1357905142
982379645.9602684975 423.4537221144
982846679.3805645704 427.9196093096
982505913.8599191904 425.4761954895
984540663.4276481867 430.7974782189
984600153.9850409031 432.9451461931
984537233.0218007565 430.2176573260
984717262.7785937786 433.6026651367
985808250.8041464090 436.9813070819
986452646.3266516924 440.0284879743
986452646.3266519308 440.2958189784
986599539.7399085760 442.8184014226
986452646.3266519308 440.2003429471
987017325.5960723162 445.8114075828
988276774.3676470518 451.1949502696
987092789.0769536495 445.8774988953
989060002.7005972862 458.0070353103
988545186.8531997204 452.1494372162
988408231.3701577187 452.0681573870
988858851.0060700178 453.3042848304
1068298299.7053360939 685.4429347180
992460608.1774210930 479.3753033191
991813012.1987198591 469.5304738051
991813012.1987200975 469.7802945154
992033507.3586403131 471.8157656383
991365407.9966074228 461.6600320937
991304978.2912138700 461.5993430760
991481300.1595518589 463.1849103618
991439183.6321004629 462.7465155664
991809582.6384229660 469.2540858756
992023586.6983197927 471.6619652580
992247756.3505231142 472.9494640955
1076552635.0960788727 699.6996071115
995226897.0776391029 484.8260593985
995053101.8987486362 482.4990629603
994896562.6640868187 481.6738820075
996360709.8810813427 489.6373808740
996542208.5422462225 490.7893029290
996374000.8263216019 490.3520966111
1076780296.3715875149 699.9157541767
997408245.4227162600 495.4299424451
998772473.6421934366 501.2150185821
998652986.9421869516 499.7782238415
998420593.9213310480 498.6024558209
998753256.2942558527 500.1914470418
999178546.0961810350 502.6053333803
1000191296.1561170816 504.7863834530
1000250695.5039726496 505.0429132090
1000777686.4950951338 509.3715070461
1000452873.5622278452 505.8476029208
999878306.4749124050 503.9417031106
1076506852.0511052608 699.2862214968
1050887046.0402710438 641.1586087753
1050568858.4005784988 640.6710512374
1004929705.0969185829 509.7485152543
1005157619.0953222513 512.4958595734
1004991399.0597034693 510.6724353772
1004929705.0969185829 509.6128816199
1005627053.6781703234 515.1866992793
1005677684.4290322065 517.5078284903
1005870132.8467828035 519.1740942524
1005870132.8467826843 519.0543778465
1006354696.1478290558 521.2325356343
1007386427.6295468807 521.7281730228
1007833686.7057298422 531.0808002557
1007833686.7057297230 531.0690379524
1008124501.1707997322 533.1601240783
1007833686.7057301998 531.3002744521
1075923418.0473525524 697.5066694841
1009539673.4849085808 537.7874973029
1008971069.8507140875 534.8819349054
1009203953.5363403559 535.0764074598
1076122006.7642359734 698.7451069281
1009609667.1144838333 540.4309964919
1010076530.5951151848 544.2180744898
1052414347.7574537992 656.8576294314
1060843532.7022638321 668.6191109754
1048113546.3898769617 636.8807333261
1011827875.4522532225 544.3957359696
1012644797.9450293779 549.2481813838
1013037027.0738114119 549.5826537551
1013668134.2489014864 550.2305986888
1013932721.8986818790 553.3914956588
1013684392.1460255384 551.2730879316
1013684392.1460255384 551.2850316891
1014306481.0264406204 554.3677124770
1013780152.0803542137 551.8025064494
1016059451.2085466385 558.1562300069
1016828675.5581637621 561.2295330442
1016776952.8169901371 558.3791206158
1017238485.8442068100 564.1963765313
1017144929.4548600912 563.1851413730
1075922248.3670983315 695.3623546734
1020131049.7917714119 565.7607079639
1022433764.5556259155 570.2600919624
1022225141.4267666340 569.8742101796
1022784117.2348561287 572.1756282383
1024336846.0154234171 573.8805924724
1023859090.1207358837 572.3324086235
1023191758.6027834415 572.3262020181
1024052220.7661526203 573.0113791542
1024200950.7399870157 573.8350659029
1024784551.6720093489 580.4152972400
1025339117.6467773914 580.9980825022
1025729971.6797046661 582.0918648112
1026906743.9951094389 585.6608992205
1027564891.5053955317 586.5089790868
1027872662.3257446289 590.3832076445
1027872662.3257446289 590.1510632291
1027905285.4421058893 593.5993699666
1028765007.4582885504 595.4927578318
1028508872.1419069767 594.8888908710
1028399579.2423617840 594.1699289169
1047412102.6853486300 635.0295480601
1028840783.0331470966 597.4330429147
1051255376.0864745378 651.3648120165
1031412510.2558263540 598.2456452602
1030206352.1542948484 597.9812643054
1032388649.6500623226 599.5429005441
1037106578.8609118462 611.5156774560
1033424271.7441322803 603.2176725839
1033355223.0891829729 601.3332055483
1034088048.2116874456 605.4212951555
1035066663.2632033825 605.5880097800
1037863735.6911194324 612.5761290402
1038553742.9784646034 613.7983736321
1038757050.7936971188 617.8983284776
1034592246.1097130775 605.4549469126
1038614317.0994223356 615.6843748204
1036044483.6860408783 608.8037582019
1036139849.4192786217 609.3473119714
1036913772.8996156454 610.5969919560
1037477752.9694468975 612.2673658425
1038327096.9965361357 613.7835875009
1064083441.0025359392 678.2679948285
1042177349.2441639900 619.5716799649
1044061961.3192687035 624.8571462261
1041887439.1366199255 619.5428503985
1041433820.4604761600 618.0012799735
1045264117.7406359911 628.4881247797
1044961187.3034025431 626.4549744804
1045621038.6124560833 629.1013026834
1046054405.3076436520 631.6950759217
1045739532.4003674984 630.5031050965
1045739532.4003673792 630.1255622730
1045739532.4003672600 629.8845482692
1075258591.8193004131 695.3101061061
1075497086.4921865463 695.3516126052
1056155763.1721645594 658.2807894778
1055812589.5055836439 657.7948336148
1049975989.4726709127 638.6010671929
1055783499.1302685738 656.8912190565
1060187375.0263512135 668.5202654898
1056900008.8129423857 659.4531187266
1056591195.6228127480 658.4429994151
1059016790.6453073025 662.6819504201
1059048655.8356844187 663.4723317325
1058559960.8012290001 662.1471140087
1058344000.1403481960 660.5461860597
1071877357.3706911802 692.5183316991
1070909763.5302397013 686.8973856270
1071686197.7147287130 691.7986653075
1059146007.9232738018 663.5841016173
1067516820.0621609688 680.3188739046
