130824169.4877555370 825321.2257883549
140052946.6799638569 1110570.2597017288
140099242.7529677451 1111521.5985689163
130905554.8545755595 830289.6941346526
147505804.4635937810 1200802.8203125000
141867531.8391374052 1160420.0395507812
141793257.8909652233 1157350.5816802979
131731964.0223941505 878576.3603653312
131849969.1163509190 885828.1817008257
144156521.1459496021 1162124.1485595703
132753434.0185238123 926083.3597918749
130063583.3600645065 769199.6774373055
136542589.3368052840 1067886.4775996208
135945630.3408292532 1046124.7840471268
141996261.4356074631 1160660.7290039062
136457358.5111316741 1061013.2908301353
141608648.5195647180 1154548.4642486572
132720206.8424399346 925771.1000262499
129173986.2432950437 656097.1952068806
132357154.2988762707 912264.3544410393
129201111.1002267897 674877.3285229206
131921391.7816061229 887786.5346448068
141165329.2863284349 1144503.1881256104
130090634.5198960006 771746.8486104012
129192183.7014171183 667834.0834667683
134589852.7660245001 995476.9721205831
129174679.2769790888 663357.9874432087
129739690.2860718966 742970.7411055565
131943193.6504606605 889997.6467422843
129194298.2677378654 673371.7700054646
142116778.1610298455 1160866.9737701416
136261611.3965489566 1057132.8484473228
131795821.9973450601 882607.4562668204
136490999.6846937537 1065586.2249603271
141722719.1519333422 1154625.0367431641
131788400.6007833779 881378.5398239493
133511216.5086479783 959226.9423934221
135557275.8898946643 1033351.3969526291
156341244.4740103483 1277164.1669921875
141242067.6401633024 1147389.2960357666
131326595.2808040828 855435.6875962019
135293428.7699753940 1026389.5043311119
136759215.7207818031 1068869.3756103516
134469088.6257038116 994295.1364272237
133403819.4755447507 957002.9226199389
133039051.8357133120 940106.8589844108
140110641.0520434678 1112712.7638568878
131617503.3018308133 874394.7468551993
133170851.7281134278 948123.5627403855
132853316.7677470446 931358.3512469530
140636640.6728920937 1131652.1043357849
135621052.2535135448 1033676.6843032837
132868154.5367607474 933123.0660156608
135070066.6178978086 1017561.5286359340
135385357.4039036930 1026695.0298967361
135871589.2806006074 1044834.2000627518
133405880.4279268384 957417.2165652514
133290392.0785165727 951873.4006881211
130804688.1430984885 823643.4143639207
129230861.5015445948 678888.6641094685
155984282.8371099830 1276907.6923828125
141429637.3413981199 1151406.0670318604
129428879.1842201054 706015.6519634724
131642338.1974808723 875888.5343918204
131624924.6983924955 875623.6632980704
129535725.1728827357 717791.5837264061
146445908.3618206382 1195941.9782714844
129185370.8689281642 665902.4599773884
140374721.1216272712 1119677.3905658722
132529489.6185483336 917367.9951515794
136329859.0329387188 1058428.0584082603
132464585.0626485050 916261.3925067186
150806458.8978667557 1232014.0195312500
133703774.2021400183 967537.5626062006
155655200.5529719293 1275205.3720703125
133362487.7113163471 956992.6013308764
133436528.7715449780 958283.1853152514
135986563.5904007554 1048182.1428809166
134118276.7672772408 981974.8580163568
134194261.5055087805 989522.5254492760
136143345.2127972841 1055065.9451270103
133823708.5448981375 972511.0424645990
133963590.5651357919 978955.1805261225
129597522.8547590822 725228.0831770897
149968715.9182104766 1224703.7983398438
129481440.0730006844 712628.5316631794
132743458.9760361463 925896.2826434374
133831821.1574718803 975263.0601038933
133240771.3826437443 951536.8847296834
129578168.0210538059 724789.4828963280
133709613.4268780649 968414.8086999506
133528939.9002529383 962894.9681976438
134050813.2321039289 980636.7250502706
129503244.3846376985 715372.6136031151
152811214.2549223602 1246415.9724121094
152929833.5360941589 1246841.7202148438
134355010.7745221555 989876.2948584557
133313288.8383385837 951945.4067733884
134859445.7670602798 1008064.9164270014
144630947.0371670723 1167024.2062988281
144969342.0917302668 1174109.1267089844
133562299.2300871760 964865.9254964441
133352234.6577892900 951993.3327542394
132862157.7224871069 931669.8849383593
153791310.7493904233 1259318.2321777344
132604834.0179829150 924470.1947528124
133356681.5549490750 952370.0220077634
130117243.9191723317 775648.0610518456
134543865.3299607635 995146.5766127706
140489573.1556656957 1122452.6586322784
129455691.1547366083 709341.7136089802
154522528.6681305468 1265674.8427734375
129605858.5580141395 726963.7955489159
132186256.9999237061 903193.5399879143
149689543.6396246254 1218264.1718750000
136797394.8514516652 1068941.0345306396
132678875.0782115310 925760.7787371874
129551356.0505373031 720099.2301192284
149016306.8701718748 1214111.2770996094
132387467.6674853116 912796.4966272116
138457934.1683319211 1103062.6951599121
150456067.1953443289 1226204.2509765625
150458251.7987398505 1230422.6904296875
135054620.6494722366 1015018.8990373611
135161734.3304154575 1021110.7061662674
132560817.9301154166 919128.7723526359
138749723.5164796710 1107523.2298583984
138682025.7024416625 1107420.9544677734
136840988.2372913361 1069142.1974439621
129348599.1809304208 696423.7005474567
136236426.9376570582 1056344.4871191978
155842610.7230215669 1276552.7373046875
138565640.6424273551 1105347.3308410645
137609824.6721598804 1078070.8448181152
129522384.0775380880 716496.6074993610
135927230.9912441373 1045853.1385393143
146132757.5325078964 1191816.9987792969
137404311.3646082878 1075610.0194969177
149670625.6016171277 1218225.8500976562
153175100.9265327454 1254560.5783691406
137106876.7498085797 1074169.0034275055
136708290.5210170448 1068385.5936956406
134797294.0385210216 1006819.2210910916
136632699.5988297760 1068221.0951957703
154075516.8942576945 1259831.9301757812
136291014.3660709858 1058115.9675879478
149159321.6265023947 1215802.6215820312
131146999.7753770947 844884.9245456457
135417136.8295777142 1028371.1395406723
129661927.3152416646 734439.2597823143
135025708.9390085340 1013320.8344663233
145333552.7803336978 1181514.3780517578
145096805.9522222579 1180430.3885498047
154208785.2217071056 1262795.4851074219
152644248.5659379959 1241145.2763671875
150816391.8553648889 1234056.5170898438
133753269.9635664076 970343.5453996658
134907191.8182847500 1011782.9241838455
129211802.6921758950 677421.8010571003
153022579.9729611278 1252573.5959472656
137847217.2564246655 1085581.9161071777
129601058.5229431391 725229.9835677147
132175696.1066434681 901692.3840469718
132109027.0780721456 900338.6448883414
138379370.9952731431 1099243.9947204590
131434278.8126597404 863064.0862793326
137973455.1255061626 1090083.4205017090
134743503.6313473284 1005415.7704951363
132579404.8495806754 921646.2151016593
132592478.1993464828 922074.2414459586
129211215.6808536500 677022.6147778034
131284510.7252921611 853152.5376321077
137827413.2541881204 1085257.7832946777
155836190.5538333654 1275842.3095703125
138375492.7719084620 1097952.0455627441
131191959.3851368874 848182.0273783207
149656350.6549526155 1217690.8261718750
135020622.6185272932 1012375.6827287674
133020674.8010989130 938843.9534352422
132982868.5741049051 936487.6107281046
137357810.5576487184 1074828.1060962677
133086935.8077525645 940935.8858710527
137726361.6226795912 1084052.3839492798
134502981.7956165373 994703.2272475362
134438835.1191994846 993212.8415053487
143982689.7958975732 1161876.1771392822
148337366.3040728867 1210129.0156250000
132940893.9364345223 936224.2545233965
132448996.7174848020 913893.3475250602
148169236.7791584730 1209315.6298828125
129396738.8878075480 702776.1788802147
129374934.5761705339 700032.0969402790
134459589.0790060461 994278.6120131612
135441353.4010019600 1029678.2708635330
135191784.5649071932 1021168.6778459549
131174676.7249549478 847396.2043421268
131940854.0493712276 889995.4953750968
155312683.8906405568 1272411.3457031250
152628425.2594070137 1240845.3564453125
137470383.2979577482 1077428.5213508606
135117743.5046785772 1019878.0938615799
129669614.2236174345 734683.3965923786
138183010.0528965592 1095643.5691833496
131964466.4785769582 890271.0976700187
130745236.0903187096 820209.1694964767
131415751.7519198507 861742.0552734733
155134019.7795256376 1269190.5156250000
129850446.0096447766 753272.4262554646
137667897.7228006721 1080988.2839660645
130913974.3880588859 831946.7840616703
130972925.1750439703 834743.5127604008
130820374.3369542658 824325.7778338790
134943898.9678342640 1011870.8206682205
130989112.6346944571 836063.3923990726
138214250.1513287425 1096772.1985778809
130711943.8878922313 818209.4663104415
131486494.8029136658 864496.7185087204
131593397.4626077265 870323.2288498282
131029540.8317855448 836277.9410538077
137870518.7994078398 1087959.4854431152
153415942.5181427598 1257034.6091308594
130773191.5886096060 822031.6090910435
130944648.0391402692 832286.0366305709
129842759.1012690216 753028.2894454002
130821829.8866661191 825319.0744211674
130556413.8138555288 807477.6359900832
130855122.0890925974 827299.9516794682
130987019.5856368244 834872.1632336378
131764294.7615602911 879389.6619552970
134115930.2842514515 980872.9983972162
152374598.1666811705 1238714.8535156250
129964282.7725978792 762410.9731304646
140305119.4356563389 1114775.0618591309
152547331.4403122663 1239473.9785156250
129708784.3980405629 740645.0090498924
130763709.1316748112 820763.1447355747
135244807.6711062491 1021762.7911272049
129752104.1641841233 744406.6598980427
152253747.5848049521 1234266.5595092773
132442863.5732544959 913334.3549866080
131404708.0066961944 859436.4679245353
129956595.8642221093 762192.8285079002
129773908.4758211374 747150.7418379784
129812591.3767756820 750413.8103194237
129640123.0036046505 731695.1778423786
132087111.7616985589 897155.4485000968
130480456.7721132338 802724.6198253036
131962126.8774875402 890268.9463028312
131703315.7602995485 876815.0004181266
153015286.1490868330 1249755.0715332031
136082424.6673859656 1050691.3741598129
131530283.0620789379 868926.5378350019
152304012.0787319839 1235592.4731445312
135734116.9021642804 1037527.8287248611
135727660.6409782767 1034375.4322307706
132759539.5587753206 927363.0399676561
131761955.1604708731 879387.5105881095
131774403.1036479175 879481.3195099235
131591057.8615183085 870321.0774826407
131500978.9846254587 865295.6938524246
129982551.4160509109 765183.1678633690
132295879.0846915245 908556.4500870109
129175073.7791267186 664756.2835705280
129231187.5477408916 680105.7579662800
129237018.8667598963 680668.7911541462
129886573.3675875664 756398.3814864159
130600698.4138417244 810907.0136432052
147618537.5758267045 1204926.4086914062
129916064.5876003504 759390.6212325096
130468513.2373999059 801014.2842072845
129410402.9169586301 704437.2485821247
145455616.8851160705 1189193.0148925781
129297217.0449034423 687815.1616683006
129303443.0903285742 691126.4501812458
129360175.6540008187 697259.2847762108
129990380.3463226855 766141.1905684471
130077500.0416527241 771681.0019307137
130328022.0721740574 791004.8309844136
140550792.0805573761 1123294.4307556152
130400718.0702260137 797001.7600697875
130283737.4721878618 787575.4533312917
129989340.7393654585 765867.8026289940
130397182.4020419717 796999.8596791625
129985805.0711814314 765865.9022383690
135818938.1763772070 1040581.1495504379
130066859.8627601862 770789.6173214912
130552878.1456715167 807475.7355994582
130230688.8490264416 785072.4673997164
130028469.9104972482 768541.6396409273
130875349.7125699967 827514.9396955967
129246913.0141142905 681919.5707142353
130113708.2509883195 775646.1606612206
130363890.1996154934 795197.6121205688
130176756.9144433737 779040.1873704195
130280201.8040038496 787573.5529406667
130025326.0754121989 768253.8797774315
130195638.7514713109 780719.7626729012
137652860.8935489058 1079757.2514953613
129315230.8982019871 692837.1137554646
130142306.6734503359 777680.1865159273
