799542153.5936602354 4442.5528723173
809146085.6662820578 5185.5261605093
810542664.6126041412 5235.6689240360
796474938.6155064106 4081.8016321078
811515089.0960602760 5270.1613397026
810433601.9793980122 5230.8358365917
811547223.0394879580 5275.5132405185
793103922.8969120979 3668.6039875617
810599594.7856782675 5237.5307256603
810337319.0364296436 5225.8014214346
836169849.4404520988 6338.2105066180
839464869.3960454464 6437.3064161539
838476029.2383580208 6404.6513968706
793686299.6342344284 3762.7267712177
791950907.3511933088 3467.0312123170
836102962.5993394852 6325.5982081294
800581130.9111244678 4532.8592691838
839131361.0639135838 6428.1116834879
799318515.9095675945 4432.6184992135
798037313.0202604532 4321.6950953544
800170465.7087160349 4499.0279689895
796372138.8440687656 4077.5596420184
808603377.7712925673 5143.5119318338
808336294.9178894758 5137.0134204842
800200410.4272725582 4529.1586982043
792430843.8547149897 3568.7479739061
804861498.8247797489 4876.2683606038
797923326.9221072197 4293.2942641903
792012648.5361956358 3483.4312500825
792083685.2492491007 3557.9681553712
809457038.2520309687 5195.3426487753
809532403.9803515673 5207.2402146170
797568591.7115162611 4255.6187269547
798856567.2436352968 4401.4959542157
811573676.9846942425 5275.7468727538
804574813.7596607208 4851.9922323655
793054425.6686432362 3653.2638655059
798503459.4608134031 4365.6965891802
792451525.9781074524 3595.4450725184
811623048.4922907352 5286.5266912887
808816026.9421756268 5158.6409674610
809934114.9264401197 5211.5504502681
798523659.6871089935 4367.8096209549
792724339.2951004505 3645.5362911574
792490307.4262340069 3598.5952709609
792635461.5893716812 3623.0414231177
810207341.6383599043 5225.6981306135
793506683.7820274830 3746.6235967697
798848009.6843897104 4394.0878049814
805198495.3817421198 4910.2939274128
798416211.3650264740 4364.4333750688
804964555.2415575981 4889.5815574939
849852215.0605511665 6670.2836085558
793549381.2243934870 3753.3667153986
811405577.4049788713 5269.7278129374
796939835.0859546661 4190.0395058771
798193603.0719316006 4344.7509975058
838730759.6261181831 6421.1235275194
827736435.9792118073 6006.1591309397
846902416.9328088760 6618.1430741549
793834525.9763045311 3789.0061977170
793613587.3845841885 3757.2995453141
795801908.5795279741 3987.9011230864
845018695.6327364445 6563.5230530500
793257111.8740397692 3723.1180332954
854977017.1512384415 6715.0623917580
854946938.5635203123 6712.0649943352
855000401.0386898518 6717.1480107307
794321332.0996284485 3832.2850342775
793446566.4195191860 3742.3170401872
793409576.0235950947 3739.7537896167
850204434.3348768950 6674.8264800310
850123924.8162699938 6673.6541310549
828632005.2614728212 6054.0625504940
797029574.7154982090 4198.1366843681
836469665.0139889717 6357.7201743051
836198544.3830411434 6338.4352435991
796703653.0033938885 4138.7367709558
801548688.2480915785 4623.1435627987
801874661.0483168364 4629.3964285900
801907300.1053042412 4662.1912959348
827829885.2620919943 6028.6053986042
796544028.6480599642 4114.8309513470
827791509.4019428492 6006.3933326094
851362391.0014283657 6687.9065638781
796655545.1822084188 4135.8790213009
796758709.2374886274 4155.3199383160
797672522.1034760475 4270.9665090522
802516552.2408967018 4734.1446745236
796483381.4737782478 4090.1803492945
849049728.4560809135 6668.5834947824
839347459.8830349445 6430.2010168359
836289280.3494412899 6352.5076055452
852903421.1979039907 6706.6558222771
837346095.2186737061 6386.8605453297
797140106.0949205160 4238.7599776968
802986320.4231194258 4746.8886825423
836973935.0342513323 6380.2301132008
836676823.1300114393 6372.5025388524
836483022.4481134415 6360.7630788609
797121708.3933341503 4223.6873493776
797486671.6734884977 4239.1719497978
802513305.2514388561 4700.3370651220
825711358.7914557457 5904.9181024619
794467774.1618733406 3845.4314171036
838491188.1270172596 6416.0614082403
844685497.1709973812 6552.9532070160
837605583.6170064211 6391.9798565842
824375638.2666469812 5862.7282878419
846098990.0190384388 6604.8788605928
847439833.0256892443 6636.2035952806
795003059.2756165266 3889.4132795446
803511635.2931559086 4778.2526935334
847861812.9930434227 6651.2233539820
823485850.8159085512 5837.7471482980
848405927.8351156712 6660.2831193209
798156289.9996238947 4331.7982471302
846301432.9134105444 6608.6571475267
847579712.0627367496 6648.8153730631
840652543.2534881830 6447.6908739097
851952787.2400544882 6702.6889977455
840147368.7067832947 6443.1700313576
798212666.0485974550 4348.9499222353
798745680.4249314070 4392.0250841783
798620558.2458785772 4377.6451704420
795330693.6427360773 3935.2808130416
824262431.6380902529 5859.5507696744
846338563.3778406382 6612.4313278198
845785578.2872637510 6589.1654186249
845125717.3023698330 6571.5974478722
851346042.2013124228 6687.8149728775
851532757.3376721144 6698.0004687309
845836495.4728006124 6602.8801307678
845402696.8170437813 6578.7943301201
795436062.2430794239 3948.1547643965
794651050.4802106619 3845.4628426120
794776407.2021114826 3854.5766985654
794657937.9653013945 3851.5035899612
823955299.4649416208 5859.0466622657
846733307.3808999062 6615.5748057365
855686524.6952790022 6730.3701100349
824626970.5694578886 5878.0992294359
794857120.4081708193 3888.5634400672
846957517.5430252552 6624.3773550987
832757299.5675057173 6201.1464405651
858959040.2515738010 6773.0851120949
795589864.8529529572 3955.4206147869
795706638.5287611485 3971.7231907001
840988942.4953309298 6453.7727620006
858532315.1394462585 6763.1905684471
834416528.6839128733 6285.9725567047
803318684.9686746597 4759.1024619634
858280550.2548182011 6753.9635844231
826447056.1641273499 5957.3998421575
858006964.8016366959 6753.8153357506
826486782.0274263620 5961.6588728535
801089141.3773152828 4604.2390196289
801051437.2502895594 4589.8709767657
800730670.0909631252 4577.0732742745
854072670.4289016724 6707.6155986786
799137992.8713300228 4416.7621669622
801601026.3849829435 4625.8531661050
857650765.6776473522 6753.0608153343
804594648.0059089661 4874.8138387006
802243080.1173763275 4695.8709653641
804197672.4679548740 4832.1507133066
801206258.2856864929 4607.1713704996
857323691.8769168854 6745.5108857155
804313001.7488602400 4851.6948551952
806948379.7591354847 5044.4360849654
799606747.7104567289 4466.6424668997
807441538.1914248466 5070.8437730467
796035093.1221100092 4045.3692792143
800623353.5320156813 4559.0802776538
807096574.1076977253 5049.1513113772
796081748.8994590044 4047.4406430233
799700060.0787938833 4478.0708461969
807915600.2825655937 5108.8554533424
807700786.4840580225 5088.5667483236
808520927.3854329586 5139.3524499835
807704734.6818721294 5097.3250387611
857460948.8278789520 6748.2940697670
805964337.1174336672 4984.1040695030
805892971.3267359734 4979.2399900367
806778874.7849367857 5043.9111356025
806144175.0317264795 4988.3175128324
805705133.3437407017 4972.2613658791
803218545.6225318909 4756.9304149614
805556088.5166027546 4959.3073389416
803974241.1464356184 4828.1674244340
802903625.7084817886 4736.9427013861
799975619.5988667011 4493.0203121922
805555761.9912477732 4947.2277785165
805625153.0364311934 4962.7478352410
804217535.8169375658 4844.3624443776
796506893.4078410864 4091.0529803534
803398389.5595580339 4766.6646102541
856386748.6172695160 6731.0015916824
848575294.3611886501 6666.5202403069
856685494.4588005543 6738.9655103683
851527024.2151688337 6692.2638454437
856490371.8330352306 6737.3746871948
851301685.1063357592 6687.2352800369
810634363.6266443729 5260.6840621427
850900687.8491202593 6681.2019004822
811927318.0286728144 5312.9635972585
833987598.0806480646 6265.4771552682
824991597.3544372320 5895.0737716025
824772300.4966577291 5883.2994655436
825087679.7585716248 5903.7636431521
834263292.8956508636 6272.1741359830
832783766.7753440142 6215.1717495024
833561886.8341917992 6254.4478200078
833051478.0766420364 6239.2240459323
810957960.7464913130 5269.2184928233
810791321.3025761843 5265.3208769811
811978155.2881137133 5329.4204041661
828082898.0836967230 6032.8233595507
837886691.4592620134 6393.0247927308
828179071.7169213295 6043.8995758657
828660439.0835046768 6071.7876708651
808718453.7302381992 5151.0354829474
835282292.1970798969 6320.9819870591
844911842.8836791515 6560.8607957363
835203305.1346517801 6312.8142414689
809004656.4809685946 5165.7088081943
835215242.7948035002 6313.4994778037
835069116.7929891348 6306.7333192229
833494642.3077521324 6246.7210835814
837958616.6791069508 6399.0172215700
813130577.3348535299 5370.0771125300
826774197.5765296221 5993.4141170650
826742260.9155038595 5988.6346413761
827121689.7915771008 6004.8666886461
813395502.5265865326 5375.7877544501
816163301.6680266857 5514.7251486746
815987822.7905694246 5508.2883111802
817040047.2827610970 5540.9474799005
816626264.5871845484 5536.8561961023
830950686.9275282621 6160.8276154469
827057782.7081698179 5998.3027687639
814915202.6634299755 5468.3557204542
815639089.9213033915 5498.6890844670
813561811.0436306000 5389.6681592608
812464752.9480283260 5337.9570085967
812430459.2724633217 5333.5526187385
814350347.3485219479 5434.1582206762
814300780.0652002096 5433.8769300149
814675823.1159396172 5456.8065814299
826149729.9628770351 5947.0633161030
825738542.8820090294 5933.1196620049
814035995.7217522860 5422.2026578862
825980279.8847849369 5943.4348258557
813999059.7016254663 5422.1341136444
818393290.1959836483 5605.8162679679
818774695.7503848076 5630.2725091574
818304912.0067067146 5595.0496578224
818686317.5611090660 5619.5058990119
817850086.2645896673 5568.8673888997
817876657.6818358898 5579.3197981671
819090516.4992574453 5631.3557261784
831989520.0197877884 6198.7510630558
826095851.1528965235 5945.0990022491
831284457.1321464777 6176.1045144200
831505564.0244560242 6181.4853845011
830184133.5765331984 6126.6371219098
831170350.6824542284 6170.3888051878
830556195.8593081236 6137.9331508051
831133988.6601415873 6170.1171243559
829279559.3510817289 6101.1404513065
828087725.6963381767 6033.8667199444
829811467.4352520704 6110.6908265646
828867471.7141588926 6072.8126239683
829264879.8483738899 6088.7729854491
829030269.5661262274 6077.8075711634
820280776.3666105270 5701.6338850786
820281126.8667763472 5703.4125851509
822369442.3675326109 5789.7525162169
819920654.9338531494 5691.7140724961
821505388.8144091368 5755.7651458640
820847141.5331332684 5734.9207663801
822018564.0019767284 5781.4055636594
821275321.9030766487 5744.2347312827
822516952.5154290199 5797.8363182017
822903268.5714607239 5812.4051098296
822382258.1514515877 5793.8694049785
841885279.0121470690 6481.4300668836
841376501.3103863001 6468.1499794126
841432587.2094680071 6469.0785678029
841222976.3147954941 6465.5291376710
841048793.6883326769 6458.7904394269
843384916.0718839169 6512.7691144943
844075159.9529337883 6536.2804937363
842561878.6167062521 6499.3114917874
842365261.6553690434 6498.9446800351
844287547.4179922342 6537.6490759850
843822541.0211796761 6529.5161943436
843941889.3157565594 6529.5535197258
842253818.3615319729 6487.5652094483
840862110.3316106796 6449.5817754269
