132494847.4453023374 3907292.2070312500
134048612.5779712796 3959436.0898437500
134278178.2703664601 3966234.3398437500
133092722.3532543033 3930864.0351562500
136395358.4646771848 4010994.4101562500
130516265.4295030236 3801157.9687500000
130841521.6218917370 3817835.2265625000
133293964.5186490417 3934850.9335937500
135992168.5190652609 4004019.9335937500
137036571.9270124137 4020646.9921875000
132985627.0927338302 3926857.4062500000
136959352.3985294104 4017544.5625000000
134302819.8614546061 3967905.1328125000
135934673.3379127681 4001712.1015625000
130314499.2497291118 3781858.6562500000
129300527.6577428579 3667048.3593750000
134292783.0874432623 3967692.7929687500
132293807.3271461576 3899073.3906250000
132638241.3872538507 3912271.0312500000
134144220.4325361550 3961312.6054687500
134932973.5705742240 3983133.8515625000
128665300.1760870367 3556851.6289062500
132935584.8764058948 3926781.5429687500
134000650.6357494444 3956005.8398437500
136574164.6344167888 4011825.2578125000
128715264.3308369070 3571651.3867187500
128473032.5401192755 3525727.1171875000
128679918.9204277694 3561099.6679687500
133686216.9917556643 3946316.0781250000
128462355.0826329738 3520007.8125000000
129033063.3186157793 3623913.7656250000
128881907.9562224746 3593168.4101562500
128506733.2232793421 3534043.3085937500
136167810.4275169969 4006483.8007812500
128990410.5199107230 3614601.9101562500
134225068.0735480785 3965522.0585937500
128869729.1751237214 3591185.7851562500
129146107.2626519948 3645819.3945312500
128682801.0775139332 3566989.2031250000
136255708.3324240446 4008141.1718750000
129211824.0693146437 3656568.5742187500
128637562.2237753868 3548004.9062500000
129247975.8845402896 3664978.9257812500
129000993.9676073045 3620262.2968750000
131485777.1329610795 3857532.4687500000
128835419.4951039106 3589669.6679687500
130447282.7599969655 3794235.3632812500
131542017.2449114174 3860946.3125000000
132387102.1883082986 3904500.9218750000
129208015.7769427747 3655337.0703125000
131325537.3336132318 3850565.8359375000
128763611.1486954093 3581875.8906250000
129148594.5411312431 3652601.8437500000
136260415.3868667483 4008595.0898437500
128812651.7645579129 3589437.5468750000
136817705.5239820778 4016198.4335937500
128731514.9319156110 3572886.3710937500
135025578.5299240053 3985245.1406250000
132558608.5494304895 3909598.8164062500
131794518.6074982136 3876056.6796875000
131544568.6597528160 3862767.9140625000
134376001.1619114578 3971049.6640625000
129110608.1381003261 3641718.4335937500
131507182.7564669102 3858309.2226562500
131288337.7108889371 3847362.5195312500
140488322.8766095340 4053942.8007812500
128495780.9983571917 3528780.0351562500
128488896.1683652997 3526927.5468750000
133036786.3823297322 3927234.8515625000
129201946.9958261549 3652646.8476562500
133619636.5131903291 3945888.3828125000
133112453.5646774620 3932198.6015625000
128451070.3324257284 3518986.3007812500
133236355.1615459621 3933222.7929687500
135184468.1918161213 3986999.2617187500
131441325.8241761029 3857147.1562500000
135931031.0357046723 4001266.3515625000
135554955.9000447392 3993172.4843750000
134923139.3663051128 3981880.2187500000
135968313.7104377747 4002347.0000000000
133621773.0121740252 3946155.7109375000
134509429.8366837502 3971226.0703125000
128557624.1964378059 3546643.9101562500
134523611.4648710787 3971389.6132812500
129014370.1969907731 3623684.8398437500
135779221.9450591207 3998769.4609375000
140323219.9766976237 4051907.1601562500
133075106.2435384840 3927771.8632812500
129101294.6868671775 3641347.0000000000
128920973.6297473311 3613144.1132812500
132818889.1022194624 3919349.3398437500
128858337.1466717124 3589995.6601562500
134016621.4164288640 3956567.8671875000
132027476.2441255599 3888689.4062500000
132879851.0554651916 3922793.0390625000
131349849.5128875226 3852134.2187500000
128976390.6038380712 3613420.6210937500
139520556.6007302999 4047155.1757812500
132079105.0507443845 3889336.1835937500
139408228.5401429534 4046182.1875000000
133928734.7210983187 3953758.3671875000
129050644.7186768651 3634696.5468750000
130466954.7740944475 3795203.7343750000
131492416.0816828161 3857655.9492187500
133699288.5646715313 3946891.0507812500
135110260.3557549417 3986315.6210937500
131950972.8736800253 3883717.5273437500
132638746.5625940114 3913272.9882812500
135620617.7348070145 3994402.2539062500
133065032.3836819232 3927340.4140625000
129036500.5793944448 3629428.5039062500
138120338.1964392066 4031858.3164062500
134574011.8868436515 3974343.4804687500
134804763.9107209444 3979486.3164062500
132379229.9449674487 3902575.8671875000
129094783.5173741132 3634723.4140625000
132002474.8183822334 3884953.7382812500
132102382.8895530999 3890356.2187500000
131905404.9843902588 3881945.3437500000
135753218.3531436622 3997167.5546875000
135008238.0969653130 3983585.1132812500
133729521.2104947418 3950882.8710937500
131830107.6869973540 3879286.4414062500
128437868.6780693084 3515374.7460937500
135460399.3418324590 3991927.5312500000
134159999.9458171576 3962259.3710937500
133962683.5451761782 3955152.0117187500
134782661.9717313647 3979074.5039062500
133552695.3188099414 3945073.5468750000
134835346.3932642639 3981110.3906250000
130376791.1977390498 3792370.9609375000
135333725.1270393133 3990170.7539062500
132108475.3536304384 3892117.3945312500
130514530.1801416278 3798507.0820312500
135296016.7055096626 3988019.3085937500
135783800.8356869817 3998791.6289062500
133887176.6912813485 3953357.5937500000
135673232.2663847506 3996529.0507812500
132539983.1428374797 3909479.7460937500
131928518.8227674216 3883559.5468750000
133510407.1752456129 3944288.8398437500
132321619.7741058171 3900584.2070312500
133459290.6963007599 3942644.9648437500
128655767.4150801450 3550611.1328125000
132631547.1177791953 3911193.9882812500
132561290.8104411662 3910671.5000000000
132368620.6713870317 3901887.5742187500
132476944.9393134564 3907000.4179687500
129205535.9856989831 3653619.8671875000
132161711.5421771109 3894304.0000000000
131402927.4128412008 3855978.1054687500
133175340.6355038136 3933077.3476562500
129388932.9438636154 3679443.4570312500
128888392.4142754227 3598028.0742187500
133687466.9626211226 3946418.8398437500
130691110.2139838338 3811432.9023437500
129232078.9724494964 3658119.1601562500
135420831.3516489863 3990944.3828125000
130671521.8140139729 3809867.0390625000
131451665.3528517634 3857496.4179687500
131614742.0577736497 3865809.1210937500
129276567.7833453566 3666580.4765625000
144610704.7292415798 4069536.0742187500
138757104.5259255767 4040069.5546875000
131706807.9783350080 3870441.3320312500
129436288.9397484958 3686213.5351562500
130857433.9589866996 3825121.0937500000
138226122.6629926264 4035418.1367187500
129305657.9853007495 3678455.3828125000
131793067.8053038865 3875333.9960937500
132781215.6585600674 3918120.3046875000
132819179.9070149362 3920104.6992187500
131023703.9646822810 3832022.6796875000
130593930.9125902951 3806304.2500000000
131210102.9591709375 3840902.8359375000
133247344.7164372802 3934845.4218750000
131263756.7229695767 3844289.5312500000
129455696.5988734812 3697420.5820312500
131630352.4160132855 3865955.6757812500
131083716.1516981870 3836741.6484375000
130601816.7586092204 3809711.6484375000
129951118.3538292050 3757969.6953125000
130727974.3670422286 3812189.8437500000
130060604.3326378763 3766655.0195312500
130841662.6047412306 3822543.1953125000
131174525.9229725599 3836938.3945312500
130118322.8850830197 3773730.0898437500
144453058.1016792357 4069136.1796875000
131211979.5824061632 3842059.5429687500
129869279.0543646067 3750593.3085937500
129444792.2588474602 3693373.4687500000
130903241.0197158754 3827528.2460937500
138873612.4012179077 4040722.4023437500
130125778.8599578440 3773861.1171875000
129966183.7868593186 3758526.0156250000
129790886.3952365220 3739270.2304687500
139313699.0724526942 4043895.3203125000
144670639.9771391153 4069794.0273437500
129839796.7833890021 3746479.0390625000
130008645.9434363246 3764331.1562500000
129858233.7888899297 3747090.3593750000
129600959.0945232511 3717103.5195312500
129905228.8308067024 3754516.3867187500
129480948.3431904018 3698127.9218750000
132727456.1877489537 3915446.9609375000
129555961.5917479247 3709236.5859375000
129507725.3546125442 3705093.2148437500
129509229.1931778938 3705165.4726562500
129671585.5334224254 3723717.9492187500
129730818.6257006079 3730319.8359375000
129638999.2194071263 3723394.3554687500
129672642.2335375994 3725462.1914062500
130078169.1558779329 3766997.6953125000
129585424.2493049800 3713438.7695312500
130341771.7248701304 3790303.9453125000
129523871.6446060985 3708466.2656250000
130902616.3473654240 3825486.5390625000
129562010.0544759929 3710351.2734375000
130371101.7981194109 3791866.9140625000
129735140.1020238101 3732473.9609375000
136678431.5663381815 4013207.7148437500
139823874.0666222274 4048648.0156250000
139096953.0077555180 4042693.1406250000
136622189.9182270467 4012064.3789062500
144566366.7923156321 4069359.2812500000
139362920.4116433561 4045392.5468750000
130315743.1685389131 3787613.9960937500
139122765.8702167869 4043249.7343750000
137429170.9615211785 4025923.9648437500
137351142.6459693909 4023308.3789062500
137184537.8884595931 4021056.4023437500
137849773.2065289319 4029286.1484375000
129396392.9530581385 3685845.0820312500
141568699.7848696113 4059438.8398437500
139874973.7784448862 4048970.3671875000
130731989.5063890070 3814233.9179687500
138177663.9721984565 4033816.7734375000
139684649.2441502810 4048077.1132812500
138325179.7381487191 4035996.1171875000
130579376.8600928932 3805973.5976562500
142225147.2772170603 4062698.6250000000
130415684.7084891945 3793324.6679687500
137554193.1090882421 4026711.8203125000
140012646.0700863302 4050906.6484375000
130415625.1351931393 3792407.5937500000
130231348.1036428958 3781235.7578125000
139792215.5786129832 4048522.5976562500
143255275.1396899521 4066274.2500000000
143071035.6233121753 4064957.4960937500
142774534.4473182857 4064183.0546875000
142866748.9272642136 4064840.2265625000
140434124.8668100238 4053336.0312500000
141380324.0523603857 4059111.5859375000
141786913.1940827072 4060241.8203125000
143358847.0018107891 4067097.3671875000
140960064.6661482453 4056555.0859375000
141139058.1520910263 4058145.6718750000
140756416.6260682940 4054965.4960937500
144107407.7102757394 4067895.3632812500
138886865.6602049768 4041880.5468750000
138564198.9884277582 4039621.9140625000
141437816.2833340466 4059398.3789062500
141662522.7661390603 4059476.5937500000
140791312.5636962652 4055092.2187500000
138664389.5656318367 4039856.6484375000
138429582.8436300457 4036839.0156250000
140617951.4712781310 4054810.6523437500
140626152.0333147645 4054888.8671875000
138948239.4485235810 4041987.7187500000
138458364.7060224414 4037460.8554687500
140996468.7091446519 4057194.7031250000
138658926.4930077195 4039844.9062500000
144062994.8429419100 4067820.8984375000
144111218.5758277774 4067965.1914062500
138532368.0394113958 4038224.8593750000
144004921.5069880784 4067102.0273437500
143094433.9218527675 4065741.3203125000
143306552.7246885598 4066387.4257812500
143141553.4210761786 4065910.1757812500
137310916.5957248211 4022675.9296875000
144209990.2870773077 4068375.5078125000
142095008.2929002941 4061438.9609375000
142132233.5331606865 4061573.3203125000
142544843.5878292322 4063200.5937500000
142710675.8912605643 4064148.5429687500
141771775.1062999666 4059498.1835937500
136996798.9405995905 4017901.0820312500
137877888.1577456594 4029293.6679687500
138140311.0118474662 4033112.1796875000
136907914.3430393338 4016259.0976562500
138036888.3068947196 4031488.2890625000
137682121.6463457644 4028272.5859375000
137715222.4175495803 4028289.1562500000
140143040.7042032480 4051194.6210937500
137964247.6059198678 4031118.6914062500
144139073.6066131890 4068173.8828125000
140499561.8031943142 4054246.2421875000
140028981.8388412595 4050927.8164062500
141985100.7975749969 4060701.7578125000
140135139.5136294961 4051160.8125000000
