654609304.2016396523 641.5587094023
644683563.6345551014 586.1861326766
657958564.4440484047 655.7646825686
640651376.5687561035 542.0029762951
652770255.7843207121 634.5759135082
642816574.3575564623 573.2047658298
645239849.1594470739 589.0628001319
658111863.6703947783 655.8403830842
673160729.4277793169 697.3030517548
641453755.8024970293 559.2868946471
669142517.5292228460 689.4417078197
646199872.6150784492 595.1788750027
654087108.8636775017 639.5039007092
643970087.1138671637 581.0956775841
640190131.9099067450 536.0042948709
650232599.7104290724 618.8241210522
647444781.0711991787 601.8970788408
661962660.9239907265 667.9650255469
646519693.1766622066 597.4814618095
650772249.9627817869 620.2786791545
657827217.5303328037 654.9174151793
640829020.8054426908 546.1247506985
667252693.8083474636 686.0707426742
667375014.7184015512 686.9106834605
643191339.6578239202 574.6427583207
669436059.7792878151 689.6123177409
645914633.9790894985 593.0270559896
649259394.5413036346 613.6573162375
646608350.3836082220 598.4049353969
667567138.3846093416 686.9508295730
667142487.6803815365 685.2774812654
643510028.6557214260 578.7988714796
653356779.0466108322 635.5137912126
661929749.1747008562 667.3953804997
646107370.3096834421 593.8114130046
640137245.3080424070 535.9743461595
652954834.9971213341 634.6246419742
673172406.8817726374 697.3032765836
668639573.8801836967 688.2690972164
672025092.1702159643 695.0328903645
666295556.0192866325 683.9050524309
644310167.7704558372 582.6549573696
671911107.2033286095 694.5278706402
640703133.1635249853 543.1015770105
643373169.6466397047 574.8905939922
668431258.3425223827 688.0462546423
650061962.4286738634 618.1172395886
640370100.2129067183 539.7153993812
671999909.2931307554 694.8689939231
643720061.8658666611 578.8455432277
652528098.3788149357 632.4747035622
641622912.7361692190 559.3341445007
653728424.5162751675 637.4808839082
659672903.3982555866 660.7828112884
642956763.3115748167 574.1696203087
660077942.0863558054 662.4604023136
642258395.0567514896 567.7803987056
651528428.8070914745 627.1622085094
656478819.6513556242 649.6546902433
651736079.5323843956 628.1429192543
668449773.1174483299 688.0655632094
653878195.0266797543 638.3169851096
652528098.3788150549 632.4939425110
642734896.6290340424 571.5406520196
652234187.7674000263 631.4076733613
654078031.9566034079 639.4928500080
654767352.5042624474 642.3126521731
641413161.5078424215 553.6202558492
646549316.8444889784 598.0138475333
640506527.9859637022 541.0900936718
642010675.8475818634 564.1194655952
654887862.2628393173 642.6969953800
643427067.0840533972 576.2280197830
641066005.0298488140 550.8234789022
642398584.0107696056 568.7449855000
641026601.5642870665 550.0076936134
648935076.2449581623 610.7364998643
651482232.9184714556 625.2453016161
658149331.4515661001 655.9526315545
643752409.6873919964 578.9439891052
641125374.6166846752 553.3128486097
654663026.3426741362 641.8654351855
640977046.7470242977 549.1291664415
670716532.3386158943 691.0666232556
672298386.9227864742 696.2550005168
657940823.5069268942 655.1789430752
645103144.8262131214 588.1089206111
647183285.9085686207 601.1864795495
649070442.4174300432 612.5142206472
647616508.1639727354 603.2969364707
647649628.4629206657 604.9644972865
648254144.9461739063 607.3400360427
643862028.2461590767 580.1943783384
643461358.1372802258 576.2571193740
645154489.7001330853 588.5014510300
648124961.2033762932 606.1423850290
642814394.7259106636 571.6560934909
651821350.3876236677 628.7780774783
643767141.9672548771 579.0676983219
640832817.7000470161 548.6935649165
678437538.4051543474 700.9214463830
649033271.6975308657 612.5137469094
657662311.2678949833 653.9844119721
659417310.3431236744 660.0669192119
651960841.3276510239 629.3165002416
644720734.3544545174 586.2069443535
648648753.6626088619 609.9147079174
644726260.3472802639 586.6193010282
661173585.4981648922 665.3025734759
649219153.1047011614 613.2698929317
656116223.1389247179 648.1802608371
641929464.0798240900 562.7083919811
647849804.9021844864 605.9275089089
647096976.9762312174 600.1296533156
657662311.2678948641 653.9649481946
648943913.9424203634 611.7619059343
668009246.9620975256 687.8669916466
661535607.4262281656 666.1846615343
657539894.2814029455 652.6455664435
664235712.0767341852 675.7104375092
644500851.3998358250 585.5305369429
649504520.0871481895 614.6521001678
644611338.9355263710 586.0763531856
641634659.5931984186 560.4822603120
641743966.8049498796 560.6689887025
642467491.7512360811 569.9908969492
646797463.1610517502 599.7864912521
642415555.4634408951 569.1624927610
675343263.7054255009 699.1783153713
650015653.4631574154 617.0437625393
654840425.0678874254 642.4372455502
647535129.1193506718 602.4136391092
649696480.9221348763 616.5161011636
644558475.0922375917 585.7005607418
670114192.2315133810 689.9521787986
678681870.2278982401 700.9519254267
645181009.6685286760 588.5076980848
670467756.4932481050 690.5164321885
652215037.5358371735 630.3426928015
640583540.8173748255 541.5950255361
654721690.9891210794 642.0831728602
670175613.1830364466 690.1563910469
657107752.9576678276 651.3202433549
671742832.2117961645 694.3314816803
646339798.0326620340 596.6637320590
652677824.4590096474 633.0611445426
678410145.0691965818 700.9087272286
648596160.9251749516 609.6608806899
646365268.5399934053 597.0798437070
649638269.4723721743 616.2176419121
673862048.7238916159 698.1100998819
654840425.0678875446 642.4459766770
649507936.8503623009 615.3848783462
659812571.2819533348 661.3601473613
648674224.1699398756 610.3338296596
654416268.7307806015 640.2830441618
657426614.4693398476 652.3905729018
663871365.0573915243 674.6164481071
660718187.0230789185 664.3506378575
662874321.1803699732 671.3999717263
641648054.0620352030 560.6438360192
660135283.2103779316 662.5993579073
671852736.1023761034 694.3397395462
668399922.3615144491 687.9283473045
670487862.0641447306 690.8880142197
644419537.7692701817 582.8977120534
663290717.9307202101 672.8484895257
678400688.3669730425 700.6876908243
641838569.8911066055 562.3468732702
663290717.9307199717 672.8480157880
648547246.2022132874 608.7301851694
675209029.0725704432 699.1717045605
655364784.7303223610 644.4093283626
671941638.2376427650 694.8352417797
660943009.2414674759 664.4626043753
652430210.7954009771 631.5358713984
648547246.2022134066 608.7383996431
678401129.0990778208 700.7200811803
645258593.8099390268 590.0196257193
656237189.5489778519 649.0446974635
649481334.9217853546 613.7835746665
661021161.5436899662 665.0806599573
656114500.6323223114 647.4441631436
671112330.2564312220 692.5197379440
662750697.1806019545 670.8941297558
675371137.7103011608 699.3645119965
654457801.0923250914 640.3610359641
668798225.9935681820 688.6949417144
668665079.4646613598 688.3709339648
656114500.6323224306 647.4634020925
656983956.4473470449 651.0922598839
664243759.0040696859 675.8290294138
677476110.4240889549 700.6560247838
675495828.5016741753 699.9192926586
642135593.8589993715 566.3371428937
647480150.1488047838 602.1358438103
662628376.2705476284 670.6795450476
662628376.2705476284 670.6603060988
665557551.5981971025 680.4833690599
642347607.2253661156 567.9290897042
647027866.8539206982 599.9586163271
667151569.5579605103 685.5968940929
661567479.4578019381 666.7201094345
656597831.3134585619 649.7957642674
663772463.7904866934 674.3688908545
664050150.8399758339 675.2271576849
655969761.5289094448 647.0262952956
670990009.3463770151 692.2995202392
654477959.4284073114 641.0280589970
657105039.0961145163 651.0990124345
677366852.9608994722 700.3869951069
665873626.9815024137 682.2367904857
657208546.9922158718 652.0420605130
653641923.6756118536 637.0020408356
665777879.3580399752 681.8951085284
645642485.7435084581 591.0769308057
662320390.3990075588 669.0015016226
676270402.4806728363 700.3820143044
653359481.1392698288 635.6076195107
645722620.9496624470 591.7462260580
650035068.9749794006 617.5192316441
666863446.0004158020 684.6150212362
655847440.6188549995 646.8085576209
647064129.7815696001 599.9601890553
661178488.7809618711 665.6850110010
649935430.3408204317 616.7289826946
661623166.8956447840 667.1921808438
651034387.2201280594 622.0487616031
667345797.5481660366 686.1707840040
646232345.7876350880 595.2934278852
661290134.3192188740 666.1457492904
647582149.0299980640 602.8889677633
650394963.2654427290 619.4501180449
666890839.3363733292 684.6150405481
653405372.2852126360 636.2754160033
650383285.8114484549 619.4390673438
648147674.7886409760 606.1963317214
671435610.5841619968 693.7159263343
666027603.0235116482 682.7529069856
646232345.7876350880 595.2824661141
654514959.2516500950 641.4470098482
660953350.5891453028 664.8583103136
645636270.3233286142 590.8096078184
648201348.6504013538 606.3989805101
651034036.7061715126 622.0376204593
656025418.6768472195 647.2576564463
660220099.9332810640 662.8891068296
653491383.2252072096 636.4350941205
655815215.4463009834 646.1921780618
653747973.9126989841 637.8441543603
665498182.4708111286 679.9484030679
640783131.7499737740 543.5276026470
653059655.8956075907 635.2930301452
673474334.1077913046 697.3674329370
655535188.3882405758 645.2884793195
655357828.9555636644 644.0347031864
655578156.7154066563 645.4432896885
653747973.9126988649 637.8436806226
659756358.0607830286 660.8014088468
651310121.7106071711 624.1402505605
655768397.6001497507 645.7224237236
671896382.9736148119 694.4382797331
645936377.6381198168 593.5287234025
646125528.0588556528 594.0200193530
663012620.0133665800 671.6768755344
651072470.7090883255 622.1728145449
658455996.3758618832 656.7677030380
665662253.5254795551 680.9894899502
646125528.0588557720 594.0392583018
650868152.9277511835 621.8197970955
650319052.9984294176 618.9280873208
659106067.1143746376 658.7024368120
665193637.9503571987 679.0667114034
671403186.4415971041 692.9857969135
658415915.4308760166 656.5370535667
659117251.5084972382 658.8416494203
666974772.9315319061 684.6975402609
664318566.2929810286 676.0928209648
665113679.6683564186 679.0012994185
664878014.9775773287 678.0849452391
655169296.6499119997 643.9835260423
662250167.5918626785 668.8608289595
657588027.0146155357 653.6291873238
664661059.4914662838 677.6182715967
658761388.9324421883 657.4858029301
662403571.1919740438 669.8259101744
662458817.8977117538 670.2725684281
670804801.3452681303 691.3576578945
663460268.1598355770 673.1068643827
665257268.5320100784 679.3524105921
658805290.3309499025 657.7101135763
662163850.8655530214 668.2386225131
658877059.9717932940 658.6795980404
674828610.8942893744 698.2726867199
674590192.1278562546 698.1283219606
665629907.9938589334 680.6111526266
672999275.3697264194 696.3389748186
663651763.3414535522 673.3252817658
674995270.0841809511 698.3169625103
674994829.3520756960 698.2839588225
