542637837.7989608049 169494.7726256847
541030610.9097213745 164983.8314227516
554316648.1018351316 184445.1688594818
546838547.2349381447 176282.3285948094
556337893.5933223963 186018.7385864258
549436873.2005749941 179541.6775875092
538474793.5063145161 153399.6650215143
546998124.4690265656 176874.0610042866
538901948.2517049313 159002.3245648474
541549137.9060224295 166103.1517212743
548094750.8365736008 178157.5404453278
543778088.8928381205 172172.6056869030
556421447.4790879488 186201.7339477539
544808250.5522149801 173750.6780822277
556935858.0943597555 186583.7926483154
553972948.5115662813 183998.0654048920
543477650.3721864223 171171.4340636730
539965175.7962752581 162630.0679806799
539004627.6749470234 159285.2121991248
550287448.7340314388 180961.1654857397
544697529.9879860878 173114.7208259106
552862536.7883089781 183121.1650009155
550942243.1421221495 182154.0890045166
542815263.4796786308 169744.5042617321
541613657.4345761538 166883.7698649818
541421232.3522717953 166018.0630931312
540867962.7975350618 164623.8285960609
544647128.2129027843 173084.7522151470
546150593.9595271349 175500.6809871197
545210701.4573780298 174081.1282622814
549722891.7820471525 180068.0026413258
539484333.8873124123 161069.7675971121
538680753.9800434113 154408.5028587336
546842851.8680379391 176556.2173763569
540882679.2064019442 164750.3085917884
545612910.6389455795 174233.9051616192
545777405.3125284910 174901.6366182622
541780084.3734903336 167549.9355639869
541579101.2744557858 166628.1646621227
549341515.9222005606 179498.7248744965
548489402.4396052361 178566.0041408539
539795670.3361964226 162080.5890530676
541959216.7520588636 167622.3647964001
544948365.4190922976 173856.2849090099
539140365.4746564627 159423.8368786902
545395756.3213404417 174100.6994731426
542360490.6784971952 168850.1062972546
541392994.8482999802 165825.7965678626
542709241.8481763601 169604.8013579845
545664870.3472093344 174718.9784609135
545080222.2897266150 173968.9820048809
543177246.5115413666 170450.9296233654
543592323.4017537832 171563.1876876354
549815705.9848656654 180194.0216732025
542300378.9200206995 167919.6538207531
542134539.3589124680 167914.9650390148
540543371.6653081179 164597.6634997779
553324514.6763091087 183907.5521926880
549506340.6840173006 179704.5680786427
545026491.9579874277 173937.0557067394
544991216.0244545937 173920.9987609386
545899568.2542955875 175359.7946269512
546392176.0623044968 175846.9373699483
550266301.6806538105 180434.3084926605
539740136.7833310366 161189.8450202078
555649340.1501479149 185795.3000183105
539456731.8871669769 160403.8503150076
550034486.6245042086 180396.4545803070
544393623.2403286695 172543.4486968517
546419173.1443707943 175914.0681120213
544052124.2424695492 172430.4431045055
542304929.1366100311 168153.3004181737
540244952.5444675684 163152.9704722816
556320935.8822706938 185994.6389617920
550271705.2225354910 180695.0690460205
541294927.2173955441 165532.0601481849
553842190.5100786686 183995.0738277435
542316729.7250895500 168357.6740906590
547535938.0289659500 177566.2851711567
548956094.8060129881 179410.2014522552
550680807.5448107719 181248.8635406494
539409484.4060540199 160342.9425543875
555001214.2764031887 184840.9593429565
546700957.0313683748 176225.3743892964
543668698.3048502207 172119.2789046764
548097192.2082989216 178212.3089733124
553323575.5177158117 183391.3964614868
555127139.2069650888 185062.5562515259
542050625.6924488544 167634.0066584999
547831871.2281833887 177633.7947986722
538798472.6154538393 154548.8029762262
543110505.6114484072 169883.6357605809
546145522.6914567947 175409.7639949322
554783439.6166961193 184615.4527969360
538656120.9170448780 154130.7018867487
543879080.4922152758 172270.8891494274
540371211.9565509558 163336.6145457679
549112093.2908853292 179475.8314266205
538900973.2838346958 154805.7747627253
549508477.6171942949 179998.7901321705
549447670.6747550964 179565.5788437184
550593401.3405529261 181119.2068023682
548654725.4830245972 178627.5638942719
540520632.0426594019 163841.4085368568
553185000.3381997347 183123.3962631226
552759250.4624363184 183096.4909286499
547224889.9079071283 176956.9196163472
542574569.9747159481 169044.0677230358
548790292.0731722116 178875.9845943451
543196810.7039581537 170927.2587707043
544348430.0310144424 172500.0721328259
544398202.5523049831 172577.9512221813
544480927.6550506353 172640.7657058239
556852531.8886150122 186277.1135711670
541193911.6990020275 165343.4633845741
545826898.8942828178 175064.7109096050
544517611.6520159245 173079.8396956921
538530221.3586230278 153910.0533576960
547337025.2429221869 176977.8200393971
543100174.6993829012 169814.2888915539
548409153.0681368113 178564.4044170380
547888380.2918283939 178084.5745083150
556181939.8822776079 185815.3196563721
552664330.6625180244 182547.1926498413
540467621.0191822052 163667.3369426185
552527945.5122334957 182526.9243392944
547448160.7995905876 177192.1471096333
541228976.0092282295 165388.6196116859
541278067.1968159676 165395.4698924476
