173795007.5179488361 151429.7898480296
170731734.0192545354 142712.5470796227
171442171.4590411484 144879.9690766931
175868909.1208030283 156236.4652566463
173092355.7497099042 149652.2251507640
172739053.9026215374 148353.0997845531
180537297.2508327365 164974.8495712280
170563408.3112026751 142036.4189614803
174298129.6865478158 152798.4182800055
174485953.4356920421 153084.6239684820
170946351.2185356021 142898.0719155818
169479638.7578937113 137820.3526063561
175009233.2318625450 154012.1547161937
158606426.3959712982 80388.7765631601
164853537.8485116661 120595.9285826385
160113312.8007651269 95709.0874762386
161684420.3735746741 106051.2221013755
173449491.3424082100 150520.5217816234
172170630.5419146419 146650.8900972009
173449352.4256729484 150186.3225846887
171085035.8663428724 144011.6724458337
170306762.5284550488 140978.2541108727
164415544.4814957380 118966.1488073468
174526716.8252735138 153125.0614684820
169874927.1755265296 139823.7517915368
175058214.7416172326 154623.8595367074
164871352.2897383869 121039.4440855682
176987053.4512923360 158575.5760431290
172903434.1123749912 148391.3107754588
175441157.6489501297 155485.5124908090
165502691.7416800857 123709.3164510280
176213743.0709424019 156936.8818826228
163803507.1873146296 116127.5547420681
171787687.6345817745 145789.2371430993
159073009.7163669467 88698.1323785707
161574481.2429421246 105840.5034734458
163748038.2770660520 115950.2471248806
162261550.3961989880 108520.4653875083
174745137.9202618599 153704.8718133122
164677314.4307562709 120387.1506285369
169383573.4895612001 137192.8764591865
170282641.8911977410 140351.8733735681
164713769.7219370008 120419.0037779510
169949626.9357566535 140109.9574800134
163821805.0122128725 116379.2267391384
165976514.2662653327 125247.3135022670
163835454.5273232162 116914.1461727321
168531845.8587451577 134456.1779485345
169820714.5633567572 138993.0218467712
169819610.0577178001 138882.7246919274
169761540.7592267692 138771.7705903649
160565760.0008039474 99004.1743681431
159766463.9658891261 92524.9088001177
164349506.3553573191 118890.3119442165
164951911.7502967417 121125.1328682452
163555139.1490914524 114869.0970394313
161242103.8029270470 103795.9620916098
163561180.1031374037 115721.0071346462
161914646.2019760907 107802.1035711020
175843956.2679365277 155842.3329722881
164068225.6452510655 117708.5724422634
160046415.6238256991 95445.0855231136
172377663.9447327852 146913.1109223962
162212259.2857654691 108283.8889856040
160102185.7375096977 95679.1059088558
160375487.8318122327 97742.2293219417
178336473.2195643187 161747.9358654022
163292120.3124132752 113725.6833086312
158702912.4550439715 81031.2974524423
159857334.0518413782 93625.9779791683
167486698.0470153987 130659.2783953846
160293529.5836850703 97191.6284918636
161181933.3707132638 103741.4981674850
161855761.9530483782 107022.2429753989
172144233.7105012536 146131.1252046227
159969209.3804830313 95337.6049322933
162033857.4942179024 108036.4591760337
158640514.1159090996 80418.8096136972
158727529.2555650473 82267.5242438242
169584606.4262521565 138131.3688926697
158440737.4239968061 78998.1556067392
163506703.6639072001 114382.7620439827
163010844.0428763926 112357.9361858666
178865591.9082584679 162977.4640712738
159126116.4824911952 88706.4483661577
159832275.1238429248 93442.1764807552
179911662.7988842130 164854.7497177124
160158290.9524673522 97084.0097174495
160437527.6555066407 98885.1560575962
181511142.0720867217 165648.0168457031
174177950.4252817333 152291.4428021312
159295333.5494367480 89817.0736865923
158856231.3653647900 86102.9378947541
159607013.5402325690 91792.2829599306
165384282.2250673473 122784.8881896436
161146523.8115088344 102846.1557092369
168258293.4925290048 133216.1039191037
181160354.0422931910 165578.4735107422
162335125.5851419270 109229.5982141197
160693550.9059291482 101762.8202459067
172696188.1111485064 147682.8280787468
169281515.2692030966 137037.9409627616
171744808.8273295760 145388.9368501306
173425617.1636563838 150166.4773698449
178839508.1252861619 162747.8609218597
180360142.8734655380 164857.5448837280
175737692.3147360682 155783.0757367015
159320179.9409823120 89983.3968067095
173417736.9491958320 149924.1017594934
179628266.2019867897 163977.0060634613
172458261.8825863302 147066.4052933827
169470938.2696011364 137358.9708699882
162754237.6302007139 111082.4538610280
167730295.8466705084 131230.0533638746
160599135.8845188320 99346.5886747837
173370004.8762163222 149719.5275407434
171220364.0723602176 144014.9350236654
180875542.0390302837 165289.2636718750
178839494.3425128162 162464.4867172241
167493476.3218064904 131001.7957293689
161021060.2338394523 102605.5119104087
164446459.8820718527 118985.8436743915
171559057.6552951336 144896.4331926107
165213248.9357868135 122719.4601792693
168625350.0125626922 135057.0463094413
180775248.8540399671 164976.9420166016
166213292.9524960816 126004.3423929811
162388506.8479464650 109241.5308313072
166159911.6896916330 125992.4097757936
160399219.1209588051 98633.1127226353
160955726.3112528324 101937.0336389244
182405492.9657508135 166173.8898925781
168175918.1380909383 133089.3142612278
167740616.6794431210 131656.8929965794
175057062.9982083738 154026.8492134809
168094634.9367170930 133032.9561069310
179376732.7384747863 163447.1836853027
167727731.7125599980 131217.3683917820
164380236.9221073389 118964.9362036884
172046310.1320186853 146048.0768693686
169141788.0855890810 136503.5575473607
168641033.7786898911 135066.0979526341
171430808.4959989190 144413.1740327477
158662826.5168613493 80687.7300238535
162780514.1699222028 111106.1717855781
169023319.3385556936 136028.1011264622
178931395.7303618789 163120.2273769379
182458874.2285552919 166196.5228271484
167779661.1240864098 131935.7678786069
164864688.5452537835 120769.3593986332
172388239.4204494953 146937.7762055993
161694773.3341727853 106247.0446777046
166128075.9147020578 125777.0842998326
167748308.2035609186 131703.3707797825
161946781.5714312196 108028.1431884468
173275423.1134531796 149711.5615488887
162539153.3982017934 110382.7486343682
168907569.5999702215 135407.0192172825
168661226.6632095873 135328.3187778294
168594399.8550073206 134899.7748325169
164980597.0270238817 121509.8951843083
176570227.7962984145 157905.7849230766
159362189.8510812223 90115.6107959673
168027940.2971723974 132306.1105299741
161664174.5819709003 105995.0013427436
165095915.1267374158 121841.2057847381
168294707.0455336869 133736.5126254857
166644252.1935001612 128034.0529127866
166570484.2607502937 127409.4018640220
162237519.2443714142 108519.3245183676
163264155.1018096209 113168.6904794574
179257867.1737970710 163285.3222255707
178086911.6627152860 161513.0188732147
170295399.5654127002 140511.4590669274
159403752.9087430537 90552.7346973345
164105962.4979214668 117771.7971656024
165437161.4318780005 122942.8695725799
176956626.1470360756 158279.8721575737
158798880.4281360507 84387.3958520105
161301760.0904927850 104052.1791021079
170515161.8239803910 141418.7398286462
159683480.3471128643 92298.5666370317
158818801.3360733986 84547.9142846277
164553115.0047965646 119690.3011710942
178446453.4112247527 162307.4105739594
162173859.3556331992 108183.7093832344
165473046.6530726850 123564.6629724205
174698132.4304149151 153449.7301556468
167322846.4536298215 130292.5876297057
164221763.4743025601 118546.4172195494
164486902.8875552118 119468.1830070317
162266462.3418881893 109144.5716879219
173977038.6524128914 151685.3669964671
167122361.2906217575 129330.5844558775
164523005.1131694317 119468.2520473152
179204288.8063753247 163179.1136074066
166325992.0662344694 126588.3675279021
168991077.8140108883 135724.3175571263
168354940.4789150357 133994.9592807591
159483563.5835528076 91585.0906848833
163925934.1207235157 117353.2781814635
164590452.1479392648 120125.2617423832
165790954.0142968297 124719.7944077849
171415319.0854324400 144252.3044428974
162419995.4361543357 109558.6316244453
182125146.6186200976 166018.7958984375
166927500.5945679843 128916.5245193541
178427164.6765948534 162020.0528182983
158795404.5289866924 82514.8240285662
165801388.2985178232 124726.1377028972
178795387.6479216218 162310.3361415863
165202637.1194251180 122471.8983581364
172590462.1233686209 147543.2840180993
163189361.5574493706 112951.3145725131
158900519.1919840872 86620.3507165124
161784762.3741032183 106685.4869711250
177043530.4157463908 158932.7577991486
159065545.2876801491 87281.2820214441
161488933.0205241442 105492.3479330391
163125144.3682644963 112729.6795234084
162698715.8819704950 110918.1727268100
159278419.0975084305 89541.7104882409
180816586.9963861704 165051.6427001953
170494362.4686056674 141112.3742280602
177344202.0599668920 159923.6482391357
173596358.2541947067 150654.6418988109
167095090.3990629911 129256.1689975560
174980261.4278357923 153957.8239617497
162895014.9677867293 111716.2401096225
162988876.3944413662 111989.3113986850
165447370.0412437320 123343.7312974334
159448098.9870534539 91543.7980610202
172897835.1428102553 148365.9229046702
177248950.3795884252 159502.4182257652
171955448.8878752589 146027.6546235681
163441371.8110524416 113985.4684591591
171677009.6388396919 145108.1941743493
162918966.3949052095 111765.9868631661
162480124.6666069031 109708.2178724557
165199571.1829338372 122381.7281236053
166090773.1746283472 125768.5139682591
176660787.2597472072 158219.2490344048
165538455.8967975080 123792.3481967747
173773496.3621788323 150957.8897113949
173045288.6507999301 148811.3809223324
174920792.7224016786 153944.4793572575
177569103.8141410351 160691.9831390381
177127768.2033140063 159105.3800344467
170983744.3584432304 142980.9473481774
172946434.9422118664 148753.7547608614
171602431.5134369731 145014.0891938806
175965776.4074265659 156278.6356897354
177934942.1646176875 161297.0024261475
176458718.9897762835 157357.7033801079
176277145.2964947820 157110.5153284073
177881560.9018131793 161284.2103118896
176577607.9137025177 158205.2550158501
176314516.4410308301 157187.7314562798
177819352.7287155092 161258.5464935303
166905827.8959725499 128599.0902622044
166292824.1012423038 126565.9484165013
177221958.7039987445 159183.4991583824
172700329.5839329660 147821.6834367514
165671929.0172392726 124439.4937980473
179505293.9338740110 163475.9772548676
166055311.1518863738 125603.9452426732
164840299.4531444311 120430.1861808598
176474367.2938207984 157369.9671106339
176394835.2597072721 157249.0590929985
171039761.6006195843 143038.8617768884
169675903.1493241191 138194.8625093102
176223764.0336902142 157097.7232141495
166760317.4080168605 128284.8423539400
177451778.7107847929 160016.0150442123
175436283.6801665127 155095.3963126261
175973412.2814731002 156348.1509654522
167140825.0274432003 129364.0289994478
175201534.2477009892 154644.9275000095
167203106.0272325277 130152.5023566037
175534334.3365184367 155559.2715935856
172198149.2853527665 146688.8041597009
172548231.1043697894 147277.3462659493
175297280.7938678861 154957.4822869450
167012186.3484986722 129191.4123002291
172223791.5805779696 146759.4936128259
176118712.5380987227 156709.3546292461
175307964.8494136930 155035.2535271794
179717567.4129537642 164053.7996425629
177501335.1016407311 160080.4666953087
172546932.5439460278 147255.7505654693
172483309.0391055942 147185.9301308990
182178527.8814244866 166041.4288330078
169738813.9114320576 138215.8387171626
168954162.6624674201 135538.4102503657
182044806.3109951615 165881.9891357422
181919409.3136558533 165847.9377441406
181872712.9295143485 165833.0913085938
181669128.0819973052 165681.7795410156
