122802627.0956837982 21064.5053405762
117882141.9609836787 13202.4661430633
125162087.4267222285 22179.8474578857
120949998.9391149580 19102.4105029106
117633853.0671439320 12106.9017783573
117577493.4014507830 11352.4424334085
118069154.2523794025 13988.3238570859
119667339.5567945093 17281.8404049277
122112193.8220783770 20283.4313354492
119173509.7695564330 16349.5682980418
118922908.4203242213 15897.0889224410
117533183.4009244591 11135.5763586973
118036893.0413547307 13808.7970054319
118495880.5036723167 15130.0490834117
119142908.3789495379 16291.5028471351
126009441.5767836124 22447.3620147705
118670646.1260058433 15446.6930195689
119937531.7324905843 17777.3078634143
119762690.4474508613 17481.3866111636
117618943.4474680275 11935.2139512470
119604908.0466775298 17193.5979885459
118494315.0225852132 14971.6931301951
119506110.1490853429 17026.4151424766
118237649.0589508414 14149.1637695005
120835189.4937553406 18986.4325118065
120234520.8440188468 18181.5106806159
121209453.8607799858 19462.2026624680
119472282.9900647253 17002.8949093223
125920555.2786495984 22363.2692413330
118623630.6520591229 15302.1554202094
117598128.0169753730 11662.6245813882
121164904.6542486846 19404.1947646141
123260546.4462763816 21416.1001892090
118006197.3114171326 13767.6892936399
120659964.6044036746 18689.1880227923
123465814.2030331939 21555.4845657349
120728066.7720583081 18834.9771005511
120618422.8478517830 18659.6710085869
125969180.9456916451 22378.4915313721
119390260.6534838825 16879.1049007773
119034887.4584287703 16145.6827943921
119625380.0501762778 17275.4782811999
118607689.1850435585 15245.9952694774
117762644.3766497523 12852.8277458122
118708261.0271305740 15582.5958346725
118821635.1895889342 15856.8979739547
119530893.7689010501 17095.9668392539
119571080.8876569122 17170.0777553916
118789373.9785642326 15677.3711223006
118463619.2926476151 14950.5222317576
119163278.4988095611 16308.4405781627
120680951.2115525901 18715.9763276577
118677565.2971930057 15561.4249362350
119324172.2834385633 16676.0578159690
125216092.6768849492 22209.4078674316
118239214.5400379300 14287.5829093626
119184845.8891821653 16400.1814364791
123399884.9626006037 21549.3938140869
120865885.2236928940 19007.8262801170
119356433.4944632947 16855.5846676230
121297275.7788224220 19535.0156888962
123010489.2865344584 21159.3843765259
122940019.2667463422 21131.5346450806
123952922.7262496054 21858.7749023438
120466303.8183589429 18401.4832398891
121426476.1628969014 19659.2695646286
118673774.9214968681 15447.7272145152
117833913.1291322559 12967.6075037412
119502978.7200023532 17024.0658077598
127088525.7779287100 22479.4014434814
119420956.3834214807 16900.2757992148
119780481.4029585719 17485.7786023021
126987763.2862841785 22455.6680603027
120981734.7192943543 19169.3573775291
122680767.4135619849 20885.2980422974
118320293.7564259768 14355.4864006555
119731994.7175132930 17457.5961753726
118326287.3639599681 14381.7960962094
121441725.8832475245 19663.7976121902
119421996.4336632937 16945.9535488486
124919696.1259025633 22145.3284912109
122642807.4323750287 20878.4368362427
119258753.9459961653 16510.6357541680
119150176.7186840028 16297.0454158187
118182217.4715640545 14086.3230584897
125048382.9862882346 22145.8080139160
121338730.6151326299 19629.5607237816
121049836.8869489580 19300.9255995750
119614127.1410512775 17244.0578605533
118169983.0469086021 14007.4427894391
119538823.9598834664 17107.8952755332
121450154.1918852925 19680.4383649826
117699687.4356875271 12480.7463153770
124334956.9530968964 21985.9725494385
118206953.3290132433 14108.0560577085
125757083.0994329304 22350.8649902344
124584685.7718471289 22031.5959930420
121154778.9518765360 19336.4614043236
118709301.0773724318 15628.2735843062
117696810.0081061721 12471.2711059024
118263782.0938460827 14320.1273025312
121018101.1067695916 19234.2015948296
121477393.2691907287 19760.9328184128
121736097.9933959693 19985.6037778854
118639950.3960682601 15425.5221211314
122771931.3657462150 21047.2742309570
121718912.9320352226 19955.6988096237
118798942.4905421734 15747.4433993697
117664548.7970814705 12291.7442542484
119840027.4433699101 17589.9713689685
121208413.8105382025 19416.6495561600
122562430.9971093684 20843.7151336670
118852330.9195265174 15878.0688723922
121285878.1678286195 19502.5205492973
117941044.9470266849 13354.4570106305
123885609.3885947466 21839.0149841309
120965248.6594655365 19114.6990427971
119059886.0153643489 16255.6206890941
117730383.1656250507 12673.3008941581
120364014.4715485871 18370.0872949958
123297726.3020330667 21471.2241516113
120579041.7293053567 18586.9727339745
119452692.1636008620 16967.3473171592
118946511.8529059887 15981.3185498118
121494578.3305515051 19790.8377866745
117981477.9828734100 13430.4792484214
122612111.7024374604 20863.5032119751
118739996.8073099703 15649.6673526168
119000894.2259261161 16122.2157840133
121895221.2813570350 20074.9044127464
119568541.6592023820 17114.6575588584
123111069.1930885613 21316.0959014893
120711646.9414901584 18752.5037629604
123177262.9452195019 21413.0336914062
121369426.3450701833 19650.9544920921
119090581.7453019321 16276.7915875316
122909323.5368087590 21114.3035354614
124408822.5348244011 22007.9707946777
119215541.6191197485 16436.7088717818
123717690.3117892891 21735.8870697021
119354868.0133761466 16697.2287144065
118970198.4959885180 16085.6883487105
123098335.0383515060 21297.8032531738
123637426.5781858414 21648.3629760742
119601776.6175944954 17191.2486538291
119169283.9272927195 16327.0306338668
127053845.8291505873 22457.6652832031
118344121.7083136886 14600.8838345066
118495355.0728270710 15016.1960141063
119685213.3160548508 17320.8217994571
120586687.0676723570 18592.5864787102
122460277.3936403245 20721.9522399902
122754746.3043854237 21017.3692626953
119690942.9893762767 17366.0830442309
121525274.0604890883 19812.2315549850
119905590.3825699240 17680.5761319995
124587718.6691718698 22074.0636596680
121316736.2451178879 19554.1026492119
124547918.3989603221 22029.7924346924
122604330.3706810772 20845.5186920166
119306269.1887374073 16636.9754368663
123152968.5666602403 21333.3270111084
124737548.3756295145 22114.2201690674
122402483.3995928615 20648.4873733521
123759589.6853609532 21753.1181793213
119871763.2235493064 17657.0558988452
118462057.0575809926 14732.6526948251
117839690.8726384789 13114.3972486427
118231520.8828213811 14140.6004508771
124632987.0639644116 22074.9908142090
119262485.3961780667 16516.3215612769
119719644.1940565109 17398.8681301475
119716949.0962342471 17387.6834594607
120283792.0059239268 18291.9595567584
125278768.1785369813 22267.0504608154
120884870.0565892756 19009.7290713787
123857723.6249568909 21829.5899963379
121146679.5426460803 19328.7366900444
121048796.8367071152 19255.3724932671
121691204.2636504769 19931.6474838257
118923948.4705660492 15942.7666720748
123942570.6700130105 21855.0869445801
119841067.4936117381 17635.6621305346
123894355.7512772977 21845.2738189697
122371787.6696552783 20631.2562637329
119036282.5827825814 16171.3910617232
119228130.1387348771 16496.9622287154
120802374.5111078322 18952.7703280449
118677039.8663477004 15448.7467326522
120225654.0304127336 18146.5989400744
123546530.9383121133 21568.1645660400
122287415.6322931349 20545.2182083130
124834849.0808464438 22119.8315429688
121317281.1451517344 19565.1696348190
118200825.1528838426 14094.7442954816
121767682.2332797199 20062.7867317200
119751379.9742359221 17458.0415005088
120637407.6807481349 18661.5737998486
120900257.2170467824 19026.1345248222
120833070.2410454005 18974.1640963554
122467533.1226614714 20722.8940505981
120712686.9917319715 18775.1496980190
120116552.0957074463 18021.9320234656
124042620.1433495134 21900.3557739258
119809331.7134323269 17568.8004705310
119996168.8463940322 17822.9176251292
123570039.6724199802 21609.0116882324
120479837.1935470849 18443.2478281856
121626561.1466416717 19899.9220638275
119835228.6814705282 17580.3922674060
127513174.9414437115 22531.4062957764
120801334.4608659893 18907.0795664787
119874894.6526323557 17659.1823636889
121538987.8973340392 19834.1709699631
122149456.3758298159 20426.9582405090
125405472.9848667830 22277.6511535645
122495559.0654754043 20758.2917785645
121080532.6168865412 19322.3193678856
121943475.8850295842 20175.1649608612
120770638.7309284210 18885.9086680412
125106139.4981812984 22161.0310668945
120996984.4396449625 19173.8854250908
118353567.9625921398 14677.1454197764
121244061.1733993590 19490.0941238403
122343038.0464033186 20550.9107933044
122490973.1235778928 20723.7557983398
119305229.1384955794 16591.2846753001
124073315.8732870817 21917.5868835449
127482479.2115061283 22509.8415069580
123813741.0004794598 21761.3840179443
122012702.9196626693 20193.5606269836
119897660.1915875077 17668.6476957202
122213455.3520720750 20433.3888359070
122053343.2280330509 20256.7045326233
122022647.4980954826 20254.9009742737
120006545.4797895998 17835.2318479419
120186481.5501626432 18076.0668606162
119274533.4085579962 16570.1137768626
122118760.6458922327 20389.3508186340
122244354.2502777725 20511.9754600525
123815824.2513852119 21812.3588867188
121955460.5220941007 20183.3403358459
120918348.2117960006 19051.5738267899
120491757.8291630149 18510.0172635913
125717890.9904163033 22328.4353485107
122748212.8086499125 20955.7890777588
120714167.2598738968 18793.9238760471
120230939.5586199015 18171.7594320178
119220827.5334621966 16460.3228124976
120599145.5281648338 18654.4050347209
119216581.6693615913 16459.3548068404
120480604.3962171525 18486.8218290210
124506123.2400413305 22023.7381896973
123084456.6749840975 21267.6650543213
120153052.7584110647 18028.7314035296
120758762.5019958615 18856.3708688617
122730933.1946133226 20910.1511688232
125645400.1015597731 22305.1499938965
120096232.9991654307 17997.6356469989
122524659.3107663244 20826.7172546387
121460160.4730763733 19716.3820981979
121955455.5447405875 20181.5367774963
125748586.7203538865 22330.2389068604
121914820.2137237191 20120.1964302063
120065537.2692278326 17983.9052392840
122227164.2115634531 20480.2669334412
120312999.6450689882 18331.2886468768
121521802.8359732628 19804.2660017014
120523631.4453795999 18584.2541086078
125541553.9491270185 22278.5392608643
122057602.6592996269 20261.0324172974
121240149.5907175690 19483.5964307785
120245476.7979626507 18239.3394281268
120961991.4849388599 19114.0473909378
123962300.8913334459 21861.2687225342
124137819.2446422279 21929.5406799316
121307336.5667189360 19535.5668592453
120276172.5279002041 18253.0698358417
122993761.7528709769 21145.9021606445
122088298.3892372102 20275.4946670532
120343695.3750065416 18345.0190545917
127263377.1104063988 22481.2276458740
125498312.8384330124 22278.4450378418
123706784.5131513625 21728.9422912598
124253362.0196359307 21972.2687377930
125691644.9856606424 22314.2819366455
123664885.1395796984 21727.1387329102
125377679.6750524491 22267.8443450928
118318797.9680091143 14332.3002296723
122709495.5377516448 20886.2802886963
124168514.9745798111 21946.7717895508
127446189.5226127356 22499.1698455811
122450781.7552233636 20692.0472717285
121903179.8980254680 20088.1792030334
125624654.9446280897 22283.0638580322
123791631.5582074970 21754.4392395020
127347278.0260972679 22498.3759613037
125167589.1172081977 22193.4465942383
125611518.1805839241 22282.5981140137
