754627198.5649629831 10411905.0820312500
777006078.8132120371 10925914.5351562500
752241009.3957655430 10308865.8369140625
751701443.6428395510 10281813.4599609375
752114054.9698131084 10298500.0673828125
752486069.5455815792 10313906.9365234375
751190664.2217196226 10265152.8642578125
786220971.5597023964 11013516.5800781250
759022843.5184549093 10559977.5507812500
755485650.1376500130 10437453.2773437500
766940311.9765757322 10749234.5507812500
749913159.5517454147 10197804.6943359375
749945567.6607338190 10204609.9658203125
755221467.5109664202 10433309.6992187500
767155902.1610361338 10752429.9902343750
750324002.6517001390 10221324.5166015625
766844911.2121150494 10747199.0839843750
751847728.9743605852 10295229.0224609375
751146808.1317868233 10261837.0107421875
753022652.5842638016 10334829.1816406250
767046716.5214399099 10752074.7187500000
750062990.0730608702 10211289.8525390625
750847936.6546984911 10245675.9873046875
750773356.9007159472 10243407.7666015625
775453088.5487343073 10899360.5957031250
774951399.4639791250 10892369.9550781250
774689960.6890264750 10887540.2421875000
782489791.6946560144 10986146.8183593750
785303059.0190780163 11009546.0253906250
768006972.6835255623 10769846.2851562500
776658727.0165498257 10918338.8828125000
777892528.9752287865 10936485.0585937500
751245213.4656292200 10274077.1748046875
750438425.0591529608 10225311.8271484375
758806610.8206952810 10557039.4003906250
758985973.8236635923 10559031.9355468750
752544338.3488763571 10320084.7626953125
791277641.8154491186 11044226.9902343750
759967687.3820050955 10587822.6503906250
751493993.1748304367 10276363.5830078125
777901833.9173709154 10936547.8300781250
766553182.7675845623 10742951.9179687500
766031500.6094636917 10729468.0957031250
750613832.1994802952 10234030.8095703125
749668891.2239983082 10179513.6640625000
750557781.4963326454 10233413.6650390625
754593827.5302014351 10407963.5683593750
778262754.4830939770 10940314.8417968750
779889572.6083179712 10954605.3789062500
759731353.4655181170 10580539.3613281250
754701542.2858507633 10424584.3613281250
752152671.0161534548 10299379.2099609375
754050005.7203513384 10395735.1621093750
767361585.7723339796 10760151.8300781250
783071015.0738115311 10995275.0488281250
754511450.1074607372 10405281.7617187500
759598686.7457895279 10579571.0585937500
793581702.3715742826 11049185.4980468750
758958046.6701941490 10557435.7031250000
778504079.2529851198 10944157.4667968750
756729934.3403593302 10482736.3671875000
790736922.4977099895 11041810.3945312500
778640544.9319847822 10945266.4941406250
793966656.0221077204 11054539.9062500000
752388771.4490594864 10313402.9990234375
755074784.0186029673 10431631.5781250000
775673776.5829061270 10901416.0722656250
793546407.3510866165 11049124.5117187500
779063001.5044618845 10951924.5312500000
757228318.0544265509 10505775.3925781250
761824657.3947573900 10635987.7636718750
750168613.6569840908 10211326.0595703125
751066456.7268388271 10250997.7158203125
754569708.5297175646 10406429.4921875000
769954518.6693032980 10801954.4921875000
753692822.8401328325 10366920.2519531250
753115811.0509408712 10340874.0703125000
753917081.6343330145 10374240.6113281250
753979603.4680325985 10384496.4257812500
759258506.1717382669 10567715.0214843750
759400208.5700157881 10574826.3222656250
757799127.5943378210 10521080.7636718750
752908766.5267568827 10329200.3808593750
758110540.2423839569 10530551.7324218750
787654712.7898455858 11028051.7246093750
778001980.8821861744 10939744.6621093750
759321129.7349305153 10572053.4023437500
755548196.3410733938 10450333.7070312500
772853069.3906340599 10859980.6835937500
785617024.2999851704 11009887.1054687500
754334401.4936870337 10399723.3437500000
771565170.3571726084 10840635.6210937500
772272560.3089954853 10850077.5878906250
772291439.6912872791 10854039.7558593750
768511053.4591042995 10781197.1113281250
757525545.9202495813 10512885.5644531250
757443673.7453864813 10509418.9433593750
789580114.7239384651 11034885.9843750000
790047925.8386864662 11038006.9414062500
752209279.7593853474 10306609.1513671875
757480131.2137038708 10512118.0781250000
752969296.9436910152 10334145.5585937500
756412758.5663566589 10476782.8242187500
752895587.9401214123 10326047.0693359375
789258699.2153680325 11034414.0644531250
773063821.7216478586 10864205.2441406250
755911938.6860117912 10455468.1582031250
750183925.4425835609 10214137.0947265625
778868688.4143743515 10949823.0585937500
778842442.2195506096 10948959.4765625000
753780000.8445425034 10368791.5156250000
756156396.2552956343 10464023.9199218750
778320137.3729782104 10943458.6621093750
782559216.5501291752 10990122.6484375000
752899628.4353522062 10326469.6044921875
793649139.4656006098 11053666.7695312500
753394823.4286358356 10343757.0996093750
783547853.0292578936 10996594.5332031250
778665602.4429446459 10948189.1640625000
785903016.1115515232 11011723.2011718750
757908016.7082197666 10523536.3652343750
753733616.3222376108 10367793.3847656250
753470940.6514213085 10363867.4277343750
769651620.7235451937 10801863.1015625000
799286751.3967736959 11055823.4042968750
753267692.7443734407 10343615.7275390625
763620662.5904747248 10679161.1445312500
777283795.2011290789 10929506.7207031250
764953707.9894274473 10710144.4316406250
789636979.5400602818 11035401.2441406250
756543931.9864459038 10477684.5878906250
764867944.9941693544 10709181.9531250000
757216843.4653526545 10504240.4238281250
757333806.4170458317 10507813.0039062500
799547696.9191982746 11055887.2246093750
763791211.4737976789 10683297.6757812500
784661506.3997101784 11004885.4199218750
784374617.8665963411 11003669.6445312500
764231213.2982584238 10697217.8906250000
757871578.1782505512 10522953.6035156250
783821154.9482189417 11001290.8750000000
762826688.0375016928 10658425.3828125000
762863403.3570064306 10660214.6503906250
791107692.5316052437 11043332.7500000000
780219916.2428683043 10961933.7421875000
765476544.1565138102 10719714.8164062500
793378734.9034093618 11048452.9179687500
793275851.3246942759 11047429.4394531250
761183934.1861124039 10622562.9511718750
756055856.4120498896 10459283.1445312500
755367632.5459500551 10436711.2402343750
755928948.3901845217 10457957.9003906250
765255881.5169695616 10718962.6445312500
765551211.2075992823 10722974.1933593750
756747430.4707556963 10482953.5839843750
753970787.7098934650 10376434.8359375000
763916394.5638705492 10686818.4882812500
792642756.3116214275 11047291.4238281250
760931660.8552532196 10615147.4785156250
758581572.4124922752 10545773.3359375000
755314509.3138003349 10435821.6640625000
757561589.4212448597 10519109.1777343750
760735883.7110033035 10610220.6445312500
785154684.0792566538 11008890.8867187500
765088783.5048660040 10714275.5312500000
765592482.6439745426 10725766.8261718750
764450726.5701454878 10698897.0605468750
758469925.9372735023 10544222.5214843750
760719195.3624078035 10607200.0351562500
762979899.2355921268 10663046.0644531250
760495161.9377042055 10603481.0625000000
792290762.0448638201 11046795.1679687500
758708072.0476152897 10550995.7734375000
785971586.1426023245 11011816.6250000000
761290097.3174924850 10625470.1738281250
760305426.9769188166 10599240.4492187500
758128293.7388659716 10536428.6542968750
757916969.6116986275 10529962.1835937500
773134054.0338746309 10866150.9218750000
758361593.0265177488 10540906.6093750000
759261604.9050003290 10570334.3847656250
786370722.5147148371 11016640.0351562500
756838528.6375041008 10491632.0488281250
760218098.4873378277 10596285.4843750000
760185568.1430491209 10595619.9335937500
779936403.3350676298 10958523.7832031250
761425244.0374675989 10627461.8007812500
756128669.2198626995 10462588.8593750000
762011206.7497187853 10641943.6738281250
786307325.2679927349 11015544.3359375000
757016119.2661143541 10499787.5859375000
772625049.7895182371 10859801.2226562500
753422109.6642230749 10346664.1962890625
786624334.4090622663 11019975.8613281250
768535428.6911895275 10784385.4375000000
767275527.8343373537 10755147.7871093750
761692092.2789853811 10634019.2792968750
759907465.7099519968 10587217.3320312500
787136111.2417021990 11021956.2675781250
765764944.9171000719 10728416.3222656250
765520790.8446217775 10719981.3164062500
757122643.5519449711 10501223.6113281250
772853902.2740122080 10862487.4160156250
763192253.2352660894 10670688.1816406250
762260357.7437578440 10647714.1250000000
763025244.7308810949 10667248.4003906250
766039881.8918788433 10732881.4707031250
776908756.6859630346 10923676.1992187500
760812106.4746969938 10612119.8750000000
771457339.5142364502 10836365.4101562500
766206890.3962640762 10736321.2519531250
771826494.3642910719 10844889.4687500000
772080242.6787021160 10849867.6269531250
787361089.3833591938 11022669.4257812500
762462926.5024746656 10650614.5937500000
774458106.2998386621 10886912.4003906250
764230448.3268043995 10695361.1875000000
773634229.6492234468 10876665.3867187500
766154769.8792293072 10736026.6035156250
767627037.7379072905 10766221.5996093750
768151477.2399064302 10773063.2539062500
784780375.9755611420 11006125.6777343750
763809089.1758949757 10685326.2539062500
763995680.0681328773 10694703.8164062500
767363964.3011437654 10761087.5566406250
768386823.6004822254 10780686.8007812500
768300455.5405716896 10780012.7617187500
769410802.9140418768 10799262.9160156250
768835042.7594162226 10788452.1601562500
762121009.6168419123 10645238.6464843750
787515505.6910181046 11024552.4550781250
768949930.7467662096 10791597.2929687500
769987016.9040191174 10812320.0820312500
773620882.9294395447 10873783.5703125000
773304127.3884569407 10869398.0781250000
769971251.5231056213 10809252.3613281250
773974707.6619745493 10879388.7929687500
787168210.0864937305 11022366.4238281250
769126242.6155457497 10794882.1738281250
766321778.3836141825 10739466.3847656250
768782922.2423808575 10788160.1542968750
784893743.5210464001 11006492.0195312500
763454156.2344412804 10673665.4980468750
781656028.9354510307 10977118.3203125000
756084819.0872510672 10462064.6386718750
764661693.4568704367 10703931.5566406250
767156934.9994637966 10755143.0468750000
770298527.7751579285 10818408.6425781250
769120550.9294102192 10793197.6777343750
766117683.9140039682 10735999.0273437500
771099141.1262317896 10835401.5800781250
764528782.6363120079 10703009.4960937500
764373307.5346760750 10697222.9921875000
761573102.9686266184 10627609.8945312500
763656670.6087098122 10682662.2968750000
757788975.1775271893 10520323.1621093750
762667416.8031622171 10656429.6738281250
762870135.0629771948 10662499.1171875000
790629732.3600527048 11039601.8085937500
771000064.2563905716 10828626.9316406250
770600685.4947304726 10822295.0878906250
770117005.5886420012 10812616.0117187500
770715738.8612091541 10823848.6933593750
782981359.7618286610 10993636.2343750000
780422512.5296828747 10965811.7578125000
782106025.1576957703 10986115.8574218750
782641328.8948636055 10990769.4941406250
784497384.3961915970 11004159.3222656250
782963500.7083613873 10992828.0273437500
780622965.7409203053 10966853.1972656250
780057343.2094607353 10959583.2832031250
781326016.1242260933 10973714.8808593750
781763557.4370256662 10979574.8671875000
781773338.2936582565 10979854.1054687500
781009212.7205295563 10971742.6015625000
779577499.5779756308 10954596.9531250000
781336610.7215194702 10975365.0175781250
781173444.9125713110 10972749.1308593750
776321806.2788298130 10916156.0507812500
775703841.1724748611 10904952.6992187500
775237230.4532321692 10898697.6347656250
777260496.2931026220 10927546.7968750000
780396045.7495036125 10964341.2949218750
777876609.2402232885 10935646.4316406250
782064504.4949651957 10983635.7812500000
777018181.6878614426 10926151.7402343750
776502762.5210598707 10917660.6445312500
776188564.7094267607 10913962.7812500000
775801505.5551553965 10908284.6386718750
777550784.1846188307 10931298.6230468750
777604984.1553345919 10934131.1816406250
776160230.1240134239 10913222.2031250000
776774137.4683241844 10922836.5488281250
788185005.8222112656 11032450.0449218750
770964917.8482223749 10824703.5644531250
776138484.5434774160 10911684.4140625000
774602207.8209440708 10887335.8945312500
774264885.7462707758 10885618.6250000000
774767401.1857479811 10891165.3359375000
