441714587.2252590656 61148.8035203991
444583078.8522650003 63571.7156987591
457666768.8029693961 71509.3556022644
457563453.7271177769 71448.6450538635
452504607.9958410263 69214.6712360382
455932169.1077875495 70762.6608409882
455760641.0754705667 70719.9092254639
460871789.0303076506 72652.2616424561
444859084.8078894615 63716.5066485209
444163063.1349787712 63434.6976532741
444871370.9606478214 63751.8373403950
446558621.3419417143 65161.1577263474
447795318.9658504128 66256.9609690905
450899148.9468820095 68229.5282758474
457728344.0998335481 71549.6916618347
459206075.6341983676 72135.3155212402
470370063.0897674561 74003.5381011963
447417423.1923590302 65886.9997111559
451929422.4739228487 68937.5878543854
451723500.0997825861 68759.0690097809
452054415.2592898607 68976.6319751740
452069864.8503323197 68979.2654590607
441243297.2127725482 60895.5001796288
452179982.9491854310 69021.9781818390
452781885.9736976624 69375.1295719147
456106879.7356659174 70832.2027511597
443464494.3638014793 62832.9032035274
451552841.8809516430 68715.5026721954
460238824.5875025988 72450.8180770874
450321558.5239056349 67880.7244130373
470181344.8276705146 74003.2029113770
472523889.9686045647 74351.1637725830
458972954.2682150602 72041.9198837280
444563608.8520604968 63527.9950337214
464380887.9895588160 73555.5685806274
448352079.5063422322 66703.6179276109
465017485.1768007278 73654.0277023315
441221552.3467692733 60511.6391154705
444969295.5977810621 63822.1590133114
442040370.3574935198 61427.6196381627
441454292.8724672794 60994.5415765820
444391261.5912224650 63514.6511874599
453026841.2226830721 69523.0400562286
446141027.5312367678 64904.2532253265
457963721.1259074807 71646.2757759094
443717277.3906517625 63091.8561110897
471334743.8040599227 74181.8519821167
470968774.8601720929 74131.1088409424
453182345.0867303610 69600.3845005035
459642127.3114639521 72247.7643661499
448512676.3286511898 66825.5774269700
458386559.9987372160 71766.8364105225
448211674.5217740536 66627.9094582200
442329031.1188052297 61789.5538293896
448655187.9766622186 66867.2287483811
451337820.2721199989 68576.7844181061
461463492.2789998651 72761.6243133545
448193256.5861881375 66530.0964356065
471818677.4148983359 74310.3774108887
444029943.7389860749 63244.0761608882
440517755.4622182846 59803.4926041542
440221056.2341619134 59526.8514145790
466798357.3749452829 73898.8617324829
472312900.4185367227 74324.8014526367
465967786.8119529486 73780.1772232056
458019084.2933155894 71666.8452796936
452135338.9964944124 69012.5137462616
441680875.4464324713 61068.0614835797
450264690.0882435441 67820.6582734585
442775711.8044443130 62218.0748593388
448586760.7116512060 66859.5342674851
470081606.3014545441 73945.3297958374
471363798.8209736943 74206.1861724854
443641021.3162887096 62985.0064711971
449067842.7742367983 67121.6488991380
448058893.7251782417 66362.0814858079
466455238.4132602811 73890.0406799316
448872182.3920586109 67020.8850756884
447782292.4175546765 66244.0710002184
449011079.5260296464 67116.3828497529
454482086.5003963709 70177.3692855835
448638049.6692187786 66861.2259445786
448337047.8623417616 66663.4843063951
448701524.1732276678 66976.2842484117
470968390.8125574589 74066.7776260376
461712358.2156216502 72897.3704147339
471812740.9595485926 74299.7570953369
448966882.2749516964 67100.6051865220
465075051.0835563540 73662.9706192017
449089067.4456391335 67203.2348099351
459684103.7495103478 72314.3878860474
449621222.4935292006 67464.3240792751
443518565.7989192605 62904.6760906978
442713540.0698280334 61988.8210851224
442780866.4988579750 62306.1742530270
449263675.8241412044 67330.1168709397
449905612.1805082560 67615.3556452990
443023130.5715109110 62489.7436009916
448372691.5674947500 66736.9050064683
449816538.1600469351 67604.8467407823
459569651.5442534685 72244.9502639771
454083308.3709363341 69978.3267059326
443225976.7297851443 62712.7898240956
455136414.8179990053 70417.5438079834
447743601.1882598400 66202.8936024904
460556884.0185352564 72556.1150283813
460331245.7262098789 72520.0952758789
458435500.8890148997 71849.3008155823
459508311.2571685910 72210.0311813354
443693651.5784718394 63029.9598469539
445950836.0116127729 64717.6089702845
466160768.8013745546 73835.9590759277
444319295.6877461076 63451.7370187938
456962650.5545249581 71131.3999614716
458609378.3581598997 71932.2851409912
457297672.0736145377 71330.0120239258
453030787.2705160379 69569.0827426910
457103737.4457550049 71231.6557521820
457059199.2379539013 71155.5778789520
449697573.6509971023 67480.8611021638
447575618.0563457608 66075.2077027559
467053450.4851370454 73936.3038101196
440793109.6325081587 60039.6804593541
443386713.5739455819 62734.5261174710
460481195.4332836270 72531.8929443359
460268119.9603391290 72491.5962524414
465851238.7373993397 73748.0252151489
446333356.7086457610 64984.8440662622
443840259.2905401587 63139.3494684398
443396634.9486161470 62757.2727085622
440904682.8039252758 60127.9211883722
465570612.4227820039 73709.2592315674
454950403.5630613565 70416.6697788239
459420295.6010048389 72171.2398910522
459884498.1572450399 72328.8392333984
443823147.4372885227 63101.4068427486
460280801.0255491138 72517.4415969849
447432607.1626412868 65930.7880269289
449250417.6479950547 67206.3430148363
442651952.3023390770 61944.0383245023
454603851.1991763115 70226.2709503174
447237619.9973724484 65712.1634789705
443897843.7391216755 63164.4123588009
446431657.4080221653 65073.2583393455
457838803.6129763126 71646.2704353333
456700974.7975758910 71127.4122238159
443165030.2361815572 62631.1736318143
444619246.5015547276 63619.8786994517
443917847.3201816082 63172.6580052180
459093847.0656606555 72118.7709045410
441650890.0084531903 61045.2590467511
446063688.5487880111 64811.9167793393
447424623.8866935968 65906.2489472628
441625682.4385300875 61031.8454114972
442560222.9998345375 61933.1327672182
452217503.1434482932 69072.2996234894
453610915.4873153567 69756.1222152710
446884490.2121799588 65537.0232583284
451125418.0241183043 68438.1061687469
442735348.7101734281 62066.5500046788
446475348.9677609205 65095.0312971473
458497149.7896220684 71915.7405242920
451407649.6294740438 68578.9706497192
448115384.7719990611 66468.3282176256
446079843.1745269299 64832.5962032676
454258144.7353286147 70043.7590579987
444890222.7503705621 63772.3672671122
455153952.2269034982 70445.0350418091
450365932.5976598859 68056.2942790389
454287898.3944565058 70061.8069000244
471213750.6879581213 74143.8155212402
456453789.6930642724 70959.3175811768
447363777.8429997563 65871.3126565218
458082088.1109671593 71698.8288841248
460390287.8177868724 72522.3009643555
442538402.7724329829 61856.0117249666
456495670.5074703693 70973.7187576294
464218638.9451798201 73508.7948684692
463328861.0212569833 73295.6818313599
450365548.8214520812 67922.9064713120
450776051.5991157293 68142.2848279551
447552112.3143449426 65969.0807439089
460048375.9317710996 72398.7455368042
445077583.1760224104 64193.9016913176
454346698.8119326234 70105.1659011841
450966235.4398755431 68286.1852532029
447681976.9461353421 66098.2039796114
442192523.2081298828 61657.5694868146
458921834.5789042711 71982.2500991821
452301506.2631417513 69111.4946155548
445928478.4016637802 64699.4914139509
447952831.9356396198 66328.8245649934
452546461.5121271014 69259.4050998688
455537829.6918542385 70685.0980072021
465518878.5912190676 73665.7299041748
445050451.3391132355 63825.6298757000
448080083.5873613954 66436.0553323030
444789566.4224071503 63701.3730016155
463525941.4931893349 73362.0676727295
451839279.5844409466 68770.6400737762
464171936.5838741660 73470.7929153442
441737588.9331195951 61414.1251051007
440635895.4104931951 59925.2731378851
455738524.9089172482 70696.9535217285
458356578.0394495726 71706.6021423340
462820145.9635030627 73193.5220184326
457749881.0052106977 71588.8274116516
451089725.1744553447 68362.7575970292
447274852.0077971816 65835.5581628084
455457935.5747136474 70573.2570514679
445502608.9131848812 64408.8822640181
450017325.9137917161 67811.6078854203
444078177.7472171783 63275.0093617840
464040707.6139020324 73403.9715194702
445860401.0166761875 64631.2298630476
453786607.2542646527 69917.2448444366
450305622.4502243996 67849.6994000673
452382250.5904746652 69198.9197101593
454017606.9506241083 69951.0328445435
462998269.0418401957 73248.2292327881
445058399.7503719926 63904.5852297544
470962380.1003652811 74066.7769088745
459439337.4897415042 72182.1925354004
453939873.8559941053 69943.2276916504
442398095.0033927560 61820.1090027867
446021549.6780248284 64727.6444500089
455308847.7955219150 70507.7262878418
455989183.1490902901 70815.5724868774
449751178.1724544764 67518.5931493044
455405982.8835070133 70534.0102806091
462117204.0324319601 72955.0111236572
463398197.7929103971 73310.5144577026
462847705.6122459173 73227.4037857056
461174582.3701110482 72746.0512771606
446767845.0212231874 65238.1991327405
447160200.0395359993 65631.8872309923
452624194.6067570448 69267.2102527618
450948704.4549784660 68268.2347908616
440789642.6218814850 59956.8003640352
454788372.2104532719 70400.4683856964
441105349.2675018907 60191.6242808877
454885405.7395219207 70411.1351413727
450938779.6867120266 68263.3042832613
446333210.3925595284 64947.8688648343
455843069.9851607680 70745.7373657227
458830952.7214558125 71977.4548873901
462613003.2872428894 73157.0813522339
451506985.0029818416 68621.6594296098
445318260.2247219086 64247.1725119352
445804035.1645122170 64574.6072386503
458963609.9738789797 71995.3631210327
440969247.9029982686 60172.0205168901
445345012.3458096981 64337.5258673429
454064100.1374820471 69961.5959320068
446651577.3053255677 65205.5873020291
462251008.3362073898 73024.3475570679
451091041.5180267692 68374.0145005211
456126359.7057638764 70955.9516601562
462373191.0264127851 73108.8155517578
461473893.5047695041 72860.4543075562
446768802.5919281244 65339.8565176129
447120152.1903194785 65622.6625860333
451919992.5871546268 68857.2274265289
459022490.9234963059 72092.4941558838
445605236.4858527780 64501.2184571028
454362154.6271716356 70148.9808597565
451100293.5396732092 68426.7488003373
455231114.7008920908 70499.9211349487
442226195.5442008972 61712.6191603122
461603668.6739798784 72871.7330932617
458388844.6112109423 71802.9687843323
446701490.9879162908 65219.3315047026
461522155.9924645424 72863.6587142944
455687881.8520994782 70696.7209167480
442174728.6112047434 61486.6816312848
452322307.8388206363 69136.6463985443
458757146.3726223111 71951.3571166992
452908218.5783306360 69479.8394107819
446863004.8408775330 65378.1349237561
457501878.2960827351 71410.7580184937
444672230.3515973687 63634.0865844983
456622045.9393294454 71023.6784133911
450016695.3876698017 67673.3145733476
461966640.6028376818 72934.1856765747
451889478.3774737716 68849.2176282480
449772743.6283031702 67583.3351364732
453671516.0932323933 69758.8042163849
452832256.0093120337 69403.8285007477
446386384.2173300982 65030.6618334837
446242367.2265386581 64933.0465571880
450782213.2226272821 68149.3410196900
462331215.8232476711 73060.5815963745
453333870.2121458054 69676.6405506134
448192455.7296841145 66471.7190884948
453306227.5437088609 69653.6098880768
460820666.9550727606 72578.1884002686
450732542.8790548444 68135.3527753353
450657911.5193748474 68076.2351071835
451296811.3845478892 68447.1910016611
449992499.5258625746 67670.7394533753
