178024246.5408462584 1380056.7319335938
178905546.0807083845 1564365.5454101562
182425404.2566722333 1944068.6074218750
177604017.3570022881 1258810.7211914062
177524502.3953243196 1234444.0058593750
180030787.7204318047 1730812.4892578125
180803732.2893360853 1807304.3652343750
185650200.7480848134 2063835.7412109375
187364754.6405372918 2115276.7265625000
189542161.6241923273 2148083.0664062500
189969140.7509290874 2159636.8144531250
186556707.4222309887 2092017.7949218750
179433006.2574640810 1642915.2280273438
189905617.5361955166 2156240.4257812500
189139706.4938975573 2140640.2695312500
177537317.6179332435 1235096.0859375000
179140275.4100942910 1602699.7094726562
181107594.6783687472 1844712.2187500000
181743657.6171688139 1896132.8378906250
185043831.5665211082 2043950.4921875000
181728083.1550491750 1895558.2080078125
196299644.3381863534 2205914.0839843750
177474867.4329517186 1204760.1484375000
183708286.7683468759 2007654.2031250000
177856180.7786509097 1331961.4355468750
178725250.0104782879 1535648.5195312500
178739493.1933981180 1538590.4511718750
183016860.9863764048 1977835.7656250000
181976620.7030336857 1912236.1083984375
182121075.1583852172 1922632.3271484375
182060479.2472484410 1920350.2744140625
177670997.3363192081 1281546.7631835938
177587926.1098355353 1256648.6845703125
182374994.0689610541 1940406.6298828125
179556053.5644444823 1662554.7163085938
202613227.9907389581 2267096.4804687500
189431595.2305408716 2143078.6367187500
183056308.3495920002 1979824.0771484375
180046362.1825514138 1731387.1191406250
178469982.7366147935 1484361.7202148438
180254750.8060596287 1756394.9843750000
183812998.8892208338 2015583.2031250000
202998700.8131107688 2267243.1582031250
181444197.5211983025 1876686.7822265625
181796451.0698644817 1901071.0830078125
193323085.5309224129 2171361.4580078125
178616494.5629297495 1517860.4038085938
185328591.2522474229 2049029.2695312500
181682609.9345605969 1893855.5322265625
181719767.8839119971 1895407.4091796875
177494544.0339646041 1225316.9331054688
179255042.9953936338 1622102.2460937500
189409772.4715074897 2141028.1787109375
189556980.7847006917 2148752.0312500000
177645030.3504819572 1273721.6186523438
177833285.1065326929 1327912.6142578125
178246991.7630583346 1433801.7163085938
177701880.6342650652 1291057.6577148438
181616237.0966405869 1890019.4667968750
177519769.5253725350 1231023.6831054688
202523640.0964261591 2257549.5078125000
202370478.7479116023 2257021.3671875000
178629513.5144654512 1521658.1533203125
179064844.9221374989 1591671.1367187500
178961447.7758356631 1575176.1284179688
181611792.0212896168 1889315.4404296875
179044538.9140816033 1588709.3432617188
177505122.2295571268 1228604.1459960938
179576782.4758781493 1665003.8012695312
186628226.3958263695 2099511.4375000000
184898729.0362702012 2041492.7382812500
181187770.0765676498 1848654.6274414062
181343065.5293846428 1869429.4619140625
182335038.8528358638 1934732.7675781250
182181675.6364707649 1930539.6435546875
178487952.5341971219 1488814.1284179688
181165389.0349221230 1846153.0317382812
178587683.9411037564 1511313.6972656250
178878660.7028455138 1560355.8696289062
181248365.9877044559 1850936.6801757812
178560421.8066481352 1504574.0161132812
187625000.6682886779 2117613.0283203125
177767391.7659489214 1310403.7543945312
181482657.2929145098 1878389.4580078125
177782383.5621131063 1314937.0327148438
178407955.9216980338 1475383.8637695312
178540779.7474430501 1502527.1713867188
179321663.4221965373 1631762.1953125000
178273508.2716343999 1440560.0532226562
181336656.8919663727 1867952.0849609375
177554507.7986429334 1240271.4726562500
177627840.1697721183 1268546.2319335938
181420415.6159867644 1873048.3505859375
179436275.7106194198 1646847.8237304688
188873844.2150562406 2132858.3339843750
181459771.9833180308 1877261.4121093750
180680548.9497667849 1796972.4785156250
180814708.1908157170 1811638.5634765625
181481355.4705497324 1878238.6591796875
186075704.1957296431 2073099.8291015625
189598484.5448926985 2148964.7050781250
180334182.8891806901 1761202.9150390625
185766452.0899531245 2064504.3437500000
177650250.8908036351 1275840.0131835938
179491928.3579607606 1652671.6176757812
180487122.5910106599 1777170.3876953125
177454714.5106156468 1198349.5703125000
178674645.9122386277 1523251.2172851562
178429285.5861269534 1476754.7250976562
182962490.9811936617 1973938.8916015625
177680480.1991597712 1283232.5131835938
179039762.1066069901 1587010.8178710938
186191578.1155804694 2081386.0517578125
180290616.3024110496 1758986.9863281250
178066243.9115166366 1389954.3754882812
180853444.8746437728 1816684.5878906250
186286000.8231024742 2086937.8613281250
185075848.6203012764 2044373.1972656250
178359468.4852785170 1462383.3325195312
185726989.3895997107 2064090.0400390625
186098770.0103342533 2075456.9931640625
182363297.6840023100 1938098.6357421875
184388459.1723868251 2032319.6230468750
180108424.1942814589 1740518.1796875000
177822536.3336159587 1324557.9677734375
180872744.0978978574 1816801.3603515625
178498950.1740812361 1492182.7153320312
185843634.0009169579 2072351.8984375000
178531454.3691816330 1496753.0209960938
178287729.3116239905 1444841.2963867188
178238484.6274187863 1431840.7651367188
180646368.2783893347 1794675.7885742188
178981765.3404209912 1577325.2065429688
179472259.5133658350 1652640.1469726562
182839656.5289895236 1969971.1220703125
184875925.3622947335 2037291.1386718750
180622331.8734928966 1790623.4008789062
177725240.2672545910 1297131.3911132812
180707118.2628656328 1800665.7031250000
179847299.6569602191 1705627.1406250000
179668297.9679535031 1680852.4912109375
180932494.0094616115 1825969.5966796875
203204714.3828723729 2268795.3398437500
203035056.2958980799 2268455.6679687500
180430164.9261660576 1770766.8769531250
203244552.4739761949 2269537.5078125000
179938084.8308753371 1717598.5156250000
182979153.9000945687 1975378.5654296875
189395163.6260070205 2140993.7333984375
179222141.4950388968 1615925.5932617188
178366126.3483362794 1465039.4077148438
186998162.9031503201 2106640.9707031250
184024002.5917793810 2019820.0820312500
178316881.6641311347 1452038.8764648438
186561312.3423330188 2093607.8437500000
180561386.7708503306 1787013.4194335938
186353301.8396780789 2090363.8281250000
178678973.7976510525 1524701.4370117188
180811864.2807732821 1810598.6347656250
179096532.9257203639 1596727.7431640625
199438588.7912923098 2228388.7812500000
197861639.6684061885 2221307.6464843750
197879226.1688640714 2222757.7226562500
189787851.3978979588 2154359.1953125000
179372512.8410859406 1637986.9116210938
196289167.5965770483 2204180.3164062500
179106198.4275685549 1599796.5878906250
179856950.0938432515 1705748.7744140625
179170643.5576547682 1608513.0703125000
179860494.9542132914 1707528.0673828125
183170439.5193668306 1987218.4658203125
186337868.7807822824 2088780.1113281250
184254751.8714828193 2025108.7060546875
183164555.0941271484 1983974.4375000000
186588925.8247482479 2093847.3339843750
188237899.3142250180 2132353.3320312500
187944496.9936170876 2127426.7509765625
178097858.3327546716 1398950.1928710938
183253371.3942621946 1989916.8193359375
180637066.9600237310 1791995.1762695312
182502969.3615629375 1946684.7021484375
177484672.8719753027 1214770.4243164062
177475373.4512915313 1211350.1015625000
177742296.4224427938 1303711.2446289062
177559374.7939622104 1241428.7788085938
199455461.3487660289 2243278.2558593750
199570942.7689605355 2245983.4335937500
177597612.5445092916 1258514.9052734375
179057837.2119496167 1590972.8261718750
180724784.3576442599 1802050.5874023438
177562622.9471555352 1245514.3740234375
179106168.4762873352 1597589.5927734375
177821010.8375755847 1324005.5571289062
184703414.3375650942 2035697.9375000000
180484127.2581938207 1776022.1166992188
183938165.0381838679 2019569.3613281250
182935187.2916828990 1973277.6621093750
178181103.8096629381 1419403.9555664062
179885164.9056006670 1713615.9199218750
178455907.3330037892 1480570.6293945312
177944006.6296730936 1359210.0087890625
177901947.7867863774 1346369.8144531250
200381103.5827184916 2253058.7480468750
183642089.5272721052 2003918.7490234375
183242096.6561658084 1988990.7607421875
182164786.9966996610 1927061.5507812500
181585454.2027962506 1883983.3417968750
178140599.1034841835 1407318.6860351562
177967771.9377291203 1364892.2988281250
183265373.9745090008 1994482.0195312500
186479765.1215559840 2091348.3203125000
179869590.4434810877 1711714.9931640625
192040233.1771861315 2167115.1298828125
194842788.8775524795 2191576.3310546875
194458608.6094683111 2191364.0751953125
181221310.4211347401 1849862.1914062500
178017016.6219342649 1377892.8300781250
183321799.8517639637 1995234.9062500000
179101892.9777736366 1597498.7919921875
179677963.4698017240 1684406.5683593750
185802581.1109264493 2064560.3535156250
180072931.4956502020 1735446.4716796875
178043499.9037064910 1383953.5170898438
193516064.4807488024 2178570.0517578125
178072380.1339704990 1392149.6381835938
180156741.8613383770 1741804.2851562500
178090486.9938828945 1394031.5375976562
179231806.9968870282 1619479.6704101562
178797542.3607232869 1546181.9262695312
178764939.8718697727 1540345.9702148438
187339693.7854502499 2106756.3320312500
178781686.7323630750 1543815.9648437500
183888325.8840415478 2017283.5615234375
179112906.3327556551 1599915.3295898438
179099345.3550305367 1597407.4296875000
183567286.7681373656 2002558.0429687500
179953659.2929950356 1718173.1455078125
195948943.0507763922 2202167.8740234375
195689950.3982531726 2198913.2099609375
178121624.8181755543 1405150.1694335938
184079128.5782017410 2024795.2353515625
177861850.6468509138 1335082.7456054688
180401866.3212398291 1766428.8486328125
195331142.7517186105 2198272.7431640625
179821325.6910510957 1701961.7900390625
177941223.1326281130 1355642.8515625000
193091202.8609947860 2169824.9775390625
198671196.0898190141 2222823.9902343750
179927984.7412466407 1714888.1552734375
185578083.7005091310 2057072.2001953125
178940648.3162414134 1571164.1210937500
179695881.5003344417 1686998.5703125000
180694685.9020023942 1797288.4516601562
198854399.0424177647 2222971.4570312500
199107430.0490818322 2225696.2636718750
183452361.6941236556 2001042.8242187500
183728996.9187090695 2009892.5000000000
185083494.1810514629 2048209.2695312500
180017904.3173663020 1726218.5527343750
178328107.5322273374 1452774.4228515625
186837320.4505925775 2101597.5878906250
179621770.8684001267 1674728.0107421875
179122793.6324836016 1600494.8984375000
179071119.1983050108 1593201.1171875000
181078894.5644375384 1838768.9501953125
177886524.9949510992 1342746.3925781250
184616080.3680962920 2033927.5371093750
187438279.5974933803 2116302.8408203125
180787423.0866879821 1803943.4970703125
178057531.1983364522 1386798.3793945312
197644869.7343803048 2211937.4394531250
179739829.3293063939 1692451.9755859375
179331160.4914001524 1631963.0673828125
177960152.9210070372 1361704.9418945312
179830137.7273167074 1704388.0009765625
182517937.4426547885 1947347.1757812500
178222559.8122839034 1428054.9731445312
178200142.9755589366 1422871.0571289062
179512337.3457919955 1656287.3188476562
182672671.1366587281 1960522.0292968750
193915526.8300072253 2182189.1025390625
178269935.8355789483 1437834.4482421875
179777297.8700206280 1697900.6025390625
180025000.8933442235 1726708.0761718750
179576980.8362031579 1667434.2294921875
182620697.2578772008 1951958.5742187500
193873157.1253505051 2178965.4775390625
197364546.4517924488 2207381.2167968750
179601744.3297496736 1669480.3657226562
197810323.6395929158 2213893.5273437500
178136924.9156621695 1406775.3374023438
182424999.0074217618 1940507.2968750000
185803724.6618717611 2066773.4814453125
185340164.9664417803 2056396.8730468750
182278370.2396761179 1934329.2910156250
184327325.1160313189 2027199.1142578125
195971901.1455778480 2203259.6562500000
202195233.3603414595 2253283.0527343750
202201144.8052324057 2253587.4414062500
181898549.5829422474 1904126.1230468750
