146089818.2821280956 120622.4224685654
144193068.5519898534 102621.7128734794
160879841.0314376652 168381.7821351700
144643745.1050966084 108675.5156076361
144596820.2654186487 108425.2234871012
144614045.1595727205 108426.4471673590
150155552.5632071197 136411.8500851030
143957787.9688284099 97145.4215883939
144100909.8578310311 100812.5728139132
144445408.7274572849 106169.4125141557
144317295.5643590391 104320.6754552927
144792250.6360966861 110601.6501829643
145077705.2989767492 112656.5938119513
146292782.5790039301 122477.3200538082
146635478.4081205726 124354.1086255331
144157567.6338916123 102518.1655397024
144075939.6761117876 100581.3948165830
144361993.8966984451 104775.6475987490
145268537.8710945845 116125.5947855245
146535490.0169358552 122809.5550619249
144080085.8369448781 100765.7996034231
145481300.2187452912 116745.2329832967
147044401.6264907122 126838.5380716734
144480819.5879573524 106624.3846576121
145902545.3449853957 120322.9293299539
144966821.3303114176 112634.7920286674
145187364.8765611947 114117.0316276883
144346409.1816650927 104591.2428119089
145998184.3212169707 120594.8279657196
146732816.4674708843 124593.7371432704
144278837.0589509606 102774.4491921542
144261369.7269872129 102638.6552035715
144784919.8311416805 110600.4265027065
145219755.8332558572 114387.7664654981
145394890.7152925432 116147.3965688084
147022854.8257543743 125048.7674920535
144738824.1032251418 110163.0317845677
150199149.8038484156 137692.6891148211
144749313.0730076730 110334.7484156210
144304514.4787786901 104248.8504130300
143960837.7919112444 98620.9198500132
145902507.5694793165 119997.1404657196
145686259.9489836991 117607.8961051029
143993813.3513529003 98866.5884839743
147417194.3311260343 127213.6581881230
144285383.5175763369 102814.4931928571
145020068.5999574661 112634.8788637910
147681100.3370153010 129030.2294771855
147198228.6079645455 126997.0876314824
143907843.7672949731 96754.3936811602
143915822.3830715418 96932.5825392222
144669542.9934367836 110117.3823754412
144593007.0523205996 107751.4955751952
145224987.5312819481 114666.7970292363
149873742.1112184227 135504.4223354692
146642585.5159595609 124567.1775290889
146539215.4618875682 123110.5060279293
149887043.2607581317 135505.3234283692
144154265.1945941150 100946.5152602084
144832464.7535701692 110621.7301294524
144018226.0400385559 100501.3116110861
144846498.2510640025 112292.5853910465
145183649.4502767920 114114.2547231053
143953202.9918988049 96954.7600542782
144259525.5062038004 102638.2341181692
144784410.9105548561 110458.3653328043
144944295.6788912117 112469.7922303472
149599684.8586785495 133471.2804897660
146924171.3554246128 124963.9457857792
143907356.9588990510 95510.5236890065
145689164.3169607222 118282.7624139618
145147385.3629404008 112868.9416062627
144423543.3327569067 104932.2257692721
144512686.6575632691 106808.7894444522
149686248.4229192436 135355.5851086015
144587165.1931619942 106965.3676149752
143899624.6421437860 94806.6754783457
145829627.9842532277 118638.8958872873
145808234.5203294456 118565.7561399955
144004893.8418643475 99056.4359745560
145481122.8390895128 116745.2141867112
154674480.3435024023 148807.6448060914
145770401.3443295956 118561.6861200165
173809550.6212911904 199231.2931213379
143989857.4061306417 98681.7716504224
149142942.9328991771 132379.3293077806
144576080.9611810148 106889.4502195325
174208778.8799665868 199232.7173156738
153254336.0839149356 144243.4810563966
149543931.9240580499 133191.1764564940
146812141.6326117218 124708.3316950926
146866884.9201580882 124864.4986909119
148472878.8547012806 131037.8469947350
147276863.2698604763 127082.0674669926
164217239.0383083820 175052.0148498730
158181263.2813158631 154551.0214921876
154178570.1653054357 144889.9634469580
146420249.6264050603 122765.7546299209
147641733.5909352899 128595.7704894261
147492905.4147635400 127484.7123117165
161786490.2767891884 172458.5877916031
161360159.5681733787 170562.6367799453
166595594.1353632212 180583.4257995800
149617231.6934078634 134361.5769265062
158700939.6406446993 162120.2004548721
166082239.2883903980 177462.3526794628
146148837.7852427959 120623.9207223486
158397179.6184723079 156206.9182177186
156136491.2353615165 153165.3629883360
146203233.3575033545 120861.3471598625
146235899.0672363639 120885.1197131090
146254386.9993331432 121059.7162280083
146154803.4085437953 120753.3393937871
145685782.7787138820 117086.7076018357
173557482.1155615449 198696.2539978027
173343623.9078207612 198327.8006896973
172517753.3985277414 197422.0033264160
172697070.5008387566 197899.1831359863
160659060.6848508418 166853.1199828796
158005207.6247485280 154020.7886060290
157247610.9654929340 153821.3346151337
163056588.9842225909 173889.5219092369
167766854.8401302397 185927.3812282862
168690353.5440923572 186952.5459860750
170784555.7703866065 192798.2816123962
145652274.9810526967 116785.1848683767
166399349.1677628160 179640.1703775295
153399170.2612841427 144620.9020769044
149139113.7448104024 131134.4368122525
160850347.6242745221 167655.1709901504
145880092.9449135363 118818.9302534275
167161859.3471658528 180591.5837774277
167395871.0548020601 181123.8378200531
161305797.6913675070 168485.8373748974
154608484.6540401578 148396.2051088258
164438770.1183911860 175524.1102471352
172276556.8227667809 196756.4165954590
160394935.3137606978 165875.8541719131
150880409.8162695467 138066.3931681120
171588236.9587691128 195265.1185607910
171863079.9626961350 195577.6230163574
168765557.6871959567 189722.8089323044
171955429.8381378055 196299.0075378418
158624896.0357271135 159544.0764627606
168482383.3488886654 186709.5215198994
160138929.7605667114 164060.8655540496
171856851.5417360067 195410.6142272949
159830344.4657329917 162986.5052342564
165932215.8506824076 176471.6699625850
149135253.1039847732 131126.0572669134
149291434.7588487267 132511.6848488129
156063991.1198478341 149247.7400617599
151645134.6840190291 140505.0321940184
151223898.3708466589 138514.3619847298
151623833.2534885406 140274.3705928400
151068542.5850099027 138201.2429112792
151627276.2824176252 140369.7065551879
154349054.3226779401 147216.4150221422
152434969.6829301417 142465.3120812904
152042842.6130789220 140609.3343286049
152181562.7719571888 140629.2266015541
152428744.9672169983 141220.9393517300
155943462.1735231280 148974.2152319402
155922719.5912941694 148827.3410969526
156088390.9832338989 149764.3648256361
