472187910.5616263747 1692297.6635742188
472268931.4459437132 1697317.7053833008
472080341.0591590405 1684349.8742675781
474046089.6159417033 1891816.9268798828
474178520.4553976655 1907555.5881958008
474792573.7320700288 1956048.4934692383
474534741.8212980032 1934627.0639038086
475066749.2742166519 1977754.0685424805
480082225.7631017566 2279300.9732666016
480226763.4945220351 2297114.2608032227
478527896.5463851094 2195461.5380249023
506727727.5667105913 3003500.2397460938
471827787.5751525164 1622956.3869628906
483094577.8259598613 2417097.9997558594
476193541.2694134116 2057943.8154296875
472515042.8757314682 1736986.4935302734
472686540.6782437563 1757202.3646240234
472723582.0419902802 1760318.1639404297
473349805.9964522123 1825941.2255859375
475786610.3610063195 2032877.2292480469
475978026.4270195365 2047224.6596679688
477188919.7571586370 2122326.3678588867
482533526.1476616263 2390091.9746093750
486754154.4259150624 2552559.4086914062
472073631.6560465097 1681023.4523925781
473155931.5658622384 1809325.6298217773
485537829.9299822450 2503633.1759033203
482864728.2286679745 2405999.1979980469
473743541.6484621167 1868006.5745544434
481049475.1611524224 2324963.0181274414
471965242.8525683880 1663046.9314270020
471836291.8602094650 1642881.7048645020
501633312.0383672118 2954109.3388671875
490179021.7476836443 2681152.6591796875
513858221.2251416445 3102243.8078613281
572109320.5846179724 3660703.0781250000
476042675.6934111714 2052795.1768798828
482066179.2919746637 2375016.6206054688
497949049.8422694802 2876797.2636718750
497366883.0909432173 2866140.0930175781
560343511.3724592924 3552182.7319335938
538053256.1134601831 3355803.4013671875
472058201.0193238854 1679416.5966796875
473438974.8144629598 1841196.9145507812
473520240.0216903687 1845448.4295654297
476883487.0308613181 2109296.0788574219
498709485.5665867925 2900980.6682128906
487587292.9750824571 2576076.1777343750
478708103.4353569746 2210443.0401611328
518284319.8000755310 3176978.4926757812
474545676.9110878706 1939004.6806030273
474269633.6904480457 1917914.4397583008
564826418.6869044304 3577952.2358398438
565234253.1543164253 3582283.7485351562
473076803.8728377223 1796571.6870727539
474075633.4572510719 1897959.6657104492
474590007.8897936940 1944773.2833862305
518617803.8529372215 3183605.7763671875
472375878.6514897346 1715272.6727294922
472281541.4904049635 1702997.7252197266
474702577.8704359531 1949684.0127563477
511129292.2027034163 3080133.9389648438
488112988.8713715076 2594386.4006347656
490581140.8394064903 2695532.0024414062
487880910.4177562594 2586765.4645996094
472327979.5970312953 1706160.7370605469
476475215.9623851776 2078800.8474121094
489459884.4721441865 2644218.3549804688
496845678.1395201683 2840931.9069824219
556741225.0514872074 3510201.8232421875
557034452.5233294964 3515611.8974609375
479849781.6020281315 2274410.7642822266
493418371.3107848167 2769252.8520507812
513410206.2728584409 3095117.8923339844
472540211.1080842018 1741989.7613525391
473694365.2455326319 1860504.7020874023
496450196.2724009752 2828978.7600097656
473619020.9465392232 1851618.6635131836
571774960.6049991846 3652034.8691406250
473115259.8974146247 1801099.6309204102
473870637.0717332363 1876901.2791137695
518407368.9085190296 3180101.1396484375
537890144.4435793161 3350894.9140625000
474960876.7688937187 1970355.4588012695
501102505.5358301401 2948962.5224609375
500788655.2636704445 2942391.2709960938
572107159.2465460300 3656938.0908203125
473083309.1147340536 1797919.2828979492
474736282.8580950499 1954149.2135620117
475182674.9716296792 1985168.3031616211
474647635.3894091845 1946998.8441772461
484291581.5625020266 2457999.6406250000
518244257.2386381626 3176553.0537109375
474846225.5655169487 1961547.0592651367
474875578.7121118307 1965046.8313598633
475151763.2786027193 1983712.1845092773
481517263.8473909497 2350591.7406616211
480875372.2455985546 2316020.3051147461
481043175.1704555154 2321320.1848144531
516352435.8979666233 3136537.1335449219
517787860.0937938690 3166268.4648437500
517185739.1124385595 3159807.9863281250
484225532.2515980005 2454968.6916503906
488019268.1012442708 2590607.0607910156
510527162.7278879881 3051958.7092285156
472639335.5370960832 1751482.9130554199
475244963.0289597511 1990046.8583374023
481020871.1377089024 2320226.5621948242
479783545.3232789636 2260148.0734252930
484115406.3967937827 2448969.2258300781
473786778.1407211423 1868922.4467468262
473419487.8903991580 1833510.1260375977
474146075.5324429274 1902795.0713500977
474434463.6811734438 1929350.4248657227
487299886.8807655573 2567876.4885253906
493058908.1508836746 2761774.8686523438
484408961.0832481980 2467358.2468261719
472001355.4878972173 1670666.2407226562
489803361.0227775574 2659637.6250000000
541867500.4045292139 3370736.4533691406
541679160.2522690296 3366596.3352050781
472049603.7799944282 1674594.2834472656
473152809.6987339854 1807153.3344116211
483773961.1680673361 2437397.2722167969
490081042.4851495624 2674815.8598632812
477859956.7768695354 2156204.3255615234
484798133.1263888478 2475810.0324707031
472134009.3168752789 1687949.7502441406
472611152.5588017106 1747301.7232666016
475123606.3390289545 1980956.3157958984
476827886.2350482941 2103380.8040161133
485442371.5238745213 2499316.1201171875
485390998.5606023073 2497637.9335937500
474659713.2075983286 1948525.6309204102
484657155.7302897573 2473970.9348144531
484561230.8578635454 2470393.0129394531
473254856.8321595788 1813135.3178710938
493779849.2153298259 2786158.9763183594
476037480.2180353403 2050954.3329467773
491008320.6148769855 2708766.1594238281
560299630.6476744413 3537932.2749023438
472600986.9606680274 1746640.7987670898
473919897.5720171332 1880916.0942687988
478993968.7441536188 2219437.9301757812
514959768.8261132836 3106711.4465332031
550922634.0629054308 3477372.9350585938
551703453.0672168732 3477485.4995117188
495706785.2960253954 2809067.4233398438
490487278.6579607725 2691236.5959472656
542700409.3748558760 3394618.7648925781
542587029.4685707092 3392731.6291503906
478331758.6585716605 2190530.3271484375
529437532.4557247758 3238980.4353027344
490124885.1244703531 2677256.0043945312
565279722.9250621796 3582285.1611328125
476620812.9901707172 2088590.8128051758
487007212.4242309928 2559017.3018798828
482381908.3669143915 2387350.1777343750
482113327.9285421968 2378978.7827148438
482217003.5464628935 2383854.4957275391
559637479.8696904182 3521960.0400390625
559250594.7107682228 3517337.6284179688
476154136.1606045961 2056942.5582885742
478267628.5322242975 2188040.2166748047
484101413.8607226014 2448189.3254394531
477750914.6635438800 2152152.0587768555
516446014.8301131725 3142071.1208496094
494810115.8265756965 2794875.2907714844
547895568.6011654139 3450112.2229003906
527867624.8606693149 3222620.2341308594
478566242.1266748905 2198799.1510009766
492929136.8936626911 2757529.6860351562
478139823.7348574996 2181205.4266357422
480871654.8733299971 2312404.1420898438
501750050.7330729961 2957269.8491210938
478600666.0764156580 2202999.7273559570
509546764.9286671877 3047790.9489746094
477938449.4295003414 2166874.0981445312
477099635.7795130610 2120424.7726440430
478426127.7047207355 2192551.9600830078
490912177.2616947889 2700540.3542480469
483253752.3948266506 2420251.4801025391
478392386.4106745124 2192468.8405761719
481263316.2493299246 2335325.2062377930
499915378.7220870852 2921425.1845703125
502495915.4039716721 2958258.7910156250
490590249.0187528133 2696111.9106445312
475335243.8463099599 1999348.2455444336
481618077.1667649746 2353047.6997680664
480640460.1821571589 2311919.0548706055
490671697.6246844530 2697624.5925292969
481338182.7206866145 2342317.3730468750
482133718.2723492980 2379591.6962890625
478310129.4762784243 2188165.0678100586
486354364.8700346351 2535044.9498291016
493425976.3794993162 2776671.6806640625
477368780.9965820312 2133328.8068237305
478151275.2434215546 2186273.1155395508
497649817.7214189172 2870860.8923339844
497335640.0122928619 2860207.0769042969
507903428.9663364291 3023366.8981933594
568772077.0668567419 3612625.4907226562
568923590.2659728527 3616662.4287109375
484833997.9724709392 2478089.7475585938
477420696.9685826302 2136249.0370483398
476651913.4826840758 2089281.0536499023
545193686.1913548708 3409363.1896972656
545696227.3653882742 3426060.0485839844
509290367.1960175037 3041742.6672363281
548842858.5128200054 3455380.6047363281
497708417.0478665233 2871593.5742187500
477958050.6352406144 2172365.8958740234
479588775.2685234547 2255616.0457153320
496957094.4013504982 2846363.7619628906
485000780.2906271815 2485902.3139648438
487631049.8952487707 2581989.9156494141
549060978.7914497852 3458616.5944824219
478031815.0697144866 2178068.9406738281
477291897.8027498126 2128103.0364379883
475220373.4765256047 1985903.0208129883
477758942.2866653204 2154108.4616699219
510571510.2909387350 3057688.5883789062
478492482.5932183862 2193442.2460937500
475881390.8123025894 2038713.6761474609
483956341.2647970319 2442573.0374755859
488203966.3498572111 2599603.1522216797
488672968.3381596804 2612822.4877929688
475474331.9946126342 2010710.0988159180
487472283.2090460658 2572619.3896484375
515491665.0394865274 3135831.3154296875
514969169.5681322217 3128637.1870117188
487549930.3662261963 2575336.2181396484
476221031.0562717915 2060229.9689941406
509071746.5044707060 3038086.6662597656
479149202.3797528148 2231678.9672851562
475278696.3274297714 1991484.6021118164
479101198.9000653625 2227682.7772216797
488564108.7483586669 2610935.0496826172
497325387.7708009481 2859301.1423339844
488466870.1384769678 2604959.9354248047
481644924.3264580965 2355489.5149536133
475430001.0159066319 2004941.4960327148
477671145.3377120495 2149437.7336425781
532380119.5966348052 3274203.3090820312
478818341.6094517112 2217280.9539184570
547864832.9638876915 3433691.2944335938
479249717.9493504167 2237379.2716674805
571694114.4073565006 3623409.7646484375
512301222.7483497858 3084783.0766601562
481126336.0035738945 2332907.6682739258
484354942.4100806713 2459635.0725097656
562694930.8424378633 3565062.7392578125
566339721.6295856237 3590728.6147460938
566376102.3323732615 3594978.4545898438
487121820.8809315562 2559157.1495361328
553515868.8410179615 3486111.9453125000
553197127.3302108049 3485127.5288085938
525381869.9383850694 3194295.8571777344
524867355.2572212815 3188303.3769531250
494554483.3544446230 2788655.4267578125
526220563.7202088833 3209157.2021484375
492519595.9200024009 2748336.5192871094
546932501.3927179575 3427415.4128417969
527221434.9903208613 3218048.1298828125
527693557.9819433093 3218870.2402343750
528643093.4650139809 3231396.5529785156
528406810.5132999420 3224886.1474609375
491799375.6910640597 2728918.8337402344
555661030.5586267710 3502850.8320312500
569579023.6758244038 3618787.1879882812
567735251.4700469971 3604033.0952148438
491329088.4740962386 2715947.2944335938
491517951.5381850600 2722815.4431152344
491223505.8187385201 2714441.7968750000
491472929.4961429834 2721235.8596191406
555749893.9248780012 3504848.9306640625
532145770.9024348259 3243949.3491210938
532234454.0631728172 3251563.5034179688
530382094.4999952316 3242275.2529296875
495980993.6272705793 2812215.3740234375
489741445.8203462958 2652761.0349121094
495956700.3576439023 2810490.5822753906
504098140.7211034894 2969113.4428710938
497035039.5026842356 2846504.2858886719
504389162.2994126678 2978852.4990234375
504593947.6424181461 2979287.6811523438
504670250.0150555372 2981667.8076171875
505256184.1864340305 2994920.9565429688
495974474.3444247842 2812072.8791503906
488968665.3146849275 2626123.8510742188
505083886.0878371596 2991534.5034179688
486105638.7155061960 2515690.2755126953
496806515.2917754054 2837944.7976074219
503391164.6312203407 2962536.1975097656
535041591.6015779972 3276662.1499023438
505397559.8732289672 2998588.1250000000
505140990.1192916036 2992679.9580078125
537588120.7545802593 3303847.4111328125
507510209.8223361969 3016099.6145019531
507912355.4413354397 3034662.8312988281
