897800875.0146665573 756.2948793300
898455982.9193644524 765.0732116333
902253261.4225835800 805.2618978498
910821169.6638809443 856.4855417881
909038110.9158252478 848.0537455958
906718811.0496193171 835.4812877320
907924012.9764158726 841.8010943107
906431946.4103512764 833.6860517964
898897550.8887090683 776.6353947013
902122902.0571649075 804.9997475185
908027985.2442731857 843.3768956833
902625984.7931097746 807.7680453893
910725156.3886122704 856.2519527318
915200429.1219813824 877.3142401977
912103427.9577194452 862.8198104827
898680408.9229801893 772.7843162471
902983520.0179119110 810.7698002693
909372845.5818426609 849.5744889270
923605271.3168839216 904.4981041923
902574891.3992638588 806.9346741391
906640940.5620681047 835.4411791705
902594154.5931096077 807.1259755506
909359387.4263669252 849.4933417323
908811338.4201822281 846.8252566289
908422650.3198136091 844.6734626943
898305292.2559196949 758.6534775341
899415357.8245189190 779.3794236928
909038110.9158254862 848.0589461904
908832414.6832116842 847.3664428573
908993297.9775724411 847.5284342807
909276966.1836487055 849.0697384071
920135852.7296321392 895.1657834428
910318065.9376592636 854.1831988780
917395597.9801981449 885.4363986803
908195580.3749494553 843.5680449782
905366265.9986053705 828.4030226296
912595681.5959795713 865.4745731382
921625814.3586028814 899.6285516325
905288395.5110547543 828.3788237753
899415357.8245185614 779.3693973236
918003928.0294705629 888.1739722071
904550640.7959359884 821.8624162851
921176972.4672756195 898.2563034373
912508750.1734555960 865.4657220869
905114166.1245027781 825.8580670044
907844255.0528583527 841.3756636085
906612236.4118072987 834.9986948580
908621060.3626679182 845.3367329577
907011744.8555719852 838.0818050830
902124665.3480697870 805.0027869763
930073689.7113660574 918.7495453656
926044605.1532887220 912.0002075881
902714223.3679014444 808.3991776123
903184033.3633499146 811.4501711868
902391155.7047201395 806.0750154433
917389317.6223709583 885.2975954740
904429207.3384950161 819.4851776581
906916612.1418619156 837.3751292995
933009681.3438322544 921.3611217439
915855032.5084267855 879.7391264914
917194638.0345402956 884.0974190636
925745459.1566550732 911.7999660149
903456183.9502502680 813.8153709443
903248277.6982748508 813.3953666138
918297712.2211290598 888.2549878685
906929503.4356968403 837.3798818505
916186899.7315297127 882.0280278800
898679441.1754164696 767.5290006592
902609607.6930403709 807.6425308639
925546679.1495615244 911.2252679691
925471557.1602979898 910.9032079950
908300380.6285074949 844.6583668752
902494602.5221973658 806.6180449489
908282371.7178643942 844.1696630394
908146992.5669288635 843.4142444679
918502396.5587480068 889.1243509082
904924311.6729376316 824.5934153632
904761104.1146188974 824.4756408992
916446776.7525045872 882.4449470667
922011933.4478244781 900.4932978678
910021760.3878604174 852.7802196037
908300380.6285084486 844.6594295068
917086949.3471089602 883.8373062788
910626606.5740321875 855.1068199822
917588322.7214481831 886.7405722020
916858313.8592586517 883.3414576529
905053276.3316673040 825.4878836939
914633554.1011797190 874.8932856350
918850108.8115308285 889.9196116704
910381885.4499661922 854.7682536211
899792960.0782194138 784.1912523602
911486011.2258224487 860.4664822098
902775651.9377419949 810.1032768206
924960069.4230685234 909.3157867417
916173201.1575634480 880.7875971077
916446776.7525047064 882.4626883893
923478365.9393161535 904.3823905960
910626606.5740321875 855.1377358386
922756671.6967941523 901.5332711712
909372845.5818425417 849.5666519295
907525949.0217504501 840.3226959920
929815644.3619874716 917.8951714039
919052146.2416538000 890.3384772468
907172628.1499328613 838.3531769229
907505263.0267548561 840.2844840121
912099666.7515854836 862.6313196076
918090859.4519941807 888.2441347419
917562821.4019448757 885.5997240646
929930718.6801835299 918.1204882860
922556109.5598611832 900.9370164278
909631439.9006849527 850.5712646557
914165012.1124449968 872.5777970655
929989987.5120433569 918.5513627529
911635392.1943540573 861.1836115511
907172628.1499326229 838.2981852604
899802170.8875688314 785.4646611415
918656634.7982504368 889.7188351231
907631604.6669322252 840.6890156394
911900529.6315203905 862.4091907533
909760593.1835802794 851.8502927836
899748881.8148505688 783.0285616263
915962143.8779948950 879.9251949219
925661756.9573321342 911.5748338774
907979295.7868734598 841.8933619948
923969653.1631824970 906.0148470551
899816246.0350558758 785.4833416511
925243703.1319088936 910.3124217317
909182645.2106337547 848.9188825753
924652975.5986566544 908.6326492652
900243312.1367305517 789.1438651958
902816941.2430449724 810.1053046552
907631604.6669325829 840.7024009353
909415234.6117284298 850.0609517824
909495316.4914680719 850.4179577496
909915598.1028293371 852.2481568422
923493446.5421336889 904.4775037542
915529833.1105964184 879.0402693851
914477898.2318953276 874.1966868965
925342485.9340504408 910.6173463687
912300843.9214800596 865.1472021071
906533770.9722105265 834.6310755025
916398852.5498574972 882.0374298943
904930686.7614572048 825.3812478213
912052115.5090963840 862.4955257336
910759185.0233979225 856.4168075691
905876338.2597012520 830.6275273246
923421163.5324124098 903.3502290940
900324610.0323847532 791.8340720967
900930047.9028154612 796.5103728768
910838732.9003604650 856.6102272835
906192837.3088781834 832.8901422541
907190637.0605756044 838.8745733177
925397847.7888114452 910.8565056846
913557035.7302448750 870.5412166296
907670064.7535156012 840.8999214494
913860698.5595159531 871.7410186036
911849341.6103585958 861.8745781211
912166417.7452002764 864.3199731289
914310785.7623156309 873.2300624503
911080309.1810088158 858.0860363525
921664873.7123976946 900.0515795427
908685118.2231253386 845.9813267426
899666846.0188740492 779.9449611268
920218865.5364415646 895.3860496807
928296793.1520806551 915.6049507260
921324260.0760515928 898.5969153124
921007322.6224153042 897.8332817632
910617889.2385281324 855.0357894609
914545844.7241940498 874.4355225368
906264281.6044161320 833.0921144049
914338140.5512501001 873.9647433041
913556205.8688840866 869.9949938311
922605829.8113697767 901.3249661404
932523541.8704881668 920.3053527176
927413902.9134069681 914.4954939559
910048817.1052768230 853.5013744052
927534344.3949737549 915.3072347417
911190412.0571908951 858.1246977466
915433953.7124021053 878.5633500992
904830192.2628709078 824.5059808226
899678044.3079242706 780.8449237522
918906432.6148501635 890.0688445496
908446308.1185076237 845.1158875442
913517046.3796912432 869.8422822980
913326797.3759137392 868.6778723551
912842192.7056673765 866.9395809649
899948991.3770638704 788.6568157371
915651087.6036998034 879.1644086866
920439066.7801251411 895.9995308149
927279730.0205528736 913.8190345690
911253919.1506091356 858.9989934211
910889900.0231146812 856.6395815551
901832699.9039570093 803.1084843611
926326811.6195929050 912.8669961616
912947040.6954603195 867.8737050249
904451428.0860625505 821.5523772194
927055242.6057837009 913.1878544167
901262897.8933316469 797.6818419934
903182973.9235183001 810.8522504702
914141830.2630825043 872.3854319630
911369099.7804776430 859.0042808336
910171098.5479532480 853.8251794558
920571526.1646788120 896.3386241051
910171098.5479532480 853.9153716844
900685971.3148751259 792.4050321566
920645681.4034930468 896.5346914235
901784999.3413285017 801.6121093619
901120929.5697301626 797.3855705169
919171161.2546691895 891.2928025353
902058267.0885812044 803.2399079529
916088265.8995034695 880.2740543294
915041437.2251011133 876.0650846614
915093466.6716204882 876.6138148336
913476859.6922364235 869.7525457470
919466789.4138349295 892.4277092147
902076275.9992241859 803.7006737580
932399552.0854437351 919.9526360333
927920601.6533547640 915.4404069781
928319673.7661257982 916.7413952276
920027991.6099574566 894.5092711824
900142664.1539739370 789.0424979462
906010412.6691032648 830.9059299022
905760603.7882071733 829.6811728889
905920414.1384984255 830.6555710009
916080322.0327556133 880.1906700758
903849042.1837420464 816.0777554056
916813684.0126085281 883.2759600608
916627113.2616643906 882.7777001737
901357807.3739923239 799.1514594517
901626128.8903650045 801.2074833512
903712208.5659482479 815.2421328956
922380723.2745990753 900.8240597996
900703374.2091931105 794.8528303067
914707146.6387466192 875.5147861419
923113835.7533363104 902.6358650997
914834114.7067290545 875.9153667120
901472349.6652677059 799.4827366606
921938480.3694304228 900.2988499927
900246340.8671287298 790.1433313231
903683880.7538518906 815.1382461492
915165302.9246159792 877.2671331121
901703999.3779158592 801.2692986428
901575035.7619299889 801.0253987610
914963574.1891446114 876.0261325864
920614851.3297590017 896.4158400822
911231392.8154538870 858.3503270116
901817240.6371219158 802.9341974258
924777297.4441463947 908.9082834050
902296721.4970573187 805.5909257559
904076906.7529752254 817.8838858356
916894614.4009515047 883.3593590958
919547719.8021770716 892.4789973798
920274522.3790396452 895.7404256391
922324529.9049663544 900.5674791895
923753825.4750707150 904.5837647244
906727987.3241823912 835.8296384700
932035354.5204701424 919.3775841892
919547719.8021773100 892.5248904529
919599248.7983874083 892.7533813271
919080954.9990553856 890.7676861066
913208872.8080064058 868.3079922078
924807535.2769123316 909.0947503373
913394866.1147645712 869.5143026142
923177750.7322951555 902.6855300739
924446066.5144627094 907.4345182702
906858154.9241700172 836.6876951803
903577259.5178272724 814.2228700971
906390478.2030889988 833.6091491750
903932978.7765088081 816.2388176303
928783501.2062933445 916.9980622530
904046373.9424185753 817.3492646376
924161763.4814417362 906.7300509736
906834927.9715970755 836.5262427219
932160367.8755753040 919.7301329076
929705882.0100959539 917.6844115555
920052354.0049523115 894.7157200205
919658988.4163345098 893.7024293172
905934304.1570916176 830.6627941525
917878788.1543264389 886.7455379693
904042073.4993683100 817.1943901973
927370647.6798017025 914.0347794294
904006540.3441168070 816.7519746059
929703762.1475876570 917.6042742431
904033174.4945950508 816.9922907023
906028768.0031251907 831.2120795751
905645438.8233809471 829.1757769471
929853777.9562361240 918.0088213384
921468916.2289370298 899.4727285656
924131551.7989729643 906.3921435773
902540147.7869077921 806.8914935422
920464375.9570939541 896.2901889014
921013096.3226926327 897.9819341007
921013096.3226926327 897.9807880822
931407569.4358513355 919.2572928071
922859872.0702174902 901.6383913200
899411224.1855738163 777.3902845829
899331880.8605442047 776.7139731092
899363901.7206094265 777.2868591486
