90305915.8909081221 1004527.2236328125
91263963.4206958264 1037280.6049804688
89631558.9299041778 972401.3593750000
88182612.1445755064 796349.5848388672
88857118.9735654891 904683.4152832031
89210886.5115722120 941938.6977539062
89297588.8782284111 946387.2409667969
88111665.9167166948 775980.7095947266
88863707.0401488990 909778.9807128906
88977810.7225786150 921807.3862304688
92834620.0174528360 1071455.4731445312
88601071.0358362794 869638.4648437500
88918552.9985231310 916595.0412597656
88169667.8765362948 793321.4329833984
88533968.5071171373 860559.8785400391
88772991.0238509625 896398.6110839844
88212909.5447382331 803272.3450927734
91958316.4283008575 1055190.2363281250
88148149.5695089251 787484.5629882812
88731565.8539340049 888461.9371337891
88827836.9822252542 903214.6716308594
94066676.9560387731 1083891.8149414062
92036867.9688024819 1059848.2089843750
88752038.2430317402 890208.0009765625
93922833.4763062596 1078587.0756835938
88580634.7243150026 867763.5166015625
88579774.4273691326 865513.3062744141
90381493.8950095177 1009747.3828125000
88165339.6278918236 791196.0368652344
91119586.8540022522 1034791.7421875000
88428684.0094119906 842214.1047363281
88802273.0151912570 897867.3547363281
89172485.3754260987 938821.7070312500
91291269.6055032760 1037432.6240234375
90086578.7433983833 994774.3325195312
90073061.5077886283 994361.8715820312
88275184.4472080171 815555.3157958984
92326550.4334740043 1063116.8359375000
105452127.3905841708 1118381.4360351562
88681118.4916946292 880529.3868408203
91422056.3549909443 1038838.9072265625
91691440.5192732215 1050384.8779296875
89461516.1530307531 959147.9331054688
90240732.5494064242 1001387.5249023438
94267216.2510767281 1086640.2709960938
88679810.3424802870 879570.9730224609
91850582.2664539069 1053416.6093750000
89451436.5063767731 956972.8090820312
88655933.7259108424 878204.4346923828
89978782.2234154344 991184.4501953125
90848280.5438581854 1025931.0781250000
89005408.3381830603 922799.1647949219
88461601.0648190379 849537.0142822266
90116843.6976066381 998413.8286132812
92658312.8248492032 1070495.6840820312
89968391.9570416510 989680.0747070312
90214884.2784142792 1000185.8129882812
88195719.4863553047 799560.8712158203
88429265.9545524418 844601.1971435547
88731353.2638541907 888131.1252441406
89114562.1144411117 932543.0021972656
88756148.4652070999 893794.8259277344
94624448.4914799184 1094798.4433593750
88258084.1283691078 811852.2906494141
88519293.6194762141 858813.7066650391
88706168.4980704188 885806.1730957031
90573519.2916533947 1016590.8447265625
88538000.0918052793 861024.8026123047
89037948.7454585880 925457.2009277344
91177635.3145188242 1035843.0981445312
88654958.6712564975 877928.1501464844
91397619.7881390005 1037676.7099609375
88631299.5908516347 873850.5300292969
88404974.3622140139 838095.8317871094
88979372.2962511033 922655.5158691406
88327662.5617798418 826155.6292724609
88114613.1478435695 776700.4659423828
88618039.1432644874 873067.1270751953
89008654.2875913829 924124.2595214844
90056729.5729925931 993265.0683593750
88179596.9208686352 796079.1379394531
88409001.6311338991 838862.7496337891
90374097.7420620918 1007622.2729492188
88968329.7567010075 919444.5754394531
88262331.1462011784 813950.3660888672
88907098.9407021403 912672.0681152344
89991007.1999705434 991260.3916015625
90101596.7389969528 997147.9462890625
90048819.9164051116 993142.6616210938
91561581.2048858404 1041320.2978515625
90245440.2187295407 1001749.7841796875
90737531.9823170453 1022621.1220703125
88617862.9681609124 870870.9218750000
90464457.5721053630 1011967.2338867188
88413751.0789211988 840062.9244384766
88967918.2384301275 918732.5427246094
88804014.5130781829 898715.1262207031
89900556.9768388867 987395.0551757812
88477555.0432267487 852680.8707275391
88097760.9885440171 768283.7310791016
89097605.1248027682 931493.5063476562
89126488.4608543366 933013.8076171875
90879653.9799149930 1026895.1923828125
88742354.9682551920 888675.7009277344
88892989.0314891785 911247.7243652344
90010839.6837891787 991931.8413085938
90440369.0840517581 1011031.3471679688
91030863.6149061471 1027344.0654296875
88227166.8377150595 808155.4461669922
88637133.5517968535 875172.4488525391
90360777.8660537601 1006112.9394531250
89788086.9331632107 980639.7636718750
88466255.0830146819 849761.3790283203
92975536.1811694652 1072513.6845703125
88541879.8447226286 862208.7178955078
105699246.0293487459 1123767.5708007812
88183342.4565227479 798490.0958251953
90835712.1440884322 1024888.3295898438
88590563.5416902602 869110.5664062500
88207639.3796089143 801472.1685791016
88573288.3171299696 865334.0659179688
89085280.1231009066 931074.2585449219
89875243.5640816391 983445.2060546875
89932653.9671144634 989377.5063476562
89488716.9211686552 960133.8173828125
89467631.6551017165 959640.6672363281
90026699.4221608639 992042.7553710938
92468994.0210812539 1067328.4794921875
91113412.2531087697 1031546.0898437500
88498590.1932812184 854469.6754150391
90467569.8521896601 1012017.2314453125
88299944.6542682052 819381.8948974609
88460279.8186664581 848904.3702392578
89771573.1837761402 977927.5849609375
89490115.7390566766 962623.8061523438
89201020.6066345125 939187.1269531250
88209976.7793321460 803010.1475830078
88199296.4349306077 801448.0655517578
89496581.7689149231 962897.1103515625
91603717.2896127850 1045980.5068359375
88152962.5980592519 790125.2614746094
89658759.6980420053 973387.2436523438
89404314.6152220964 954190.0151367188
88810530.8290712982 900053.9313964844
89809209.3852729052 981975.7514648438
88858860.4714524001 905531.1867675781
89618081.3423325717 968229.1750488281
89848509.6296328753 982864.8867187500
91676820.8918515295 1049030.3032226562
92620491.2434652597 1067553.6416015625
91410466.5889595598 1038563.7690429688
92393961.1977977306 1065448.3027343750
90334365.0702342391 1004549.3598632812
88243120.8161229193 811113.4158935547
89676004.6033175290 974507.8798828125
88421465.9572650045 840449.2291259766
89105200.0478398651 932487.9282226562
91190800.0883499235 1036455.4042968750
90604892.7277102172 1017554.9589843750
89047512.9851379246 929228.8925781250
89525554.9160866588 965919.3720703125
89606401.1291105151 967788.4926757812
89166019.3455678374 938548.4028320312
98391178.0275643468 1106003.7661132812
90360213.1698988378 1006072.0791015625
89927757.7449768037 988380.9394531250
91081743.0633119345 1028853.5522460938
94551669.7815420777 1090649.8247070312
88445219.9329602122 847972.5743408203
89066577.5485763997 930402.9643554688
88079952.7324951589 762833.6800537109
88381827.3167839050 835721.2857666016
89327873.4551120251 949666.9345703125
90800003.6346733421 1024884.7353515625
90368273.8259707540 1007574.5102539062
88315281.3607488126 822966.9847412109
88794979.5456937104 896987.1667480469
88135772.5396763384 786413.7875976562
88822069.2801521122 901511.4948730469
88702874.4724857807 882230.5822753906
88321977.5781617910 825427.2503662109
88242130.1499613374 808894.3209228516
88849825.5040679574 903803.2272949219
88166880.9340566546 791654.8913574219
89413473.1576044559 954986.3959960938
88118920.3803767562 777997.0527343750
90515530.7727583051 1015232.0483398438
88100874.9391786009 773482.7874755859
88372012.5026716590 833930.0885009766
88686054.7278961539 881314.2985839844
89616835.7754992247 967895.9267578125
92686046.8683661819 1071262.9262695312
89444522.5860308260 955314.9755859375
88297687.4015377760 818601.1214599609
88666722.8402320594 878969.9880371094
88947834.9898633957 918063.7849121094
88435241.0616667569 845428.2521972656
88723826.9243140966 886272.8068847656
88567864.4264377952 865140.3983154297
88847456.6362819225 903326.4743652344
89410780.6450803429 954463.3193359375
88932199.3132261187 917462.4299316406
89132838.7319412380 935486.9394531250
88352477.8667332381 830251.2396240234
91803230.8162525147 1050660.5312500000
88817976.2609158307 900948.2780761719
93113567.4931689054 1074910.5244140625
88335914.4289033860 829350.5672607422
89852513.9814125597 983233.5180664062
90497933.4918819815 1013116.9399414062
108473801.4435214400 1150382.2001953125
88387966.4810794294 837073.9449462891
89007150.8938441575 923560.0119628906
89958121.3846691847 989480.6479492188
91107718.7471933216 1029226.0278320312
106073984.4475433528 1133269.2578125000
88063100.5731955618 754416.9451904297
88084022.7798790187 765066.0526123047
89706185.9317034781 974906.8144531250
88221798.7670118511 804273.8889160156
89188223.6873117983 939029.1528320312
88744999.5785571188 888998.5139160156
88367053.7172534913 833880.3491210938
89249042.9850398302 945089.6274414062
88308631.5477674305 821324.0838623047
89617511.8399719149 967959.0502929688
89349046.1093551219 952392.6416015625
88217182.6683436930 804259.9935302734
88282493.1570868939 818216.3117675781
89326538.9920415580 949643.6840820312
91651810.8030992746 1047067.0888671875
89772678.6326218098 978778.9809570312
88324932.8560685813 825669.8947753906
94277193.0572190434 1090373.2333984375
89450988.6158890575 955588.2797851562
104928126.9075945765 1117097.4238281250
90721561.8592213541 1022075.8266601562
88106331.1726723760 773510.6517333984
89315319.0587942004 946676.7070312500
91429614.4474513233 1041194.6738281250
91590243.5116108954 1044463.3149414062
88173358.2871513814 794594.6431884766
89571115.7786843479 966166.3789062500
89392341.0107338578 952742.1352539062
89355512.1392132938 952665.9458007812
91880897.1804623306 1054850.9218750000
89201458.5225979239 940455.5454101562
89733138.2889346778 977030.1899414062
89348558.8209157735 951855.5415039062
88158418.8315530270 790153.1257324219
89578069.0969818234 966732.7294921875
89794552.9630214423 980913.0678710938
94065015.1174035519 1083120.1264648438
88147788.2342094183 786562.6417236328
90700827.1209416986 1020865.6137695312
88301356.1572718620 819665.4207763672
88141228.7731701136 786441.6518554688
88353371.9594347030 832308.5369873047
94581757.2725933641 1093158.7358398438
93344398.8089319468 1076320.5278320312
88304980.9775144309 821027.9060058594
92640276.4014121890 1068781.7631835938
98373021.9765577316 1105450.6225585938
93976327.9716840088 1079337.4355468750
90305660.9554545730 1001836.4589843750
91643316.0067127347 1046325.6772460938
88555746.4633641392 864019.1085205078
88130397.4291675538 782394.1103515625
88124354.8343317658 782252.1618652344
95023606.8407882601 1096160.0366210938
92666360.5904045552 1070641.2846679688
92455520.2430794090 1065811.2875976562
108893964.0795955658 1150578.7695312500
101989835.9297577441 1114170.9506835938
88295873.8833835423 818290.6174316406
93937770.4369125217 1078972.1181640625
108392165.8177508861 1150235.1953125000
107844467.8160513192 1149018.8017578125
107962808.6237076968 1149889.6064453125
106459524.8829806745 1137826.0253906250
107742343.2786322981 1147971.3945312500
91796396.4196231365 1050423.7011718750
88566119.7857170254 864373.8208007812
107369800.1417117268 1143183.7568359375
88515885.0135574639 855865.7657470703
88099165.2009580582 770903.1262207031
107487562.5225875825 1143207.9541015625
88699989.1463462114 881799.6416015625
88704082.1655825078 882362.8583984375
107545943.8310682029 1147470.9648437500
107777268.6823770553 1148780.6152343750
88400163.9929447770 837302.2261962891
106926332.7302867472 1141701.8212890625
107175701.5818055570 1142318.2763671875
105341104.9625920057 1117265.5878906250
105506594.7961722016 1123043.6777343750
94930870.9198770076 1095427.7656250000
95329513.7180550545 1097198.2548828125
93392898.3015281856 1077390.1245117188
99316057.3971334845 1107064.7236328125
