708338012.8007748127 95152.2877887172
709190475.3525072336 115489.2763257903
708996959.6755404472 111440.3694349212
709233690.1850913763 115577.0306447429
709404112.7859762907 117558.8131460232
711871306.0302268267 148869.9341522512
713193503.7701839209 162030.7862871272
712727090.6620490551 158627.4915422780
708293796.0020601749 93309.1304665488
708986281.4956508875 111435.1785779876
709215294.7726666927 115507.2447950003
711768501.9060318470 148190.1827637014
827356773.0753796101 506852.8443014901
827437555.1728194952 507388.5752737802
712029941.6937724352 151120.9824403636
709110024.5370646715 113475.3249189016
709183668.6309221983 114027.3040212673
817089525.1856799126 475997.2288412899
708223004.8906716108 90484.0812623185
709084745.0096679926 112007.3709310574
736332389.6132061481 264978.5322111938
712711336.0221740007 158619.4308896643
841228628.8987503052 555755.8414459229
840763899.6573545933 554900.8743133545
709958197.5021972656 126364.9725177298
834185086.4912612438 532117.0081634521
710702058.2642729282 136845.5810244662
811206004.2372999191 459405.6897845604
710277989.4521385431 130782.9612811190
711754316.0298423767 147899.4917517287
708587375.6175168753 102193.0378838462
711356566.1947864294 144265.2560313327
708253373.2307364941 91875.2395827455
710924332.8399857283 138740.0165434462
710325727.2567896843 132076.9782884849
735772484.7939980030 261644.0975800492
735370765.8928403854 260664.4173584916
709752545.9869056940 123374.9535845053
732623667.9790908098 249622.4733803961
732553288.8236063719 249387.2482674811
736587299.7401894331 267298.3376005981
709168424.6710187197 113743.4086584133
711237551.7435266972 142570.7356150729
708301088.3282983303 93409.0300768298
709600899.1180073023 120671.1695121090
814508856.5873579979 467499.3973886073
708716267.3978387117 105665.7151685638
710359993.7156517506 132318.9761126620
711003197.8187706470 139891.0920260531
708195299.6180067062 89771.9434477967
708636377.6723597050 103663.9823647422
708580478.4389598370 102170.8195610923
710044042.2453345060 127812.5496826974
732126947.5676187277 246619.2965121958
731585374.4709502459 244954.5503192637
839888136.9928834438 549976.5096282959
709288938.8665242195 116056.2778219265
841084331.7602868080 555089.5886840820
717109741.8741474152 194035.4476004437
708702269.9016902447 105314.6042166633
734121493.3453074694 256490.1169505809
733663734.6605664492 255120.8082347605
736199990.5468868017 264935.3899382446
708216836.4955908060 90189.0136698169
814850978.9146755934 469618.4413499236
717165640.7356209755 194427.6223719314
716843956.7147321701 192857.7179529861
714307972.2518153191 171764.1200671829
708189555.3227473497 89649.1853615922
710090426.2351182699 128344.6929135379
736515338.6232081652 266425.3787840698
840528031.3501400948 554141.6053466797
836187737.2976753712 536366.6055603027
836349721.9372453690 538148.2406005859
709796027.3011393547 124148.0043233913
716881654.8676352501 193495.7464896039
840088501.4609549046 551825.9984436035
840438273.3246226311 553286.5560760498
715876267.6089842319 185262.3620666543
713804455.4491682053 168291.9750832953
716764568.1253759861 192203.7621527509
716323326.2226200104 187770.7690726639
710172430.4986312389 129885.9687466678
709531221.2843320370 120141.7144029868
710685373.5777474642 136614.0457003695
712189977.1289415359 152288.6627012603
712031818.3385134935 151130.3880952708
711209306.1341120005 141849.9556213674
714189695.3222856522 171203.4537742250
724519399.4110938311 225940.8980585551
815967996.5219931602 474323.0445149048
812181594.7864906788 461341.2256540060
811808957.4328389168 460202.1492379904
716883121.9267599583 193973.1573441278
726701007.2634294033 229787.0852735760
711659100.8719441891 147096.9578697123
711640258.8584635258 146847.0265840404
713206455.5682176352 163532.2930294854
803159171.7166994810 446209.3858000934
748822896.0510364771 281041.0192603155
748467713.6955130100 279234.2050513311
712525061.2398159504 156012.4980073087
712254453.0265756845 152512.3960756175
722836077.5634655952 215256.1348241782
732487742.3302468061 247793.1789649222
816334552.9703476429 475524.0245635679
708189555.3227471113 89645.8153702897
798666186.9857053757 427650.8791844249
733305499.6692351103 250978.2300937306
709626517.9740030766 121422.4768694175
708288051.7068005800 93199.5889140052
708189555.3227475882 89651.7033440751
719496576.2670493126 206981.4602045694
708288051.7068005800 93184.1813593787
710109833.9398698807 128829.0456712973
714185800.8425527811 170953.5209978558
768105510.2267490625 351624.4785903373
767940211.9996855259 351444.4326766410
719996580.3989174366 208915.9758564883
809958444.4201683998 456434.4674597873
809875858.7825183868 456287.8139239550
820118231.5291125774 486609.4712963104
714452362.0575947762 172869.1043699719
800654129.6800526381 427809.8262357116
837819627.0326995850 539554.6326273829
732837094.9371864796 250571.3619304392
717527322.0666242838 198276.3781416665
713467895.3559578657 166438.9437269606
733449456.3939958811 252087.2725118872
733656667.1517006159 253869.5458398554
722465713.6016646624 214995.7758487674
813666778.5266895294 465682.6444451213
709416541.6649686098 118201.1003130210
755001177.3866580725 304449.4375918601
724310400.2783528566 224398.9047724223
736406965.8993541002 264981.2905730102
841127926.7850909233 555329.6008148193
713339858.9437047243 164596.4933103956
711990120.1492446661 150742.0713182203
712802809.4775376320 159595.2132884917
716092797.9184744358 187148.2464791163
736754310.1527439356 268806.6932393620
736499815.6962541342 266104.0982283447
719883276.1456859112 208408.9245218912
794095908.5859093666 410866.8812275231
713098251.9721449614 161834.9199255742
828994020.5391745567 508540.3475155568
709522178.0517437458 119883.3559282553
712439590.9203840494 154832.3249257915
712305792.0203716755 153272.7901357524
723410797.5433003902 219803.6717707133
725876290.3375920057 229453.7830519173
725735906.1524223089 228848.0544752572
711900132.5840170383 149910.3614027612
830930481.4982552528 512653.8920059204
715353877.4540364742 179419.0283569971
712797336.2134715319 158853.0917799585
815238591.6753261089 473368.0605050623
711594915.5898627043 146488.0616421757
711778783.2881404161 148441.0577950068
710303018.8188029528 131646.8294885886
712921363.2789217234 161433.5727819316
731712851.0737050772 245068.8243489955
713873098.5506091118 169172.4193527214
817609255.7719621658 480317.7773019373
736728040.7598778009 268105.6416624878
712326468.3442132473 153288.7554455978
713393835.9913138151 164682.3942313828
733516603.0415996313 253161.2858128045
734458302.5305548906 256894.1133803260
720076448.9873323441 209103.1449204187
723482465.9626659155 220613.7954630572
716692416.8774065971 191653.9636137241
736707455.9114848375 267761.5233649109
711960788.9777712822 150109.5675053187
711331137.4582623243 143331.0556884594
712956682.8204741478 161435.5016759746
724345367.1845653057 224412.9136185860
722312742.8824336529 214942.6469119998
719759994.6435885429 208403.8091120401
711039440.3506247997 140214.9366550632
802138813.1127353907 434155.7986561656
716761008.0699713230 191996.9966426843
712630124.6441160440 157132.3348488398
715703247.8458147049 183962.9114049785
715580582.8597071171 182162.1363464349
712869111.8608418703 160291.7893422954
824751564.0682994127 500358.8598465547
736499815.6962541342 266108.7579192016
732928870.1669179201 250704.2659066413
723767641.8967308998 221326.7996806987
716757972.9338133335 191832.6914251798
715519291.7622890472 181356.7642801011
712604938.4836345911 156411.5761255138
821214583.9568605423 488576.0476281047
820817505.6622467041 486718.0307824016
723973365.9833717346 222262.3094541049
716757972.9338133335 191832.5083120817
833508713.0734674931 518411.6430938244
791648588.4205509424 406693.0677923087
716757972.9338133335 191835.0534094328
723255040.8897063732 218435.3903054727
723006738.0098617077 217448.9110691982
723111698.7129187584 217741.4048170066
831965389.5763494968 517521.5249328613
728384168.7759836912 238989.8704307477
732053296.3561705351 246008.4442592356
711881680.0675061941 149758.9363950007
729430761.4768586159 240806.1573560142
711900132.5840164423 149890.4861433618
735105547.0420919657 257453.2125376556
718445081.1773602962 201984.6762246841
724225920.3976898193 223787.8591304738
735784138.2935000658 263460.3129996322
715353877.4540364742 179402.0979370752
724298851.0674495697 224054.3141311049
719650236.5467681885 207763.0887446085
732551303.2841511965 247837.0310025904
722879552.9219647646 217380.8825551706
772711151.9505493641 362015.4429076061
758665030.1615359783 321396.2956151691
785931056.6998115778 383451.6197557151
785551218.4454796314 383117.7834214866
724603530.4172275066 226634.8535865444
804074148.5842298269 446329.4222992659
715813963.5889284611 184439.5414003411
816621338.6553653479 475660.2722985148
838444983.9109238386 540866.2918548584
838741950.0754907131 542270.7582855225
721309922.1985166073 210918.5340357857
720957787.1102180481 209440.5179884714
733069043.6996899843 250811.5760231707
719944356.4472187757 208833.4095635589
719656985.9566850662 208385.6909479776
715673083.6091389656 182617.4616549786
719857560.6772091389 208403.8213032165
719547425.8898112774 207569.2527613321
724417680.8561792374 224906.9739099955
719431876.9585146904 206352.5491022745
812867314.0176198483 462173.5264031291
760670006.6037776470 321720.3993797213
724466013.5643817186 225753.0671373820
723311655.7500967979 219175.2086893534
718886065.4747148752 202823.2973589578
817644520.3421568871 484991.5148086548
723246953.6800210476 217942.3866971945
728343678.1706857681 238136.9050691526
725240570.6645047665 227068.4240709757
724216772.0912902355 222747.4187384564
715444873.5833641291 180433.3479446806
723849749.3221380711 221891.5956903910
711228536.8077625036 142130.5668727105
797814641.1662502289 418003.8834235370
797300405.1534037590 416792.2939459980
727535745.9181214571 236183.8491899024
817510445.5217465162 476251.7940008044
732424547.8367928267 247176.6713603232
776467148.3046067953 366116.0323841814
727069059.1910063028 234336.7546472168
731397293.9833108187 240935.5783602782
781045853.0244555473 379801.3555397428
780786950.0735303164 379637.6763405240
777740616.0893359184 369543.2134038270
777541096.4928958416 369357.5713673890
736110996.8981839418 263537.0865724022
715484695.2711497545 181315.8388351835
711466051.1360162497 144505.6400283882
798101266.7215985060 424083.3444992304
798157913.6333590746 425094.4788299799
729877395.5782718658 240934.0891802525
719631813.1464502811 207586.7919589521
719915939.7285227776 208417.3539414580
715264054.1376488209 178939.3245235959
726955643.5075702667 232073.4271525955
714910239.9886379242 175117.7499615231
714926665.8936009407 176841.5506817380
715035884.2159298658 177148.1855376044
728764169.9604005814 239951.3961403255
830598097.0827857256 510053.8645782471
780126893.3139171600 375820.8838629127
766635204.0390913486 339155.3009634897
765984181.7418467999 338431.2030783579
714611598.4269150496 172922.5538078786
779554263.2559959888 373867.1209827901
733442831.1148310900 252007.2474989303
822247523.6493923664 492169.7232646942
786520550.4917861223 389764.7719273567
786431040.7108582258 389302.3378376961
732316829.9072611332 246840.2139019378
750644163.5468842983 299734.5059936651
745834828.1496216059 269546.9901875638
760974026.2163008451 327174.0156448185
747293412.1944408417 276010.8817822941
746944425.9276608229 274058.1792553671
733325618.9901763201 251377.8566696056
788740960.2915769815 396588.8713995763
788577024.8472378254 395762.7619861694
758544294.6079608202 316959.7885139706
795119649.3739031553 414112.7135775653
795013380.6812154055 412853.0543521014
