182858311.2360685766 335174.1429138184
182939417.1966875196 338911.3991622925
183655114.6056436896 354669.6700277328
183496034.0247929692 351736.8071126938
183229706.1517410576 346524.8789424896
184233118.8915649056 360746.4325475693
183096703.1372152865 343073.0955734253
183221088.1636824906 345557.4344768524
184424157.2474667132 363083.1918249130
184301924.0206897855 361599.8077917099
183771416.3309436142 355553.2505941391
184208440.8601727486 360291.3191976547
184120620.9824476540 359254.7115316391
184479488.9071101844 364844.7275390625
187206674.5910494030 370975.3150634766
182671786.6465289891 328988.5441808701
183854385.9650740027 356929.3697347641
183699289.4893562794 355039.3868246078
182839716.4197101891 332809.7191610336
186321347.2539937496 369537.5142822266
184143639.6232287586 359526.1711950302
183029070.3199805617 341814.3735275269
183720145.2427512109 355130.1898031235
183052528.2535026968 342754.7728195190
183806436.5893439949 356166.7974691391
183386405.4321086407 350451.1703243256
186627248.4379332066 369831.1201171875
184987092.7106295228 367327.3979492188
184238421.9147145152 361139.2880163193
183992767.0349401236 358336.9915609360
183320764.3697127104 349386.2917842865
185596464.1144398451 368811.6146240234
184055590.3453400731 358794.1917562485
183927125.9725441933 357266.0734701157
183430580.3158212602 350820.8871212006
183650314.0265925825 353491.5248165131
185583697.8654657006 368339.4315185547
183875241.7184689343 357020.1727132797
184736049.2297105193 365294.0668945312
183805765.7140434980 355911.3357992172
183151107.5924417675 344156.5656261444
182814719.6007102132 330014.3671636581
183584672.9641967416 352426.6462764740
183961533.0650617182 358056.7803792953
183475860.8454304039 351276.2746944427
183744570.0189654231 355494.7743978500
183810211.0813613534 356559.6529378891
183948766.8160876036 357584.5972738266
183451436.0692161620 350911.6900997162
183922738.3146439791 357050.3780355453
183590326.3125986159 352721.6602621078
185722397.4519917369 369109.3585205078
183541501.9078263342 352341.1532344818
184917076.6521569788 367071.4055175781
184388215.3672825694 362636.4154577255
183242165.8104134202 347017.9784679413
184777383.9436172545 365796.4655761719
183614849.4523963332 353437.1900472641
183166000.8673654795 344599.9345760345
184172780.8523185849 360074.4094762802
183537727.4158089757 351948.2977657318
183166792.9967237413 345207.8726863861
183606532.5449339151 352801.6730098724
185902351.1693245769 369177.6663818359
184877105.4408358932 366332.6691894531
184887371.2134108841 366791.1943359375
184375449.1183085740 362164.2323522568
185144499.8300077021 367968.2041015625
187195172.3448366523 370618.6829833984
184961984.7627225220 367163.0783691406
187385099.7772501111 371030.5489501953
185212987.3573478758 368224.1965332031
184148356.0761043727 359709.8248815536
184808617.9134956598 366076.6767578125
187831396.1123384833 371251.9425048828
184419449.3371609747 362916.6266393661
184326102.8565751016 361871.2016601562
188253325.9401139021 371310.9488525391
184721864.1318657696 365092.5202636719
184109068.7602401078 359220.5721273422
184077834.7903617024 358940.3609457016
186695735.9652733803 370087.1125488281
184764617.6946431398 365324.2824707031
185131733.5810336173 367496.0209960938
184874604.9644367993 366319.0112304688
