143582003.7227113843 1711451.4509277344
144036470.2770195901 1728926.2846679688
147694488.4787728488 1872313.7687988281
147401689.7758471966 1861194.7375488281
145593983.4342060685 1801759.8737792969
145349058.6936161220 1792580.7233886719
146497937.0009206533 1833124.5002441406
140726621.6177890003 1480235.8955078125
141119896.1968915164 1538741.9230957031
141493486.5650095344 1562198.9448242188
141794685.7990442216 1586149.9514160156
143807596.7010238767 1718548.4973144531
143476135.3473156989 1704789.0017089844
147410395.1572211981 1864401.2277832031
144444871.3165245354 1751745.2456054688
147238618.5695305467 1855949.2609863281
147064634.7246524096 1855852.8156738281
140821663.3353153467 1489777.5817871094
143225455.2076982260 1684230.1845703125
145717625.6843186319 1809368.5373535156
145982367.6031996608 1816731.7829589844
140743994.5404430628 1484896.5107421875
140987420.0604132116 1521297.0710449219
141335047.4098366797 1550725.3479003906
143436729.8564067185 1703395.0954589844
145851665.3095189333 1812717.7453613281
140916895.5071407557 1506777.2089843750
145536085.6605212390 1795738.7746582031
153911800.9013903141 2022600.2822265625
155518323.2938499153 2052774.6367187500
145456101.5600530505 1795706.9934082031
145051202.2713942528 1779250.5480957031
147310485.7214251757 1860899.5480957031
144355223.4479105473 1744246.7272949219
144925262.2243491709 1770639.0280761719
147184849.5299826562 1855905.2336425781
157479047.2895976603 2108472.1601562500
141047463.4515387714 1525818.1181640625
141051300.2265133560 1526563.6716308594
141296429.7743750215 1547298.1613769531
145704296.7998680472 1803200.0144042969
146770472.6352902055 1847887.7814941406
147606570.5933636725 1870361.1765136719
141119197.1030110717 1532315.6213378906
141472148.9670522809 1560929.7316894531
141496227.9946423471 1564431.0463867188
141540625.1977528930 1568383.3417968750
143527416.3551170826 1705857.7165527344
141199850.1592837274 1540745.7087402344
141367526.0473878980 1556417.1535644531
141932755.6476033330 1593196.1020507812
141801848.1449362934 1588022.9331054688
146828027.4800053835 1850135.9260253906
146501807.2583569884 1837602.6984863281
144808525.5901052952 1764117.8896484375
143379807.9472543895 1699348.5603027344
146159630.5331424773 1822528.0666503906
170417105.8758629262 2235923.6826171875
142115455.9625930190 1613040.6745605469
144513850.3984980285 1756814.8320312500
149974755.1724689305 1945309.7470703125
153955444.9709823132 2023944.0673828125
140980211.6530250013 1512133.8959960938
140982730.9895950854 1516033.8518066406
146087830.0947822928 1819271.0979003906
143193977.0432218909 1684139.0449218750
144954554.8463742435 1772961.1057128906
144862456.8048081398 1769377.6750488281
146216503.3372246623 1824069.5236816406
146220327.1435753405 1827956.4484863281
140667172.7113700509 1470182.0222167969
140767704.8895403445 1485853.7956542969
140875095.4124645293 1505488.7187500000
141230665.8498913944 1541348.3234863281
154244779.8427936733 2023991.6123046875
140857671.7673408091 1498951.6599121094
141332582.7138227522 1549709.2172851562
144368006.2175495625 1749487.8801269531
172035490.4992607236 2269534.6347656250
142862616.9748019576 1665073.9467773438
140814622.4739448428 1489651.9719238281
141078323.3947337568 1528951.8259277344
141537198.3547260761 1567005.9990234375
142091265.8554385900 1604275.1892089844
142136348.2794302702 1613383.3479003906
142070859.2919328213 1604199.7041015625
142229814.4408706725 1620453.8586425781
143708818.8004565537 1716454.9538574219
140843552.8848508894 1494471.1198730469
140949825.4482664764 1510619.2094726562
141260397.2259550393 1544106.8098144531
141565762.3516444862 1569090.5454101562
141892019.7516972125 1591949.1369628906
143407293.6746642292 1702079.5192871094
144302921.5257511735 1744130.6389160156
142672209.7178293467 1649539.6909179688
146084632.2467081547 1817931.5900878906
141413452.8624797761 1557282.6572265625
142965322.8980685472 1670069.0590820312
143762459.7510897815 1717292.6899414062
155744980.6686354876 2060977.6337890625
140776149.2139311433 1488233.8913574219
140866651.0880737901 1503108.6230468750
142925121.2463229597 1667291.9045410156
140849227.4429500401 1496571.5642089844
141038014.9711561203 1525617.5869140625
141332668.5134041905 1549870.8430175781
144191557.2913969159 1736817.0227050781
145251277.3023437858 1783046.0891113281
144809596.7981854081 1766943.0676269531
141162638.3601459265 1538957.4709472656
141630633.4241980612 1573144.1494140625
144155313.1178884804 1736502.6887207031
145258931.9883730710 1787299.4294433594
149657594.0416827202 1930892.0810546875
145166605.3226691186 1782907.5075683594
141288508.9323933125 1546807.0520019531
142012672.0672854483 1601153.9799804688
143879567.6001537740 1721569.8715820312
145896938.0234381557 1813808.3029785156
145915497.8170295060 1814656.1291503906
172443442.9315891862 2270311.6982421875
140826744.1246739626 1493614.1362304688
141285021.2497726977 1544570.3449707031
143026562.6383419633 1670959.6035156250
143834807.4532790780 1721039.0219726562
141104907.2573442757 1531983.6511230469
141104258.2806589603 1529032.6206054688
141595957.3717190325 1572476.0024414062
141724555.1368196309 1584692.9956054688
142423128.1336507201 1635708.0393066406
144583017.1612040699 1756963.6274414062
144239260.1275629997 1740549.2238769531
141686917.1219563782 1577589.7949218750
144906192.5725291371 1770445.0983886719
172449048.2612372041 2272516.9824218750
142804108.8420613408 1662963.7116699219
142578930.7186337709 1647500.9741210938
141322335.9454115033 1548747.6562500000
141528494.1498587728 1564521.4057617188
157064056.6231345534 2100947.7158203125
143344116.2946525216 1691040.9687500000
156800522.6761415303 2093176.9462890625
141658555.3817139268 1575811.1818847656
142108442.5608707070 1604645.8222656250
142147914.2476704717 1616301.3234863281
141646818.3306643665 1573459.9282226562
141859715.7392138243 1590146.9584960938
142371572.5560883284 1633666.8466796875
143120847.4420956373 1681078.4245605469
145015558.0950546265 1776544.6193847656
142781356.7585475743 1662053.1855468750
142461873.7885987461 1636456.5283203125
144687242.8291199803 1763220.3706054688
145709600.1422944963 1805287.1999511719
141836150.6234348416 1590082.5048828125
142249742.4685733318 1624243.6940917969
144104387.4536436796 1733237.4367675781
140843248.8281581402 1494069.7343750000
142292279.2555178702 1626106.3781738281
141459356.6789962351 1558905.1511230469
141290791.9729449451 1547054.1071777344
142962901.2401537895 1668476.9169921875
156667447.0982644260 2089454.5175781250
148541217.2673079967 1901131.6416015625
140851997.2092416286 1496851.2155761719
141867328.6756874919 1590303.6416015625
142026124.2335910201 1602587.5732421875
142145629.4031567574 1614418.4963378906
142655375.3013103008 1649128.6855468750
144146978.3300015330 1735638.8950195312
143927323.8091502190 1722257.9665527344
145592261.2282971740 1796921.5944824219
143871051.6267875433 1721316.6098632812
144110734.1564930975 1735361.3071289062
143982415.8611418009 1727548.1782226562
142898139.4237017334 1666262.4384765625
142536393.9316892028 1645891.1865234375
142761572.0551167727 1661353.9240722656
144194681.1661676466 1739251.9614257812
155959909.0133096576 2065505.1835937500
145558658.5496649444 1796294.8723144531
142638830.3944712877 1648525.3393554688
144723643.4230374396 1763557.2456054688
145297281.3900831640 1789669.3688964844
149109905.9906723499 1914986.3232421875
142413588.7506436110 1634484.3833007812
143281771.7413336337 1690474.0773925781
146752304.4488934875 1838112.4946289062
142268439.5728425682 1624378.4699707031
145560568.3979611099 1796618.8681640625
143054845.2036812901 1675694.9431152344
144396785.5753212273 1750162.9428710938
156716408.3793068528 2089650.1816406250
141668572.2409381866 1577281.0898437500
144631316.7573334575 1759165.3237304688
143687597.6238471568 1712462.1921386719
144044666.8634653389 1732310.4360351562
168847717.7523487508 2228053.1787109375
156129188.6660404503 2069775.0703125000
170077376.0343489349 2232666.3437500000
169549233.6472535133 2231901.4726562500
141721593.1744354665 1578098.4829101562
141941328.6400102675 1598330.6586914062
142205962.1636227667 1617127.5573730469
157184474.1067363918 2106229.3369140625
151560339.0547227859 1981961.6645507812
151166576.8052278161 1976386.6831054688
142209782.5986383259 1619687.2583007812
171583057.3420861959 2242501.0458984375
141934188.0936686993 1594803.9338378906
156939841.7493820488 2100898.1533203125
148213117.5415750444 1888123.2861328125
151933969.6800547242 1986857.1860351562
151059042.0868719816 1973046.4243164062
144460194.3484332561 1752114.1284179688
142321094.4795503914 1629446.2521972656
156653595.5543163121 2076912.4257812500
142707383.5684513748 1653758.1428222656
148947321.7024077475 1912561.0097656250
142690409.8866159618 1651329.2863769531
142492671.9802421033 1638765.5798339844
149143802.6541281939 1922341.7382812500
149071536.5761603117 1912610.5722656250
148242807.0336288810 1890181.3540039062
152445386.1889842749 1993529.5996093750
142421094.9623883665 1634575.1755371094
150499340.4251105785 1954120.6176757812
149822983.5647264719 1937193.9868164062
150110599.1000861228 1947309.1831054688
154736611.7037757337 2041160.8369140625
153355243.0080617368 2010498.6157226562
156238074.9404327869 2076073.3730468750
149374241.2766619325 1930138.0820312500
148296955.1880582869 1896094.3764648438
148087248.6281788945 1884991.6733398438
149361297.8094083071 1923941.5112304688
152865912.2824118733 1998064.4624023438
149351092.6123415232 1923672.5112304688
157873049.8843447864 2109910.2656250000
142535625.6545673907 1638871.4003906250
153369041.1672434807 2018172.2436523438
154455187.4432157576 2026248.9218750000
149660504.4419581592 1936948.9697265625
149307429.7171596587 1923352.1049804688
147526189.1723543406 1865767.7758789062
147811686.3628678918 1872966.0034179688
153608998.1988720596 2020016.1958007812
154988085.1780829430 2042582.9677734375
147866211.5762915909 1881591.2333984375
147899044.9705827534 1883041.1982421875
148779302.6950154603 1910907.4750976562
164183459.4113902748 2152166.4892578125
141902822.9574095309 1592804.7407226562
147518886.2502376139 1865467.9887695312
153321983.4975228906 2008985.5590820312
154624914.7130219042 2033683.4287109375
155681595.0529750586 2055335.0190429688
150676265.7274644673 1958131.1650390625
148713329.8416090608 1904079.4970703125
152822771.4144719541 1995857.5747070312
167466583.6220869422 2186357.7939453125
150681554.2279205620 1960438.7084960938
165486688.6397145092 2168868.9921875000
165507582.7026432157 2176588.4941406250
142955214.8231643736 1668260.7333984375
143277241.6107118130 1684777.2038574219
143096637.6976886392 1676372.4658203125
153043817.8610207438 1998251.0961914062
162028660.6886589229 2121277.0766601562
150918097.1514603794 1967130.8833007812
150498280.0258828104 1953331.0151367188
153092032.9599698782 1998795.0463867188
155450646.1119029522 2047795.7880859375
143004289.0649460852 1670676.7795410156
150773986.7435692549 1961475.6323242188
165836910.1155512333 2178657.6396484375
168396586.1884876490 2192886.9824218750
167825477.9530800879 2187705.2929687500
153096774.3806775510 2003199.3540039062
153120344.2859469056 2007182.3955078125
150852003.3626697958 1963857.9482421875
150898641.5624444485 1964311.9887695312
150420928.9129093587 1952924.6430664062
150600539.1624882221 1956143.0288085938
164879497.4080277085 2159532.5361328125
151034299.9361753464 1968540.1518554688
150794433.6958168447 1962049.1684570312
150845370.4892993569 1962289.6293945312
150510865.1863289773 1955376.5366210938
163528487.4355049133 2135092.7197265625
163105738.8003664613 2129616.4765625000
161294258.2263453603 2113846.1962890625
161273021.9975604117 2111351.9414062500
161950194.6901158690 2118539.3847656250
162545824.2909925878 2124386.0097656250
162988225.3682088554 2128223.2851562500
