127818532.2553273141 610582.4822998047
127995027.5668343008 637132.0071411133
128363307.1646414399 682125.0042114258
128960808.9492521584 740571.4679565430
129691840.0123277158 794651.7814941406
130498231.9069616646 850113.8132324219
147464501.8130729795 1126212.6142578125
127824580.3918588758 618880.3677368164
128361835.8052634448 679185.2307739258
129449647.6038947552 778894.2678222656
129533460.6921817809 785408.5957031250
130140004.9375815839 832693.1713867188
130623806.3064209968 860212.0495605469
147120673.0616205633 1108629.6025390625
127687103.3220987618 591080.0996093750
127799152.1745734960 610232.7491455078
127769033.2710303962 606323.8887939453
127733598.5710764974 602678.7982788086
127769696.4215136915 606930.0979614258
127860586.4444899559 621537.5388793945
128038067.5898346454 645571.1809692383
130444049.9068321139 846386.2194824219
130586625.8502061963 856138.6228027344
137431553.0742199719 1023854.7329101562
127392865.7459980547 535220.9692382812
127559625.6724118143 568270.6759338379
127600634.5389048904 577440.6431274414
127552533.2748456597 567969.8888244629
127694767.8805079907 594465.5570678711
127737149.0561962128 603500.1176147461
127793387.9406125993 608377.8560180664
127888254.4739452451 623690.8024291992
127783871.5193031728 607982.3014526367
127910129.4863478094 625721.5348510742
128054596.5126112103 647486.0425415039
127959021.5142031759 634474.8359985352
128540452.1096885949 697576.4710693359
130930556.2562563717 880841.2687988281
131530046.2073081136 900788.9028320312
131365805.1653985679 893067.0590820312
137896777.1941393912 1031725.1450195312
127472819.4595664442 550184.9224853516
127569369.2066535950 569639.9612121582
127757381.8879815042 605720.6848754883
129937757.2725504935 815613.2968750000
130451706.5650545359 847024.1008300781
127667133.7187417001 590621.4783325195
127654054.8200579733 589549.8445434570
128201589.1821809560 663386.4461059570
128239845.7715417147 667411.1829223633
130167992.5668385476 833628.0190429688
134801897.9532822371 989881.9067382812
131431170.7570097893 900352.0876464844
147532323.1655803621 1127114.0332031250
127563540.4441509098 569201.6622619629
127592770.1977271438 576175.1699218750
128300852.5187993497 674671.7835083008
128637513.2495922297 708282.5357055664
128246690.9427486062 671632.0685424805
131132828.1212131232 892413.3166503906
127429562.1246030927 540945.1143188477
127619044.9240961075 581173.0843811035
127471119.3695681691 549243.4182128906
127529612.0723758936 564234.4259033203
127630039.6239877194 582382.4974670410
129185139.4487241507 754123.1369628906
132730267.7664165497 943483.3054199219
132281494.9573873281 931582.5346679688
127357836.6429174095 528495.7556762695
127340937.3554370552 527893.4168090820
129789839.3786372840 803920.0754394531
128453432.6169009805 690174.3291015625
129518842.9163460881 785203.5593261719
131824550.3697203696 918683.4060058594
129237223.2222475857 759995.6854248047
130233833.5073134005 839695.0632324219
147589711.7040432692 1129158.5126953125
129083072.9975798428 747831.9776611328
130315233.5327262282 842449.8874511719
129890992.7002241313 814427.5324707031
147387000.4689511657 1123044.7109375000
131278460.7930985391 892843.6228027344
127599862.5952932984 576475.9570312500
127723355.0781039000 595679.4534301758
129403157.9254368246 774880.0852050781
133413159.3316727430 950748.2070312500
128033500.2265168577 644599.9415893555
128318003.1717237830 675960.4006958008
129762533.6898037791 803821.3146972656
127323207.8684236109 526770.9328002930
127544047.6956248134 565675.9003906250
127873416.2256724685 621592.6387939453
127939909.4137587100 631800.9244995117
128222566.4903237224 664261.5942382812
128474642.3314254284 691307.2761230469
128009982.8594804555 639009.7470703125
128665193.9194842577 710595.4505615234
129025192.9423238784 742779.1324462891
130562790.9137277454 854476.2282714844
130204344.1429861933 835001.5114746094
127419070.6642219871 540587.7576293945
128482341.2295753658 693633.7095336914
130691249.9241480976 865082.4460449219
147285619.5732474029 1121454.6601562500
147626165.1591055095 1131419.2314453125
130082799.0453101993 826489.7536621094
128881394.4268340170 731119.5513916016
129997785.4761956930 821929.3715820312
130521042.8335052282 853383.7985839844
131734515.8977815211 913101.6101074219
130247109.5950608253 840040.6446533203
130275581.5875359029 841395.1081542969
127497754.6060907096 562512.0292358398
127906839.0595868975 624032.2888793945
128405312.6878614277 686329.3815917969
128559477.9867091328 698661.2273559570
129720785.6095812470 802728.8850097656
131956036.5680025667 918858.8513183594
133488751.7293193042 955195.6965332031
128072495.8184959292 650210.3999633789
129833599.3632388711 807882.8066406250
127382634.2059128433 534760.2908935547
127436788.2614934742 545332.1024169922
127433852.7049863487 542128.7413330078
127600759.6998628676 578613.4949951172
129030925.2064867914 743163.8179931641
128500240.5354600847 696247.2167358398
128461916.1883883178 690576.4735717773
129804405.6370553821 806842.8852539062
127397074.0791982859 537413.3621215820
129367052.1175309122 770075.1369628906
129320850.7875892669 763765.0461425781
129949383.8853303343 818541.5327148438
127322279.2707813233 526443.0949096680
128225007.5232689381 665313.0192871094
129217263.7226934880 758556.7110595703
127494642.9930813015 551176.3366699219
127881989.7087084800 621872.5944213867
128235452.6152207255 666593.4489135742
129445113.9260303974 776265.2204589844
133617050.0053193122 963544.8935546875
127461696.1123400778 547782.4696044922
128100846.2748386711 652146.7944335938
128814880.9716218859 722446.5167846680
128804968.0931319445 721004.2814331055
133448128.1176809520 954693.7929687500
128002236.0160825551 637597.5820922852
129324446.4559903443 766378.7913818359
129055085.3683228791 746897.1300048828
147514374.3016066551 1126833.5263671875
131012546.8399072886 884000.5358886719
147641404.0138725936 1132423.6220703125
128020135.3219672889 640321.9395141602
128159676.7284122258 658326.5598754883
128281851.2947617173 672637.8701171875
128700694.4314483106 712602.4269409180
130214632.4310349226 836552.5954589844
127337737.5437208712 527769.4620971680
129881676.4910262227 810757.0258789062
130862062.4048328251 872555.4375000000
127383562.8035551608 535088.1287841797
128184788.2697165310 661863.7131958008
129302192.9049014747 763590.0412597656
129859559.6501468271 810433.9340820312
127684622.3158952296 590854.8814697266
128115471.2941517830 652509.4184570312
128804167.3891432732 720657.5956420898
129475038.2783772200 784268.7116699219
129954209.4331119508 819480.3708496094
131382430.0127780288 894312.0175781250
127457781.3406009823 546851.4832763672
127691280.5064787418 591736.5336303711
128428715.8510707319 686531.8305053711
129361192.0360730737 769642.9060058594
129640851.1133674532 787068.0950927734
129169121.2557034642 753865.3273925781
132040043.2810902447 920874.1208496094
130124416.5237548053 831179.0183105469
127504847.0036568791 562812.8163452148
128079704.2677442282 650815.6638793945
129059323.1805305332 747153.3458251953
129030705.0996701121 742854.8811035156
129140312.4132132083 750885.9348144531
128824297.9857795388 726293.1893920898
129320884.0234537423 765995.9353027344
130836350.3561189324 869111.5441894531
128215354.2549041808 663448.7983398438
128387413.3819766939 683605.0241699219
129199366.5948264003 758058.6857910156
128730197.7224854827 715915.7467041016
129332383.1935828179 766663.5134277344
129888368.4926370829 813413.3266601562
135132771.7918993831 998460.3188476562
127710276.1794201732 594607.8196411133
129677726.4189806283 793069.4672851562
128699893.7274596691 712323.6111450195
129250739.2223256528 762346.6302490234
133606404.3048534542 955461.3645019531
129720630.2734642625 797922.5837402344
127590259.8491052389 576011.0609741211
128103434.0765547305 652184.5427856445
128573480.3751707673 701820.5284423828
134958400.5620355010 997176.4311523438
131376412.1221785843 894104.1828613281
127722426.4804615825 595185.7836303711
129086347.6904182881 748142.8670654297
128088292.0914113373 651225.4441528320
128660000.0591745973 709933.4943237305
140834898.6588474512 1064030.0996093750
140141466.4247340560 1055356.8969726562
128690013.1046287566 711742.0785522461
129618118.5700111389 786720.3295898438
128957314.5845359713 735294.1513671875
129041793.5652372390 743401.7500000000
129378932.7886624038 770203.1057128906
134619917.9536573291 980556.4677734375
138228688.8645975590 1032404.3735351562
127820223.3726437092 615756.8152465820
127980821.0638098717 636195.0335083008
128997988.9272684008 742466.9023437500
129103576.7899845541 749173.6278076172
128326845.1198338419 676609.4050292969
128608505.0057022572 705084.4567871094
131706432.0226802379 908617.0671386719
131421630.4135998487 897579.0734863281
128506995.0574246049 696389.6305541992
128360051.2756747007 678008.1218261719
134599118.5836809576 978435.6157226562
129343909.9814019948 767589.6628417969
131399311.4873459041 895990.6708984375
128432269.5751113147 686836.4875488281
128937310.4704806507 733087.8402099609
127647670.2134141922 583459.7150878906
138530097.7696655095 1039968.6225585938
138707209.3032880723 1045174.3471679688
127996860.7679320425 637193.2933349609
128094846.2528876215 651774.7625122070
134571443.1301693022 976734.8769531250
130831005.1016366631 865295.9270019531
129649795.7902486026 791134.7202148438
127977881.3465003669 634977.5261230469
128920615.6034222394 732496.2509765625
128943554.6757926941 733406.1523437500
128808143.3512107283 721978.1278076172
144693898.2399903834 1084155.8193359375
128560785.2000601292 698820.9536743164
128704599.1398375034 713718.6390991211
128688887.4194168895 711182.7534179688
137721808.2300753295 1027357.2485351562
127690778.1979438514 591488.4442138672
134073905.5154986829 974230.1450195312
128539484.0469919294 697558.6091308594
127574542.4053456783 574838.2610473633
128578204.4644826502 702292.1491699219
128699162.0065555722 711767.3488769531
128598432.1030526310 702447.4124755859
131538393.3623480201 906450.1896972656
136810274.2474442124 1014489.2641601562
128147969.2983171195 654460.6271972656
128568781.8618290573 701455.0477294922
134056235.5644161105 970942.9545898438
129561815.7948156297 786321.6770019531
137839418.0678121150 1029271.4790039062
128132827.3131737262 653501.5285644531
128754231.9243518710 717359.2649536133
127978809.9441426843 635676.6113281250
132574960.5564358979 939948.9572753906
128760719.9346258193 718412.3361816406
128648710.9300441742 708483.6274414062
134598037.8507288396 978226.1235351562
138970701.3580855429 1048884.6098632812
133871716.8255639076 964977.9633789062
134701524.3780902028 987725.8999023438
134663960.6391875446 984409.9116210938
146362297.5014230013 1089886.3310546875
133856773.3404849321 964840.7578125000
131701537.1098969430 906809.4865722656
134287890.4037571549 974561.3945312500
129597408.3983962387 786417.6613769531
134876289.7224716246 991519.1323242188
134857647.2897876501 990684.7758789062
138700596.6201056242 1044067.7924804688
132546662.9269342124 937759.9287109375
132278612.5736767948 927136.3217773438
128782745.6881723851 718751.6213378906
138451010.2244203389 1036355.4858398438
134700166.6925584674 984978.6420898438
134443683.2871626914 976312.0546875000
128634675.1965240538 705383.7324829102
132062604.4024985284 924033.9921875000
132367926.7338193357 933313.4050292969
132833610.3597957343 949891.0192871094
132014333.1238855273 920301.1887207031
147072016.8531477153 1098568.2895507812
132600553.0734135509 943362.4777832031
132376635.3373367339 935555.5651855469
132182927.9501493126 925864.1750488281
136612149.2818452716 1002280.2719726562
136032122.6613970995 999066.7236328125
137259817.5946341455 1015316.4277343750
