468798106.5810208321 510.6266413491
492632984.9392330647 601.5542544425
456763144.5320056081 400.3583392154
467281593.3288300633 499.2932436031
450848845.2815820575 295.8048256677
470458614.3285357356 520.2291873328
462104587.1404090524 458.0572206641
469710689.4262540936 515.0044535629
449540158.2065593004 258.8366607533
449387533.2269986868 257.3453621373
462165824.6121315360 458.2947684064
453944423.2429201603 348.5012615454
452286846.0749195218 318.9565649032
451203316.2294062972 299.6806119953
451887756.3436387777 312.9533639885
451099846.1050786972 298.2243631755
451228936.2300313115 300.2039306735
456593611.5846172571 396.6848191960
456549508.9241220355 396.5131376726
451366713.0259996057 302.4276306223
457539810.1973288655 409.2390776793
451736322.3855343461 309.2896206652
451812639.7623249888 312.6692292429
452252360.4135924578 317.3866972923
452472964.8992669582 320.7705101370
466850106.2707838416 495.4599807969
453407489.9345629811 339.2132135905
451535217.1471183300 308.2543607652
453252826.5035863519 333.7301058751
451317963.0106393099 302.4063962698
452074773.7450527549 315.7384324669
451447232.0652859807 305.7511303876
474884094.3278568983 544.3521860978
451605454.2809109092 308.6544023156
458125711.7710792422 418.0232545130
452001768.3121716976 313.2460721135
452022069.8535257578 314.3313093781
492940938.0432745814 602.5221097171
458142720.7582644224 419.2170461707
454706386.5359566212 362.8708881341
466578203.4632666707 491.4982663076
466723348.5753797293 494.2088624816
449708985.9777516127 262.6691701313
449652811.7546435595 261.7685073562
463409411.5376326442 471.1016403998
456961183.2430180311 402.3540634854
463843910.2434098721 471.6979864205
457885520.8112491369 415.4740125571
457846373.0655747056 413.4912892614
455297167.1586097479 376.2643363975
467604253.5440453887 501.8701049368
449615756.8779028058 260.7659396104
463879087.5286887288 473.4946916047
449734974.1429638267 263.4983008079
455561626.0809758902 379.4542396866
492654819.5843562484 602.3681020141
492528962.3065575957 601.2103063762
449761223.9593365192 270.0223693133
467592881.7149583101 501.0633958261
492430646.6610801816 600.7625693083
468382400.5676922202 506.9506035382
492023965.1926040649 600.5912657678
452431405.4155557752 320.6497215295
458447269.4743757844 422.1690803020
456273544.7671026587 391.5065774655
467905327.6294695735 503.7978659551
449739591.6659722328 265.9782331757
462179597.5019721389 459.6894911433
466420350.1521806121 490.1820354163
484976556.3021440506 584.4612082541
466225272.9103948474 488.9079395830
467645039.4009001255 502.8116155546
452541930.8644659519 322.3402498237
468137184.8003379107 506.6272240995
467764893.9085404873 503.6521885078
455405301.6361058950 379.2472939443
450356647.5445150137 282.3024609924
450176294.1553784609 277.2032073709
449988134.3169761896 275.8480615291
463233936.3109058738 468.2920321381
450195662.0933024883 279.5694518780
459234328.8025269508 429.6962335690
458189891.4985728860 420.6959137897
450006130.6455194354 276.5189599690
450803309.4252218604 288.7407104661
450744643.8495644331 288.6481119086
459236157.2675280571 431.8540005068
467973058.6543253660 504.4941137414
449845206.4573584795 273.3209445946
459073759.8825259805 429.1831106226
457874700.7890116572 415.3939397911
457764664.1669709086 413.4691167454
457890069.3777357340 416.3884264509
459239017.7843934298 431.8543792645
450659934.5589684844 284.1765814602
458444326.2082698941 421.6038033644
459325825.3466060162 434.2682148496
449972197.3585136533 273.9439628817
490756642.4111028314 597.5969575942
491766464.7983902693 600.3771003187
456066131.7432820797 387.3004571177
467136236.3050526381 497.6286039790
459912798.5714777112 437.8318979196
466600442.2628926039 492.1637721341
466792752.4225223064 494.4094936530
469892301.9733712673 515.9737133516
467046714.7424753904 496.9192834302
450729103.0380037427 284.7732335616
469253001.7929110527 512.6162877456
469007720.1945637465 512.2823678330
453593101.3736897111 342.3451142643
468877457.9346563220 511.4548450486
453718299.9666824937 344.5097714142
468530524.7548480630 508.5978040500
456080913.2742468715 389.2680773713
460846243.9042409062 445.7831023096
461017230.9888145328 446.2947581220
469712239.8037368655 515.6067623273
473362399.6457019448 536.2917335980
460011306.1543858051 439.6143121927
469474507.1188445091 514.6344798581
459764949.3386674523 436.9320300727
473170014.8876186013 535.3361904267
491548979.7436432242 600.0516130626
461076364.5734208822 447.2663329302
456219588.9950355887 391.1009195574
454640557.4659181833 361.9864290167
461148652.4339162707 449.3742076515
454475431.2555968761 358.3120702613
491403269.5270776749 599.6585705280
452805602.8219630122 326.3318027267
462384190.7377524376 463.2650563157
460339784.3619239926 441.7456189132
462245717.5012666583 462.0712646580
461818875.6224903464 457.9813538230
464186412.0166609883 476.6067747492
462772254.4780412316 465.8791237509
454936514.5692875385 365.6245656699
491178829.3984680176 599.5948083103
462967639.5132226944 467.4834703839
453841618.6291761398 346.7677870249
452891739.9145910740 330.7122222589
452824682.5874955058 329.6175565825
455917716.2157978415 387.2609028794
456505499.2845233679 394.9856579095
453017730.4618469477 333.0810166514
453500808.5188794732 339.7099343500
452931312.2698706985 330.9990177462
456639518.2208086252 398.1395736277
455617797.5324124098 381.3819191434
457550617.8047218919 411.4816327913
453384901.0663130879 335.4335419494
455602887.1999388337 381.0055819914
452600287.5365540981 322.6019814750
456934151.7861394882 401.2274939938
457494613.1209746003 409.1579753383
452796013.2384130359 324.8477029940
457451703.1815372109 408.9638816340
457365560.7269092798 407.1421632393
456382210.2783815265 393.7085935048
458570041.5976310372 424.7454452946
458983822.9551655054 428.1164110101
459138938.5473911762 429.4589925803
454008804.4846701622 349.8752130176
457050060.4702965617 403.4687048419
457404716.4711586833 407.8051446600
464868095.7071865201 481.1052284984
469850075.3872176409 515.7827747271
480229064.6939368248 568.4182322519
459657809.8948951960 436.4632280952
453276347.3594064713 335.0289427983
461319667.2135411501 453.8687510526
461659657.7469756603 454.0894741154
455280669.0184407830 375.4902346966
473472552.4848226905 537.5453085157
455056331.2672393322 368.6232862188
455846335.0259718895 385.0234585938
465019015.4275037050 483.0878921895
491264940.4644039869 599.6328597963
465494631.2100300789 486.2933145909
463929520.5366812944 473.9258846490
464148329.0724683404 475.9150332360
464668482.1200216413 480.6810833363
458737561.9378827214 426.4259621686
463970514.3701301813 475.4099915771
465350551.2797271609 484.8196483998
455115235.4021626115 374.0713060953
461786535.8304178715 454.9739093220
462378805.8794187307 463.1500525738
463240906.3243278265 469.3956738507
460539271.3822864294 443.5121796693
477404590.2154690027 557.5721149648
460380346.2938552499 442.5025261606
462856569.9385610223 466.0591104294
464280322.9128463268 477.5444486983
454938308.2555047870 367.8753880796
455103103.9450555444 370.1211095986
462499974.5659505129 463.5917887951
478850102.1203525066 564.5111743331
478788447.0295628905 564.4055056394
476677711.4925378561 555.7485687227
479355818.5418853760 565.9573201657
477433369.3148752451 557.7962385918
473413358.4575021267 537.2546388716
475730742.3961219192 549.9637999940
475976477.1146029830 552.0223777849
455258511.4748436213 375.3612927136
476351173.4881845713 552.6833794522
474929695.9141652584 548.1389817965
475039685.8941910863 548.3867075515
480853705.8130062222 571.6394176111
470565087.2625542879 522.3050487020
475545030.0285856128 548.9160424996
473705027.9401643276 541.3604574920
473819006.1439716816 542.9678418160
480838967.2385330796 570.9487747476
473719136.6702227592 542.2392086805
473960119.1872935891 543.9523919345
475750659.5836957097 549.9709032107
480977289.4988867640 572.2183754742
480633010.9596954584 570.6004765257
471547161.4132949710 528.2840483002
471695475.4344316721 529.2566405348
477870945.1772583723 560.0267926143
473742660.2064063549 542.3654680074
474173664.5394868255 544.2568989516
454309752.8774569035 354.9172234477
454353681.7679365873 355.1379266323
463602148.1742956638 471.6335938855
477485572.1521646976 558.3548738474
456294841.0069466233 392.1021134703
470294203.8492987156 519.2133159632
477556055.0855400562 558.3817404733
454946012.9941944480 368.5343008503
453619745.3992772698 344.4086015287
482480333.5268126726 576.9614770859
454135147.9221775532 351.1116242065
470333893.0591551661 519.2225420544
478050758.7306348085 560.3594846225
478142907.7488265038 562.8408236003
477780594.1927469969 559.7721701462
477081525.2527209520 557.1988643606
477558663.4670478702 559.3627327282
465609416.6214714646 487.0013192039
471000235.9859927893 525.5418476120
465853159.7891525030 487.6783448574
491135900.0704540014 599.3590052426
490781422.9666991830 598.8105431497
471984645.2141364813 530.2126642588
471959628.7645379901 530.1203975150
472163919.5798209310 530.9784406375
472353747.4805495739 531.7934073161
472110365.9445406795 530.9488958427
487618548.1682114601 592.9465238750
472715805.4551627636 534.5149880900
487531647.1252769828 592.6434021592
486908301.3393466473 591.2774039209
481216120.9888949394 573.7615730638
470993313.8023322225 524.2704854116
471127860.8057513237 526.0414111421
471145199.4511137605 526.6286225126
486538588.3681183457 589.5988237262
486603498.7052741647 590.1743466258
486388983.4777328968 589.5604318380
482871587.0658622980 577.9604525740
488662451.7298056483 594.7162702680
489830216.6623193622 596.8189180195
490178692.3912411928 597.4954116046
489913671.8812419772 597.1231231391
489823661.3463737369 596.7088834941
478698826.6777191162 563.4016617674
480310946.9582464099 569.2435956204
489383209.8176309466 596.6877881587
479988249.8109368682 568.3106761181
479256525.3208267093 565.4376126561
480400647.2390137911 569.7580832446
472612546.5764775276 533.4482894322
479889700.1598353982 567.9896043146
475895078.6217638850 550.4287664567
489162373.9193134904 595.5526124537
475917591.8371378183 551.1724430276
481688043.3567529321 574.5100943446
483304221.7596180439 580.4563573301
483252374.9932326078 580.0646468103
482946953.9887244701 578.2792520225
487917676.2161696553 594.4932701588
482956993.9078991413 578.6020562649
482939076.6877551675 578.2588402629
485162207.0328229070 586.5742978156
485529575.1708511114 588.0469141304
483508483.5602740645 581.1257553399
484168558.0473250747 582.8340510428
486280794.2894798517 588.9688217640
486233867.4161178470 588.6918829978
486126694.0127191544 588.4926618636
484401398.2331608534 583.6865133643
484292746.3446659446 583.4721240103
483970350.9839588404 582.5395670831
484509990.5243207216 583.8670437336
484782477.9427844882 584.1636319160
