146960711.7782056630 559857.4991075993
140465176.6830738783 443565.3081574440
136283606.8693728149 291526.2880506516
137730667.4139032066 376071.1963901520
137154162.9180774391 353734.8263950348
137588275.5886877477 374034.6330623627
142892194.2844335139 490111.3904242516
138875926.1556514502 406550.1858901978
147245152.0424114466 563527.3100206852
145972083.4953630269 543945.8512554169
149635136.6283273101 592807.7104492188
142370155.5850768387 480088.9968180656
137435501.5421048105 367924.5468540192
137500473.5772045255 368274.9112606049
145858537.9073058963 540765.3722515106
145917271.9594418108 543018.8224468231
140961326.1258143783 450937.9263105392
136686036.9721595645 335950.2200574875
152329076.5182215273 603953.8251953125
137516540.2704130709 368941.7714443207
136436973.1771999300 310134.8760633469
145406769.2755416632 533508.8267172277
145879398.1509118974 541722.7946147919
150624695.2244040966 599039.2177734375
147407292.1208644211 565635.4745714664
136814402.8128216565 339822.2430655248
147554313.1073818803 567704.9345324039
145408673.7393144965 533671.6524008214
138133850.4918993115 389199.3702182770
141879127.8975725174 468494.6120524406
139484396.8333985806 421867.1555595398
136832873.1248961985 343216.0116202123
137835970.2690759599 381441.8194370270
152679690.8033643365 603971.2285156250
138351023.1605226398 395184.0998039246
150688259.7056730092 599820.7666015625
136303958.7656274736 305004.7159070969
147871514.9413290620 573009.9637765884
152060992.7285081148 603524.0468750000
136495512.1230218410 316194.5908438452
146746947.4129665792 555423.3604357243
149811798.1019359231 593935.2451171875
146749819.7826400101 555426.9450182915
139846550.2083838880 430063.0419082046
139506587.3465324938 422065.2874526978
145876777.7783905864 541496.8320035338
137782585.6631124616 376688.9946262836
137050310.9397467077 350973.5624014623
146483342.7781492770 552176.3098938465
136293697.3642682433 292420.8830213547
141979641.4837414026 473304.4675827026
149811798.1019359827 594862.2739257812
136476006.5874536932 313939.7251211889
136269219.0852768719 278154.3560743332
140283355.1325345933 437484.6497873664
151309239.1007631421 601876.4663085938
148160188.1051485837 576222.4959411621
148285106.0295840800 578696.5726013184
149012077.3351034820 588541.1115722656
148936958.5058730543 587614.0827636719
137381159.2206037641 366064.5382480621
136780968.1906243265 338479.0197989233
137258133.7210694253 365926.7178745270
145885957.5202049613 541771.4335937500
150445266.8694925010 598378.1977539062
137534490.2058393061 373268.4983854294
136570324.8670425415 320498.6400381811
149111552.8261520565 588823.6516113281
148961513.9434944093 587664.7385253906
140083700.0778254867 436743.4513320327
138486487.5128506720 398442.2707023621
147423542.0886288881 567090.6361925602
147295351.0941311717 565406.7462122440
147971289.7765755057 574724.6839914322
149614426.4995341897 592089.2841796875
139984737.9093686938 434446.4120631218
140001858.9837416708 434600.8910670280
146130441.1621886492 547263.9122905731
137053057.1393847167 353561.0068149567
146077452.2423375845 546502.2452983856
138698717.6560571790 403378.9071769714
139233478.2230154574 417438.9643058777
137163576.5712415874 360556.0948276520
151595290.9690302312 602929.6572265625
136341936.3568152189 307099.3061170578
136985891.0267504156 346910.7516880035
139564974.0982699096 422495.0172843933
152113804.5189862549 603648.6967773438
137854681.9635276198 381572.5908501148
136425146.2524778843 307659.9157361984
139638922.6488990486 427390.1343193054
136968674.6674291193 345352.7837140560
148442604.3061966300 580983.7262573242
137512936.1810348928 368444.4170219898
146387448.4867326319 549379.2532532215
136667668.2999463081 332714.1575215645
146031420.8316518366 545252.4176616669
139575420.0597031116 422647.2497978210
139086282.1551881433 413957.3722648621
136752094.0162599385 336510.8296766281
137019513.5304399431 347731.9012241364
138023543.2235332727 387962.0467503071
146046137.8031007349 545254.8564453125
146884857.8671273589 558578.7731432915
137683728.0325392783 374497.9607231617
147286294.8279906809 564367.4794542789
148758596.9167346358 584002.8101196289
140375291.1892707646 439330.5487441421
138764897.3410597146 406199.8214836121
150677371.3097794354 599180.0444335938
150219010.9402137101 596927.0107421875
143871203.1841898561 509615.7536029816
147746595.2770017684 571606.6244211197
148778277.8009489179 584582.8289184570
138066538.8814773262 388701.5570042133
149890500.2983194888 595129.3376464844
150835791.6606991887 600747.7954101562
148083915.4437351823 575529.0497283936
145071246.5167741477 529594.2508755475
145268883.8518190682 533345.2054653913
140011109.6571215689 436315.8824843764
137646703.4573659599 374258.9568560123
147620780.5315409005 569112.7400054932
145037980.9535235167 527989.0326871276
136528608.7769966125 319210.6686658859
145181475.4871582389 532418.1766567975
148044473.6626674533 574966.0470581055
137574772.3939900696 373815.0400688648
147811583.8850334287 572370.8275461197
145100736.2948659956 531279.1156949401
136950652.8099733591 344888.1521761417
139303257.5180768073 419480.3510246277
139752849.3906047642 428558.3317031264
137806449.1230891943 379980.2901846170
148515822.1240012944 581331.7208251953
137816381.7374339402 380490.7877922058
148413611.1244897246 579451.7633666992
144762605.3056178689 525910.4535122663
136644539.4048485756 321133.6908194311
137409068.9828553796 367562.1994926929
144313691.2503228784 517951.3422584534
144575073.9495571256 522041.7835516930
144359766.3116582930 517985.5444068909
138447874.2852212489 396937.5604972839
139303185.0390476286 419126.9955558777
150843638.4794247150 601800.6943359375
140481528.9480732083 444426.7887343764
140368529.2096350789 438846.1466445327
139084068.2985430062 413274.4516105652
138020366.4266960323 383323.5287590027
136924305.1908816993 344601.3614046574
148380147.7479385734 579417.5612182617
140756472.1146761179 450311.3378033638
136683803.5819532275 333035.3039433248
136924305.1908816993 343674.3325960636
138938700.0687643886 409906.4577140808
138253467.5214463472 389200.1935539246
147237810.7863336802 562728.0224230289
136789098.1568846107 338502.8631381989
147576322.7902707756 568404.9378976822
138728688.6778970659 404186.4240314960
138357831.7806994617 396489.7604305744
144386770.2216781974 519270.2013568878
136857358.6242197752 343518.5403720737
151337888.7932656705 602803.4951171875
148372509.1844364107 579384.1151123047
147923551.4965804815 573395.7261161804
138962837.4032011032 410699.2013664246
144274614.6488467157 516156.6982154846
137767883.0535156727 376175.5677881241
144649478.1693691611 522044.8693008423
151624805.9406282902 603019.3051757812
138256744.0989826918 390684.7199211121
138912739.3306697309 409214.6749992371
139242493.1506526172 418931.0756340027
139200671.4038622081 414839.5897941589
144501843.0231248736 519907.6528053284
142327058.0296399295 478263.6006679535
142331430.6935588419 478993.4624843597
144525002.7077993453 520470.1568336487
142417649.8626582325 481080.9377975464
143281098.2252458632 497114.5785989761
142022842.9639880061 474477.2476186156
148699234.9019590318 583853.8358154297
148553122.1549774706 582926.8070068359
142438548.8232098222 481659.4415420890
149493787.3949231505 591930.5695800781
142035016.7701661289 474694.6344131827
139626243.7718373239 424777.4975090027
143418612.7528378963 499913.2798451781
143839014.6698807776 507574.8036842346
143456730.5722848773 501531.2832631469
146825257.8512963355 556937.1480028629
144545726.0096935034 520661.0974159241
143520688.8065465987 502560.5650014281
147933347.8593651950 573444.4834403992
142476582.2306069434 482452.1851944327
145586416.5903153718 537428.8309069872
147932610.8741683960 573409.4316825867
143865753.3685735464 509056.8752466440
147704990.5784465373 569645.8861675262
138852949.9618301690 406352.0539970398
143649856.0264191031 505012.5039662719
145482763.9774438441 534826.8982897997
138262595.4140012562 390834.8518364429
145961720.3464857340 543749.0721530914
142839925.5307240486 489479.8741592765
138588754.8472008407 399016.5127325058
138631047.6332357228 399868.1016912460
141468923.7859831452 462892.2105731368
145520033.7638151050 536194.0018054247
143952610.3573282361 510318.6356915832
140674655.8990777731 445566.4463195801
138672960.3606244922 402014.6217765808
141046138.5373808742 453815.1417254806
144301715.0295094848 516730.4789772034
141848092.4590128362 468409.6102432609
138599599.9366399646 399615.9738273621
141810059.0516157448 468056.2547745109
141165119.5134197474 458758.3006939888
140737408.1513659954 450131.6467590332
144149141.7755531073 512696.1575164795
139051134.6849302351 411525.6332511902
140410836.2926536798 442640.7132916451
141780804.7041898072 467854.8514914513
139694112.8705606759 427391.0992202759
150786687.8488218188 600648.4741210938
141677936.2940749824 467612.1099871993
143291950.7416049838 497901.4507045746
143052340.4342537224 494381.8984975219
141395577.3136884868 460014.6179504395
142758181.4502311647 489391.8890147209
139891407.1050390899 430705.0557632446
143020722.0717233717 493033.9419545531
140325628.8908888400 438019.2672792077
140198697.9229028523 436812.5487747192
142965910.5358021557 492106.9131459594
142581577.0403450727 483094.2371592522
145961130.1484874785 543059.2110192627
141563305.6161773801 466528.8927020431
142703369.9143099785 488464.8602061272
141420899.1340862215 460231.2408465743
141542692.0080512166 465601.8638934493
140702801.0447552502 446920.6459088326
141982263.6081732810 473646.3707413077
142963983.1183711886 491161.2598256469
142616819.2349772453 484023.3582530022
143101864.6038415134 496529.7905873656
141911068.0729019344 470814.3824481368
143064516.8778700531 495602.7617787719
152315691.7115532458 603885.0278320312
142637432.8431033790 484950.3870615959
141002705.1274176538 452428.7479266524
141021813.4648575485 453387.6776471138
149387440.2248547673 590919.7243652344
146327299.1687548459 549186.5429284424
145711677.1852019429 539491.7617787719
141420899.1340862513 461158.2696551681
143504223.9852811992 502220.1080703735
150050839.2983494997 596100.5209960938
144950027.3292531073 527113.3860168457
144044750.5505095422 512361.0074844360
143531447.5746064782 503359.5401992798
144139793.6258088052 512654.8419570923
145166884.8241206110 531696.0730113983
145382236.8362972736 533484.7844371796
143993222.8546515107 512044.1197891235
145203574.8375249505 532623.1018199921
149369992.7295733392 590834.0095214844
145421888.9686537683 533690.5215443969
146495370.3572018445 552854.1254310608
146532060.3706060648 553781.1542396545
146678365.6501545310 554696.8812179565
146391263.8895676136 551444.8095130920
146870655.5980208218 557547.7561759949
147073963.3446149826 560472.8656790296
141930142.4321866632 471252.3658465743
150594316.2517967522 599035.6523437500
146641053.6166625023 554622.9569015503
141218949.2939860523 458809.9408307076
143380510.6385136247 498972.4562149048
149401280.1397072077 591532.8771972656
145769953.0409457386 540227.2090443969
149273310.6080715954 589465.6232910156
150701243.5332141519 600142.8911132812
141289409.6504020691 459111.6561627388
143818251.3097406924 506533.9991836548
142218885.5544148386 476113.9281653670
146724746.3760800958 554929.2361984253
141327437.0775203705 459841.5179791451
140333262.3104801178 438073.5758404732
140657310.7433499992 444688.7574810982
149295332.7954635322 590617.2453613281
141094985.6988114715 455895.1717877388
149914308.8551150262 595458.3071289062
150255700.9536180496 597854.0395507812
142678803.4348727465 485596.1367787719
150244571.6379160285 597199.8334960938
149284203.4797615707 589963.0393066406
150207881.6245117784 596272.8046875000
