597071024.9438214302 3780198.4956054688
594305602.7989335060 3523852.1711425781
595027401.4383425713 3592007.4138183594
596186089.4345910549 3693838.5395507812
606022144.4392889738 4331796.2673339844
609798982.2363902330 4513938.3256835938
613683649.0274752378 4620403.8813476562
613180607.3343827724 4613037.9555664062
594141304.0603313446 3502647.1228027344
594417171.4792748690 3537463.0432128906
594419749.7240551710 3544993.3496093750
594965806.7939879894 3590064.5861816406
597192502.9376494884 3790437.2119140625
596957662.4377665520 3771990.2846679688
598453048.6736969948 3891729.8395996094
599425208.3697841167 3958941.1721191406
602395035.5362254381 4134302.7863769531
609309120.9508808851 4490135.0854492188
609048348.6506948471 4487809.1665039062
595811454.7886985540 3673897.4345703125
609494125.1527103186 4502231.7524414062
593762949.2170722485 3443634.6735839844
594166166.9652516842 3512321.5585937500
595186745.2545375824 3612603.3332519531
596315585.4667406082 3721303.0644531250
596326455.3855139017 3721700.5456542969
599312716.6330561638 3952166.4235839844
600048369.4855529070 4001485.6169433594
611911731.6950618029 4574260.8139648438
617160515.8276807070 4720356.7167968750
593890555.8896771669 3466153.4504394531
594493960.4088053703 3545765.0275878906
594706182.5300294161 3573019.7209472656
635664195.0243699551 4993387.7202148438
636810892.0857770443 5000772.9887695312
599773592.6076427698 3984898.9943847656
607354116.6403034925 4386862.0114746094
595270708.0413084030 3621498.1706542969
594348977.8141647577 3529715.2775878906
594912811.9632440805 3587218.4519042969
604697946.4759744406 4268623.8371582031
606895926.1123205423 4369558.0432128906
623379332.0233131647 4822688.8300781250
595151022.3416215181 3609115.9060058594
595111273.0265958309 3601518.8156738281
595213098.6556680202 3616608.9240722656
595337791.5234633684 3628850.2946777344
597297533.5409481525 3802119.6931152344
600872672.3513650894 4046200.1232910156
605054889.9187605381 4288218.0798339844
594405530.6936283112 3534266.4187011719
593609661.8943244219 3416609.9553222656
593675758.2530950308 3428861.7145996094
595754220.2824391127 3668346.7983398438
597346713.3254107237 3803927.2302246094
615115189.0136649609 4660596.5400390625
614836857.9025497437 4655143.8471679688
593882746.2690129280 3464024.9577636719
595919005.3519400358 3682752.0825195312
597367576.7506514788 3807073.1779785156
602760631.7883965969 4153105.3767089844
702356235.1183960438 5448852.8222656250
593719136.2181140184 3439196.6325683594
593655415.9437885284 3424440.7946777344
596502717.5810165405 3733998.4316406250
593943166.6629524231 3472304.2238769531
600991031.7485938072 4058296.7902832031
600528700.9108809233 4031387.7041015625
659907357.5418736935 5153270.1401367188
669366881.5745887756 5223322.6904296875
659202797.5567862988 5150221.6733398438
669440421.5808551311 5226409.5556640625
599771630.8019375801 3979440.3933105469
593643642.7748247385 3423627.9528808594
595285197.3249866962 3623061.8493652344
595320300.5876975060 3626473.6589355469
626390746.6646318436 4868106.7397460938
619271906.5008473396 4739940.1958007812
624356150.9117634296 4843334.7529296875
600878232.4367254972 4053468.6943359375
595115439.1094527245 3604806.1520996094
599699937.1174465418 3973109.1452636719
598782777.5553841591 3911206.0776367188
597973454.7770769596 3852577.0261230469
662212540.6868932247 5168394.5307617188
667564356.0569676161 5219150.6279296875
639927498.2715204954 5047129.4648437500
596419510.7758628130 3728435.6152343750
600656072.4820885658 4043715.3115234375
601251341.8374675512 4074177.6408691406
604813238.2964125872 4276956.5661621094
674221308.7486090660 5256613.0917968750
673578465.2981213331 5245973.0869140625
631710839.9154680967 4935728.7456054688
597391794.7200495005 3809045.3820800781
624119617.3453398943 4843309.1469726562
623984074.2437746525 4837320.8110351562
604897062.7116026878 4278334.5427246094
639863657.8097999096 5044157.4316406250
597787036.1878731251 3841520.8547363281
601065624.4992939234 4061771.8522949219
677759558.0491449833 5290384.4580078125
614085516.5873779058 4634311.2348632812
601452613.6865161657 4082748.3229980469
614880005.1435561180 4659196.2285156250
614418161.3492375612 4648479.5292968750
621774492.8905200958 4804656.6152343750
692050645.7762395144 5375720.1787109375
597671566.1314265728 3831439.5070800781
627691919.3790225983 4895402.6210937500
606689185.7046018839 4357404.3713378906
597591305.2742465734 3825389.6833496094
598602513.0867618322 3900229.6320800781
596943939.8064243793 3771626.9223632812
598570338.7670937777 3898049.0266113281
617001833.4397718906 4684497.3706054688
616793433.2901363373 4684253.9760742188
606832475.4839926958 4359985.0871582031
634805868.0351684093 4966851.5493164062
634903767.3590501547 4968980.4565429688
606464598.3830326796 4351473.6838378906
613235180.4872543812 4618448.8686523438
606885585.4538024664 4368889.1848144531
700937043.7706094980 5421472.2343750000
683040539.2579586506 5301064.7133789062
688166956.3414866924 5336580.3945312500
682591764.8705230951 5300667.2973632812
688362660.1002814770 5342263.2753906250
597464269.8255723715 3813087.3483886719
607816155.0997766256 4420550.8066406250
596554762.3866639137 3738909.7895507812
640859684.3083908558 5051291.8881835938
611870371.4552420378 4572835.6791992188
604750243.9751286507 4271794.8913574219
598024692.9160180092 3859820.3425292969
626548740.6820853949 4869684.4404296875
641131220.1782066822 5056750.5502929688
613829046.0678570271 4626920.2529296875
608935548.0100277662 4469380.6191406250
595141492.5490733385 3605802.9802246094
603582628.4385372400 4199407.3420410156
692958286.4309293032 5393448.2626953125
692886516.5424637794 5391051.7548828125
640931532.3081743717 5053369.8813476562
597788273.7984713316 3841698.5891113281
639109064.8201336861 5019386.1616210938
596818165.4868746996 3762158.3269042969
600292064.2820746899 4018182.5090332031
607193379.0621242523 4382886.4008789062
607455229.6290181875 4392305.7060546875
605314359.0860258341 4303597.4230957031
597477356.7758235931 3813175.9313964844
608296842.8546373844 4428120.1064453125
605586649.5405198336 4311954.1491699219
602805048.8600482941 4157384.8400878906
605714264.9845963717 4321146.7810058594
608333461.6524201632 4437786.8710937500
605126989.8004173040 4291755.9621582031
605407123.4479969740 4311238.5373535156
598403454.7562842369 3887287.5744628906
596806288.3121190071 3758476.0109863281
599265046.1048107147 3948246.8891601562
598271976.0062962770 3879386.3479003906
598338825.4867080450 3882878.2160644531
599212512.9206948280 3944039.1977539062
600138629.6109766960 4007113.8747558594
598839656.3499102592 3918829.6794433594
599308619.2966964245 3950560.7143554688
622831119.3114633560 4819228.4794921875
608785222.0309906006 4467625.2290039062
608640649.1710715294 4462956.2270507812
604978537.5309907198 4283047.7502441406
688860392.0105923414 5344599.1293945312
605257440.0442833900 4298830.8146972656
606031195.4172501564 4336181.1721191406
605831407.7743245363 4326082.3415527344
611074984.6323171854 4544666.3930664062
696715808.6354858875 5401950.1806640625
605193927.5541925430 4294636.7043457031
598826134.3190338612 3915773.7158203125
604926684.9509630203 4280801.4748535156
601099241.0061088800 4062393.1413574219
637597253.5776262283 5016822.9887695312
637175438.0113371611 5013472.2260742188
597624023.4582965374 3826251.9953613281
629714304.2282632589 4903636.9526367188
629385308.3978337049 4896276.6137695312
705180691.6180814505 5449709.3730468750
601531051.9836373329 4086371.3757324219
608404265.8460940123 4439388.9541015625
608120614.8262178898 4423367.3662109375
605043639.6441855431 4286860.1730957031
610150028.1651283503 4522942.1704101562
611743989.5002118349 4567952.3100585938
609392852.6676270962 4492873.8642578125
605770160.4714100361 4323716.1413574219
641425019.4410450459 5060146.8422851562
611760868.9134229422 4569117.9135742188
669969488.9136779308 5229636.4365234375
604477290.2658624649 4259125.8234863281
626353533.2693539858 4866006.1137695312
641608942.8635640144 5061725.0678710938
611961668.1564147472 4579676.8544921875
596774778.9789590836 3758225.1823730469
596307274.3046613932 3715195.8447265625
604277969.7407796383 4243234.6809082031
601627164.8128749132 4095614.7644042969
596997101.3368083239 3776419.2858886719
626868307.6670725346 4877563.7524414062
601756537.5448879004 4103775.4235839844
604159391.0160419941 4240694.8933105469
612475947.8664656878 4591024.2768554688
632691393.9476789236 4957154.6997070312
632093292.7785934210 4953057.5590820312
608422824.7855101824 4444888.9653320312
608482174.2686247826 4447806.8808593750
705209317.9250508547 5455783.8144531250
635654916.2360339165 4985566.9204101562
635205760.0829833746 4973390.8076171875
612117709.1458531618 4590069.7045898438
636436292.3339523077 4995206.6567382812
601310457.2288697958 4074979.6750488281
612527466.2977306843 4591920.1909179688
612625135.6596641541 4597886.6923828125
610566708.7401556969 4525009.9672851562
691650404.4495720863 5347982.9443359375
665641359.9215987921 5202840.8789062500
708361281.2391216755 5465755.3662109375
681620227.7378623486 5292261.9648437500
610404166.4240671396 4524269.5576171875
639806530.9029521942 5030243.3271484375
639120688.0475338697 5021818.9682617188
603378092.6152576208 4193096.1926269531
603297493.1188392639 4189942.4982910156
604033109.9173688889 4232338.5783691406
603628104.6305861473 4206324.1838378906
673486067.7417612076 5240587.7343750000
601861034.4199482203 4107907.6364746094
702261770.6454950571 5421737.6171875000
602852278.8310308456 4159557.6184082031
615647442.5326822996 4663731.7856445312
603784993.3199112415 4216772.2131347656
603852402.4932799339 4218023.2434082031
602963431.4383711815 4170386.6408691406
602128700.6912816763 4119692.7302246094
699530710.9033638239 5402859.1835937500
615409583.5379472971 4662151.7055664062
619869722.3336832523 4751891.2817382812
601363101.5239018202 4076865.6125488281
601996286.5210969448 4115735.0261230469
633191335.8238649368 4959234.5932617188
612944050.6511120796 4600573.5263671875
616749541.7021281719 4679936.8125000000
603670771.1253511906 4212430.6662597656
665549384.0861819983 5192844.2714843750
631285953.5852668285 4925591.2709960938
631545743.2107123137 4928998.5991210938
631400622.7751979828 4927656.6557617188
603198321.3680769205 4178790.3361816406
603090906.5119467974 4172653.0021972656
684372415.8844099045 5314959.1962890625
658596029.6715693474 5148958.5063476562
631927126.4315297604 4939289.9497070312
627600808.2098751068 4878716.2983398438
688024835.3198287487 5328286.7646484375
642111507.3933688402 5064211.8276367188
618528356.5529744625 4736735.8320312500
618165507.7466655970 4727092.6875000000
700257042.3335839510 5406013.8613281250
630556012.7221230268 4913943.9746093750
639080603.1507022381 5016991.5844726562
634496854.6399520636 4966602.8242187500
620734353.4483813047 4776292.6069335938
620428474.1452318430 4768976.1469726562
620941411.7891831398 4779640.9291992188
621008191.7078585625 4787431.0961914062
630249982.0198465586 4906887.3437500000
616188889.2612214088 4674776.9853515625
625315180.9516361952 4860891.9921875000
621332486.3678954840 4790612.9907226562
621623037.4677945375 4790636.3027343750
624984416.0845184326 4857968.6342773438
620000473.1914275885 4758271.6186523438
620376239.1216562986 4766485.6225585938
654523732.3506071568 5131192.3886718750
716414176.0796612501 5496221.4980468750
619764796.5559781790 4747636.0092773438
634065887.1176205873 4962585.1762695312
716239984.1991965771 5487905.4941406250
716180270.4078764915 5487775.7451171875
715830675.7448620796 5482040.4091796875
716149087.0916526318 5483287.5947265625
617143991.9113769531 4688243.3369140625
714742891.1660137177 5473276.1884765625
715255446.3862597942 5477939.1894531250
715297971.1103882790 5478422.7988281250
715338461.8939392567 5478739.0000000000
654248996.8681848049 5105330.7153320312
651692078.7081844807 5092210.6782226562
650749305.2042335272 5086692.1645507812
