1074044101.7665400505 9938215.6923828125
1093159506.8466486931 10731970.1469726562
1092784125.1666390896 10720346.0834960938
1051726634.5692740679 8418100.1728515625
1051398641.8377146721 8356799.6640625000
1055692047.6964453459 8819775.5541992188
1056304571.3455705643 8864306.8295898438
1059609246.3240488768 9107026.9384765625
1061398544.3572719097 9241248.2431640625
1062748943.1931957006 9345008.9667968750
1066584408.5410403013 9542993.3300781250
1080835936.4583940506 10240164.0566406250
1051713490.5171800852 8405032.2382812500
1086714559.9175176620 10473798.1616210938
1085977855.8653450012 10442519.7397460938
1052171506.3087246418 8476591.9189453125
1052147978.3501656055 8471609.1054687500
1061773101.3328057528 9273703.9345703125
1067972596.6324177980 9612135.5771484375
1085594733.7754292488 10430716.9702148438
1085439521.7282021046 10424562.3510742188
1087568022.1717741489 10515857.8715820312
1051497570.1658817530 8370989.5185546875
1051822861.9231370687 8425309.1591796875
1051574734.0735758543 8382078.3505859375
1054760460.1841912270 8735487.1098632812
1057784786.9537259340 8987466.0498046875
1057443962.5946649313 8959309.8735351562
1051905054.3606573343 8441447.2744140625
1052144544.4956080914 8468634.8984375000
1054676982.6536092758 8729184.9399414062
1059347509.4323964119 9100746.8642578125
1053243685.1410214901 8591072.0712890625
1067727731.2823605537 9597247.5131835938
1084546403.1215021610 10385241.9829101562
1052940134.4781793356 8550866.4492187500
1053299543.1137599945 8596636.4145507812
1053735490.0439448357 8636659.4975585938
1054061351.8074272871 8669607.6933593750
1053919160.8989686966 8654792.6547851562
1104083327.1931164265 11019968.3115234375
1103966693.6726958752 11019937.9599609375
1053169615.2430516481 8583063.7690429688
1053086158.6032214165 8571513.2387695312
1052814348.8911639452 8541842.9755859375
1058927102.0026031733 9062902.6582031250
1093060467.9265182018 10724725.2788085938
1092695135.0933239460 10711535.7114257812
1053238319.3607987165 8588063.5268554688
1062208499.0299896002 9305607.3808593750
1054640221.1945720911 8720091.7495117188
1054509610.7826611996 8713066.5317382812
1054024590.3483895063 8660541.7763671875
1054300850.1752020121 8694230.2822265625
1053722040.3782744408 8634797.5512695312
1053890323.9912760258 8652035.7426757812
1054636260.8122705221 8719991.8647460938
1058631540.2870073318 9048731.5532226562
1074395479.6371660233 9957388.7080078125
1084807331.3638553619 10392492.3056640625
1054398290.8813649416 8708443.2211914062
1060908522.5680042505 9214691.0668945312
1061796418.0276082754 9275871.5000000000
1064491589.8716095686 9451363.8940429688
1134010454.0544714928 11603553.2138671875
1063072126.5162476301 9361094.9628906250
1062689854.6436220407 9333683.7587890625
1067833100.6174832582 9598181.7402343750
1087852601.0818805695 10531465.0273437500
1100392932.0309517384 10901446.0039062500
1080555782.4096376896 10222265.3378906250
1073847203.5761773586 9923950.0732421875
1192466458.2394599915 12025581.0761718750
1052461572.5438686609 8500446.5156250000
1131766075.1979360580 11533080.7500000000
1059194889.4718105793 9085419.0541992188
1063761113.1805156469 9399603.6206054688
1100715836.0299987793 10913010.2128906250
1087441927.4831790924 10509581.7978515625
1086306696.6908724308 10459433.9975585938
1086401492.6299684048 10460316.5229492188
1059406867.7029346228 9105885.0449218750
1073967180.9961361885 9936502.8237304688
1054592377.1646295786 8717785.9907226562
1054837237.0798234940 8740477.4672851562
1073519148.3569420576 9923777.8505859375
1133858282.0433428288 11600803.0957031250
1078524425.9717679024 10126796.2172851562
1134063174.0845830441 11607370.4589843750
1217190639.2429189682 12218182.7470703125
1132391559.0220952034 11545289.8769531250
1132957975.5702657700 11574174.7207031250
1215448543.1338992119 12192622.9335937500
1063088849.9812537432 9368119.0239257812
1109732495.2681586742 11152125.8173828125
1057565408.3536002636 8970584.2270507812
1062867943.6601856947 9349876.7114257812
1066812945.3021533489 9563328.4931640625
1067527356.4360702038 9584188.5771484375
1057389798.7888518572 8957095.6313476562
1061108271.0724844933 9227341.7119140625
1059987478.2406609058 9149440.3496093750
1063923063.0590666533 9417699.6494140625
1057257989.5534739494 8947993.5219726562
1080630139.5893855095 10231036.8437500000
1091098815.5732841492 10641374.9370117188
1060358131.0950052738 9178743.3920898438
1060085977.4436414242 9156722.4272460938
1110702452.7963948250 11193521.6914062500
1110608833.4546787739 11186553.4970703125
1062110215.4248964787 9296921.0415039062
1080859127.7527751923 10253634.4301757812
1061218637.7905867100 9240692.7041015625
1061701887.7907385826 9270209.5908203125
1061925543.2699280977 9284731.0527343750
1220922372.0377678871 12301491.6367187500
1132678312.5628929138 11547314.3798828125
1063277627.8873460293 9380884.6455078125
1066798574.6876819134 9560305.0620117188
1054880749.6989965439 8747504.2885742188
1057651887.2246285677 8975870.5415039062
1061909327.4538141489 9282736.2290039062
1079850405.7850987911 10203826.3403320312
1133382086.9179129601 11585325.7724609375
1059824813.0333491564 9138056.9721679688
1061976484.0705336332 9288952.3881835938
1064631233.7416911125 9460680.1914062500
1106474173.4048812389 11035472.6826171875
1057992543.8197820187 9001369.3129882812
1061162164.2180835009 9233029.5986328125
1065340982.1214822531 9487298.2563476562
1054669592.1012864113 8720494.5268554688
1055145328.7198028564 8768625.8632812500
1059697360.6176680326 9127584.9379882812
1120089708.4953396320 11327249.0390625000
1108959533.4114220142 11102383.5195312500
1071673838.8111125231 9838718.4648437500
1061719881.6696355343 9270489.6083984375
1134210369.1874523163 11616064.3388671875
1055274126.4719270468 8775306.7285156250
1056819349.0507175922 8908949.4912109375
1058094165.4814554453 9011391.1411132812
1062411916.6643798351 9318014.3994140625
1078462465.0905859470 10120851.0815429688
1101750493.7630331516 10954682.8027343750
1101265367.7697463036 10938392.8349609375
1078579115.5991795063 10130082.8979492188
1055298846.1047413349 8776257.1025390625
1211767569.9725599289 12167336.1875000000
1056466027.1248342991 8879262.9160156250
1187313195.0063841343 11927335.6796875000
1065978302.4525595903 9510295.4741210938
1072907001.7683726549 9888486.3691406250
1063559077.5924533606 9395463.2314453125
1076012084.3610329628 10029084.9277343750
1056093445.9281572104 8844909.0468750000
1076992760.0089011192 10054769.6567382812
1100598600.3552198410 10907449.3994140625
1065164608.5224796534 9473994.8515625000
1095563586.0626649857 10795420.2636718750
1055594695.9454134703 8799884.6074218750
1249127735.9462034702 12431563.0615234375
1160544866.1448769569 11746111.0166015625
1074868607.8261415958 9977465.3012695312
1055594695.9454133511 8799876.3300781250
1081320319.4824032784 10264645.2329101562
1070737089.5300506353 9761824.3261718750
1248611514.4687201977 12424603.9169921875
1164732771.3595607281 11788420.3867187500
1180323143.4033081532 11914721.9296875000
1180429184.3647959232 11921531.2207031250
1196789696.7651717663 12100005.2617187500
1078465649.1049759388 10125886.4760742188
1075058402.5095038414 9984960.1035156250
1248603471.6836225986 12419551.0625000000
1109845246.7402348518 11157090.4501953125
1077416803.3492820263 10081129.9340820312
1070745932.1051640511 9776033.8032226562
1069028827.5073355436 9680823.8076171875
1092539077.6645185947 10706404.6625976562
1065876344.4167970419 9507443.9082031250
1070054596.6195843220 9742244.5942382812
1093380096.1772122383 10742251.4057617188
1070934833.0493210554 9793894.7866210938
1069301157.9893537760 9695093.3076171875
1059129996.0964214802 9078095.2578125000
1087071494.7259485722 10492193.4038085938
1068236572.8930503130 9620785.2587890625
1072287930.8998768330 9860917.3750000000
1069606135.4181935787 9709287.3574218750
1087713152.7214655876 10521637.0493164062
1078364237.2749693394 10120829.4877929688
1079322674.1585693359 10176397.9213867188
1068485117.7056125402 9655835.6015625000
1069739867.4280172586 9739811.9160156250
1078988705.7130284309 10165237.2065429688
1077684058.5797858238 10090309.3842773438
1077521445.2307248116 10089913.8920898438
1068314484.9652796984 9644980.6298828125
1069303297.7007353306 9695880.1523437500
1085179805.7822706699 10414827.4467773438
1126353511.7019770145 11469931.6396484375
1088293208.6165869236 10552775.3413085938
1075868072.4784767628 10013922.1386718750
1099371344.6363334656 10878897.8735351562
1099015453.4567635059 10873332.6489257812
1085142757.7845540047 10398391.7670898438
1110540989.3246631622 11181524.8535156250
1132814177.1220743656 11558822.2714843750
1124399151.1746754646 11399099.2636718750
1086835464.6149630547 10479103.1665039062
1094368874.9883172512 10775893.9321289062
1093862761.6131560802 10760738.1606445312
1088049844.0983724594 10543588.9487304688
1084263895.4821581841 10372695.5620117188
1083922575.4728682041 10353356.8173828125
1100231708.0163898468 10895962.2617187500
1093497952.8989100456 10743056.4750976562
1202814947.2062852383 12138415.1025390625
1188283220.1021466255 11931177.3720703125
1075455238.4290945530 9993167.7636718750
1214592847.1211700439 12186372.7509765625
1214229849.6806259155 12180505.4658203125
1178712041.1296010017 11849687.0156250000
1189786742.5606217384 11969989.3320312500
1125295856.9920511246 11456097.0214843750
1078239149.8418977261 10116305.5288085938
1071111719.3610156775 9802474.7436523438
1070834145.1043314934 9784092.1596679688
1069700308.4348534346 9712136.0800781250
1070872354.7974280119 9788092.1977539062
1076893249.9105756283 10052845.4194335938
1093648199.3469758034 10751859.4487304688
1096132798.4321928024 10798979.7324218750
1077726681.4598729610 10098531.7675781250
1236237156.6060802937 12306711.9140625000
1081759991.0504355431 10277126.5117187500
1084406289.4292147160 10377062.9248046875
1111986279.6960132122 11234276.3623046875
1070339705.3093465567 9761783.7338867188
1111090433.1298952103 11200303.4990234375
1188344752.5989587307 11954298.6816406250
1089653902.4202196598 10589313.4311523438
1111873581.0398578644 11227378.1035156250
1111691640.4763469696 11220773.7470703125
1082109907.8688025475 10298234.0004882812
1082502197.0042445660 10307271.1235351562
1094029904.5417253971 10760777.6264648438
1093806947.1544406414 10753403.5454101562
1169528702.4311330318 11840993.6816406250
1183288783.3614983559 11922723.9404296875
1120242670.3654770851 11375927.0859375000
1128763413.0119004250 11529127.8710937500
1113646167.3798832893 11276462.2558593750
1090062774.4832482338 10599647.2612304688
1208929367.3918457031 12167036.7099609375
1208457193.4099366665 12166712.8486328125
1075798273.6686134338 10003994.4580078125
1103935405.0938637257 10999132.8291015625
1078123778.5146822929 10111744.3945312500
1078114957.8650579453 10105825.1503906250
1100762729.1196432114 10920433.6835937500
1107558902.8654916286 11083358.7607421875
1109304888.1477086544 11128425.8154296875
1109079996.3365120888 11125429.2656250000
1099002590.3793683052 10856325.3183593750
1239649220.4263763428 12309916.8623046875
1107642362.4277353287 11092237.6660156250
1090626508.0865547657 10633231.8764648438
1125254904.2034802437 11430777.8505859375
1108595939.7850351334 11093561.8359375000
1099701800.6616628170 10890390.9501953125
1127347556.8441371918 11488658.6718750000
1102395591.2902736664 10958026.3955078125
1217669208.7478079796 12234340.6396484375
1207976935.3042805195 12139890.3349609375
1132046156.6526477337 11539517.6396484375
1248490151.3267471790 12380781.7949218750
1248295215.8391783237 12370454.8271484375
1248131076.9319851398 12363015.6171875000
1247567281.1267154217 12358300.5488281250
1248092699.4297187328 12359984.6845703125
1248013998.0070533752 12359862.2705078125
1127146223.1413447857 11473010.0097656250
1102608103.4120950699 10963462.2187500000
1125990320.3024926186 11460328.3525390625
1118671107.9967763424 11315538.1718750000
1118149731.9720730782 11300951.9335937500
1153376750.8456406593 11732454.5488281250
1124021686.8247301579 11390920.5429687500
1153134859.3697977066 11660393.6396484375
1091767963.5125749111 10664168.0014648438
1091884781.8828890324 10666481.0922851562
1107104569.9855523109 11064076.9863281250
1107239759.0600545406 11069211.1708984375
1107219130.1457645893 11064086.5234375000
1117501487.0003681183 11286428.8945312500
1117427275.6827332973 11283941.1787109375
1118013572.0159263611 11291185.0605468750
1117408376.8885598183 11282031.5830078125
