380384810.9891653061 110908.3051180667
382692666.4663441777 120457.0920532444
380127344.9206514359 107645.1403307165
379677179.3189771771 106132.0446275915
379195905.1712256670 102018.1316154874
378024574.1629420519 90544.0885980653
377803223.3330667615 88991.0698703540
378111162.0112730265 92064.1239920702
377969720.2876909375 90030.9821463671
378566384.3942857981 95618.1700301614
380056773.4977734685 106611.2332612327
380849567.3449464440 111681.1220809943
377402301.7191191316 82997.8745586339
378040638.6805524826 90667.7938190885
377866871.6193476319 89161.8665079064
378987569.3341570497 100213.3681391155
378765993.6113710403 99630.5117743980
438476532.8791662455 245601.6670914458
377559308.9384393692 84736.6087250361
377628440.6185290813 85536.0542619414
377744280.5870108604 88572.2958291955
378188733.4423355460 93340.0905270275
377937250.6685273051 89875.4704556164
378844962.0347184539 99664.6526420038
378506961.5445176959 95383.0724867430
378427993.1211702824 95348.9316191372
378890948.5454727411 99928.9207307039
401951238.1337091327 170684.3204111909
377708881.6580743790 88164.5669130101
377464300.9436982870 84573.8820319190
377734184.8647782803 88399.0656805583
377643923.1332992315 85576.9347396083
378012231.1871761084 90522.4676660485
378078692.3921094537 91908.6123013195
382340401.9811449051 119292.7687213732
381961386.6109993458 118873.1300296561
380976331.9568504095 111938.6812850959
377580184.3411458731 84805.3711763867
377680000.8992573023 86220.1429018700
378745468.9770537019 96118.4203123745
378341743.4018674493 94016.1482510265
383094166.7901898623 121140.1257023101
388451280.8389979005 137167.2155868986
379470429.4110246301 104051.2734611905
381235541.9157557487 113633.9229571561
383324953.7308318019 122986.2772209237
381416160.2986631393 117204.9623807496
458978666.1420227885 280880.8249053955
380232722.8616394997 108314.7888781703
389695613.5244811773 143712.3123110065
417798088.3901967406 196993.0282305346
417298537.1968948245 194958.3466459380
383184623.6286506057 122012.3894235308
383257021.4809299111 122468.4866372759
379448681.7360537648 102241.5598466514
379433275.6950194836 102241.5598381436
378703737.6150112152 95991.6692321988
381703273.5987740755 117612.5289854050
459615630.9043712020 282397.8858489990
382083904.4340662360 119007.9404462988
382019154.4407721758 118903.7912789995
391973147.8846975565 154953.6534206399
391350507.0111080408 154011.1800930032
382427407.7115336657 119653.1990588011
381905714.9994441271 117926.3654406370
382758283.6210628748 120936.9331247027
390821233.7683334351 149192.3626373424
401055268.6758428812 157673.0154415372
417006800.4649251103 194110.8224306868
391190705.5365652442 152028.3423247528
383401469.3257575035 123197.8845899445
390405970.7149650455 147993.9731732950
390961724.9757072926 150087.6171933756
390180353.4471773505 146769.9290598331
384578963.2021179199 129008.5830536080
384919977.6584289074 130495.6147970692
384161189.9336352348 127350.8881073189
382433067.2901229858 120365.4432186560
383044311.9496127963 121135.3124874235
385555336.6104445457 132612.2115792672
384986275.8788402081 130517.2533468739
411139087.5433042645 187817.4673772235
382224579.4941304326 119008.3053202183
389235057.9194159508 141596.9713445309
388634500.0978450179 139922.5224047158
384898164.7773978710 130001.5657082382
384533839.0634509325 128605.1274113567
386260664.8647986650 134663.1906839223
385707181.8927574158 132630.0488382192
410607835.6083929539 182573.3114942466
385788722.8567047119 134536.9945634004
384058534.2122814059 125937.3257658915
385273024.7144654393 132503.8526310832
383579715.2656093240 124804.0584582374
384572840.1371239424 128703.1211066530
391176438.2853189111 150880.4834394646
411008043.3940959573 184632.6963053287
410438269.3875452876 182539.0482384877
381330594.5179252625 115332.8244029955
407546167.9389244318 181132.2178885357
381270246.4660422802 114895.1880834551
381131961.0718914270 113131.3929479570
404770615.4668914080 172868.8560421409
381022316.9608526230 112890.1884946538
453179770.7927889228 273400.2346801758
453691982.9957317710 274504.8966674805
424128339.5521808267 215317.7822215499
427481371.3036844730 225561.9967502467
402234733.8251248002 171412.6360090673
402270297.7335079312 171537.9306868017
442086531.6092941761 252747.0810205350
457724312.9408162236 276664.2041931152
387243969.6710474491 136624.9985535459
389541514.3507989049 142767.4956510557
386944235.0802556276 134877.0307819476
399407933.2431769967 157031.0336686900
414609113.9627820849 193728.8583275266
392762553.7193446755 155264.4789730725
406917670.9287609458 179586.8129515403
406498634.3104634881 178653.5483031028
448842926.5364941955 262432.6000907421
445181601.2084513903 254807.2060671449
452422279.1202042103 265741.5441894531
388793199.0723549128 140007.7257034905
406093094.3509644866 175694.8418217227
458147959.4685830474 277712.8437347412
387927627.2819947600 137017.5186606591
387636336.1621304154 136713.8070372288
387346725.3047853112 136655.4661753421
422854002.6936160922 208523.4092513205
445445465.5414698124 258438.2296960503
418382697.5439324379 200295.1925702132
417922685.8224165440 198685.1831441585
409892903.8851261735 181527.9839014011
418998642.5862515569 207165.3899936344
418632005.6456853747 205176.9002912905
427334073.4375451207 222123.7002289193
401002910.8527113795 157475.1144008301
410856165.0166757107 183922.5050221253
420915021.8126510382 207273.7918120027
420707116.0526336432 207193.6649108697
413742563.6460875273 188789.7116042674
413415899.8502238989 188737.4231211245
413320577.5383620858 187894.8569356501
415740081.4384434223 193844.4726091623
417723237.7233459949 196030.7919131517
423179136.7182477713 210931.7447994351
423790430.7692112327 213347.6357219815
423651500.0358887315 212979.1681926847
424108353.9956716895 214797.2296121716
423743603.0933060646 213151.0339477658
424466398.5096632242 217414.2368214726
423223530.7049067020 212369.4482648969
422967784.2164590359 210420.5221222043
423870742.4061790109 213619.5868347287
424154966.6136674881 215963.7697857022
423213391.6660512090 212099.8233688474
423100761.9412707686 210883.2394836545
424182817.0824250579 216378.2931774259
424399070.8216561675 216871.2514274716
423727995.1582680345 213028.4115055203
423891163.1174055338 214765.0498378873
424568666.9727106094 218171.3317955136
425244606.1764261127 221683.3936107755
428144014.2456563711 227625.3375759125
424947028.7251936197 220307.8027977943
424741048.7477844357 220191.8587854505
427318579.0883899927 221824.5114212036
427733364.2497949004 225674.5378494263
427400079.6753085852 224203.2228164673
427412774.0168002248 225520.8700790405
427356705.2823224664 222473.6807937622
430208089.9439840913 231959.6916694641
431687724.7408889532 232144.9410133362
432841135.1211035252 232367.1656398773
434032852.9697828293 233737.2559471130
434534858.7744458914 234697.7478370667
434184265.7029283047 234620.3100843430
434021978.0607985258 233201.1774549484
437339924.7049290538 241760.0676765442
436703990.7334899306 239814.9671592712
433932068.5769531131 232663.7801952362
435589164.3537175655 238741.6558895111
435090441.6567630768 237785.8794612885
435084151.5620373487 236242.8712596893
434891528.2797008753 235998.3821773529
434854686.7572650909 234913.8255081177
438128772.4082897305 244295.0822067261
436523947.2481716275 238910.8025283813
436940990.9917770624 240258.6583023071
444389686.5392756462 253880.0657920837
443887419.1540097594 253861.2040519714
443634492.7244973183 253587.4143333435
445423760.7969157696 255277.9014244080
