67308485.3917860389 773342.3110351562
66887935.7262793556 755197.7578125000
67686861.8520876169 787950.3776855469
66445111.5694947988 736430.0393066406
66339853.4027919769 730650.9157714844
66658937.8610785529 745344.0419921875
69025480.2692136914 823517.3227539062
66315694.2781341746 729405.3925781250
67047992.3663155586 762883.9541015625
65716478.9704967216 684921.5761718750
67932700.3943594694 796697.1127929688
66998990.4920527786 759348.9621582031
66159915.6416122839 720015.3051757812
66898073.2670985460 756642.3979492188
67023092.0495138839 761141.6853027344
67638951.2986553013 785674.8061523438
67957484.5686310381 796711.0200195312
68559458.9959382564 815822.6831054688
66066914.3159237355 715452.2441406250
67764681.5689829290 790736.8369140625
66077598.8866526484 715976.9370117188
68218443.0696071088 804594.4487304688
66494690.3615824208 738173.9516601562
66795500.2592157573 752707.8210449219
67252966.1576252729 770310.1604003906
67436686.7986437976 777290.6870117188
68827517.1302015930 819398.5336914062
66284230.4319305941 728086.6059570312
66441073.1325104684 736197.6188964844
67680241.2975229770 786522.4650878906
66218574.9481754676 723519.3120117188
66183874.0491901487 722076.6877441406
66116927.4085313305 716237.4316406250
70604962.7968300879 827505.9799804688
67194587.5136226714 769024.1972656250
66829497.7261196151 753380.3598632812
67124637.4278768599 765304.2746582031
66952519.8779840320 758691.1826171875
68937700.3561559916 821360.1596679688
67315512.8402035236 773549.8139648438
66009585.8164433017 710597.4704589844
66793272.5829735771 752361.5515136719
67449544.2994678169 778659.5551757812
68916776.2071802020 820898.7836914062
66325919.3919758648 729912.6530761719
66646707.3195677102 745332.6201171875
67494235.2686621100 780210.4707031250
68156786.8648976386 804249.8803710938
66887405.2822726592 755191.8999023438
66699634.9855494946 747038.1796875000
66756110.9062310755 750307.2731933594
68145903.9313911796 803709.6147460938
67441385.5203854293 777308.7551269531
69207429.5730241686 824224.0786132812
66587089.9874726906 742759.6594238281
66769880.3940245956 750807.3991699219
66464067.8356082812 737448.8366699219
67158263.0060687363 766166.2883300781
66303463.7366233245 729393.9707031250
67327283.9248271435 773735.7233886719
67105701.7340254560 764687.6252441406
67382485.8172038198 775873.8439941406
67624291.5458994210 784957.3710937500
71385900.9192379266 828888.5639648438
66293186.2994493246 728311.8891601562
67474347.2468457520 778733.4577636719
65851871.0856481269 697215.4912109375
66563131.5798948109 740639.9995117188
66815728.2383261099 752880.2338867188
66610633.0990141481 744477.7680664062
66182857.0533554628 721756.0605468750
69614001.2438958436 826427.9262695312
66926979.3055668846 758026.9685058594
66633088.7543666735 744996.4504394531
66894490.6597602218 755682.9799804688
66554709.8928620443 740356.2309570312
66744339.8216074482 750143.1850585938
68511872.6887778789 814300.9438476562
66004274.3401478156 710572.3400878906
67862880.7814823985 794406.2485351562
66916294.7348379791 757672.3742675781
66167749.3321023360 720193.6682128906
66772602.4728724584 751338.7368164062
66486523.4909608141 737967.5190429688
66460713.5707580969 736777.4963378906
66924804.1971101537 757689.2580566406
67669819.1242850572 786468.6320800781
66219896.4519395456 724885.8928222656
68767895.3352918178 818891.9399414062
67517197.9598400444 780958.7177734375
68515900.1403836459 814329.6157226562
67183812.1576973200 768731.7651367188
65889924.5615481362 705558.9777832031
66416208.4513137192 733622.7119140625
68347295.8030353338 809781.1508789062
69994339.2010623664 826860.1831054688
67242463.4346310943 770229.1464843750
67236231.6496569067 770055.4106445312
67607162.0192405432 784051.5339355469
66568133.7213592008 741740.8620605469
68784000.0114184469 818991.1479492188
67381955.3731971234 775732.1872558594
66342322.1909646839 730650.9401855469
68026316.5450807810 798985.2280273438
65767922.1282704845 692477.4106445312
66669162.9749202579 745851.3024902344
66187928.1327465102 722532.7656250000
69836557.9461334348 826625.6401367188
66013117.9123473391 713224.0341796875
66685736.3570125401 746057.4287109375
66667344.3061696365 745559.6132812500
71389928.3708436340 828915.5161132812
68256133.1271830797 806688.7358398438
67393170.3879327029 776236.9782714844
66374348.4681608304 732997.4467773438
69618028.6955015957 826466.4702148438
66733655.2508785501 749788.5908203125
67743293.3951719850 789681.8618164062
67257548.6257908046 770559.9040527344
68073759.3020412624 802026.4487304688
67827920.7597694099 793279.7136230469
66919751.1594380289 757689.0549316406
67061041.2048995197 763096.8222656250
66098462.6884465292 715984.7531738281
65881188.3271769062 699601.0587158203
68854745.4850011766 820689.3637695312
67533970.9571198523 781357.3164062500
66426485.8884877190 734704.7934570312
68817952.5269926488 819099.1098632812
66337621.7908164561 730593.2519531250
66058747.4453021288 715245.8115234375
68106709.8834833205 802452.8920898438
67344509.8372206986 774244.7624511719
67418922.6918009222 776276.1591796875
68938400.0981345028 822562.9018554688
66269227.8918714598 726192.2292480469
67567302.4101114273 782907.9235839844
68162516.9764617831 804400.6206054688
66688014.4162707552 746582.4279785156
68038518.2928763628 801307.6772460938
67883535.1245312989 794745.8691406250
67755721.7728715688 789906.5183105469
66505374.9323113188 738698.6445312500
66036291.7899495736 714727.1291503906
68440911.9537566453 812069.2661132812
69860124.8318632096 826658.3774414062
67535283.8881110996 781545.9714355469
66274587.8985110745 727281.4479980469
66440109.4280304164 735329.1767578125
67273150.9604652971 770909.7739257812
67485769.4426138699 779341.2204589844
68252105.6755773276 806660.0639648438
68644858.1033513099 817718.0532226562
67652283.2483754307 786379.7995605469
68763867.8836860806 818863.2680664062
67718160.7058135569 788928.1989746094
66769729.4714321122 750643.4428710938
66697198.0831236616 746758.5808105469
66122662.6284655929 719163.2978515625
68052287.7806698680 801421.4995117188
68087528.7898347825 802140.2709960938
68823489.6785958558 819369.8618164062
66002062.0955810547 708345.1722412109
66692593.0178994462 746585.0786132812
66701909.0347061679 748448.9982910156
68531497.4127181172 814415.4819335938
67841690.2475629151 793395.0505371094
67160862.5710228980 766337.1367187500
67114968.3943444490 764839.7773437500
67366249.8213385046 774269.7678222656
67743092.6974606216 789474.7651367188
66066383.8719170168 715446.3862304688
67961597.9711347818 796851.4562988281
67637880.5112288892 785486.0620117188
68158489.5248560160 804371.9487304688
67292789.6349557042 771286.5739746094
67992734.7012145072 797499.9077148438
67083049.7936154976 764058.9680175781
67849111.2936888784 794292.4262695312
67303351.5251148045 771692.8857421875
68694915.2950521260 817925.2231445312
67593083.3503107578 784025.6611328125
65803626.5692030713 695227.0083007812
67929043.2720480561 796473.3354492188
67848478.0443358421 793514.0256347656
67893802.2628831565 795864.3989257812
67645365.0657626539 785991.3034667969
68305136.6112576574 808675.3979492188
69079564.9125202745 823763.0366210938
68152179.8543746769 803846.9750976562
67589909.8637811691 783743.3845214844
67915526.0800642520 795890.3649902344
67546443.0291705877 782188.0429687500
67887492.5924018174 795339.4252929688
67739636.2728605717 789458.0844726562
68315891.5007975101 808766.4868164062
68698942.7466578782 817953.8950195312
67704395.2636956722 788849.1479492188
69517743.5784346610 825571.6645507812
68318906.0990511626 808788.6333007812
67784257.5467649102 790895.6049804688
67304828.2694746107 773195.2197265625
67757040.5622775257 790339.8601074219
67988707.2496087700 797471.2358398438
68178114.2487962544 804486.4868164062
67969082.5256685317 797356.6977539062
67972538.9502685964 797373.3784179688
67571089.9876901060 783341.2897949219
67171522.9934690446 767697.4064941406
68369610.0619810820 810643.4916992188
69529974.1199454963 825588.9858398438
67300403.8452074975 771554.8310546875
65935011.2651848719 706589.3481445312
68418256.5380565971 812012.8286132812
68397595.6724048406 810761.0922851562
68471502.5506562442 812121.2729492188
67268323.9817161560 770909.0881347656
68226681.1154629886 805517.1635742188
65800778.5437885523 693440.0332031250
67919290.3628123403 796270.0603027344
67260754.9272376448 770664.4514160156
67168066.5688689947 767680.7258300781
68270259.6229756624 807419.2963867188
67721821.8738006055 789077.6118164062
67338232.3860828876 773832.1845703125
68467475.0990504920 812092.6010742188
67163279.5665606409 766395.3212890625
69504710.4322597086 825485.4458007812
68233884.2078379095 805630.0876464844
67226312.7506433278 769629.1362304688
66839258.8567869589 753987.6210937500
67625879.7448644042 785273.0195312500
68546346.2950527966 814582.9702148438
68023364.2342904359 798859.0825195312
67318383.4820546806 773585.9392089844
66971970.1126765087 759072.1101074219
67806641.5633422434 791242.5878906250
68813925.0753869116 819070.4379882812
66999656.7370251194 760771.0461425781
66880602.2404414713 754919.8891601562
67134403.9628987759 765869.0219726562
68414031.8310752809 811069.2670898438
68646023.7531998307 817915.7670898438
67019918.5629842728 760776.7790527344
67065646.3400681242 763140.7236328125
66882855.9335162267 755079.7124023438
65862055.3870547935 697220.4531250000
67130763.3383609802 765451.3903808594
67044539.1660965309 761835.4152832031
65708526.0184230730 671224.5910034180
67023285.8149828836 761835.1669921875
69075537.4609145075 823724.4926757812
66426070.5924513191 734303.2421875000
68956527.6805797368 822579.2778320312
68704479.8982610852 818224.6469726562
67072506.6701360717 763546.6989746094
67620813.1458437443 784076.4204101562
66165486.3251331300 720075.4946289062
66594941.4739666358 743114.7128906250
68031356.1590486467 799333.7800292969
67288392.7761694789 770913.5046386719
66892336.3272601143 755552.7143554688
67020906.1994116157 760793.4353027344
67366731.5735603720 775290.7214355469
69340559.5148062110 825184.2846679688
66425540.1484446451 734143.9008789062
69370970.5622305125 825221.6860351562
65767283.0836616009 686082.2446289062
69336532.0632004738 825145.7407226562
66552749.8666271567 739910.9431152344
68027328.7074428946 799305.1081542969
69998366.6526681185 826886.7856445312
66875102.4959480017 754539.3942871094
66549092.7443157211 739614.0649414062
65873063.2092483342 698631.4377441406
66893323.9636874571 755569.3706054688
66150526.3643101230 719184.3387451172
66169960.6129271910 721335.0471191406
70354408.9273853600 827322.1723632812
66874114.8595206738 754522.7380371094
69206067.3765459657 823829.1958007812
66683414.8242260292 745923.8898925781
69447755.5271622986 825467.7778320312
66205665.0538598001 722573.6843261719
68473636.0757600814 812345.0141601562
70825196.1487911940 827943.9370117188
65975979.2476513833 706623.1384277344
65866660.1295500398 697608.6162109375
69332913.9215918481 824369.4604492188
68508877.0849249661 813063.7856445312
68960555.1321854889 822617.8217773438
68500937.4404359758 812621.8422851562
71156429.1684628129 828043.8237304688
71160456.6200685650 828070.2338867188
70733524.1206925660 827912.8442382812
69353408.7288020998 825201.6059570312
71176094.0316974521 828194.2143554688
70324647.9724317342 826909.5317382812
71090711.5285196453 827966.8862304688
70609608.9209208488 827532.5825195312
