208191412.2955381274 8229.0187714010
208229116.3946670890 8277.4516582358
208191696.3853005171 8252.1598414499
210057202.9095430076 12080.5005465885
243355317.8083292544 31244.8053436279
208383468.3268053830 8956.9235879322
208161705.3087344468 8221.9498886049
208286741.0569293201 8606.4446112096
208267553.2538641393 8592.8962223913
208241379.3756129742 8559.0156963050
208192304.8548917472 8252.3323837686
208349757.2652391493 8810.2887154957
208333185.9321467578 8631.2229656756
208229237.6680522263 8458.2538708627
208330811.2141223848 8623.7853866982
208496209.5433201492 9181.7417184253
208951850.6487228572 10348.1914217485
209481721.7438194156 10951.4554616376
208333033.4025501311 8623.7989306589
208222252.2459464669 8252.3459277292
208829583.1263394654 10250.5248262895
243595621.4860912561 31294.6810150146
208509708.4055730999 9212.3349926337
209020536.1554533541 10427.4295305055
209507080.2875832915 10998.3237501488
235185912.4295753241 27291.1007967202
237759837.6609708667 28052.5822989913
209110713.3370521665 10600.6753363957
208534132.4602568448 9347.6709759100
208788373.8069868386 10170.6371685028
209056699.2535640895 10519.3485456811
243051550.4679361582 31019.8477554321
210179552.6955636144 12461.6929917238
209233667.4093340337 10689.0182354315
243131686.2895622551 31165.6051177979
237246739.4922816157 27731.7337177992
208609834.5318393409 9621.0778048051
242005556.7128288746 30922.4988212585
208681107.3623970747 9857.1948244584
241890916.0582995415 30816.1150932312
208717769.9904567599 9998.1802523149
232247450.1751564145 24271.0931551495
231855073.1979287267 24219.0255918504
208452881.0174984634 8981.8674175604
243384253.5016921759 31276.0659484863
210362714.7799423635 12476.8973791464
243267760.9572709501 31227.0196952820
243095023.6615025699 31095.9597587585
209342192.1547124982 10824.6301433283
208534495.7170420885 9353.3204204901
208642067.9188742042 9724.7734234198
208552044.7089029849 9433.6737987860
209492913.5874373615 10957.1409923273
241582734.8549607396 30671.6905040741
208577120.4304813147 9541.5171499020
208463123.9652299881 9062.2207958563
209557481.6495038271 11032.7613231379
208566529.9866474867 9460.2911236151
208583719.4397721887 9574.6592266424
208627178.4919565916 9697.0454418524
208477609.2429746091 9088.8381206854
208447756.0245978534 8963.5741825239
208499786.5932897031 9203.2062237128
210619107.7014560997 12803.5364819077
209153439.5859092176 10683.5359508234
209674576.9339271784 11305.4473467378
209361220.7429093421 10933.9943438081
209633235.1791523695 11112.3105723198
209637495.3665242791 11274.9293172780
210505786.0964136124 12624.3181286363
210088056.6326867640 12431.7201197503
209267846.0233161449 10743.5089312104
210516564.9761808813 12803.1731226800
209529623.6106829941 11028.6715975312
210377458.1444332302 12485.6666987298
209969530.4228767753 12060.6304760484
209940705.8838810921 11699.2510617388
234545155.0965304077 26835.9850690365
242983349.9466829300 30928.9107379913
235804122.3159467280 27375.3037624359
209759896.0916619897 11676.5807875356
241118676.7810426354 30636.5790777206
231129289.2321796417 23316.0912305072
240912436.7053770125 30116.5762805939
240285247.8405762017 29763.4308233261
241034529.9663300812 30144.8091945648
229550722.4006957412 22558.9645010710
234336914.2420659959 26771.7831414669
234070596.2086944282 26619.0654138058
240035624.7813147604 29510.5574607849
240144098.5791541040 29610.8843345642
237942612.3013620079 28198.8956400156
233309019.5061144531 25873.5810769528
233648001.8404290974 26406.6962407559
239598190.8499815464 29485.7540597916
240761880.7774480283 30028.0883274078
240523750.4799951613 29769.9835529327
238160222.4577008188 28953.6678760052
240626699.5082292855 29987.2509403229
238793143.0115765035 29130.5133867264
238756212.9262246490 28993.4241800308
232338493.5056624711 25383.7825160623
231621397.8131832182 23570.6980341971
231187290.4320824444 23510.3035868704
231814819.8189991713 23599.9352121651
231341897.8753751814 23557.4270831943
231626170.7564936578 23583.4802101329
231833034.0640421808 23753.3220604137
212727810.9387004077 13412.7200439463
212461107.2049078941 13046.2684941033
212598267.7293211520 13236.0100081156
212283590.2228819132 12870.4259026457
212456262.3764670193 13016.2118890692
212393946.8970975876 12905.0081972290
212330579.3547275066 12901.9794646312
213343097.7862322032 13508.2555900621
215389041.8254120648 13623.7272465471
215350814.2365805507 13545.1884925147
215179979.3876417875 13538.6515009576
215939513.7058213055 14013.6868808088
215650376.3283376396 13846.5065439087
215225918.6751419604 13542.1991171651
215568677.1528331935 13627.1228379537
215608438.1953549683 13652.0963298162
215824364.9969005883 13853.5598910547
216709403.5750317872 14470.1244936385
216128297.8594021499 14155.4321955246
216382349.5051419735 14358.0998328906
216563745.1133178174 14453.8275732426
216561180.5453765690 14431.5621014214
216740552.3852425218 14493.4035157070
216767022.6026292145 14581.3121953717
217178889.6763731837 15691.7534949691
217038246.8432539701 15448.9955440183
216770935.2739495039 14896.3468641271
216867090.9181646705 15075.2251297557
216921673.4439946711 15257.5043188655
217552207.6937495768 15838.4415237275
217472005.1441259682 15702.7463355777
216930336.1771698296 15293.5946938121
217505521.4374829531 15710.0602986289
217908169.6654486358 16220.4221426048
217923550.0005805790 16274.0056844749
217899277.4848568141 16001.0939733186
217754128.3290474713 15846.1916146767
218192220.2697910070 16601.5533676957
218168934.7840528786 16412.3797036325
218159597.6066783071 16315.4585495805
218505223.1590739191 17006.1279984628
218311905.8506535292 16650.1247330819
218397965.7958863378 16882.7385818511
219456221.2537092865 17861.3716913722
219110024.3490106463 17488.2227811776
218842339.3391377926 17375.7116023414
218665475.5310404599 17324.0761091262
218822296.0529333651 17375.1240470409
219173681.0928806365 17566.0938936025
219085984.4424808025 17450.6314848214
218639500.4114630818 17061.0047720224
220201131.2840841115 17946.7428809963
220425419.1327621341 18002.8923055232
221272596.6871554255 18189.0135439273
221940389.7991381586 18396.9339295164
221918279.0805193186 18254.3511732355
221801366.7509022057 18209.2373295560
222194268.4457674921 18580.1712913349
221957303.3554488122 18416.5426178708
222621017.5777849257 18606.1007110908
222141940.2177823484 18554.8994897142
223409655.7339751422 19393.1687524527
223070727.5630818903 19000.9486453742
223290220.5075311065 19037.1045303047
223037183.7933418155 18712.6063416528
223033539.4699175954 18699.1147482302
224638138.8012841642 19713.1934690177
223627666.2223266661 19519.8409465458
225162046.7271965742 19755.3202913404
225193924.4382397830 19815.8728954494
225684471.8410835564 20370.3699551374
225619299.0989092290 20275.5099869519
225519811.5023489594 19920.3331017485
225249839.7580208480 19873.4081143141
225566578.2652202845 20039.8429702669
225611748.7146182656 20173.7725714594
226211615.3157740235 20912.2724761963
226295686.1500462592 21091.3907737732
226189426.8509761393 20883.6662588120
226080105.0678741932 20789.3251533508
226153201.3813274801 20825.8231826499
226648500.6798696220 21099.8909075409
226689359.0891430378 21322.4614546448
226766742.7947927713 21354.7070334107
227800490.6701599061 21594.8073551804
227446154.8331733048 21407.0683195740
227784499.4786880016 21428.6712286621
227879089.0936215222 21752.3264203221
227846691.3268821836 21660.3594000489
228043028.1287501454 21786.8356173187
228402371.3804479539 22104.3523353487
228059142.2379946709 21986.6403391510
228136917.8279116452 22004.7627352625
228403515.1460107863 22324.3209605366
229453993.2793745995 22338.4250896126
230175716.5098940730 23004.1823897883
229992120.5711320639 22922.6695228815
229956321.9118377566 22575.1997104883
230122586.9884914756 22950.4280525446
230565113.3802224100 23197.9656250477
230467685.2848927677 23015.4781472683
