192938832.7918803692 358.5053971308
240739759.6340967417 2333.6723957062
240829317.0020637512 2334.8579883575
241060901.2999224067 2336.2235450745
193077049.6868861914 384.8067190151
192803342.6921476722 317.2061111495
192793979.2376432419 315.1628509712
193088639.6661915481 397.6430990326
192836466.7743848562 331.3484947938
240317182.0479890704 2327.1097955704
227621888.1557327509 1790.7458474949
192942112.6838718057 372.9245803925
192787883.7740557790 310.5089393738
192782769.2391981781 308.5952317123
240300735.9767012596 2315.7793788910
192765251.4478422105 294.7926696251
240226206.3326883316 2312.3903455734
192769500.3674890995 294.9222221420
192787018.1588450074 308.7247842292
195240400.1191229820 524.4632640089
192847676.7728300095 337.9161140526
229510035.3073706627 1862.9149942187
192757712.4637323022 280.2378463031
192852791.3076875806 339.8298217141
198856529.1546532214 700.8616364057
192815745.9486460984 329.0949655753
194004151.2002778351 433.3000257906
192813115.2331365943 328.8715436107
230522380.0298492908 1906.3031253193
192848039.7804361880 339.6410376272
192820860.4835036397 331.0086732368
195213683.6545763314 507.6178194319
192776626.2276010215 300.3606665726
192816611.5638568401 330.8791207199
239111528.0012923777 2279.7546656132
239405136.2046106756 2281.2514231205
240406566.5930274725 2328.2421493530
192839954.8411908150 332.4678830747
192780875.1472478509 300.4902190895
192795084.2611846030 316.9587500730
240540909.7800291777 2331.3792743683
198834061.6097533703 684.1457443457
192799333.1808314323 317.0883025899
233934612.7386490107 2050.3781800102
195685528.3236306906 547.7044794764
234166747.4778805971 2058.3697209190
192836206.5705036223 331.0517681177
198829812.6901065409 684.0161918288
192799093.7725009322 317.0765586326
228178961.1647839248 1817.8882380613
192770365.9826998711 296.7063772866
192812632.9429776371 318.6530766756
195811817.3914845586 549.7985594332
238277344.1703486145 2236.1507921293
234617257.7606362700 2082.5152255250
230419156.1683096290 1891.2710635451
192841581.3092425168 333.2622024552
192792132.6937026680 310.6384918907
240301843.3697586656 2325.7942810059
230183948.3736894727 1879.3170934294
193036476.7755789757 381.4005385692
238602688.8324087560 2241.0222526682
230321779.2819934785 1881.4598019322
198127746.0050114095 644.0976239975
193013289.7961255312 380.6891642186
233092311.2561427653 2015.8703180517
192930504.5476998091 357.6996077354
192774614.9023467004 296.8359298035
192934146.1251275837 358.0654536541
240481949.4545037150 2329.6786365509
192874325.4332954586 354.9076916034
229859351.6694514453 1864.1667757961
229133943.9115031660 1839.4288724396
229628129.5045257509 1863.6616431210
196713718.2910451591 618.3018510993
196329344.4453376830 594.9667661841
237439441.5167028308 2185.2188524494
192868136.3439249694 340.4473266170
192846702.6159068644 334.6313797051
234851982.3544398546 2101.7196244691
234379153.4986409247 2077.1848718849
232777391.8013496697 1987.4931690659
193009718.5849420726 378.2427765186
192866727.7713327706 339.9473672371
192870007.6633241773 354.3665504988
195839619.2216112316 550.0518781425
198915902.6137749553 719.2974948938
199189415.0441526175 742.6325798090
236464209.1098410785 2159.9187452625
237301686.3161599040 2165.2155694775
229113319.6347997189 1828.2090482695
235242385.5868754685 2110.6638813580
228134991.9082953334 1806.8632522094
196071424.8898509145 568.4739192183
193843379.6523826122 424.3246694858
193055919.6025299132 382.1166780855
192974757.0950487852 378.2368083623
239701556.0371852219 2286.8156011105
238873207.3061366677 2266.5195529461
239495766.2578859925 2286.7203426361
225755165.7003993094 1766.8244401245
225776845.9075444341 1782.0912019042
240024013.6221014559 2303.3974227905
239841369.9097339213 2298.9425315857
240190956.4270729721 2309.6200618744
240000001.7629123628 2299.2805614471
192935831.8733105063 358.0994507133
192902271.0007995367 354.9228102028
193889101.8986992836 425.8247316122
192912413.4892853200 356.4077537298
193760037.6981674433 408.2420845610
193648877.5326437652 400.7060438472
222190054.6926891506 1711.6244082269
221901052.4790812433 1697.6181045242
195283372.9114272296 533.5554600108
193665141.1670824289 402.7246872355
220138461.6689877212 1637.7917686172
220161788.5817061067 1643.4263339706
229448838.3263838887 1852.3816712527
237280205.5706857741 2162.1847105026
231361364.4434537590 1929.7003064973
195052353.6411204636 504.3908555584
194288278.2845633030 481.0557706432
232270944.5286082923 1941.1820361407
194171690.9575619698 437.6151102476
194192954.9664892256 453.4531832546
194178625.8848984838 438.7731977654
195037512.1766603291 494.2262136866
194969987.9657686353 485.1223602695
194962279.5159952939 483.3487230478
194958445.7051705122 481.9200946845
200875584.7905275822 749.7642230623
200891575.0076455176 749.9705513507
201432511.3393520415 799.2195325503
201247450.5235845149 796.5175700169
201076501.4230080843 775.8931846004
201031705.4075168669 751.8861603305
201058223.1428207457 766.4716460352
201920340.7958838940 808.4408494586
201610040.2375497520 803.4587101499
201605618.0809983909 800.0287051962
202073719.7376253307 820.6046511845
202153032.1911991537 836.7805589938
202042439.8446014822 812.4094055609
201917279.8578272164 804.7180765586
202042610.8277775943 815.4835104661
202115329.7689302564 823.4046302156
202419878.0374660194 863.5885178880
202761647.0390448272 871.3619010956
202262670.4743354619 838.7962515370
202614448.5723446608 867.1360293836
202745218.9120154083 868.6882219599
203178647.5404959023 922.9114063305
202961253.0139875710 910.4901235623
202779827.3146442473 872.9514945335
202802890.5527097881 884.8335640693
203177766.1652738750 922.0472963674
202824527.9295435250 895.2892677120
203190227.5245813131 936.8833349418
202813521.0659586191 885.1481130502
203570084.5092209876 953.8362021055
203591453.8281232417 974.5382222775
203436964.6719419360 951.4939177874
203782492.5579967797 975.6194943325
203853175.9674815238 977.6363740643
204074195.9626344144 989.1765531977
204240536.6545571387 999.6966936029
204400897.8609752655 1018.8911482729
204339144.4402999580 1004.3286332525
204478622.6599649489 1020.6453976519
205015575.3296735287 1053.2760310648
204555539.3135587871 1023.2733462937
204763894.1570050716 1045.8846320994
204553500.1462930441 1022.7324703820
204798451.2279024720 1052.2539775260
204637970.4875977039 1043.3434098847
204632340.1008318961 1031.4221333154
205126250.9105263650 1062.4321245439
205671576.5221972466 1091.9722643106
205479737.9995426536 1076.0266561716
205092059.3401645124 1056.9618526585
205335233.7243571579 1064.7106754249
206522076.7048596740 1101.8529259627
206796869.6524505913 1132.6038508710
207163719.7239433825 1141.2548353427
206634494.8496085703 1124.3500666148
206415562.3908213973 1100.7256161696
206629770.9104202986 1103.7801169793
207134032.9110122025 1139.1419217606
207636866.0191205740 1165.9684865315
207407825.3556171358 1143.2332730134
207513694.8049969077 1159.9982202788
207417538.8136343956 1155.7077513476
207360253.4170316160 1141.7209845324
207571844.5037784278 1164.6755631705
207907598.2970223725 1184.6523497839
208000211.0118267536 1188.0411132117
207739004.7582975626 1172.2598410387
208423285.9668488204 1196.0763987219
207791029.4475907981 1172.7459590276
207755286.5505212843 1172.6837202501
208611126.4624083936 1198.1600917494
208226016.1261734962 1194.8039013064
209404038.2363755703 1208.9231401612
208835928.2625977397 1202.5751220351
209779337.2762850225 1229.8312969042
210202673.4553861022 1261.2847398809
210070154.1803171039 1256.3025973737
209975750.8987436891 1240.0491749533
210011924.6961625218 1241.6300646551
210067271.1724948585 1250.1231518686
211784088.1089563370 1340.8787466428
211660049.8109275103 1334.0082734384
210366379.6858564913 1270.7598863095
211541419.0169838667 1327.1440903089
210580910.4914411902 1283.9458480465
210320906.7525191903 1263.3947177567
210578181.7877646089 1281.1046923697
211935987.4030531943 1342.3118216108
213081241.1619728208 1398.0484775417
211949369.4837332368 1349.3561232843
211152274.3469102681 1292.8117059000
211206429.6834152043 1311.9229818038
212743633.8266264796 1391.2751828656
213179680.7774700224 1417.8493426554
213260661.3647634983 1427.9482777826
213461837.6422125101 1448.5498808138
210998070.1235318184 1289.2114787090
212960912.5809298754 1391.9279179089
213179680.7774700224 1415.8306544535
213267655.4740023017 1433.5159867518
213359591.5696169734 1446.4326176457
213774689.5515587628 1484.0493804291
213486502.1214817166 1482.2823520675
212228528.8943047225 1353.4849427442
213365530.1158636212 1447.9616471045
213285881.3284023404 1446.0350855105
213667244.2334174514 1483.1221836135
214729517.0672328472 1567.8177402169
214243971.1179718375 1541.9641158059
214195438.1512652636 1530.3008963540
214595596.1532083154 1554.8042427972
214793139.9806537330 1567.8461376280
214226557.5092420280 1536.0442959741
214123855.5360731781 1527.8386086896
214548425.6229191124 1549.5584318116
212237238.7350234389 1368.3607924680
214105209.7251013517 1492.1935965493
212644164.0541520715 1369.7452502946
224189320.5665538907 1736.6214256883
224176688.1014350653 1722.1262522340
216843969.7792913914 1570.4095410332
216649386.1912062764 1568.1801885590
216837169.5980562270 1569.2316764817
216951182.6524119675 1580.0586408004
216965959.8522233069 1586.6198540106
217380334.7330175936 1598.8121185377
217822377.5847129226 1609.0561637953
218553069.2964185476 1611.1528587416
