245363252.1352527738 150780.0168719552
245815577.6521942317 166759.1634173332
244759742.4901906252 110944.8316746950
245112177.7998116016 137209.6836486757
245204225.3339569569 142521.1195357442
245217353.0913634002 142961.3487993442
246475363.1255217791 183492.4197684800
245341107.8957301080 149417.7628915012
244998956.7194957733 131132.6618761569
245013393.2522391677 131790.5810452253
245105814.7433126867 137171.1758870147
245876457.8809447587 168969.6937010823
254489492.3929953873 261861.4905075366
245129223.1191652119 138094.7693251632
245082520.6424199939 136449.6374570541
245065104.7781160772 133541.7011395395
245498089.9628042877 155274.4200105965
245048154.0403292477 133101.4906533957
245049713.2689939737 133488.5145060234
245114148.2595286071 137390.4253987335
245158056.6103924215 140586.6273640655
245917893.7292326689 169988.4269596873
259612107.9892275333 281399.2770258794
244956979.4635957479 127831.4411168918
245060803.9565027356 133536.6763244569
245022004.0715281367 132557.3806211166
245505136.1109456122 155353.2862751186
246293252.6396124065 179298.0749564705
247749068.6774828136 203607.7811663859
245356351.5624299943 150260.9213438332
244988511.6414419115 128762.5562243424
245683750.7213175595 161982.6789128123
246676067.8319359720 187518.2504957281
246566384.9848126471 185194.6472492454
252563541.5711238384 252089.9878638871
244755578.0792204738 110578.9002644271
245792242.3056168556 166590.1577255428
245171557.4563353956 140726.2331710607
246154073.8227719069 175882.6234794197
245929564.0435592830 170695.2865177927
244869953.0215047896 120516.2250057459
360329448.5256597996 475733.2813996077
245477630.0882561803 154504.7110891640
247515024.4566277564 202096.5219958536
259111598.9767027497 278313.6052330406
245203669.2481510937 141712.5594534123
247769334.8127756715 204624.0704629062
247442720.9620037675 200044.2014849894
249859957.5453353822 227919.3717361987
245580818.6835217178 158705.8883888423
248333996.8040378690 210987.3390397131
244769085.3310590386 111512.0456973314
244797724.3268896937 115031.2492165565
244854878.1618681848 119809.3654476404
244863705.0976613760 120244.9518901110
244750317.7249976397 110164.6013184786
244866804.2426119149 120499.4208947867
245822623.8003355265 166838.0296818552
244684918.7079293728 96329.0068380944
245903641.7217992544 169843.0817995606
244701126.0304665267 99904.4969937801
244713893.7532459497 103319.9484708309
244915992.5836492479 124276.9433451891
251705771.3568298221 245893.5542102009
248091504.1517032981 210438.6841204874
245334061.7475887835 149338.8966269791
244816230.3863105476 116173.2913638353
244836372.1024473310 118667.3233003616
244920293.4052625597 124281.9681602716
245452494.0095542073 154383.2323789895
246018964.3154625893 172406.2912304936
244794225.8547781110 114214.9743482322
244726910.8285865784 106954.5520730019
244846469.0287524760 119357.2340764999
244892090.7882194519 123134.4973446131
245459540.1576955318 154462.0986435115
245402820.0339071453 152124.0227327645
245450625.9951368570 154180.4894717634
245527927.8521592617 156876.6591391861
244875631.1784051061 120935.0073372573
245409866.1820484698 152202.8889972866
245342395.2638047934 149558.1461386979
245148967.9498704076 139814.4022016823
406001316.7583872080 571957.7341308594
245896595.5736579597 169764.2155350385
250522298.4742941260 236643.9204436889
246213792.7309114635 178086.7673144279
246070075.5322093964 174671.3158373771
351618485.2070536017 468177.1089680120
250297628.7178137600 233650.2003441602
245430204.1947129965 153461.2076621354
248278203.6520531178 210856.9870724529
394561322.7053211927 567708.7496948242
259820826.7599803209 281626.4911372075
244845199.0382405221 119102.9097428322
246763869.9698243141 188713.5117529867
270849901.1144362688 312606.1713648128
316761115.7439685464 404096.1499475541
244928078.0120828748 124437.7997884266
247400610.8888877630 199135.3710559122
346678231.6749716401 448343.4305817634
249260544.3487266004 222971.7907900773
244971701.7667908967 128392.1043261588
245573772.5353803933 158627.0221243203
249866779.2465354204 228030.5451494022
258473188.7903876305 273908.0636469731
244882487.8966301680 122148.2868254893
259380487.0782848299 279267.0458247075
246386681.0252524018 181421.2687092064
405435948.9356513023 571435.7678833008
251853234.8733922243 246777.4649930276
245420315.9639971852 152830.8822908700
245789655.3304341733 165906.9586991010
246077121.6803506315 174750.1821018992
247926959.8809356093 207242.4821551554
406402358.7257786393 572129.5976562500
261751997.3143570423 287357.5188665325
260463733.2896688581 283217.8194831097
247678021.2641345859 203257.6820910685
258714725.6161550581 276647.0720698247
248004579.6045798659 207519.5239410722
250048648.9418421984 230953.1695652753
246666744.4004370868 187000.8313413970
249423197.5142244697 223797.0607010424
249289482.9762871861 223004.7012476884
246680798.5525526404 188155.7981891868
249241389.9725238085 222753.9969019853
249681682.3742500842 227897.4237938672
393478991.9535977840 567154.4722290039
394155137.6159228683 567415.9935913086
246966981.2025876939 193160.6330076568
248567537.3632524610 215269.3376345746
247070348.5549414158 193768.4409757964
246546960.1383411288 184869.4923572777
247081975.3508266211 195888.9799922220
248997235.0759010315 220101.2553858720
249432743.7574490607 223912.6237297803
247384828.6737881899 198916.1215441935
248748296.4591000080 216116.4553217851
247809571.3964795172 206093.0952532999
248745962.7712776661 215897.2058100663
247636100.9784115553 203120.1711199991
247244391.5778345466 197282.9440428130
247143837.3201949894 195921.8904498331
246136039.3664961755 175333.9404544224
247401822.8489703834 199719.0465930216
334479144.7208490968 433720.0798450867
247264370.1627854705 198308.3135760538
258249632.0774685740 272134.5284685194
247889686.5910947621 206197.8004840128
246827023.5135257840 190449.0549894683
271185184.7750518918 312706.0980924057
246921301.2409601510 191149.6143031953
246819977.3653844893 190370.1887249462
246959935.0544463992 193081.7667431347
252342344.4100148976 251052.0759377755
245749926.4983992875 164916.4351811819
246458070.1345627904 182746.2986045418
320848475.8155086040 409738.7134646152
251796472.6619076729 246692.9501795918
245664829.2858446240 161787.2561662011
393404843.6581066251 562560.5700683594
245261665.4437399209 145016.9217811339
404840940.0046247840 569327.4335327148
248341427.9054870903 211129.8233721964
245915385.9629530013 169909.5606951652
250375173.0045692921 234925.7137046605
258372229.6031355262 272898.2236895123
329889538.6519057155 415766.7631032020
298630659.8693979979 360245.5947228210
249679348.6864277422 227678.1742821485
271471756.5174725652 312843.3885926517
350138352.5551630855 450853.9087677002
320554750.8933221698 406666.6899660800
251962403.1708023846 248797.0000720173
245856460.6582692266 167202.0168886594
245888128.1952713430 169676.5532591877
246502715.0103448033 183644.3624799810
260972193.6671424210 286495.5985212261
245985825.0847204030 171321.7194215594
246381447.6332184076 181241.8929689763
259271624.6225236952 278457.3050410161
258253862.7668945491 272302.6238576034
393342547.4715121388 560677.0004577637
269790247.2347669005 304783.2651148128
246061696.7122584581 174031.8717303214
342852209.7310366631 440390.8572091907
302411193.5835493207 364325.5048591578
390838388.5240762830 555823.2467575073
391247853.0709402561 557700.9603195190
344387151.3871830106 441596.4403695911
245922517.8954179585 170616.4202532707
252304210.2653319240 250813.6687460989
245999470.0378392339 171748.8616307912
252235486.1380155683 250555.0919833332
386243840.2187131643 524570.2736015320
286342930.2154953480 316845.7104577357
252840122.5763068795 254928.1073641926
260178862.5650211573 282243.1468989262
314333357.5956423879 382102.5076451227
255062396.2165733874 266424.3502404903
363465846.7167119980 484322.1513395309
249615823.4701232314 227329.9612383544
252254916.1350308955 250805.7963290364
254160865.0178175271 259852.6942505175
260465826.5860462189 283229.0338385785
270378301.6185546517 305314.6742334651
251765886.1991993785 246531.1853842884
301766941.0158397555 361942.0075447047
301630750.7859725356 361582.1291877711
264037725.1845599115 289122.5066935569
255237381.6001742184 266739.6374801928
270457243.2807409763 305775.1171655940
387803516.8130070567 531554.4999656677
362654925.7243402004 479088.6825947091
361284967.0334326029 478949.8774189278
287923580.7446701527 324428.7438952029
270155365.4618059397 305068.4088526057
389369572.9784250259 548086.0633850098
252517253.9271178842 251907.7431487194
375455818.7995880842 519298.2467066906
312823537.6970156431 377325.0637059137
357857440.7069567442 473616.6794422837
254423750.7546323538 261831.3411979646
254102574.7836557925 259822.5449409456
258528980.6311255395 274319.0065615223
260103837.4161840677 281782.7039667973
251872637.4875087142 247845.4227313152
291500974.6730330586 349872.9479212249
251498173.0210440755 244429.9712542644
294340387.7417421937 359277.5442225473
248402288.9133335352 211356.1058886759
253327141.8698652387 259212.6721296622
248821627.4052974284 217926.2028702796
270517321.9188718796 308495.0746851253
374149197.2658482194 515587.4986515045
249604237.9281700850 226372.6911991388
248423579.4498592913 214268.2390521280
269560879.4764584303 303434.6958976673
257293151.0343005955 271798.3729111127
255687562.9006673992 269186.2800766400
345381602.5812495351 442434.2745449543
267134225.3529612124 295967.6967101065
266056511.2204644978 295702.6425108877
254193484.1295587718 260945.7634031533
258435651.4862617254 273005.5407381848
251151337.2793212831 242408.6135207763
251094815.4632833898 239532.8012534729
254824502.6149047911 266261.6768292495
249882217.3432766795 230808.1066323966
254041599.0225418806 259822.2841125897
270199326.3278543353 305079.6232080745
270760818.5569366217 308922.1490317434
251077945.9060592651 239342.3086501709
248911774.6999838352 218100.3891096921
270472579.6357681155 307311.2006006526
372512018.8794873953 504455.4287494025
371543299.2202249765 504293.6059954962
249541405.0588168800 225798.4822982848
249882198.3542623520 230051.1453007013
250454997.3331420124 236277.5062286010
250776173.3041185141 238286.3024856201
249879398.0839493573 229818.5259159356
254362774.9935184419 261831.0803696088
329025864.4922267199 412654.6976629659
251137931.2942055762 241544.7847243896
256298049.5196663439 269751.5035842954
251006042.5526876152 239323.4182235351
259030894.5280267596 278206.5729853520
302494897.4904611111 365175.0393234066
250069787.6577510834 230977.2543708435
250754951.2816663384 238017.4011184326
258956605.4964030683 278185.7182692409
258525638.6496033669 274063.4072340847
270464303.7737967968 306126.1385127591
270395546.3330923319 305409.3828516292
254492005.9017227590 262949.6917478799
269150241.1054013371 301168.8047066020
249536567.9542169273 225590.6246322691
249566200.7282206118 225809.6966537535
287960840.0384228826 338055.8456554794
267775809.6870667040 299820.4868712393
303539650.7912949324 376642.0933252709
351156469.4991789460 452410.8164125732
258443023.1136917770 273461.4993971706
387930992.8228775859 535338.7815704346
258943115.3854706883 277887.6092604519
269459924.4688823223 301352.1326074885
250207134.7606889904 233081.3042632690
369374506.6559383869 498790.6952285767
265322236.1402537823 290617.4290548861
265334777.8983280063 292935.9431540072
249103756.0820961297 220433.6305663179
250174577.4070886672 232150.7285183221
254604099.2084346712 263940.1284729413
315995597.2627295852 388431.6379399230
367148253.6760094762 493099.9672164917
287211581.0617077351 320710.4078155248
286388439.5292434096 317718.0248047317
276981142.9569010735 316825.4031581486
