115697811.4045601487 1680947.9199218750
117994928.7380607724 1811977.5664062500
116070022.3823677748 1711016.1621093750
118422632.6601191759 1824267.4960937500
120337136.7321531475 1874672.8759765625
116347898.6655541807 1732038.5146484375
115609259.4456681907 1676245.6181640625
118435574.6089625508 1824822.3593750000
119242775.0123812258 1851300.0830078125
119698311.1789122969 1861823.5957031250
118550713.8826337159 1828306.6318359375
117311461.6394613683 1784240.6503906250
116156206.5683757514 1717651.5683593750
116646768.2197393626 1750794.6621093750
117735408.3461909443 1801954.0830078125
117074493.7529535741 1773133.1943359375
115619192.1445811689 1676432.2919921875
116552814.6830683351 1746127.8720703125
118914480.7295455039 1841191.0263671875
115400716.9293608069 1645271.6840820312
115816576.8065721244 1693827.1269531250
120577215.0687738806 1878301.4013671875
119352089.6189179718 1853123.5908203125
115948710.2579434216 1704362.6503906250
117511674.6065413803 1790351.0400390625
115465789.8085517436 1649965.0776367188
119111720.6648823619 1846867.1152343750
118273801.3316049874 1820524.3681640625
120280393.0075413585 1872127.7724609375
115805524.3278499395 1687690.3808593750
115716877.1565596312 1687391.5380859375
117788690.4070751220 1802410.1816406250
119918369.0677949637 1865338.3417968750
115335375.8885079324 1643958.9106445312
120644665.9342156202 1878365.1044921875
117906946.1708943248 1808569.7412109375
116436265.0629584938 1738536.8798828125
119884605.5198089182 1864674.2089843750
116694744.7826886028 1755387.2167968750
118926307.2138368189 1841255.4072265625
118355899.5275784284 1822811.9619140625
115420741.7486628443 1647495.6459960938
117416420.3324630409 1788938.0761718750
117801637.3057001084 1803828.1621093750
116427437.6123495102 1737472.9218750000
115998314.1158492863 1706028.4931640625
119946328.9561189711 1867351.9140625000
116896570.0445371419 1766056.2333984375
115323255.1726523191 1635409.2905273438
118081287.4400468022 1814459.8984375000
119918625.5694727600 1865732.1738281250
115561468.4683910459 1663057.3271484375
118598750.7989640385 1831169.3603515625
116305186.9630585015 1730437.4238281250
120147929.3373312503 1871463.6396484375
117890189.2645919770 1808530.4638671875
117622185.0440412909 1798506.9804687500
116889021.2937487662 1765891.0312500000
115164139.9717013389 1608968.5278320312
120116537.4029314518 1868877.7070312500
118129560.5821865797 1814880.6347656250
117939880.3261506557 1809002.2802734375
115808159.0220108032 1691800.7402343750
115327762.2330349088 1638443.6616210938
119798302.3021078259 1864375.5000000000
117404586.0355055630 1788905.2539062500
118231203.7935333103 1819937.7636718750
116977573.2526406497 1770593.3330078125
117396268.0924638957 1788827.0029296875
119638564.1394800544 1860765.6308593750
115223921.0901999623 1623097.6918945312
117694599.7566715330 1800953.9501953125
116216482.7707854956 1724136.0605468750
118910819.3340141028 1840780.2978515625
118353819.0870788395 1822451.9257812500
115941161.5071550459 1704197.4482421875
115131640.3998594880 1603655.2172851562
118692752.2623362541 1834824.1191406250
115191902.9808516800 1617613.3295898438
116807803.4084736556 1761353.9316406250
118883850.4377910495 1840753.5537109375
116386647.5392352790 1737363.1748046875
120306570.6680884212 1872267.3017578125
116467865.4245103896 1741900.2744140625
115938606.4875990897 1703113.7080078125
116027310.6798720956 1709415.0712890625
117055334.0281706452 1772974.6064453125
116398481.8361927569 1737395.9970703125
115304669.2641662359 1634886.2153320312
117079136.6119454801 1775218.9628906250
116532566.7824412584 1744464.3173828125
115294691.2671844214 1634880.0122070312
115861155.4389916807 1698570.4218750000
117533693.3574753404 1792440.9687500000
119077505.2435934246 1846709.7324218750
116487033.7950846404 1742098.2988281250
115469976.2581228912 1652076.8227539062
115557165.0043742061 1661322.8588867188
116108313.8879756480 1713952.1708984375
116019761.9290837198 1709249.8691406250
115447149.9544413090 1649036.5156250000
118875355.9342011511 1839111.6972656250
119436173.3165058047 1856862.4296875000
117161069.9665708542 1777332.2568359375
117213378.5104705691 1780176.9658203125
120567239.5337949842 1876086.4404296875
115290118.3439021707 1634853.3930664062
116622295.8447885960 1749057.1250000000
115454627.9154313803 1649377.3100585938
116018796.3519188464 1708374.1972656250
116214128.8710436225 1721575.9892578125
119185641.4695274085 1849196.9716796875
116266895.4574506730 1727501.4150390625
116866020.5455708951 1764367.8623046875
116247425.2671999335 1726365.4658203125
119503825.6807868481 1857586.0693359375
118050746.8144303858 1812483.1113281250
117945138.7215233743 1811381.5058593750
116500848.9765333831 1743693.5195312500
119685278.2877133191 1861065.9277343750
116293352.6661010236 1730404.6015625000
118017155.7316819429 1812369.7685546875
116725235.0752748102 1755758.8046875000
116580423.5890909582 1747327.0380859375
116997918.7266703546 1770681.8632812500
116782304.0069147944 1760312.4218750000
115174072.6706141829 1609155.2016601562
116680274.4783478528 1754673.7167968750
118142331.7668201774 1816216.3876953125
116448742.2894768119 1739162.2900390625
116661426.7971944660 1751864.1376953125
119966095.1717574149 1867521.0332031250
115477525.0089112818 1652242.0249023438
116761277.6864513606 1759210.8164062500
117259782.6502440870 1782936.6074218750
118257044.4253027141 1820485.0908203125
117865786.9758395106 1806905.4755859375
118193969.9758908004 1818345.5976562500
118153702.1526770443 1816906.8681640625
115423381.6064312309 1647539.7231445312
116672725.7275594920 1754508.5146484375
115280140.3469202965 1634847.1899414062
115931953.1715534031 1699233.8261718750
116360190.3305849284 1734459.9882812500
117348334.6091359705 1787638.9091796875
119778536.0864693373 1864206.3808593750
119587437.9110145420 1858276.9462890625
117553683.5497503132 1794701.5332031250
115488552.0626440793 1656697.5439453125
115270207.6480073929 1634660.5161132812
116933232.3776415884 1767546.3085937500
115498484.7615570277 1656884.2177734375
117038593.4697274119 1772284.6552734375
116950041.5108355284 1767582.3535156250
121971276.9133967161 1884491.9140625000
117021784.3365334719 1772248.6103515625
116743102.0505428165 1758789.8886718750
116750650.8013311774 1758955.0908203125
115536338.9212547541 1658484.9755859375
118377032.2783976048 1823679.0585937500
115917936.5544425994 1698944.5507812500
116601235.2323827446 1748428.6435546875
116626131.0758677870 1749971.4150390625
120069823.2546982169 1868577.4101562500
116074270.5060486943 1712964.6406250000
116085744.4852569252 1713083.9277343750
116386190.1711620092 1734974.5234375000
116512683.2734908611 1743726.3417968750
117097347.7846872360 1776578.4755859375
115927869.2533554584 1699131.2246093750
115426541.5996135473 1648680.6059570312
116125253.9153464586 1716526.0595703125
117374626.4088840038 1787832.4345703125
116786136.0309801549 1760554.6601562500
117852387.8372281641 1805777.7431640625
116342755.5126526505 1731578.3066406250
117258400.4904428422 1781115.5751953125
117193022.2677595168 1778560.2109375000
123588579.1708407253 1885229.7265625000
117715841.4162330329 1801240.6435546875
119307887.6223300397 1852325.3300781250
117781217.5360398591 1802181.0830078125
116843488.3063921779 1763525.0126953125
117661289.6617733389 1799848.3085937500
117199739.6238669455 1780121.9912109375
116654771.2990053892 1751202.6093750000
117548857.6413419545 1793873.9267578125
117572737.7028814405 1795146.0068359375
117494554.2831505388 1790165.2089843750
117518541.0407405496 1790551.1757812500
116215321.4354235828 1722707.5058593750
116186833.9513985068 1720128.7177734375
117808378.0332117826 1803897.4101562500
116096766.4313214123 1713947.2714843750
116089217.6805330366 1713782.0693359375
116458673.4010044485 1740831.4912109375
123469743.3731600195 1885104.7832031250
121366087.6857906282 1884122.7500000000
118125279.1704400182 1814665.6484375000
123627073.7473630011 1885601.0312500000
117211573.9208243936 1780154.8134765625
116190061.3044556975 1720905.8447265625
117827583.1910471618 1805432.2822265625
122643206.5281026363 1884822.9472656250
117540919.9381578267 1793416.4082031250
117574099.1514477134 1795408.7988281250
119228075.6694328189 1850906.2509765625
121605259.5675737113 1884432.7343750000
119052328.8585109562 1845041.0302734375
117520007.0635364354 1791067.8291015625
117325076.8030174226 1785447.9765625000
118667575.8772537410 1833155.4169921875
118496903.9946219027 1827693.8535156250
118635918.3648726642 1831313.5712890625
119266239.2408220917 1851556.5830078125
118651027.0562894642 1832423.2373046875
118520150.4199801087 1828264.9746093750
119300338.8715416342 1852160.1279296875
118628436.3184936345 1831196.1044921875
118992574.8558977544 1843150.7314453125
119173811.6857412308 1849112.9882812500
118457372.2504870892 1826467.0585937500
118774507.7842198908 1837194.5527343750
118664245.5917636156 1832967.2763671875
118305328.6099971235 1820647.9130859375
118319634.8410054296 1820921.9072265625
120119270.9152972102 1870769.6748046875
118346808.5916844457 1821753.9970703125
119385526.9933018684 1854625.2236328125
118593210.4367697090 1830097.1093750000
119421724.3348839581 1855022.0458984375
120686110.8553794175 1878951.3164062500
119035410.8331596553 1844225.5927734375
120333764.9652258754 1872363.8271484375
123337626.3163746893 1885037.2773437500
118573574.2377549857 1829976.7470703125
119764899.4982300401 1863512.4160156250
119005037.0430829525 1844181.9521484375
119473821.6630897522 1857526.5625000000
118855957.4294019938 1839084.8515625000
119329726.4913062304 1852824.2607421875
120406948.1265920699 1874980.0380859375
119853567.6621223539 1864614.7021484375
119044638.7917500883 1844494.6699218750
119541474.0273707807 1858250.2021484375
119198435.3472075462 1849744.2988281250
123111923.4670090079 1884913.7792968750
118330722.9663693756 1821619.3486328125
118819543.8748085499 1838466.7207031250
118795670.1561218351 1837874.3583984375
118323501.4879496694 1821422.6875000000
118382419.1879403740 1824079.3710937500
118552818.8847362250 1829516.9599609375
119159260.7654771209 1849080.1660156250
120012431.6701711267 1868109.5820312500
120441265.2624945939 1875181.9794921875
118965605.9596747458 1843123.9873046875
118939765.3279053718 1842576.6601562500
117531678.2429646850 1791193.3564453125
118578659.5165055990 1830064.2871093750
120421499.0468561351 1875012.8603515625
122443544.3883769661 1884533.3515625000
118136613.3248799592 1814937.5595703125
121343815.7654344887 1884040.9101562500
118519459.1443750858 1827844.3378906250
120461635.0632166862 1875200.7119140625
120689513.1716561168 1878984.1386718750
118663554.3161586225 1832546.6396484375
120669746.9560176581 1878815.0195312500
121427513.6253753603 1884170.2695312500
119327812.7001985908 1852823.2939453125
119626873.0782006830 1859473.2802734375
120382971.6452216208 1874706.5107421875
120698899.4556287974 1878984.9511718750
120659216.8544796854 1878397.9267578125
118649172.3701963574 1831338.3886718750
121008330.7083071768 1882819.8261718750
121286246.8320246488 1883876.8125000000
118689003.0655698627 1833407.7011718750
121046330.4111843407 1883223.8574218750
121577862.5830247700 1884394.6230468750
120784461.1977858543 1879877.5292968750
121133619.1959783733 1883647.7421875000
120513535.8913535178 1875237.1552734375
120747486.4933077991 1879460.4199218750
120262762.0553074777 1871695.8876953125
120856601.5625220239 1880571.4941406250
120903169.7785086036 1880653.9433593750
120519698.9003215879 1875651.5087890625
120727720.2776693702 1879291.3007812500
120977661.5293079019 1882680.9121093750
120529266.6346247196 1876070.8251953125
121066096.6268227845 1883392.9765625000
121151081.5481149256 1883821.7949218750
120771440.1409133375 1879464.9648437500
120822268.7044126093 1880353.8105468750
121084184.6360974759 1883569.7578125000
120903426.2801863551 1881047.7753906250
120557766.3538433760 1876075.3701171875
