801546497.8056099415 9003587.9609375000
806584027.9225525856 9017686.3203125000
772132927.9519417286 8481196.1406250000
788252411.9566658735 8884688.5244140625
780252360.6228306293 8752773.0087890625
781991923.7237149477 8784744.8369140625
775974538.0459172726 8655475.2138671875
783828480.5018092394 8823893.8457031250
785475325.9941283464 8844890.8964843750
775734115.6361335516 8647493.1708984375
799017429.4761973619 8986472.5361328125
795188637.3718931675 8964462.3291015625
795073914.0368902683 8963835.9775390625
780465784.5586712360 8756229.4746093750
795736764.0581415892 8965007.2314453125
797030049.3365221024 8972056.6650390625
790088617.4204305410 8910815.5488281250
776792617.2919081450 8677867.1660156250
776941323.0434224606 8679738.6015625000
794079177.6457247734 8950081.0947265625
784077502.0485880375 8826389.3417968750
802368433.3861863613 9006732.8359375000
789547576.7438546419 8899800.3232421875
805975018.7505967617 9017143.9687500000
791351162.5562642813 8923287.4970703125
789947605.9477083683 8905530.8320312500
791365799.2179045677 8927526.3095703125
771934400.8034002781 8476542.5312500000
780790017.5883862972 8761278.4072265625
786270913.6181679964 8857453.6689453125
800983623.9414014816 9003403.0898437500
798301307.8237514496 8980285.3339843750
788519730.5267847776 8889267.0595703125
792599010.0752264261 8935025.4521484375
798317570.8888292313 8981882.0644531250
802058746.5100455284 9006628.5527343750
780895577.2916730642 8766782.3662109375
779021682.1560044289 8724381.9873046875
801069955.0992915630 9003561.2285156250
779573732.2284162045 8737842.4970703125
775604830.4276775122 8640499.7744140625
792535520.9138432741 8933499.3681640625
783721582.5288274288 8821943.9267578125
797310038.2147717476 8976979.4697265625
800622188.2904915810 8995330.5263671875
772486487.7174986601 8525131.1123046875
772461394.8883961439 8525129.9482421875
780042016.1262652874 8746952.2802734375
793375590.0957887173 8945583.3173828125
787548594.1492714882 8873895.1611328125
777265509.2486944199 8690648.5917968750
796204141.7681463957 8970558.9521484375
783232208.6766767502 8812701.8320312500
787273266.5596836805 8868334.7099609375
800757915.4500306845 8999294.6992187500
783500884.8595604897 8817660.1562500000
779046653.3292636871 8728716.1162109375
791881492.2676661015 8930220.0400390625
790797842.2547101974 8914461.2919921875
781577195.1996697187 8775971.0966796875
775023718.3886628151 8624450.8007812500
779135719.6003519297 8728954.0585937500
784233102.5672340393 8827780.5820312500
779630571.1936920881 8741359.0478515625
776536728.8065843582 8667608.3242187500
782469122.8222564459 8797170.9648437500
789774729.1900032759 8903296.7353515625
782550442.3400603533 8797385.4765625000
777975033.3499538898 8702989.1591796875
799054666.0335508585 8988965.5000000000
778917272.4416433573 8724304.1621093750
778468963.7321455479 8714678.5556640625
791999759.4972037077 8932024.3505859375
774849630.8225820065 8618001.3554687500
775476236.5524463654 8638641.7001953125
782212135.4508496523 8790584.5605468750
787433231.8447725773 8873865.7158203125
787675026.7746326923 8877200.3642578125
783366729.0833938122 8817059.9062500000
788156464.3211653233 8882899.4990234375
792376779.8649823666 8933478.0244140625
782037219.1333857775 8788325.8857421875
785029521.4944388866 8843855.1093750000
776344721.2094657421 8664711.4218750000
779177435.2769453526 8731642.2626953125
783527074.7072554827 8818762.6894531250
802664810.8920696974 9007984.6132812500
792695228.7175124884 8936684.3134765625
788970119.2115628719 8895660.5537109375
786563783.8738280535 8861468.0322265625
788395996.3953006268 8887866.2539062500
795073914.0368901491 8963516.5771484375
794821137.8932312727 8959607.3818359375
778505769.6704821587 8715433.5019531250
778542937.4088425636 8717514.8125000000
790560756.6946477890 8913645.2958984375
782806137.9062982798 8805004.9003906250
782899110.0547399521 8807847.8984375000
775780950.9859548807 8651737.9755859375
777664365.6385952234 8695026.2392578125
788485646.7990019321 8888562.0361328125
789634099.2811244726 8903195.6611328125
784462539.1721456051 8831067.2451171875
790086485.8357352018 8910284.0380859375
788033622.2299232483 8877576.1923828125
799670514.7175408602 8991012.7861328125
776155741.8150966167 8660460.1533203125
782673613.5201535225 8804974.9990234375
773962818.6703404188 8587915.7080078125
781651972.7537417412 8780354.9912109375
796639116.5012795925 8971990.4814453125
774104417.5279620886 8590952.6113281250
784379116.5850518942 8830672.2958984375
774071060.4659892321 8588940.2880859375
776539274.7828328609 8667995.7539062500
776721667.7622114420 8673353.1972656250
776789038.2944804430 8674277.1875000000
781143045.6850858927 8768326.4794921875
781740693.4584232569 8782863.9091796875
793318876.5578485727 8945510.3583984375
785827008.1356623173 8853406.9218750000
791971331.2072095871 8930279.2255859375
791727333.8247230053 8929631.3955078125
780892393.5148174763 8761559.3310546875
773254822.4858356714 8556649.7539062500
774104417.5279618502 8590655.6015625000
774707481.5203512907 8609345.1601562500
777651938.9708840847 8691891.0312500000
782576694.9020986557 8801238.0996093750
792714775.2396125793 8940869.0341796875
794311631.5670009851 8953176.8183593750
780192068.4690092802 8748302.3574218750
779440989.8493459225 8735102.3564453125
782337405.7936826944 8790937.7412109375
783888535.7787340879 8824564.5234375000
779139055.9427515268 8729840.0302734375
778847353.6035456657 8723758.7763671875
791695540.7580163479 8927941.3535156250
774446925.5501010418 8608834.2412109375
774440390.8857550621 8607719.7119140625
788733246.8150378466 8890360.1582031250
779346632.5875978470 8734307.4521484375
782160521.0901170969 8789618.0087890625
781455273.2244073153 8774795.7656250000
781877432.6949901581 8783217.1777343750
781409598.3623610735 8773442.7568359375
788344266.2344652414 8887564.0888671875
793054563.9204286337 8941991.5576171875
776311332.9768369198 8663125.0898437500
778847353.6035453081 8723735.4990234375
774983407.1992777586 8621098.1015625000
776682292.0487233400 8671635.2031250000
780484976.4377387762 8756984.5478515625
773570178.4182517529 8574347.5214843750
798973251.2006925344 8985707.7119140625
786726163.3256493807 8868307.4619140625
797180664.3269945383 8976408.6005859375
776433347.5233299732 8666910.0195312500
784379116.5850518942 8830710.1201171875
797074859.5141183138 8972786.8291015625
786655187.6803345680 8862564.6425781250
781154577.0396358967 8771827.5009765625
784238296.5100148916 8829024.2548828125
778395333.4800188541 8714490.4228515625
778017098.6926368475 8705539.0810546875
785820393.9764837027 8850245.1376953125
775189645.9036282301 8628473.1533203125
778119936.5290042162 8710015.7441406250
781799111.7578917742 8782864.9033203125
778644217.4354268312 8721543.0136718750
789385238.6614843607 8895860.9921875000
776063509.5653188229 8658495.7636718750
784831638.9065023661 8837064.9736328125
803483828.1007552147 9014996.9960937500
794669001.9328258038 8956927.4853515625
782007994.1144889593 8786453.7187500000
789511108.4221692085 8899514.5556640625
790708003.3151667118 8914401.9384765625
781358460.8344787359 8773155.2451171875
791070952.6859930754 8918482.4775390625
772605448.4255203009 8540098.6679687500
779041651.3415293694 8725962.1962890625
783114707.0466237068 8808599.3330078125
774624272.6319481134 8609290.8593750000
786227574.3466452360 8854403.9755859375
785657543.9464228153 8849749.9248046875
791027780.8841639757 8914620.0400390625
788935474.7141492367 8893105.9951171875
782403030.1415525675 8793226.1386718750
773180209.6910350323 8550881.7480468750
784991009.9239984751 8837254.4599609375
781635771.1083607674 8776524.5908203125
793699529.2038811445 8947677.6787109375
782403030.1415525675 8793177.8828125000
784996375.7588683367 8838874.8789062500
779882971.6609115601 8745357.0908203125
775282693.2803848982 8630889.1689453125
783176852.8910356760 8808877.4960937500
773935231.5883017778 8577700.0937500000
795004585.7563327551 8960937.6064453125
774246972.7401251793 8593503.4853515625
784607204.8551280499 8831079.2958984375
788822803.0775423050 8891916.9111328125
774707481.5203515291 8609457.9082031250
789860882.8247569799 8904267.9267578125
789825000.1873015165 8904204.3466796875
777738393.4136924744 8701911.6376953125
776151658.8610368967 8660249.2910156250
797142445.7912322283 8973553.6816406250
779521275.0554387569 8736272.7226562500
797142445.7912323475 8973599.8339843750
780691309.8021790981 8758749.6367187500
776444982.4762481451 8667581.1435546875
777182847.2406926155 8686197.4375000000
776985168.6156735420 8680854.2402343750
788740999.1560668945 8891203.2773437500
776633587.0649383068 8669399.6845703125
786303731.4675772190 8858963.1533203125
793955479.1240862608 8950049.7919921875
772559535.6982249022 8527658.0585937500
789428820.9311984777 8897321.6562500000
785561059.4254150391 8845162.0019531250
776248208.8992936611 8662097.5957031250
797649790.3126136065 8978105.4736328125
788557552.7770633698 8889366.7763671875
794660020.1348474026 8955696.5986328125
794665402.9657913446 8955941.6201171875
789507713.7275652885 8898412.8652343750
789913806.5722652674 8904630.0527343750
775672382.4631935358 8643784.5224609375
780405362.9712235928 8752937.0429687500
774775215.0180362463 8614566.5410156250
775316908.9245010614 8632595.7392578125
775671487.1142003536 8640717.3085937500
773528643.5624750853 8559911.4492187500
774334853.8570766449 8595112.9960937500
794588880.6840889454 8953537.4423828125
800336023.4965922832 8994588.4248046875
799818722.3769754171 8993478.7861328125
787345809.5411713123 8870362.5810546875
794254203.3962796926 8951811.0117187500
775326642.4177070856 8632710.7871093750
775340086.0448318720 8632840.0390625000
797997749.1560345888 8978620.5966796875
774334853.8570766449 8595432.3964843750
775514092.9915767908 8639217.2441406250
775561203.6404427290 8640055.5185546875
798917069.4258760214 8982642.4580078125
793080671.4872369766 8942768.9990234375
793777270.6413482428 8949046.8193359375
799767010.0525748730 8991257.2255859375
772219345.5320116282 8495590.6386718750
798967062.5214775801 8982703.4931640625
