337881260.8285256028 951742.0550570078
338744741.0371376276 1032298.7216357850
338718050.2065044641 1031821.1741580628
357219731.6030388474 1635068.9960174561
337042075.7517331839 826046.1865854766
337496505.7133094668 899699.9915723391
337441569.6424269080 890037.2091016360
338118233.9426209927 967972.9683888517
338143782.6380778551 976405.8801554516
338217880.3035848737 979912.6861443073
338699889.8238365650 1031405.5497987121
339133961.3388999701 1062350.7972425967
339047162.5355058312 1058293.8055020007
349069989.3002933264 1484476.1156425476
337722636.0044493079 928990.7743880674
338322611.1543297172 990799.2706425637
338255163.8468002081 983370.7928441018
338574886.6677246690 1008694.3027737290
346035961.4214107394 1403127.1831970215
346403315.6747235656 1424682.7372436523
337678001.3051804900 921844.6596411429
338007723.0804312825 960218.2624849863
338719362.6321252584 1032229.3851184510
339761430.3508768678 1098329.6295302249
340779842.2170592546 1160770.0159736513
355949704.5981497169 1592246.3404693604
396216307.8034951687 2001890.7592773438
337690975.1944012046 926620.7971812524
338356592.2610512972 991958.7777226418
338932345.4174907207 1050371.4961103946
338522093.7720742226 1007184.1449296623
338814141.2999365330 1042549.6624769717
395751445.9778344035 1995945.0585937500
338752999.1714891791 1033157.5983447693
338699805.4798810482 1028710.2766971253
339839800.6946910024 1099987.2476132065
339849813.8269216418 1100854.9646952287
349354799.8601416349 1496858.8137359619
344883352.1225161552 1357537.1603307724
360813939.5630242229 1673336.3748168945
337401546.5643315315 873780.9510821477
338747309.3885328770 1032397.7859018296
359810606.9884326458 1658505.3004570007
343775222.3029753566 1313674.8761651008
363320044.2880104184 1713810.3692016602
337914679.6712007523 952287.9059561454
338069595.5520727038 966530.6578419767
337474988.4851022363 890634.2094148360
337510847.7575823665 903753.2118181773
340936137.1645545363 1166180.0324598192
346112110.8410197496 1412387.9073181152
337261565.7843257785 851809.5284717758
337544266.6002574563 904350.2121313773
343827082.3675649762 1314172.3790947883
350394355.9120898247 1518250.3524818420
339389424.9597032666 1080875.5794691592
339557145.9363927245 1089023.8592673391
356944236.6357340217 1625842.6969451904
337245079.9594917893 850290.2822522302
337504862.8426803946 901210.0018210001
341043135.1017019153 1173311.9174166187
347398746.0161452889 1438955.8481101990
345827610.9646797180 1398624.4922904968
338456682.5501704812 1000820.5708248764
340601447.9079177380 1149892.0502991527
339625956.7873860002 1093424.5212203609
339905079.7465229034 1106148.5140857045
340012692.3133545518 1115358.5721372901
338654483.6759911180 1024773.8054330796
342245044.8141193390 1233631.6970072687
342437015.0771659613 1245051.6414472549
364126380.7679836750 1726337.2229614258
337806016.7818874717 934161.7781824134
338549508.2627122402 1008444.5512936264
339234095.9336897135 1066203.2024461864
344829816.3632788658 1353437.3209352195
343750002.1898689270 1305753.4378882647
349214789.9470605254 1492358.4003295898
344611322.9315429330 1344022.6156439781
395122216.6040959954 1992070.7675781250
336949481.4086840749 806467.8090544846
337221073.8099502921 848305.6497111996
340360910.6468096972 1133466.8881225884
340288591.1447528005 1128411.9478679537
342859608.2997143865 1270751.8921171129
351967099.4890941381 1556654.1574325562
351578747.2541225553 1553736.6571884155
344742013.6977342963 1350577.0127699166
337025315.2401271462 818622.1717859190
337599202.6711397767 914012.9946020804
337565783.8284646869 913415.9942888804
345165072.2891458869 1364107.3321962357
345750836.9598646760 1391842.1701927185
337879948.4029048681 951331.3305925913
338442979.5092854500 995604.6021884829
346057648.3248644471 1410273.8844909668
337850638.3477399945 943623.7184866630
339338499.2395648956 1071418.1781729923
344247156.1765984893 1332162.3772292137
337817219.5050649047 943077.8675875254
339552033.4213318825 1086422.7590869609
360985280.4842385054 1679351.0148620605
360737100.3341124058 1670301.9664001465
337035518.6299441457 819690.5182548668
337104904.1962717175 835423.9435818270
338229829.1979374290 981811.2244999856
395993325.8236504197 2000200.8417968750
337142294.6348592639 839040.2950241640
346303103.3781327605 1419552.7366194725
337194295.2306836247 845979.5876721521
337269202.8384055495 865152.3823464178
359777693.6786373258 1644560.7349243164
361690280.2536690831 1686606.9271240234
338796780.9512079358 1034556.1331888884
338451802.0045286417 995929.9747389704
338906967.0124783516 1050122.9173597842
339012934.9146358371 1054349.5073942691
363745687.6712673306 1719091.3928833008
368732362.6904522181 1768086.1080932617
368286997.2280651927 1766074.4985961914
380578401.7541630864 1894453.2058715820
338423074.7388226986 992847.4065097719
345255500.3468577862 1364680.3087339401
339009612.2672381997 1052671.4969424754
340735809.7940908074 1158903.5510134548
343234634.5573902130 1288657.5958586931
338424387.5138903260 994668.8222812563
344625493.7174767256 1344404.9687361717
347991253.3299579620 1462569.2435455322
356033822.6793320179 1601723.6044158936
337437965.5249235034 885768.5911914669
360791082.2111408114 1671000.1172485352
337060332.5942506194 828714.9865694121
337771714.4568913579 934072.5395239554
347241475.4412315488 1434477.2762451172
346361703.1065685749 1422033.5487976074
362511250.5414433479 1699906.9273071289
344154797.7244814634 1324820.1650705040
355097835.2526859045 1584399.5230636597
345330037.5766261816 1369736.4229917526
379893590.1426736116 1876449.4583129883
346834689.8580831885 1426231.8547325134
347798933.2137337327 1455383.6531524658
342057188.4857395291 1224842.4172221124
345462378.7788416743 1380286.0379373729
345574066.0433625579 1390873.0816459656
347167714.9979897141 1430592.3650183678
345020713.4537174702 1360898.1222105026
341739531.2055916786 1207297.8749224097
340764630.0392615199 1159306.1265230477
340891361.9754377007 1163861.3389849514
349477816.9578469396 1498620.2502326965
338879552.5218402743 1048864.5588473827
339721725.4742918015 1095573.7980133872
340509043.5944741964 1145619.0681042522
355031434.7274482846 1582829.6219787598
344569986.6697721481 1341202.6008467674
346163970.9056095481 1413026.4974060059
337350728.7428988218 873505.1769225737
342171663.1707750559 1231603.5396471918
394690019.6549171805 1989108.6738281250
341978164.7819007635 1221264.4462061822
337214560.1811003089 847206.6201701839
396017905.1405810118 2000730.2148437500
349631849.2206512094 1501050.8506889343
349234889.4994601607 1493137.5131034851
350077348.6051545143 1511234.0677757263
340584883.8773468733 1148002.6461696923
336986871.8472713828 810084.0690375473
347747073.1491439342 1454812.6787872314
347453208.5323005915 1441069.8709373474
391121751.5745284557 1955995.7888183594
382198033.6464172006 1894860.8086547852
337176502.2079292536 841590.7016591211
347666952.3186511993 1450982.6354293823
349171365.8636445403 1489064.5504570007
340643923.7722045183 1150007.8477740139
356146788.1173719168 1607893.9857025146
340540356.9591949582 1147317.6273999065
344277554.0694210529 1337804.9205943346
363996842.3547565937 1723286.7695922852
337422273.8888888359 878383.1120822243
349119505.7990547419 1488493.5760917664
344709314.3954660296 1347562.6977324486
340265370.9161219597 1128012.6616778616
340499878.7203944325 1142556.9293408245
364417419.3755118251 1738021.4435424805
376428624.3268566728 1841070.2755737305
340746098.8762407899 1158995.6358599514
340132217.9388415217 1117670.4176087230
353709516.5791217089 1564395.7189559937
340656948.8388733268 1154555.9756207317
340140575.0682124496 1121370.7394699901
340566352.7143259645 1147692.1555065960
348641523.9787945151 1468575.6243066788
355701979.6163049936 1586982.3661195338
344180870.0297552943 1325630.4248725176
360356848.0351404548 1660940.7422790527
340842427.0308202505 1161925.8368555456
395771786.0336395502 1996225.7836914062
340475505.5587846637 1141656.2641587108
392600407.0608247519 1973891.4013671875
347945252.0158551931 1457927.4331893921
356819075.6098617315 1617614.1905975342
350135110.0269831419 1516512.2578506470
340202681.3187142015 1124303.4425993804
361541766.5925705433 1679740.6948852539
343180344.1947084069 1282698.0606950223
395283360.0247663856 1994552.6728515625
362355631.6702262163 1699453.6530151367
389964464.5482419729 1944808.5078125000
390107319.1212405562 1945718.7509765625
342662972.2355908751 1259903.5222480893
343221265.0768107772 1288597.3427191973
394940224.7579021454 1989405.5019531250
343019643.2399071455 1280502.4557195604
389846030.0422977805 1939942.3421630859
356190331.7095517516 1614675.7123107910
371624021.0514329076 1790889.5975952148
351461738.4365869761 1549236.8971786499
343476005.9927905798 1299857.1129962206
343322814.1766951680 1294088.9586993456
385713862.8704231381 1907287.1489868164
390269752.0604097843 1947671.9160156250
350647832.6000344753 1529388.8848495483
351273974.4636482596 1545672.2913436890
390672719.1583080888 1953748.1223144531
356112976.3168764710 1602661.6348571777
347863493.3967561126 1455893.0824127197
343589648.4635593891 1302167.0938941240
374511825.4600798488 1803549.1998901367
344098209.5363224149 1323915.4718676805
364017095.9659063816 1726221.3258666992
350588731.9134430289 1519200.3845901489
341566266.0020551682 1197319.3014899194
376232294.6780818105 1836092.2637329102
390302720.7950099707 1950513.8557128906
379148352.5734553933 1860552.5149536133
378590400.2949720621 1858142.5459594727
373488073.7647014260 1798155.5454711914
347597861.5762286186 1441704.3630218506
342519111.1495171189 1250274.2443191409
342562993.0788710117 1252338.4664489627
341470709.6713920236 1194305.5761481225
341418849.6068022251 1193808.0732184350
341754242.9301306009 1211011.4996849149
362232055.8435359001 1696542.2079467773
364145155.8713786602 1730009.8352661133
363847186.0700764060 1722981.1937866211
385223399.6217754483 1903806.3491821289
360238130.5632314682 1658603.1687316895
394258260.3049616218 1987682.5996093750
341881221.0234326720 1213101.7368142903
343148090.0542610288 1281753.7757340670
387242127.7013943791 1919105.1648559570
387354374.2115594745 1922057.8538208008
343237358.9800821543 1290661.5648490191
353807215.1516710520 1565179.5250549316
393096892.5780025721 1973963.7177734375
342576327.5719598532 1253778.6478623748
391739640.5090420842 1960670.4287109375
391741825.0997245312 1964923.9873046875
341576087.2521533370 1199641.6662574857
342768408.6849705577 1267517.2815183103
393841579.2340501547 1981066.0107421875
342379412.1698514223 1243330.0735656023
375011794.7765601873 1816861.5263061523
355825076.0484023690 1588513.0381927490
341713890.0697267652 1204230.3768985271
388940131.0925113559 1932113.1000976562
342288688.7612667680 1235630.4630830586
348409415.0085569024 1468111.7987127304
394022514.1918239594 1983331.4487304688
389094221.3254430294 1938502.4086914062
389000276.2000255585 1935906.6030273438
388840676.0836352110 1926981.0292968750
388897827.9908533096 1932065.3696289062
341886025.1927592754 1218647.4643037617
341504660.0957207680 1195419.1140113920
342373311.0033071637 1241037.7509485930
362516260.4925468564 1705273.8596801758
353969591.5039696097 1575658.5205383301
360800972.3082878590 1672859.6032104492
362606655.1747863889 1711785.7442016602
360469025.9676750898 1669459.8794555664
362693997.7398419976 1713088.0745239258
362165039.3974103332 1696160.9978637695
361726079.0101498365 1690737.3596801758
342539743.7077481747 1250871.8761453470
391601278.6886706352 1957490.0573730469
357716652.2459309101 1643083.5620956421
363719860.1607893705 1715214.2664184570
388701995.9520173669 1923879.1162109375
348858464.6785411835 1474846.0942111015
374281734.5467317104 1800617.2113647461
348670329.2834026217 1472633.8689155579
351191386.2112736702 1536345.4748382568
347957816.3990299106 1458379.9677267075
348385782.6304550171 1462945.7684307098
347396730.4457567930 1436406.0814466476
