921510544.2576763630 8023215.4785156250
889408627.5140951872 7431233.5068359375
886759499.3608535528 7302504.9072265625
889733608.0985630751 7441824.3046875000
888629710.3138281107 7400288.4511718750
888328545.4227405787 7398015.9804687500
904207699.3500680923 7800485.2929687500
934044131.1897046566 8072496.5556640625
886734676.1916213036 7293526.0908203125
895198077.8954240084 7599047.2460937500
893430929.3259236813 7553579.5703125000
898424272.5869891644 7684016.0683593750
905787047.8801617622 7832324.2216796875
885737379.0997270346 7237093.9111328125
924570698.9062322378 8039270.1503906250
893928315.2694394588 7570348.3671875000
883218078.3232806921 7050348.0800781250
884546587.1023228168 7181987.9995117188
886312914.8413568735 7273467.1889648438
917763473.6422222853 7990967.1435546875
890423905.0711802244 7468517.1933593750
887467685.7408745289 7329952.0834960938
895123546.8692072630 7597619.6132812500
898319052.8609586954 7679394.1728515625
908287652.0999778509 7863707.4658203125
893860582.5323401690 7565189.3125000000
918080495.8070526123 7992298.5468750000
919320257.2840631008 8007316.3935546875
890726827.5365849733 7473546.5410156250
890538736.8025249243 7471544.4580078125
892197413.2663307190 7532736.0058593750
887521468.3324679136 7334604.6357421875
908306037.5673141479 7863881.0781250000
885978693.1753327847 7264179.3730468750
924055218.8785103559 8036910.5185546875
926609517.8291808367 8046445.5136718750
914094474.7109384537 7944330.8945312500
920273419.6186267138 8010357.1269531250
898158017.3349004984 7678331.8955078125
887454402.1098618507 7328831.5126953125
908314037.5252493620 7866704.4941406250
892539377.6177573204 7534832.2675781250
933877083.6967028379 8072310.3271484375
908728432.1919890642 7878688.9306640625
891947554.3747398853 7522111.1230468750
923166477.5578830242 8026396.7929687500
887650010.3244168758 7341144.8984375000
883314121.7819215059 7056878.3559570312
909218054.7798382044 7883147.8310546875
893816892.5496938229 7563569.1445312500
898740227.7211209536 7690703.7919921875
890941366.2994077206 7490389.7919921875
891243216.7799916267 7491255.4208984375
889156734.4773705006 7424385.0019531250
886605171.5504493713 7291134.8139648438
917045078.1492201090 7985792.1669921875
898498234.3037650585 7687592.4697265625
885156740.5072026253 7192712.9018554688
916260922.2815349102 7972083.1933593750
898498234.3037650585 7687617.7509765625
887077032.9986724854 7318123.2050781250
916825184.3789142370 7980137.0507812500
930754488.7114573717 8056398.0117187500
893981135.8000160456 7572364.2802734375
904846869.8273185492 7812672.5966796875
895374149.0891612768 7605051.6328125000
890214838.5411375761 7450580.9433593750
891796028.6490650177 7505179.3779296875
883676551.0315753222 7072790.8330078125
917328716.5538598299 7985913.2509765625
901274716.6691346169 7738976.7871093750
883376628.1655043364 7065617.9277343750
930482405.1421606541 8054482.0566406250
893680952.6975744963 7560281.7861328125
895446442.6226480007 7614235.0742187500
893117238.9071339369 7551180.9736328125
889900610.8815016747 7447832.4375000000
890834597.6096842289 7475601.2695312500
922729359.0042843819 8024832.1757812500
910077011.9557933807 7894568.3349609375
885023565.9639916420 7185629.7197265625
917018520.2321475744 7982478.4355468750
901176959.9177451134 7738098.8564453125
928184642.1713216305 8046642.0214843750
889919678.3253992796 7448614.9580078125
889490548.9536626339 7438546.8330078125
918269822.0331268311 7993848.9873046875
931146070.3877868652 8064307.7646484375
917045078.1492201090 7985880.0673828125
921051402.2243453264 8018719.0283203125
930570165.8448920250 8055643.2246093750
911329361.1490219831 7915366.0585937500
894464272.1746945381 7589116.1240234375
919232029.4187343121 8003487.0429687500
908502106.8206882477 7869693.0478515625
907059962.2362389565 7849565.3525390625
886513636.1376053095 7285322.9838867188
882827967.9584666491 7022280.9013671875
891476099.0564186573 7500334.0078125000
893722047.9900103807 7561571.7695312500
886513636.1376054287 7285505.1049804688
883447166.5236046314 7071427.8740234375
894429537.6019332409 7587208.8730468750
916327717.8305337429 7975808.9775390625
893296116.1745938063 7553314.1367187500
890261304.6855785847 7466162.8173828125
941376031.9779227972 8077959.0908203125
889701939.4895919561 7440780.6455078125
893661716.7433251143 7560145.7382812500
885574894.1928089857 7217016.7124023438
885602760.7778379917 7220096.0620117188
896741525.0048401356 7646760.5136718750
891825201.3336466551 7511012.2470703125
887607377.3331662416 7336607.7636718750
918794593.7967531681 7999854.5371093750
894069371.7139257193 7580409.0869140625
893528044.4043102264 7558781.5371093750
908955552.0003768206 7879068.4072265625
889861421.4773406982 7443382.9365234375
910528768.5127903223 7899789.0908203125
910910185.0325782299 7909321.6972656250
932359201.6602720022 8064487.6796875000
910782168.9800209999 7908910.5976562500
892895214.0550146103 7543842.3798828125
897822940.5849093199 7673009.6191406250
882988806.5703616142 7034010.7021484375
911070565.4151234627 7914553.6582031250
885519838.9779684544 7206922.0112304688
941393441.2612236738 8080033.3388671875
889865328.4653754234 7444555.9746093750
923834209.7340924740 8030567.7392578125
932590621.8969476223 8065363.0253906250
908623865.4404109716 7876593.7988281250
882969090.9227714539 7032535.1962890625
890237036.9335515499 7455389.6796875000
898651111.9899955988 7689416.7910156250
894700412.6380295753 7589281.6845703125
940465997.3541733027 8077836.9072265625
915868575.7972030640 7971303.0185546875
895847570.4861930609 7622735.3320312500
904728835.3917317390 7810838.9570312500
886185946.0875327587 7265374.0659179688
920739291.9018398523 8016121.8710937500
922463418.7811613083 8023704.5820312500
911626551.5240112543 7919031.8535156250
911626551.5240116119 7919113.7207031250
891653925.5948156118 7503413.1738281250
918602458.1049493551 7995527.2949218750
914621320.8176755905 7952089.7050781250
913892515.3696222305 7943398.0849609375
922772533.5039098263 8025753.5976562500
925307912.5061299801 8041008.6250000000
883687640.9634382725 7089626.9399414062
885636073.6283887625 7235218.9194335938
886303149.3501271009 7272669.7944335938
886928164.7860060930 7313858.0849609375
895229536.8376711607 7602056.3212890625
916288375.7205276489 7972774.0390625000
885636073.6283887625 7235573.2338867188
915693871.9966341257 7968626.7695312500
894710937.1036026478 7596715.2324218750
885892248.4387586117 7246458.5454101562
922251604.0549211502 8023373.9589843750
896120003.1977713108 7632630.0009765625
890628407.7350789309 7472122.7861328125
904974157.7125688791 7815331.5195312500
897442386.8715368509 7663039.8515625000
885404258.8653230667 7205780.2792968750
885615155.8800902367 7221564.9204101562
899951142.3755837679 7715011.9238281250
890661726.6379506588 7472128.6435546875
890914210.3145642281 7482279.2939453125
896120003.1977711916 7632459.2324218750
887601763.3654484749 7335149.0605468750
895791486.9825545549 7621540.6914062500
909110086.8288159370 7881650.0166015625
885629383.0906382799 7228496.0512695312
896544574.6839191914 7640059.9218750000
883708110.4515433311 7100469.2729492188
888007865.9132008553 7352152.1816406250
902074661.5246554613 7759594.4589843750
884035226.8000073433 7112005.7270507812
900679147.6774175167 7735140.9169921875
904821425.4589967728 7812140.3173828125
898140921.1962058544 7678258.6943359375
884148229.7824440002 7115878.0463867188
920703251.5135064125 8012291.5498046875
891470181.8110921383 7496550.2265625000
912603967.4170746803 7932701.7226562500
897348499.1973414421 7662534.6523437500
906660185.2453126907 7845963.5527343750
905277097.1321408749 7824127.3291015625
897537225.5912036896 7668085.2500000000
888011245.0913257599 7377983.2431640625
888264300.3551454544 7384027.9726562500
907268117.5103926659 7853950.6416015625
911958520.1561909914 7925596.7773437500
887148768.7252285480 7326923.3066406250
907455607.7453980446 7854532.8027343750
906491552.6072545052 7836969.4687500000
907652531.0832366943 7863230.3593750000
913071694.3294464350 7935679.0205078125
909304174.7813010216 7885664.2744140625
888828625.0357351303 7403691.5048828125
888264300.3551453352 7384000.0908203125
897934277.0288746357 7676735.5166015625
893268979.5035537481 7551997.0849609375
911958520.1561911106 7925730.7285156250
899313528.2365567684 7702919.4375000000
909451895.0961407423 7886092.3007812500
914905749.5953178406 7955670.8349609375
906505435.0122580528 7839473.9404296875
909880811.2072526217 7890932.3779296875
928954565.2705664635 8048848.1396484375
909589779.3544312716 7886605.2060546875
887788362.2207785845 7345227.8125000000
884260104.0179702044 7128195.9555664062
884313061.6449973583 7129056.6660156250
884239443.9047505856 7123691.6816406250
888947944.6750745773 7403839.1113281250
914241689.8459510803 7947352.2578125000
897133958.6533199549 7655150.3525390625
897019997.1938555241 7649090.0615234375
903170929.9267628193 7780649.1660156250
909500528.0368571281 7886117.2636718750
899486915.9951865673 7706090.9599609375
899081054.0276918411 7699101.2490234375
899596702.6757404804 7706846.5976562500
899478028.3639761209 7705675.2880859375
898795498.9858065844 7694998.2812500000
915234116.3558330536 7958581.4560546875
884442693.2130076885 7129644.9843750000
939220399.3419672251 8075500.3662109375
903237571.8008637428 7784858.9628906250
933181612.2804226875 8067193.5771484375
903197682.4080621004 7783633.7910156250
903560409.5779317617 7789762.1718750000
905572658.1293317080 7829731.8974609375
940005260.3368307352 8077403.2929687500
932500485.0044810772 8064575.6767578125
940005260.3368307352 8077245.4941406250
905957879.0836483240 7835557.5283203125
906918015.8478586674 7846461.8222656250
906308997.5101221800 7836310.1035156250
907514798.6816915274 7855274.1425781250
903628237.9031606913 7791451.1894531250
920612149.7313870192 8012041.1757812500
900987228.9586979151 7736723.0048828125
928798523.2882826328 8047794.9482421875
929140435.3360713720 8052921.0371093750
923718356.2487181425 8028035.3769531250
903868884.4419013262 7798608.8720703125
908551721.2618974447 7873946.9091796875
904407407.8633056879 7807190.1445312500
903020610.4722031355 7780527.4863281250
900806037.5747632980 7735645.2548828125
939581659.2873719931 8076070.1992187500
902805463.3424468040 7778943.7099609375
901790599.2125869989 7750455.3300781250
902634789.5058877468 7776608.5810546875
939219602.7665485144 8075308.5371093750
901335685.1720252037 7745934.3955078125
922635789.0171827078 8024728.5488281250
901663153.3641039133 7746558.9033203125
907173495.8396432400 7850970.7753906250
910379325.5480607748 7899513.4531250000
898203421.6482788324 7679139.1640625000
913271930.1756100655 7936716.0781250000
901840247.7133123875 7751153.2558593750
902286795.4279839993 7766638.8837890625
901871907.2803368568 7752210.1455078125
901747931.0793550014 7750437.8623046875
916388627.6826508045 7976668.1699218750
900375163.1844383478 7724153.3222656250
900647591.4635503292 7732519.3437500000
898341166.6408833265 7682440.9580078125
914430772.3473725319 7950169.7255859375
915256712.3027486801 7958590.4169921875
913752984.1999869347 7938686.1416015625
939021507.5228825808 8075111.9062500000
898709561.8674143553 7689526.8828125000
900162039.1425725222 7716509.9394531250
936409824.4667466879 8074646.4921875000
938026122.8066569567 8075103.5449218750
900177010.0308557749 7718939.3222656250
899751080.2413781881 7713381.9111328125
913553139.7823599577 7936814.0634765625
915403995.4046047926 7963363.8515625000
910539099.1879038811 7902105.3066406250
929910553.8732680082 8053814.6435546875
910340826.5078861713 7897676.1298828125
912519927.8958913088 7928850.5683593750
911586272.3265299797 7918939.3320312500
909590016.0995979309 7888247.4638671875
936396901.3985030651 8074478.0693359375
936331830.0136559010 8074174.4599609375
906273635.0033432245 7836113.2197265625
929772417.4812738895 8053101.9755859375
928960731.1041709185 8050417.7119140625
