379321219.6811747551 595156.2777559832
378983812.4897754192 591882.9945175126
378309823.2477527857 581420.2317299694
380014045.0808647871 604092.5736190751
382400639.5904462934 631465.9156576643
396730653.7356619835 760997.3501586914
380655226.4152534604 611656.1470879870
381316311.0939915180 619310.2687248993
384922288.8208329678 658231.7782688143
377123247.3724550009 561068.7224831432
381411142.8883090615 619540.6692513111
388544392.9850766063 694990.7125844955
376610829.7879132628 549273.3029041416
375558343.3523324728 522299.3473879895
376203432.8017811775 541477.8939434588
384848254.2964907289 658060.5232711701
378157343.0144514441 578995.9837343767
378107807.0192568302 577235.9586883518
375808915.5910271406 531047.1723706624
376383733.4035402536 546040.4689556658
376246973.4962949753 544382.5724102557
378589211.6153501868 586132.8295903089
374324532.6268980503 472227.0680576987
378784831.3413549662 587792.3977953973
385961941.2818679214 667744.4667936638
377785743.7214934826 574541.4306130260
384938735.8858240247 660583.5000885302
377080650.1523396969 561042.1372780651
385453841.8546299338 665908.5574513087
386095743.9008278251 671524.5709196702
378441111.4676671028 583164.7495660144
388953514.6789203286 698422.8369843736
376963904.6001880169 556974.9160482395
383133681.2687815428 640623.3623399494
375746324.3990393281 529425.5775144002
384455563.9378494620 656546.3333679108
376910084.5017066002 556872.6781286555
374825290.6930714250 495184.3749311469
380593072.8040626049 610452.8847653699
375664078.7893017530 527318.9127555019
409426747.3507955670 790376.7675781250
409528916.7060863376 790477.5290527344
390778118.5627295375 712129.8908071518
374770677.3504429460 485205.2320210314
389136149.5226017237 699167.8414297104
374377069.4145625830 472986.4461978800
403408935.1331260204 783441.1416015625
381436038.1261872649 620833.1134453547
377580666.1445593834 569353.1369812074
411562693.3112720251 792295.0825195312
374844526.0315157771 502785.1867291234
380130324.1295433044 604123.5803057733
376485868.0270771384 549042.9567934326
379774621.5584586859 600286.0453784051
376692052.6194058061 550053.3988498948
375050789.7062182426 504900.2040340949
379637821.4368799329 599189.4329178664
379968693.8802379966 602301.1812609690
378733654.0113577843 587767.5131518426
376463347.3612684608 546718.6570181972
377369650.8571789265 564127.4324023309
375031025.9506492615 504885.2907040168
378298130.2664584517 581350.9107140857
374582604.8880777359 475907.6512296847
378729346.7227531075 586472.6084167543
397203738.6696898937 762434.9231567383
376485868.0270771384 549057.4426016933
374590536.6395739317 476028.4880426805
378209574.4850986004 580719.3634020868
378209574.4850986004 580642.2415759149
377485241.2529596090 566333.1614465076
374723052.6065047979 479979.1422885782
376769636.4108588099 552508.6020975239
377992799.2291821241 575681.2535186741
378209574.4850986004 580719.4975067112
397203738.6696900129 762444.4373168945
401794702.5251814723 780541.8476562500
378733654.0113577843 587760.4512164178
375095465.7656767964 507632.6338877729
375126315.2270193696 508248.6016146632
401719982.8474850059 780354.1293945312
384434746.2155725956 655225.0029739017
409659958.8295692801 790880.6147460938
377760481.6330797672 570573.2941302317
374508332.8348100185 475830.4915012247
383795103.8615764380 648897.0059791282
377745249.9535357952 569800.9357971209
381118773.8515381813 617014.6396729457
380438849.7401642203 610323.9478826928
387349641.9861989617 680831.7684910968
375917548.2739817500 532435.8887854866
411302855.1775052547 791876.6718750000
411391518.8324995041 792110.4675292969
380226282.8910533190 606103.5216741967
379439271.9448962212 595864.0229272204
383264118.4905447364 643215.1372006610
380301190.9112490416 606343.9121499765
385248056.8115889430 663526.3227160648
379222616.9836523533 592819.7952305782
387285767.1086412072 680683.5516805649
387242313.5215523839 680366.2214117050
378965867.3603861928 589776.2620245251
384422431.5306079388 655214.5456970508
383656493.4215698242 648268.1614197070
377458158.6628116965 565918.2073918167
390863848.7914267778 713746.5871572495
374676434.1591910720 478828.2680057413
383639928.1510081291 646792.9285095508
375241621.4588325620 511360.9942795835
375067185.3256254196 506293.6835734340
377309214.9116695523 562028.2706053141
375380784.3098786473 517630.8617722592
376112892.9877021313 536687.9177505872
375991598.9989761114 536047.9885139293
384005702.2910819054 650997.6069213325
385615479.1598147750 666909.3973315433
384750107.5645087957 657979.6837109948
383187156.9785146713 641743.8538275418
375503351.1876369119 521450.5295641175
376120918.7796975970 537112.8307843632
385052248.4542094469 660975.9394970546
376138553.1506818533 538623.8669693372
384170576.8886837959 653345.2972129682
408546598.9521228075 789479.5502929688
375272948.1543363333 514862.2137009702
381069367.8865530491 616909.7345018146
385449620.7074770331 664942.1559375003
377766062.8876443505 571048.2256278642
375710016.9884331822 527505.9494893453
395624059.8030405045 752123.6165161133
384170576.8886837959 653345.2429638328
395982073.3954900503 753895.6072235107
395982073.3954900503 754724.3506317139
384005702.2910819054 650986.2365692431
375290492.0636371970 517599.0117966733
382024573.2373262644 628050.7406302152
385516223.2824442387 666884.5812834278
381620421.6923381686 623764.2687255797
380344967.2098313570 607671.2701824215
410862127.2104979753 791453.3979492188
382672654.7505280375 635819.3286697326
381792892.8511775136 626225.0476638732
375817517.4009059072 531436.4114949605
379732789.6831939220 599376.3402274234
391172949.0142965317 716483.0370861292
382206198.6567044854 631088.9145448977
385193309.2037788033 662740.0465167239
379949196.2434714437 602182.1427639035
405856734.1267413497 786995.6945800781
383458669.0269110799 645185.3626602466
387817137.3173496127 689023.5355303958
382885817.5421514511 639536.4253967578
382928416.4160982370 639914.8710220630
407297860.9924986362 788632.0480957031
382450849.1958353519 634145.4132507617
382599255.6499364972 635219.7144679436
383707344.9695511460 648473.7590807254
382721579.0033283830 637683.5656097705
375879510.0423344374 532292.0536966301
387421884.4268236756 685393.6047067121
394599254.0020721555 744548.6557006836
381670569.4977856278 623787.3952285704
387411071.4130679965 684825.3705418780
385127436.1215246320 661580.5945271254
381582002.4874414206 623226.7812148986
381009917.0454275608 616452.2803396044
381174791.6430294514 618879.8547588793
381009917.0454275608 616511.2769461331
408286463.6765483022 789151.8339843750
391021020.3443918228 716306.2265615463
386593741.5861414075 678665.8289890066
386790885.8706251383 679211.5856297687
388756767.3209448457 697156.0623248294
388094055.1905888915 692035.7690843418
380161674.0617512465 604718.3854187089
407945117.6099998355 788881.2429199219
407945117.6099999547 788898.4562988281
384367434.9304237366 653762.8070147708
391420836.0629441738 719164.0258779526
405856734.1267412305 786974.1374511719
381174791.6430294514 618936.0893545804
386104671.8916695118 672467.9344561771
407945117.6099999547 788951.0676269531
386174756.5667253137 673196.8627088070
387817137.3173496127 689015.3967364505
395318520.8034512997 750038.3569030762
402972942.9957067370 782490.1213378906
386328483.3578546643 674390.4408543780
385978149.7118429542 670482.0879500583
387759743.2892386317 688534.7219821885
383980286.5445266962 650945.3618545408
397502472.3744357824 762822.1418151855
381682520.9196786880 623793.8418026293
405010651.6572087407 785387.9140625000
383544720.7026748657 646462.9858797366
405064759.0240265727 786807.8295898438
405064759.0240265727 786814.0034179688
405640745.1084536910 786857.6708984375
386824719.9584989548 679853.5456221774
385406295.2806712985 664842.3616612628
386855218.7204906940 679939.3655974865
399382033.3283120990 774232.6292724609
396532516.9083811641 758529.8908233643
380665374.5458408594 611817.1708130054
395127489.2949901819 749050.2492523193
394971014.0522870421 747111.2346954346
380822169.9798663855 613040.0602413013
398603062.3938589692 770129.8995208740
380830249.1434428692 613888.3086233345
398782516.0832206607 770390.2784729004
379280542.3602682352 592871.0047231126
408891328.6457863450 789607.8964843750
410612654.1787630320 791105.4194335938
396124037.0322767496 756381.9919586182
387043636.5767770410 680241.3032587338
408246227.9865637422 789016.0852050781
398719435.5958129764 770284.4853820801
398920819.7171506286 772340.6561584473
398954982.3483667970 773097.6200256348
410306012.6917302608 790944.1977539062
410419375.2547056675 790946.2856445312
410153878.0643677711 790937.8671875000
396445763.6174189448 758505.9248809814
408297086.8477677703 789170.8742675781
403926605.2403624058 784958.0151367188
402954829.6964513659 782220.4060058594
404290107.2503883839 785149.8652343750
401273072.5882651210 779585.9093017578
403775665.8624696732 784689.7268066406
401456522.1206364036 780168.4351806641
394306833.4762247801 743157.7738723755
401947679.2843569517 781182.5603027344
402300438.4602867365 782207.4284667969
389022784.4194148183 698780.2977478597
400946874.5853357911 779515.9271240234
399656930.7948846221 775348.8665771484
402300438.4602866173 781542.3979492188
400362858.0130599141 777465.2525634766
406156335.2015454769 787201.9418945312
400231193.7464457154 776242.7752685547
402300438.4602866173 781571.1083984375
400379902.1645035148 777569.1336669922
400379902.1645036340 778086.3009033203
399687082.5777290463 775639.0255126953
400598099.2992708087 779038.7855224609
396546425.9862273335 758530.7380752563
400258107.9380511642 777341.9969482422
407199071.8248402476 787591.8972167969
389299337.2054813504 701497.6880167201
396029541.1803554296 754962.6204910278
395728442.7809807062 753677.0364151001
401909290.3103749752 780766.7536621094
406406700.0618665218 787586.5776367188
391199950.3966161609 717267.2108760625
389416393.9619106650 701978.8967369348
403107447.8887149096 783204.1181640625
387732519.1419463754 687805.1923785955
387732519.1419464946 687957.4152813256
398204782.3257722855 768197.8815917969
398370676.3000262380 769026.0058593750
394573883.2230886221 744469.1872329712
397926257.5964224935 765659.3246459961
389499940.7535678744 702905.8973243982
389992108.8749949336 708288.8732310105
389633200.7615464330 705016.7691637520
390092284.3438721299 708417.9315806199
390092284.3438721299 708449.2633844484
395209915.6783742905 749688.2650527954
394605333.6438912749 746677.4155654907
394877977.8203333020 747081.8658828735
393893076.5746296048 739953.1108093262
391737682.3817104697 722507.7919433210
390537505.7399094701 712116.4377782438
396977492.9331029058 761266.0040283203
396977492.9331027865 761042.6037902832
392000469.5246571898 725075.5766217802
392059290.5051246285 725685.8285033796
392149794.9801109433 725734.9113996122
397582074.9675858021 764689.8742675781
391276164.0282042623 718627.5297362898
393293445.5660138726 735601.5781555176
397582074.9675856829 764644.0963134766
397582074.9675858021 764646.5250244141
397582074.9675858021 764738.3763427734
389477584.2620179057 702507.2026285324
390284560.9227871895 709400.7990901563
391276164.0282042623 718538.4281737898
392941493.6198632121 732347.0851917267
392912294.3070120811 731442.7814044952
392834030.6784411073 731255.1194019318
393147311.7301441431 734219.4996681213
392817212.8692324758 730835.1320667267
392624183.8263911605 729975.2078208923
393587213.7574585080 737054.6315851212
393799928.7753685713 738993.4855837822
393663809.2742500901 738392.6723513603
393663809.2742500901 737927.5358767509
