286384300.2710335851 1858154.1577148438
286032084.5080481172 1822949.7397460938
286977347.7821969986 1902733.9702148438
287785247.7462131381 1951025.5771484375
287676688.4760655761 1939668.4458007812
287467162.1581115723 1931854.6752929688
287414529.1082048416 1927593.1606445312
287623870.6621063948 1938519.5073242188
290876941.4166508913 2125504.4497070312
289542299.8896462917 2042221.4985351562
291185077.4635422826 2144232.2485351562
284857479.7210541368 1719812.3952636719
285240292.9952269197 1757987.5080566406
285047144.6635580063 1743856.7365722656
285715037.9916308522 1794974.2763671875
286729373.5183686018 1886566.8486328125
286506446.8400383592 1872497.0429687500
286620945.1446400285 1876643.0600585938
287051407.9263581634 1912077.4077148438
287716154.1029074788 1946001.1816406250
287021786.0997098088 1904471.2275390625
287705720.1720876098 1944251.1145019531
288041493.3259068131 1961710.5917968750
287579970.5664025545 1935619.0070800781
294500978.9986885190 2282294.8188476562
291254817.0495202541 2148155.9575195312
292109144.7303279638 2182761.6489257812
294207489.1125746369 2268589.4404296875
284907810.2420073152 1720839.4023437500
284964350.0080327392 1724040.6315917969
284726522.3204071522 1710580.8962402344
284837625.6859712601 1717796.9135742188
285219213.1286600828 1751681.0324707031
285185214.6942284703 1747460.1528320312
286625243.0456954837 1882142.1835937500
286752220.1285151243 1889123.4707031250
286246317.5392532349 1848509.0170898438
287274140.5390181541 1918024.1455078125
287538100.0989706516 1934476.6489257812
294243881.8632766604 2274653.3647460938
330030595.6000204682 2810014.0957031250
291893043.8294119835 2180724.2133789062
284858171.6947872043 1720116.6901855469
284795583.2748480439 1716315.4165039062
284795016.4200427532 1714685.4240722656
290114901.0147731304 2071116.9702148438
335394816.9514764547 2843042.2753906250
284678255.3979835510 1704205.2026367188
285298977.1520519257 1762217.4802246094
286872390.6929379702 1898691.1118164062
287233449.5765365958 1916949.0375976562
289356784.0033823848 2033007.6088867188
290068373.6165398955 2068924.7475585938
306916942.9558230639 2564397.0014648438
284907111.7138162255 1720561.1394042969
286151090.0192729235 1833287.0473632812
287203004.6073634624 1913394.7646484375
287009933.7251906991 1903445.3002929688
293005159.9780660868 2228805.5688476562
293940813.9807155728 2262344.0000000000
303095986.6783851981 2472114.5585937500
285363973.3454800844 1764094.9982910156
285619207.4131065607 1783171.1049804688
285453521.0870512724 1770302.0500488281
292732546.0954824090 2218330.0874023438
291420054.0608620048 2156469.5786132812
303905696.4885080457 2494687.6547851562
303339882.6903724074 2486025.8671875000
284639965.0605559945 1701498.5078125000
284912909.7218688726 1723204.3332519531
286083202.8424499631 1824519.6645507812
287347903.4984523058 1926835.6796875000
291665852.2971268296 2169494.3520507812
292718892.4789637923 2208762.4189453125
292420331.1224393249 2197484.0170898438
294278963.0360886455 2277141.6425781250
293955273.9210428596 2266608.0908203125
292945409.4622475505 2227949.3178710938
291161854.0624511838 2143222.6088867188
294051366.9858981967 2267338.9892578125
286428234.0483492613 1859469.7695312500
286453102.5044795871 1867106.8007812500
286571887.6053192019 1875913.4726562500
289212530.4524528384 2028611.3503417969
288880585.3820514083 2007406.8156738281
288660818.4021951556 1998109.5856933594
291339921.5412777066 2154032.8315429688
292182732.1018931270 2187664.1499023438
292568678.8407121897 2201690.1259765625
297440971.8400021195 2361750.2617187500
297082403.4525136352 2358108.7983398438
284825963.9986856580 1716957.7756347656
285937428.0851752758 1820216.3652343750
286240559.8198827505 1845084.5620117188
286171273.5114449859 1838832.5063476562
286122652.7981222868 1831026.1665039062
286308367.0593288541 1852890.9018554688
289662313.8113979697 2047712.1098632812
340229844.0837604403 2848095.5888671875
285323827.3120109439 1762405.7565917969
286567188.7317697406 1873765.8066406250
286500375.1295192838 1867768.3378906250
288008170.9238156676 1955762.1247558594
288241270.7177016735 1978562.5500488281
290004688.3709130883 2067227.6308593750
290805373.6403306723 2106626.4990234375
290880949.6896183491 2128505.4492187500
288838624.4439104795 2004655.1286621094
289138365.9312461019 2020104.7902832031
294223759.6137261391 2271308.4433593750
292607385.3107887506 2205302.3271484375
285532374.0688028336 1778454.4282226562
285633170.1251448989 1787941.1054687500
289243117.6388956308 2029586.1784667969
288309452.3479417562 1978863.7893066406
289050184.9591761231 2017671.2019042969
290711794.1854066849 2105072.7431640625
295526922.9732318521 2306619.8818359375
295485697.3893350959 2304013.5722656250
288211302.5026922226 1970847.7102050781
288555526.5036463737 1994807.9001464844
288324774.9566366673 1981501.6330566406
289947991.6854661107 2063384.5810546875
293321359.7753101587 2250146.2622070312
291788165.7433679104 2170209.9291992188
292161969.4818331003 2184392.1674804688
291795067.0556921959 2174133.3774414062
285520791.5456532836 1774806.3833007812
285742135.1842754483 1803365.2500000000
285701982.5847826600 1793338.0395507812
288475591.7749569416 1990892.3845214844
288751376.1134800315 2003723.7248535156
292284676.7331669331 2190867.7973632812
285772014.2361406088 1803831.5869140625
286136975.4418108463 1831125.5356445312
286823043.4177208543 1890423.1669921875
288327041.2808374166 1982605.4084472656
292704630.7225390673 2205534.2275390625
289976997.2331864834 2066404.1171875000
285634712.1261806488 1788833.7062988281
289604754.8394594193 2045551.0297851562
291031330.8318791986 2137990.4814453125
293857850.5117165446 2259259.8378906250
303688860.4705252051 2490383.4296875000
309253804.1529008150 2610741.8891601562
308848280.6011592746 2601084.7465820312
293593303.2630029917 2255411.6674804688
287917420.9353787303 1952636.5339355469
289413450.0199897289 2040018.0756835938
291350824.2321277261 2155194.9492187500
293121166.0680043697 2237610.7788085938
285998169.9716680646 1820655.2260742188
287979359.6809749007 1953216.7316894531
289565333.1331929564 2044924.0278320312
290480711.1610460281 2087253.5136718750
306529832.6677785516 2530868.2348632812
306193440.8102265596 2528154.3989257812
285892959.7247967124 1813840.4663085938
290061124.0213349462 2067356.5092773438
289720511.4075728655 2054270.5595703125
291030018.3148202300 2136492.0908203125
292326784.4503178596 2196780.9809570312
304970935.5002896786 2522405.4794921875
288178096.3669106364 1966626.4797363281
285718363.5595372319 1796622.6271972656
301953387.6623650789 2464575.1254882812
285441275.2617225051 1767057.1772460938
288592932.7144985795 1997554.8659667969
291220937.1421545148 2146800.7763671875
333442615.0586930513 2828661.2402343750
332940012.1590509415 2825247.0917968750
285869590.1805539727 1811789.5766601562
289716532.6552915573 2053746.5126953125
291775000.5090322495 2170192.3500976562
292818397.6819025874 2221787.5209960938
285807015.1413961053 1805287.4245605469
291297479.0705847740 2152518.5878906250
289913833.2491158247 2061355.4721679688
291665246.1279001236 2167725.1713867188
297931143.7700268626 2364660.4428710938
301749722.1685747504 2447676.6640625000
297056277.4985339642 2344177.3300781250
296492493.1227406859 2332580.2524414062
286092426.7704290152 1827419.2778320312
285898012.5976308584 1814261.6826171875
288436136.3903350830 1986555.5695800781
289643158.4581273794 2046630.4101562500
288741786.8416449428 2002932.3557128906
291501986.5352512598 2164605.2265625000
293008102.2450345159 2234094.4750976562
285621247.1969286203 1783632.5534667969
285877580.8183007836 1812035.1884765625
289109632.6076554060 2018489.7346191406
285830742.1390290260 1809053.7067871094
288163366.2412055135 1963060.7424316406
303210014.2512348890 2483254.7348632812
302762765.7712562680 2468344.7910156250
285811382.6997814178 1806636.9543457031
289835436.8220105767 2061152.4645996094
288848107.2747985125 2005195.5759277344
293252109.9684395790 2242580.0087890625
289329476.9190979004 2031270.9328613281
303116031.3640765548 2474878.2216796875
288888846.7510179281 2008519.0505371094
288951539.5338048935 2014664.2077636719
290094002.2304342985 2070112.6308593750
288854116.1244785190 2007315.9548339844
290509317.9230299592 2091723.2382812500
303011168.8701848388 2470586.1630859375
290323811.8826560974 2082912.0205078125
306831783.9569250941 2557189.4858398438
322418928.4097624421 2751442.2500000000
322175974.7169725299 2744310.0751953125
290430857.9329730272 2085264.8481445312
299941553.8043720722 2403007.3471679688
296639921.0069689751 2337932.0551757812
304934900.4810869098 2512528.0673828125
302928948.6048344374 2469027.0859375000
303094725.1539865136 2471160.6748046875
290135170.5577601194 2071915.3193359375
304709968.5650771260 2503328.5585937500
295947035.5895590186 2326229.6044921875
295531882.6282784343 2315472.6992187500
290597974.8676010966 2101907.1740722656
289677889.0846670866 2047833.5058593750
304218227.5220112801 2501417.8452148438
297851835.1282337904 2363218.1928710938
303191407.3918687105 2476346.0107421875
302545626.8076759577 2464883.4296875000
290772059.6071196198 2105479.5715332031
290809902.4452413917 2108951.2443847656
290227162.8486700654 2079619.5234375000
295040645.5052118301 2296647.9233398438
301567021.2757793665 2446044.7519531250
305846719.0580698848 2522667.9477539062
296312727.8185985684 2331319.3413085938
290189320.0105482340 2076147.8505859375
309778453.7895112634 2610831.8676757812
290703267.9827292562 2103918.9064941406
297027405.2050538063 2341954.8315429688
294962661.3073156476 2285665.3535156250
308628024.1730945706 2577762.6469726562
308685737.3739981055 2585032.4672851562
304800658.0824416280 2505005.9453125000
299516192.8629709482 2391484.3618164062
290566543.8502892852 2095556.6662597656
294805596.2626290917 2284589.9921875000
315343298.9021542668 2637047.0874023438
329879785.3870917559 2777810.8007812500
295350502.6995642781 2297952.3710937500
308803952.2284278870 2585585.6958007812
318549478.4816899896 2717804.1289062500
306643592.5617709160 2543542.5444335938
300321258.9915887117 2420268.1450195312
300391398.7551357746 2422282.2133789062
300120552.2915653586 2418372.8012695312
299967544.7016380429 2410686.5356445312
300206100.1292767525 2419240.4780273438
299584579.2127436996 2401877.9916992188
298078188.6321963072 2366876.9384765625
308534461.2523975372 2573668.2661132812
300775857.7528716922 2424233.9033203125
298150061.7336274385 2372635.0693359375
299127154.1469048858 2384583.5190429688
298215738.9361391068 2375007.4960937500
310191374.9985905886 2614162.6616210938
326354230.7296634316 2754323.9140625000
298138582.9702108502 2367475.5239257812
311619047.6193935871 2620112.2480468750
311441401.1003302336 2618633.4658203125
328952638.2954310179 2766300.9306640625
298450951.3279378414 2377419.1040039062
298604627.6064819694 2380821.5405273438
299231587.7313436866 2385081.2973632812
299256469.5868161917 2390421.1635742188
298875571.7542414069 2382406.9096679688
317555608.6282310486 2644920.7226562500
317562115.6275868416 2654109.9931640625
300870191.4418038726 2428999.2836914062
