273382892.2433276176 690728.4562131395
273323167.3293332458 675361.2970504691
273348187.9842517376 681502.2885800828
278867763.3076934814 1200739.1606656164
281541384.8986088634 1263699.4977450371
273280223.1086447239 658781.1447067191
273314470.1045100689 669995.2591611375
273553619.8971429467 731998.5515500535
273485547.8228908181 719770.6716672410
274253701.1897432208 825900.5532061319
290926068.9923560023 1406715.1002807617
273363869.8311531544 686799.6099912156
273464717.7452488542 717201.3596250047
273665622.8131471276 746423.9334774540
279159378.2530874610 1205139.6704426855
276018820.7323994040 1007101.6336885691
276496736.7760253549 1047515.9413121063
274421369.5934494734 849657.0865923624
275250647.5998642445 928859.3148010533
273569776.2017086148 732006.6980344285
275517187.5081238151 958661.3840762238
275526044.3729627132 959077.2546203892
274839977.5202805996 896292.9395080992
276969930.7381988168 1081732.3012996167
291815283.5743206739 1420170.7040405273
279454618.9736692905 1218212.6922379583
273237440.4462731481 631757.0304823597
276413124.6032325625 1042188.0086160302
273636990.5171850324 744651.6856403874
274197205.9923575521 823900.8680591644
275342841.9176924229 940374.3173953156
273946762.9306552410 789850.6976701941
290929649.6916490793 1410365.1837768555
281872630.0753672719 1266620.1256457418
289383629.0820235610 1395831.9691772461
286416948.2837396264 1350417.1880187988
290947889.6313806772 1414328.5563354492
273501704.1274564266 719778.8181516160
273720299.6327995658 762172.8505573794
277719311.2385469079 1141068.9929198753
280652572.0959265232 1246553.8483983129
273480874.0498145223 717209.5061093797
273572770.5280257463 733445.8112507389
273387124.3121304512 691094.9584370182
273511678.9508759975 721650.6998654832
278963870.9849645495 1203852.9330159277
278148782.6858094931 1160144.0538622588
277838867.6577154398 1145000.5907988381
274599335.6789719462 870812.6568672275
277963761.3549194336 1155486.4913508147
274597496.6775125265 870683.3325031642
274678613.3285421133 877301.9563172972
287308740.1939058900 1354710.2944098562
276921176.5656042695 1080248.3751932215
277718649.1519432068 1141005.3816586267
273277763.2384051681 656540.5565109183
274912018.2728618979 898741.3976323223
323136032.1486624479 1584416.3071289062
274841412.9697080851 896951.4027039000
281286909.5577743053 1257345.4213793278
282032559.6311848760 1279622.9797930717
274835176.6286280155 893487.2859773426
322886628.1220861077 1584202.7485351562
273503215.8947507143 720794.1408750047
274955594.6869075894 906221.2168518492
322805283.7704795599 1583995.1528320312
273876095.6472283006 786078.7646861599
274175176.7415826917 813001.0379810394
274747041.1755432487 885885.6391464929
275868657.7105178237 994447.0152851343
276598333.2442735434 1056148.8956045508
273317575.2995474935 671070.1166610648
274624652.9958253503 873657.7631775328
274746677.2839415669 884071.0444781046
274253984.0414904952 829054.2500828565
275441941.5793254375 949644.1315432648
276271275.0578649044 1031251.3061624169
278097739.2370893359 1159620.5646044463
273271470.9738678932 645502.5825729300
274800412.9066347480 888110.5195784629
274489114.3856069446 858461.4374731695
274495842.0404098034 859949.2930574208
275016513.5293129683 908518.4215694853
281455433.7967936993 1263406.4523987770
282999076.9640120268 1307037.0367604345
289539375.7758557200 1397811.6049194336
274292558.6380339265 835948.6164722503
276270612.9712614417 1031187.6949011683
273435143.8204984665 708566.2609921922
273985300.9698972702 798662.5272174404
274029389.9611989856 799428.3081908098
275770342.6421338320 975012.6847549557
273367973.6812477112 689647.6987363328
279166686.8728297949 1214309.3648743629
273405529.7908513546 699907.3203183641
273334255.8015061021 678140.6693173875
273337360.9965435863 679215.5268173148
273588265.9615519047 734569.3273068895
275260484.3663517833 937648.5331970641
275634479.1170929074 968145.5829968150
287300684.2074302435 1354196.8046637625
274537877.0278745890 861948.9782043883
275154509.1885690689 924722.6683053994
278913567.7648929358 1201208.4937316030
279537205.9988892674 1220985.1638079733
274972812.2701371908 907430.5933777281
277865789.1069035530 1145582.5324492287
273277426.0166041851 655756.3884641160
275060089.2410480380 916700.4075256774
278751875.7047435641 1190485.4245853405
278150059.7060822845 1160636.0379405748
278780721.6540934443 1197032.2798738331
274912529.2098048329 900105.9097914756
274740255.1458328962 882282.8334560688
302768858.9526187181 1473474.6759033203
277885349.3386819363 1151814.3854765724
276996503.8427957892 1082519.6836649012
276593511.9059782028 1055950.1798774451
277738006.8474465609 1141434.1525558662
273806830.2375402451 774369.9797130154
273830365.4179122448 777435.5195689724
274218647.6207247376 824239.8314991058
278018195.4494813681 1155990.5993343424
278198349.0379917026 1161394.6012874674
277852627.0341132879 1145139.4549122583
273948254.3591080904 790087.8552629675
274375919.8683308363 842344.6506895809
274471029.0475410223 854469.3652666570
276018158.6457957029 1007038.0224273205
281774660.1405798793 1266353.5631457418
318552124.0372279882 1580978.2192382812
273454294.4513812065 710013.5206928776
274313548.7311950922 836018.6130542816
279284409.5481680036 1214605.8132210821
273709183.2900662422 753746.5224323795
277616119.2195921540 1131647.9813440572
273250770.6373146176 639678.2421522816
279757612.9215680957 1231917.8657122701
273424680.4217340946 701354.5800190495
279001741.1898635030 1204873.2339192480
273300316.9086377621 664976.6561202933
273906219.3716433644 788088.1701160000
322645747.9669372439 1581254.6157226562
284751885.4378665686 1328020.9732360840
285194516.3628339171 1346567.0597229004
273230984.9403185248 631532.8319960316
280146683.0140141845 1245558.6255227178
275587859.5098777413 962278.8014228503
276235099.0708291531 1022933.4905191064
274572022.3393227458 866567.9168715538
276386916.6509261727 1040643.8275247216
273383004.2230453491 690833.3251571585
274468017.7638175488 854340.0409025936
275642336.7046290636 970592.2572146516
282843689.4165322185 1304917.5175366402
274524233.7215508223 861451.6829563837
274336171.6387725472 840123.4413777967
302542255.2871922255 1472108.0797119141
276739429.8365305662 1068584.8497570306
279293346.0498938560 1215031.0066368580
273858997.7138742805 779207.7674060389
274818313.7291917801 891220.4716462879
274726794.3367223740 881265.3909473480
279845786.3465386033 1235582.6058999151
282760144.6520116925 1302081.8403998464
276378362.1491865516 1038289.6942718029
322786303.5127535462 1582044.0073242188
276317020.9860464931 1031902.5055006593
277766128.9226704240 1142776.8230986428
281121108.7078496218 1253112.6979285330
277204080.9388638735 1102479.7491417062
273761100.0082241893 765726.7345958279
276890386.9505906701 1078102.3360295128
283240975.5528211594 1309457.7285797596
274033086.8936924338 800072.2371626423
273858997.7138742805 779207.7674060391
279544004.6349101067 1228422.7255288213
278669693.6628944874 1181850.1597013324
276726540.2659612894 1063613.4925720301
281336289.4397453666 1262255.8800574392
274699281.0288280845 878998.5766162933
276257872.0180752277 1030708.7907858510
276862602.3913022280 1075841.3505981695
276442677.5175278783 1044578.7957267445
273733096.2859835029 762766.4085994289
276090999.5201643705 1010417.2809409797
287348831.8160498142 1356472.5961676687
282574610.8948530555 1300500.4344197363
273789732.3041862249 767498.9824328945
276417192.9884172678 1043885.9760420024
281390458.4203326702 1263289.6678992361
274885015.9019105434 897839.0954604209
273823406.5431466103 774764.7595730351
274092175.3488214612 805119.8683673204
276336848.1502708793 1033512.2915937603
274271047.9399104714 829070.0648917020
275788254.6351813674 983226.9270942371
276141221.1845744848 1018735.0965842903
315509069.1574516892 1548630.6899414062
285058427.0735678673 1338385.9387512207
284527520.9688097239 1312196.8197174072
278464686.7834818363 1171597.3141202778
276147597.5829221010 1018968.8955657482
275938009.1507546902 996727.9492403269
282690059.6112607121 1301683.4370795339
285571661.7635959983 1348470.3758850098
281066281.7594604492 1252810.4772254080
274290294.3175464272 829696.6845037700
273653146.8217507005 744659.8321247622
277331131.3400214911 1110555.0750854742
282828459.3836862445 1302447.8684798330
276373027.3647685051 1033744.5669433326
273653146.8217507005 744659.8321247624
286988063.7873921990 1352376.2124043554
282307488.2038465142 1285563.8162556738
277759262.7460954785 1141497.9775233697
281172651.4913550019 1256177.8783742040
274134342.7948653102 808702.2199925245
282513134.3264398575 1295432.9270955175
276204313.8104891777 1020814.0104529262
282138212.5455475450 1283932.7518732548
297170232.8931480050 1435128.0101928711
274811931.0382122397 890339.2601933639
289090052.1984460354 1386160.3052368164
274180073.0241813660 817345.4651097120
277648940.2611420155 1132324.8571596872
276204509.1535944939 1020877.6217141747
277787384.8213193417 1142840.6480661463
282507115.0851043463 1292950.5462361425
273522366.5256334543 722241.4005756901
273977885.5548307300 791400.6889545978
285101343.4609212279 1344853.5722961426
280954691.5473099947 1248698.0883351415
302010328.9100347161 1462420.0284423828
284986637.7880544662 1337403.1977844238
275680024.1658380032 972481.3747071042
284928945.4305770993 1336879.7085266113
284659533.5931888223 1320365.7892456055
282458859.5960071683 1291113.0379963964
278645239.3380120397 1179513.5275794100
318495874.6040394902 1569730.7431640625
277127400.9155150056 1091815.9202945977
277058662.0307194591 1090345.2615902871
278317320.1439545155 1167243.8659148198
299910548.3805520535 1454534.7010803223
278754774.2571358085 1191715.1361666769
280120257.3587211370 1242635.2431137562
278890150.9777129292 1200760.8450289816
278587546.9805346131 1178990.0383215975
280004792.5026133657 1242097.7555218786
316453077.8521868587 1559866.3176269531
279734196.1343880892 1231470.2170096487
278770930.5617014766 1191723.2826510519
275967936.9813857079 998720.2067840099
278713625.3077897429 1184467.3489771932
277689295.6118674874 1133110.7072702479
279718508.4080446362 1231405.2690535635
276088519.0536731482 1010278.8721156716
277438693.7453155518 1116882.8974543940
276653706.9716041088 1057174.7065018266
277059324.1173229814 1090408.8728515357
277454850.0498812199 1116891.0439387690
277148606.2716616988 1095734.3127126824
276138740.7180832028 1018596.6877589822
281976076.8226902485 1274882.7491877079
290852412.9840632081 1398200.5985717773
278448999.0571384430 1171532.3661641926
277280885.5050805211 1110080.0096557867
275671451.7889064550 971974.7792319953
277637375.1182411313 1131711.8063115608
275415364.0283104777 948123.3130411566
277954134.3032521605 1152961.7131529730
277172159.5524799228 1098272.6644888055
277580580.5413231254 1129015.1285237800
312801206.2562968135 1518920.2888183594
312473453.7277111411 1513068.7736816406
276782554.7399209738 1069463.5398952812
275408640.9716375470 947463.1790373982
275130421.8972293735 921689.4147324722
275022603.3729928136 911315.7302842300
276839813.9438526630 1069745.3840734512
275203930.6140168309 927719.6989918809
275966427.6905097961 998601.9228179455
275463209.2158920169 951180.8090855061
275342179.8310889006 940310.7061340670
275329184.6083840728 939027.0794280232
275787085.6584327817 982348.4636802375
276676508.3314647675 1057235.9766113013
275532231.1791308522 960154.9615051608
274831682.0324057937 891471.4749131362
277456283.3411264420 1120351.1066045295
274829843.0309464335 891342.1505490729
312246337.2872862220 1495227.9638671875
306496588.6658650041 1493496.1143188477
274709916.8244606853 879807.5280439119
275627954.2115834951 963563.0716358423
277163302.6876410246 1097900.4566820394
302230953.6937897205 1462706.5401611328
289057518.3966289163 1367843.6083374023
299799101.9913429022 1447098.8428955078
