747338175.8656181097 10378584.5839843750
730513456.8183044195 10191774.8925781250
723600868.5730983019 10011212.1601562500
731847049.6376383305 10220027.0371093750
744211772.5772520304 10365331.1035156250
724036295.3223099709 10014566.5019531250
730314321.5375779867 10189790.0722656250
727645837.7863836288 10128499.3515625000
748168239.6531659365 10383372.2480468750
726697622.1812311411 10096836.7656250000
742188020.8861975670 10345690.4277343750
729783494.8536803722 10175196.3750000000
736971913.7179849148 10295165.8085937500
733097411.1496955156 10237761.0605468750
726129197.9868526459 10082554.0996093750
723162155.7447307110 9989502.8730468750
740028386.9993566275 10326857.4589843750
736979202.9774653912 10295255.6894531250
722675019.8548775911 9975434.8808593750
726657955.2344512939 10096383.0742187500
727856266.6021451950 10136205.0136718750
731054757.8942779303 10202596.1406250000
726015374.7835823298 10080444.1953125000
727207956.9142432213 10115813.3769531250
733969085.8332793713 10255666.5292968750
743681325.5577572584 10358268.6015625000
724480282.5673217773 10038908.4394531250
722031366.2577494383 9958004.1660156250
726211300.1240130663 10088067.5878906250
722333731.0503995419 9965821.3359375000
741040997.0777009726 10337133.1738281250
732476322.2227529287 10228736.9921875000
732722797.8163127899 10233236.4941406250
723258464.4965513945 10000080.8925781250
748941387.2328341007 10386330.6406250000
743854727.1035860777 10361780.2539062500
737503321.4165817499 10303559.9804687500
726281093.7889928818 10090858.8203125000
722659977.4766609669 9971150.6835937500
729078953.9672055244 10159604.3847656250
728240655.1762262583 10143700.7910156250
735733586.1791548729 10283188.4687500000
724630206.8588707447 10041209.7617187500
739986727.1300402880 10326510.7558593750
731922250.2829998732 10220102.6171875000
731738588.6172899008 10215086.5195312500
724086198.6908947229 10017855.7382812500
722516754.0685002804 9970362.3867187500
724282587.3677699566 10032187.3945312500
724440201.9704291821 10035098.0019531250
733610902.8187564611 10244859.8847656250
730591430.3693766594 10192921.9804687500
721936844.4670320749 9932927.6748046875
742570907.2507886887 10348956.7500000000
728667764.6370370388 10154293.4238281250
729201372.4691104889 10160477.8769531250
727395126.2615964413 10121903.6230468750
736877754.6323311329 10294878.1308593750
732042316.6809626818 10223600.9570312500
729633622.9419931173 10174211.1992187500
722375885.2259352207 9967752.7617187500
740028386.9993566275 10326908.0839843750
723077293.8075627089 9983013.8222656250
744180968.6820936203 10364647.2128906250
723568831.4868752956 10004014.8730468750
730300862.0576992035 10188565.8398437500
730918162.9047813416 10199962.8359375000
732896783.9938650131 10235402.8613281250
731405189.4236637354 10206935.3867187500
746480644.2124933004 10375689.7187500000
727595835.1290282011 10125917.8789062500
737057217.3904045820 10299164.7656250000
733434976.4877492189 10243338.1816406250
727531700.9291527271 10122964.9218750000
727330511.9465506077 10118187.9960937500
734137686.4652415514 10258920.6464843750
733791308.8487352133 10251890.3222656250
725038630.5398199558 10055016.9960937500
743126964.9507818222 10355900.9335937500
727041637.4912048578 10112105.9687500000
742967917.2985320091 10354090.1953125000
736841420.4425474405 10293597.6855468750
736325932.7232229710 10289597.2050781250
724255029.3571181297 10021797.4492187500
734511930.7495501041 10261858.1894531250
744300831.1297622919 10366175.4687500000
740867718.0238178968 10335537.7363281250
730426642.0399382114 10191337.5097656250
733658398.5324664116 10248740.5625000000
729423687.6607977152 10169884.4863281250
733708402.1931880713 10248783.6210937500
731991758.0579931736 10220189.2480468750
725479415.9922195673 10070710.7832031250
746908424.5797083378 10377211.6191406250
744005057.7310296297 10363220.6562500000
731831950.5212440491 10218113.9726562500
726781654.8773211241 10099187.4824218750
727000060.6809667349 10106782.5585937500
731475998.9998154640 10214253.1464843750
724091115.8019491434 10019717.0820312500
733735412.5125566721 10251252.6972656250
727938857.0947717428 10137079.8847656250
723109058.0357954502 9985349.3398437500
742404939.9521812201 10348529.7460937500
731423191.1726599932 10207473.4589843750
748515304.7654817104 10384248.6953125000
729295720.2034853697 10162174.0625000000
722659977.4766609669 9971201.3085937500
722322758.0641828775 9964746.9082031250
729892003.0480941534 10183702.1425781250
725135312.3808964491 10063439.4980468750
730667122.5187685490 10194822.9375000000
730717976.3806250095 10198166.6191406250
731038118.1276746988 10201507.9316406250
730113946.1192636490 10186576.1074218750
729307203.5693472624 10164206.6542968750
733536467.4193735123 10244649.0722656250
738657252.7036761045 10314838.9414062500
730657303.4773598909 10194332.5996093750
727036279.8909124136 10110911.8906250000
732442456.8195304871 10227399.7480468750
722278964.3096258640 9962514.1230468750
732463021.2690865993 10227461.8027343750
736996228.4237649441 10297440.1718750000
728953957.0724506378 10157518.0585937500
731220198.9836879969 10205259.8925781250
721483658.5008623600 9910967.3291015625
744046506.1542333364 10364399.5761718750
722675019.8548774719 9975384.2558593750
730332533.3841871023 10191305.8632812500
725332232.7142466307 10064575.8359375000
726895414.2875734568 10104583.7109375000
736923804.4436882734 10294941.0097656250
721568715.2573990822 9915191.0517578125
731767710.1408461332 10217191.2207031250
730232991.7845487595 10188479.1386718750
722814947.8885079622 9980784.9218750000
726745637.6166777611 10097290.2382812500
723084672.7828851938 9984118.4589843750
735961522.5041832924 10284734.5722656250
743126695.7981879711 10355411.8183593750
742652809.1546182632 10352382.5175781250
738327689.5483968258 10311440.7597656250
721888650.6568604708 9921822.5419921875
722016323.8795326948 9953770.5937500000
732226790.6890549660 10226348.2421875000
735992619.3117986917 10284957.5546875000
721819027.1743202209 9918514.4931640625
732987409.4214273691 10236224.9042968750
724053271.8109083176 10016590.1816406250
748640266.0160886049 10384542.2968750000
734308948.6145923138 10260280.5546875000
738225217.5244264603 10310414.4199218750
734793988.4915093184 10266031.0878906250
728150465.7466883659 10142787.3320312500
726850954.1431740522 10101201.4472656250
727579346.3144714832 10123761.9980468750
732291198.5737706423 10226868.1718750000
729005600.5730472803 10158087.9238281250
735667757.3983242512 10281313.7070312500
747798751.5524040461 10382936.1386718750
721568715.2573987246 9915065.1416015625
735821674.8193422556 10283577.6835937500
725661938.1842395067 10074217.6542968750
729310762.5817016363 10166482.1679687500
741451389.7034199238 10339685.7812500000
741205553.9598278999 10339332.2363281250
724898660.7269473076 10051198.3945312500
726622051.7925047874 10095401.6777343750
728577486.2102448940 10151390.5371093750
740951463.5707437992 10336124.8183593750
734904761.1290099621 10268258.5664062500
732355324.7172710896 10227193.1972656250
732000171.9036443233 10222409.4492187500
725926819.6889466047 10075436.2324218750
742842652.2074308395 10353029.6796875000
734530924.5465739965 10262275.1269531250
725930419.7610255480 10076880.5996093750
728031934.3249592781 10140826.5488281250
741838252.8978662491 10344547.0488281250
721879882.4792666435 9919727.0439453125
726063330.0772942305 10081035.3125000000
722667473.9420392513 9973604.6191406250
740447991.1006960869 10331126.4882812500
733962537.6146124601 10254504.5371093750
721978479.8884918690 9950643.6933593750
721644508.5793282986 9917324.1337890625
729513556.5440301895 10171787.0820312500
723066925.1266496181 9981552.5625000000
725884223.5010346174 10074797.1250000000
724082181.1212849617 10017706.9042968750
733291033.7981022596 10241906.0078125000
728431550.8315572739 10147199.1601562500
743271911.4385613203 10355901.1093750000
739317683.4556958675 10318096.0683593750
738642433.7638584375 10314225.7480468750
727841936.1784614325 10131771.4218750000
728283376.0629570484 10146797.6464843750
737808344.5529100895 10305084.2832031250
732833609.8613058329 10234386.8105468750
741112220.5485050678 10338537.8359375000
738197216.3252687454 10310312.6835937500
733185502.4089343548 10241729.0703125000
731846791.3829019070 10218372.4296875000
745923576.6148552895 10370222.2949218750
734809217.1075081825 10266517.7949218750
738890518.0972131491 10316849.2148437500
732568478.9927158356 10231486.3750000000
724801739.8106380701 10045959.7558593750
737985788.8976138830 10308112.8828125000
740684899.5501176119 10333258.9316406250
733906674.6619077921 10252612.6054687500
739786890.6486058235 10322596.3378906250
724664706.8933401108 10044173.8710937500
733349105.9732639790 10242231.9804687500
723548164.0871820450 10000146.5253906250
732716653.7613152266 10231883.7832031250
738343578.1132841110 10311610.5078125000
740134165.7486767769 10329562.6953125000
723832098.8676680326 10013225.2226562500
737845327.5822911263 10306280.0878906250
741224484.7746425867 10339490.1445312500
721906236.2341241837 9924220.1904296875
739938275.6984081268 10323566.4492187500
724228832.1325280666 10020078.4492187500
725402705.2364138365 10065346.9277343750
735246552.6308236122 10273450.4531250000
740223224.3011870384 10330478.6132812500
733065187.3516709805 10236759.8515625000
733176257.7374298573 10239860.7207031250
726451612.2547376156 10093923.5058593750
723579694.9762480259 10004239.8281250000
745809530.7593389750 10367608.4511718750
735393560.4565385580 10276880.2968750000
724280822.6469990015 10022390.1601562500
732814546.8752388954 10234298.1562500000
740764400.9627959728 10334067.3144531250
738390049.7982748747 10312461.7148437500
739343477.8365406990 10318963.7519531250
739795310.6288315058 10322707.0507812500
737430266.7088521719 10300476.6699218750
741742686.9389697313 10344073.2675781250
746352423.2791874409 10373755.3281250000
736135936.6560386419 10286896.4335937500
725835075.2981194258 10074596.0214843750
727132350.2350556850 10113243.9140625000
739182491.5459285975 10317137.3515625000
726591459.9395788908 10095197.5742187500
729408150.1525399685 10166663.3125000000
736250281.1576378345 10289071.6484375000
734910460.3517913818 10269254.9316406250
734866486.3011976480 10268081.0000000000
734910460.3517913818 10269204.3066406250
736056575.9980003834 10285789.7343750000
735124327.8736221790 10272913.2871093750
734984480.1887807846 10271756.3984375000
735552787.2778518200 10280833.3242187500
726827263.7411093712 10099640.8378906250
734547037.9846338034 10264272.6660156250
739603489.0932236910 10321544.6074218750
738537088.6144288778 10313068.1914062500
738744655.4316687584 10315877.4414062500
737756632.9121729136 10304663.0781250000
741651233.7065310478 10340493.2070312500
725806650.6916316748 10074369.5468750000
747548644.1698807478 10380283.3593750000
736039631.3784735203 10285181.9433593750
739498251.7587968111 10319467.8261718750
738744655.4316687584 10315874.4628906250
726964281.5607975721 10104630.3906250000
735517249.5292073488 10279150.9121093750
734655808.8621807098 10265420.5039062500
735673827.2032263279 10281810.9179687500
735692634.9626926184 10281990.2128906250
741593395.4774956703 10340022.9160156250
734504121.7404794693 10261741.7226562500
740842861.6742323637 10334409.0585937500
741612326.2923097610 10340270.9785156250
739837712.0020539761 10323400.9003906250
735505706.3336384296 10277850.4882812500
737957729.9340918064 10308091.2636718750
737938799.1192772388 10307843.2011718750
736183385.6205321550 10287554.6738281250
742317893.7192543745 10345979.6503906250
734857088.7242407799 10267248.9003906250
745955891.4820702076 10370822.0097656250
745974822.2968856096 10371070.0722656250
741687699.2127550840 10341414.5546875000
746766626.9042021036 10375870.0214843750
747693590.6576604843 10380354.7324218750
737409059.2862931490 10299905.2246093750
743640263.2612273693 10358133.7500000000
743516485.7210257053 10358064.4023437500
737390128.4714790583 10299657.1621093750
746316397.6005096436 10371410.9726562500
736536944.1546428204 10291946.0058593750
735370859.9933202267 10275283.1835937500
