1043755009.6460375786 583939.2690766132
1043466578.8429332972 576907.4712242088
1045013511.7947264910 613317.3405559300
1046059624.2765616179 639001.3776167105
1046801054.8211165667 655479.6116909445
1046508662.6544352770 648777.9517769949
1046681537.2870204449 651584.8898373186
1048042638.1400860548 684335.6446387952
1073477175.0622221231 952704.2562865366
1052310663.3457697630 750143.7050314758
1065325106.5075825453 886595.3310121251
1042823251.6277596951 549309.6585126934
1043063365.4951161146 560362.2643756685
1042878399.8247127533 550794.3850134430
1045160620.7502232790 615697.4206861448
1047751807.8411135674 674987.6730974696
1050459627.0843124390 719130.0162364903
1093140080.0094978809 1073734.1387132269
1042898097.3063318729 553795.8983400878
1043208483.5717824697 564314.8427867708
1043662576.9270874262 580850.2920969105
1044079234.1441572905 591834.1523681558
1044709738.4819790125 608805.6276757992
1049349906.3400224447 708142.6215657804
1044312615.2012268305 596153.0646341606
1044984075.7078583241 613009.3690495682
1044928889.4295626879 610493.3876844835
1046365989.0728906393 646863.1338500469
1049337032.4665178061 705389.1355819318
1052737009.7046407461 759164.9583725843
1043662576.9270874262 580847.5603886223
1043610242.6165237427 576909.1311534024
1044340492.9294881821 599935.6138197905
1044847220.1745685339 610158.0944787455
1044928889.4295626879 610489.1122476053
1057589627.6594153643 822256.4208938545
1051536123.0829323530 741147.9545473370
1042813406.5462478399 546278.0111070690
1050801689.0899465084 730644.9039344403
1047093782.8854725361 662709.7228991599
1062080030.5859621763 862892.2773153884
1043662576.9270874262 580847.5343072987
1044208150.5879675150 595542.5147961560
1044523900.6464478970 603594.7117957505
1044312615.2012263536 596146.8632257744
1045334886.0884588957 621072.4708910217
1043869237.4503951073 584752.5428996063
1046066596.9819859266 639587.4207443180
1046235121.2705836296 643624.3948191539
1063186440.4774564505 872166.9034607811
1050014776.3502789736 715604.8894119773
1049662956.3492437601 711571.3766662094
1046362128.3778654337 645936.8211582364
1060717143.7155786753 850825.0383001072
1104822054.6266751289 1102459.7699326884
1105037669.2841448784 1104676.3162989032
1042823251.6277589798 549309.3097234783
1045449923.4175828695 623163.5768076112
1051091723.3754258156 734758.0405425641
1070251292.9354352951 917715.6581137348
1060910464.3324124813 854364.2709348155
1057304211.5488953590 818166.0428878730
1045201404.3206167221 616737.9762704731
1046156297.1736204624 641796.2584300698
1046255129.8015121222 645560.7355136094
1050924061.9213567972 732810.0868628370
1051722487.1283043623 743683.9212198665
1051426916.7972933054 739584.1272658918
1056909398.6614786386 811945.6146120494
1056700253.5332053900 809529.1355825132
1245163245.0666453838 1580300.1407623291
1053840075.8217424154 770349.1884718526
1046012193.2149187326 637830.1735767652
1045821118.8714143038 633712.8434986402
1045446709.1659075022 621894.8016628553
1047773990.6516851187 675784.5249355945
1052602788.3626265526 756172.4103756759
1045245024.9858248234 617786.8912495715
1046468194.7844386101 647259.0358677325
1046747499.2163296938 655475.6106849131
1052147933.1562846899 747887.2907915029
1046173805.2005205154 641841.2986258683
1043240611.0218229294 568170.4638938238
1061359187.4357346296 856662.5296051083
1042984174.2144688368 559461.5703209457
1042984174.2144688368 559465.6676468668
1047372749.4191232920 667505.4765579726
1045927049.0489214659 637751.0916305003
1046801054.8211164474 655477.5396084250
1189767334.0197186470 1411556.8423302379
1189404831.1338458061 1408774.6087525096
1051958571.2003068924 744924.3751527527
1047500260.9484870434 670195.6182607438
1052101564.8694102764 747606.2904512146
1057304211.5488952398 818166.0414993232
1043972904.1954969168 587860.0751358545
1046173805.2005206347 641841.5235886988
1058494320.8303111792 825988.0340543601
1072409278.1539400816 945884.3012343275
1057270147.6999758482 814671.0568580730
1057425971.6881505251 818218.7839691145
1245024303.0003283024 1579057.6529693604
1073890779.6614835262 956666.1536725964
1049223490.8290028572 704174.6875335190
1046128376.6602752209 640771.5278953374
1045517297.6989964247 625784.8987336871
1070385226.5201342106 920702.2932737742
1047299878.6558226347 665883.0283387925
1046543507.5378628969 650425.9484352530
1068619811.7089818716 916038.2641977046
1053605296.4930248260 769264.0596495259
1049079051.2846885920 704122.9856139633
1057792563.4929300547 823458.4129901929
1074800290.2772448063 957310.8887937304
1090303361.0558550358 1052469.2685562496
1045916145.1386394501 636677.8178083361
1049046332.4752608538 703237.8762389633
1061111666.5162253380 856304.7336475356
1061059060.9319887161 855879.7299854262
1073729742.8946131468 955975.6444526929
1050775496.7731281519 727996.4654848191
1055598387.9114512205 798383.3435639783
1045810228.0433290005 633309.3993388624
1048679804.7864538431 695319.2983646663
1071557619.7934195995 939355.8600306949
1072100316.1103123426 942621.9993372976
1048542350.7606700659 692971.2352651516
1048500529.8486443758 692644.0038409391
1048293551.5605326891 686816.4093542313
1045772903.9614671469 630215.4600265683
1045720543.9883763790 629888.7637350024
1049246920.1838201284 704653.0309997818
1049478124.1089441776 709468.5845290038
1054654163.3262861967 786157.9600412294
1045697557.6469929218 629887.9891145886
1244865505.6262047291 1573453.6233062744
1244915982.1437797546 1575581.7836761475
1054244179.7555168867 779534.8006607934
1075071406.8031680584 963041.6824899123
1059799962.6571441889 843117.6173755629
1053182017.7673729658 763723.7089297220
1053784605.2944818735 769969.1909208882
1091707735.3275632858 1063400.3694419407
1090783910.2309553623 1063240.7613391422
1048793110.9857145548 698013.9294512207
1052570524.8254635334 754790.8022291623
1128095567.1356675625 1159241.1693153933
1050791700.9399021864 728524.8968309674
1073314224.5474215746 948491.5207055714
1174147739.3760416508 1316352.2296726692
1170363752.7027103901 1300656.8817694054
1151808984.6498179436 1255117.8849492490
1050542269.9784970284 724475.2047274325
1083784107.3658678532 1031465.4400849652
1060201148.5548046827 845459.7290297849
1048417248.4754182100 687000.8602884028
1054081222.5169290304 778238.3770472452
1169122156.0678884983 1296940.6702089347
1169317649.4225511551 1298368.4161806144
1217298663.7541744709 1490848.2577495575
1060413912.2388585806 848507.5311855180
1050065487.8265503645 716692.4866526339
1048818420.2187973261 698453.9143001053
1073070418.4170912504 947953.9263077315
1083956470.1166858673 1034234.1456420890
1083456913.5277860165 1030898.2833185152
1050258962.0081053972 716775.0481520880
1050065487.8265503645 716694.7787306521
1050258962.0081049204 716771.1290084112
1054382003.5271918774 782861.4670321390
1073746565.0037395954 956135.7208398487
1058693750.5121648312 827003.2797222778
1058378585.8182742596 823584.8803539916
1057222466.9302271605 812489.6777923747
1088668220.2689764500 1038584.8031090864
1054065864.7063554525 776239.6959425851
1053537473.3401707411 769017.5911118432
1079103259.7451686859 995178.7018839438
1053848167.2844514847 772325.0356528223
1053503221.6658575535 768202.7246176661
1061716148.9020190239 857053.5724436147
1092965595.9794974327 1073286.0893597018
1062626447.4838603735 864434.4673618036
1054353227.6360712051 780346.8379327252
1141743136.7703268528 1193454.1996500595
1056121968.6751196384 803958.2700484737
1093210878.8374207020 1074453.5093793285
1055988104.2867026329 802153.3924812421
1058980520.1825045347 829213.6767892642
1074052083.7277579308 957195.6831781494
1055912816.4754476547 801095.0345501050
1059036710.0089389086 833783.2821067914
1055912816.4754476547 801075.4632820233
1059509555.1810903549 838229.7690757855
1054968459.6148413420 789863.1034127518
1052420673.6797391176 752160.8199909970
1076253519.8067500591 976013.5272199437
1056468198.3667942286 805247.7271201059
1092593975.4201688766 1067553.5795330417
1092635824.1607151031 1067600.5089427542
1054796324.7557028532 788574.7325347259
1092948678.1014947891 1072029.6677898776
1092886951.1523308754 1070284.0264934909
1074872579.4297113419 958649.6677553665
1092213810.1229219437 1065372.8592422451
1091999207.3612132072 1064662.4107559170
1071727466.4975056648 942017.3850842048
1055079344.0304486752 791643.9889092639
1058913533.6004040241 827714.5007872076
1244420110.9525909424 1563381.5513000488
1063957816.2994955778 876133.8914826987
1244481550.9058821201 1563598.6039123535
1066472662.2995659113 896583.9940596092
1172565541.7776179314 1309314.9130836865
1242017734.6925549507 1537823.7510223389
1071100131.0325937271 933975.5400381167
1070645966.7883388996 931128.4790211250
1063241132.3198379278 873252.8793737402
1062698071.1915901899 870463.3421422949
1066258105.0065327883 896336.2283105822
1077121229.2789595127 981205.5568530355
1066778800.9325633049 900288.2539014788
1066540152.8789844513 899850.7848615618
1065649544.7052083015 892638.3100981349
1062063484.7501392365 858701.3822868643
1062493270.3850224018 864300.8826684027
1114031560.4450223446 1128598.3387510546
1147236704.9949645996 1242464.4463774266
1062050813.5891643763 858379.1510639854
1064503320.0166471004 885197.2710940787
1187509480.8587207794 1402659.5698497538
1187202804.0122537613 1401733.0954845194
1063568538.5755839348 873323.0876393323
1062050813.5891642570 858316.2236056332
1138014185.0819697380 1190310.2947966226
1165626438.4022583961 1295973.0734838902
1164915885.3808200359 1293677.9815492092
1094140832.6388928890 1079583.1543375917
1082463030.0063092709 1000662.9739029866
1082220058.6899068356 998076.1108801917
1070560652.8481795788 923396.1599437257
1066135275.5110797882 895398.8390122117
1065999192.1345388889 894784.9891174384
1083223308.7196478844 1001288.3399833154
1094079141.9744751453 1076817.1928507753
1067083552.2887839079 901786.0077555992
1244332739.2710006237 1548925.1926727295
1209228939.3595364094 1456223.8214257956
1208635328.6137056351 1448765.5295257885
1208171730.5002207756 1448295.9405908901
1067365744.8639403582 904917.2736937806
1183970710.1611256599 1352376.7895141239
1184453112.3943905830 1354225.7605834599
1068330036.7501304150 915049.0260940804
1067843063.0144493580 911016.9926895585
1067705690.0009404421 908019.9724384204
1104591100.6907174587 1095755.1814740589
1067494979.6833068132 907338.9632490680
1067208512.2891169786 903835.0849635408
1067547502.0999573469 907830.9304320619
1068074654.5156712532 913280.7161887658
1067206385.2464438677 903318.1798217103
1067208512.2891169786 903834.6855590150
1181860098.7518954277 1341288.6234143279
1181211458.0321555138 1338361.3534933529
1176463636.1591458321 1336909.0180421097
1244182365.4269483089 1543913.6743011475
1075895444.3931894302 965394.2880917804
1086261896.1960647106 1035071.2916391862
1244007770.0807054043 1542108.1215057373
1160233023.0741815567 1292714.2914636298
1159676803.5038888454 1289083.0290608043
1243963516.7757866383 1541542.9090118408
1171728692.2204215527 1307372.7949220091
1130860140.4151475430 1178235.2723720220
1123653910.4444642067 1152136.6119512012
1243628182.9522511959 1539786.8184356689
1234076505.9875299931 1513123.2264108658
1234233378.4748861790 1518082.2649240494
1096880661.7515597343 1083293.4888680866
1095334866.8011295795 1079619.1831410816
1070195932.0176500082 917536.0986642202
1095447464.5279684067 1080680.5056098392
1183185892.2090008259 1347838.5503246635
1185306317.2093424797 1355286.2298358083
1158158569.2704117298 1283125.8778920975
1241675844.7893347740 1521802.1703186035
1128268419.6748394966 1174415.4171166250
1123255221.8812859058 1141007.5719170400
1154401328.9509434700 1275545.4201084543
1194502213.5052073002 1447730.7440250237
1194394499.3482038975 1443340.3298099358
1101661689.3030138016 1085212.3548027098
1185602171.2779560089 1367784.2962210893
1104213990.0155229568 1089799.6591018483
1104191029.7700664997 1086163.0240920826
1104554894.5443737507 1090452.7989351794
