87065016.3949173093 1.0077813314
86141455.0419272482 0.9340424233
84258326.2405878156 0.7567023939
86101527.7468141764 0.9338336514
86177133.0171129704 0.9377380916
82690351.3623542637 0.4718856088
82581083.4256848693 0.4410763911
82474372.2971261889 0.4073298160
82901803.7055320293 0.5314405732
83048933.9845374674 0.5589692903
82562685.3564886749 0.4401383771
85774288.7323697060 0.9112920695
87162231.6600876451 1.0099327901
87974393.9458200336 1.0579762990
87356776.9380006194 1.0245226501
83320863.7658437788 0.6178735670
85216442.8223329484 0.8591180713
83491209.5915027708 0.6504269708
86354877.5220085233 0.9541941666
83179228.9885547459 0.5903448499
86928906.1182747483 0.9940564792
85042556.4885022342 0.8422172909
82403791.7111500800 0.3858787675
83085508.6679615229 0.5743426703
85974882.7821534276 0.9223744656
83132807.6849246025 0.5803743569
82794462.9835217297 0.4944141231
86245045.3636162281 0.9433462391
84487706.9581888765 0.7876642255
84420921.9662456065 0.7823592060
82731989.3891938329 0.4895405610
83643736.9384215921 0.6751296556
82463920.1613604724 0.3874666497
87632307.6834294647 1.0370745142
86059676.8538666815 0.9327431180
87447502.8362314701 1.0298033310
84605840.7795645595 0.8040518809
84895281.9975982904 0.8315893541
84594763.8938782662 0.8034475059
85435493.9759124815 0.8745127547
86781445.0778858811 0.9857442474
85527226.8613888174 0.8851942140
84501856.3284881413 0.7927630838
86457191.8194646388 0.9564635882
85369687.1971467435 0.8669177041
84491060.9495046884 0.7885661045
84148769.0427613109 0.7456640074
84143826.1161953062 0.7454223810
85465925.7895908207 0.8833737792
84816438.8678164184 0.8252886838
82490013.3187365979 0.4194428501
83112548.4278699756 0.5743732839
83377713.7294544578 0.6289807300
84674888.0861461014 0.8142141324
84353395.8067431450 0.7719164103
83213846.7994736135 0.5958187367
85156631.9753946662 0.8589276550
82695918.5363089591 0.4729630746
84867407.4971625805 0.8273748345
85249730.9285070002 0.8619227306
84539915.9796717912 0.7977325859
87039876.4543331861 1.0023759054
85266644.6083914787 0.8624578998
82377857.2709892094 0.3631006152
85102967.0620245486 0.8467123517
82790008.1529221535 0.4899580489
87831118.1832737476 1.0467230640
83343106.0960141867 0.6228985624
87679052.8855158240 1.0420348886
85043551.6253877133 0.8454379001
87379372.3654569536 1.0252001705
84366884.2220138162 0.7762815374
84993202.8590356857 0.8419844759
84651253.3882496655 0.8056821596
84510309.4790547341 0.7930047102
83639832.8085774630 0.6669549610
84804329.6742325425 0.8238732558
83691923.9129775167 0.6823936739
83243710.6729275286 0.6014472051
86861821.1294611841 0.9916762739
88229171.0799923092 1.0685683042
84652538.9512280673 0.8059237860
83133902.1012205780 0.5814511743
86878241.3825815469 0.9923928670
83661315.0907486826 0.6819344510
82552048.6873428822 0.4249911748
86327154.7464811355 0.9491152675
87285655.2923840880 1.0197733529
87166005.4054628611 1.0131247332
83383921.4906578511 0.6390278550
87182472.5581635982 1.0144299511
84205069.0362433344 0.7541101771
87081505.0988927782 1.0083350837
83423824.7781156600 0.6393246156
82815554.1585127115 0.5097305016
83001363.8467605412 0.5528916217
86203751.7254038900 0.9420788621
83125924.2023008764 0.5745898551
87003569.6853738427 0.9984035086
82839275.7475333810 0.5097582265
87655617.0280749500 1.0398536716
85744723.9441158772 0.9043362301
86336459.3100151867 0.9541763009
83641595.1997555196 0.6718780194
86944886.4607278854 0.9964981767
84895933.1623910367 0.8359068073
84476791.0000737160 0.7842311111
86265611.9805646092 0.9480147853
83170402.9653083831 0.5816615358
83512259.6221699268 0.6604834024
86486207.3877169341 0.9608950771
82514392.2246572077 0.4239073024
84726098.4138462692 0.8205334274
84350607.1362344325 0.7713120353
83282642.7096757591 0.6112039221
84565064.9348845035 0.7988407525
87558359.6333721727 1.0338953906
87024765.6672273725 1.0021959395
87839428.0583532602 1.0501715504
83712863.0178188533 0.6825244951
86156327.6778862178 0.9347637926
85564963.2208644301 0.8873783173
86284600.7899335325 0.9484775073
86552697.7983617336 0.9693787533
88089859.8862371594 1.0625782358
83208885.0744508356 0.5957744138
83639105.3825939745 0.6668604579
87120864.7796507776 1.0088940095
83461944.0305874050 0.6459617228
82975693.0152973086 0.5471748920
88062759.2924053520 1.0586240683
83292546.4760956764 0.6114142836
83575468.2285662889 0.6665610711
84396147.1974667311 0.7773852050
85699102.7538540065 0.9015856096
85719540.4417435825 0.9017689182
83272093.6808471680 0.6018520824
86966836.2451064885 0.9974349865
83023477.3707403392 0.5589499853
85972161.1116099060 0.9169589895
86878993.1343646049 0.9932132241
83363081.5185256600 0.6289759223
86235290.9104534090 0.9432023874
83426364.7650384307 0.6410207793
86488402.4122585207 0.9645231299
86670153.9616080225 0.9759839380
86569186.5023372024 0.9699285559
86683278.3101369441 0.9767856385
86189444.5186866224 0.9416287986
88380529.4229360819 1.0731237046
82725336.3143187761 0.4883622026
83436839.1537505686 0.6451100225
83540495.4598224610 0.6607805685
83653116.0428321958 0.6761490441
83280632.0726528019 0.6045105372
83715352.8349804431 0.6880121196
87769406.9635193944 1.0443342151
84217828.7534350753 0.7548304888
87807770.4410110563 1.0456221025
82864682.8813459128 0.5109687471
84033038.7447869331 0.7312529631
83227847.8278877437 0.5989864852
83805715.1796661913 0.6942838017
88245659.7839677930 1.0689248927
82980189.8286089152 0.5517903520
85443767.4998192340 0.8750337208
87894327.0476426184 1.0520316018
86336258.3697242439 0.9492577695
82995824.0872197598 0.5528678177
84041970.4808817953 0.7320273129
88055637.1167082489 1.0585815897
84590265.5829530656 0.7996867538
85419674.8767082095 0.8740568924
83654778.6148909777 0.6779379304
83724360.4263278991 0.6883459968
82988215.9676888585 0.5528110416
83508212.3325874507 0.6564868819
85405686.3465895802 0.8740549106
85844248.3070437908 0.9127355712
82929955.4318948537 0.5363758821
83593321.7503828555 0.6668026974
88316998.3891301602 1.0695355199
88518086.4488284290 1.0738001745
83794465.5049152523 0.6936483106
85909493.4834480584 0.9168872054
85994653.5639868826 0.9270536610
86044941.6082154065 0.9281040354
83071308.3323856741 0.5685710620
86095621.0232577026 0.9331090431
84281037.3598314077 0.7609081575
87265414.3943080604 1.0154027065
87578438.7075439394 1.0359060727
85902179.3820755035 0.9142032206
83293066.8719633222 0.6151205855
83552319.2004309893 0.6608127807
88251766.5074486732 1.0691239741
86379519.3497054428 0.9546634050
83327659.2752935290 0.6188667391
82608175.8709784150 0.4453961992
87099560.8013859391 1.0083491420
82973071.3061846197 0.5371076556
84604654.2997236550 0.8038057556
85111315.8762407899 0.8475069855
85482070.9017975181 0.8851363224
87822424.9396540523 1.0461734105
85684584.7258654237 0.8998411894
86812914.5033874065 0.9871239434
85058645.8764305860 0.8467098355
86848375.3183368593 0.9879756701
85446760.8627008945 0.8802045313
84772829.6387227476 0.8214154439
88053735.8702508658 1.0585173089
87955297.5481337905 1.0567111699
83815906.3541190326 0.6942968574
85756473.1432743669 0.9070944124
87873426.4865492135 1.0519326488
85696730.0035789609 0.9009085148
82641297.2659309506 0.4658569764
85756075.7496192902 0.9049595951
87569620.1548478156 1.0353892269
88106348.5902126282 1.0631170087
88601185.8050148636 1.0777620897
86464530.8056054413 0.9598858597
86855124.4454093426 0.9903122791
87670436.4173601419 1.0404813928
85479755.2913023680 0.8835085466
88217360.7593874633 1.0655772053
85527397.2453586608 0.8856433639
84941608.7900647968 0.8372324640
83337837.2135135680 0.6191203629
85112600.5065782815 0.8526038611
83192598.0134084225 0.5919160359
84003499.1370085925 0.7247818898
86719150.6004148424 0.9770615146
84933347.0456682146 0.8372304812
83904265.9131867886 0.7101098661
86618183.1411440223 0.9710061325
85684038.5133720040 0.8966023676
88045334.7478169650 1.0582659943
85288501.0304712504 0.8638933176
87999635.0546829700 1.0580385672
87597637.6547406316 1.0360938031
84183457.7590826303 0.7502841657
83860604.0625855625 0.7056729975
87404668.1206596196 1.0255936151
87320891.8443470448 1.0202506082
82722076.6993682981 0.4816179543
87504377.8978580534 1.0306489738
83854779.8999091834 0.7046991194
83836652.5382812172 0.7043385736
84879309.3014364690 0.8311528125
84012006.5559815615 0.7271240460
84022585.2503544986 0.7295772442
88587130.6666650027 1.0776834227
87428120.6076478064 1.0257926965
87228412.0653968900 1.0144427242
84413761.5246260166 0.7773897039
87355356.8498152047 1.0203695344
84711379.3112035543 0.8156456103
83965563.3381107599 0.7200634611
82613201.0438570082 0.4462276024
83817247.1940501481 0.7004209791
87676053.4820314050 1.0419130381
84126739.6263844222 0.7442064970
83915658.6919605434 0.7117506661
83936007.3322878778 0.7133298964
88742049.1951340586 1.0816708878
82653475.7507853806 0.4658836534
85728854.5603536367 0.9028788581
84149181.9650024474 0.7459604165
86462894.9251778424 0.9588335345
82587646.5951672196 0.4453850279
85229296.1510040611 0.8599767610
85291912.2780147195 0.8645141635
82626938.2196553349 0.4466735218
86752968.8254556358 0.9793259345
85319319.3263779730 0.8647198467
84159002.3854296207 0.7475896568
85662540.9284667969 0.8953977292
84090855.8486296535 0.7346036160
88185830.4831777215 1.0633011274
86736645.0342553854 0.9781396946
84254014.6493728608 0.7559341564
86778637.8529861420 0.9813536119
85374640.3445315808 0.8738617235
87654607.9397222996 1.0383318649
84690174.9408513159 0.8142796036
84965366.4748887122 0.8373690172
82547241.2031410486 0.4247765539
82631920.6172723323 0.4608973267
88436327.7882518917 1.0735632777
84285051.6768183708 0.7663971738
82626355.6933230162 0.4466735099
84872309.8789508790 0.8306462066
82554283.9519817978 0.4252224613
82891463.8213046044 0.5258977752
82855728.1948504746 0.5108042211
82688830.5518050790 0.4678370709
84083015.0252665728 0.7322207758
82878398.7576067150 0.5114192940
