244789400.7602668703 92055.4696884953
326818576.3883431554 226794.6813984717
251901494.9759695232 146197.7554956570
244435780.4618686140 73385.7999633327
251227830.8873110116 144419.9662785053
384569013.9093680978 286885.9888000488
247984364.2287041843 132784.1702682412
251348457.5217236876 145108.5998560085
244970103.4715639651 98127.7131705955
247238838.2538708746 129209.4184398985
246027693.4468050003 120611.9099824801
246047834.1013412476 120612.5902803317
246067828.2804215252 120735.4559610263
245757740.8997722864 116607.3128717020
396807676.6495160460 287662.7406921387
246130632.4832116365 121036.1605813280
245803094.7338377535 117091.8342264071
245902295.8161709905 118702.3141153231
245307683.3769891858 107889.6083092764
245722279.7666050494 116545.6262910739
246744872.3549738526 126858.5803864634
256495822.2963427305 156979.0437756896
250086359.2683350742 141834.8171568706
245742420.4211412668 116546.3065889254
247203377.1207035482 129147.5846738106
252592738.5668163300 146501.0719582036
246111525.9953985214 120797.1425416544
245962680.6192773879 119001.4300935641
246768698.3162500858 126921.6903268880
245643219.3388080597 114935.8267000094
252264573.5645308793 146423.0554273918
247233732.1751860976 129209.3547497130
384063894.8346073031 286300.5589904785
396319467.8454551697 287491.6399841309
247883319.5912861824 132606.0076934731
244705061.2941023707 89639.6641007991
245450753.4463953972 111436.2628426626
256531283.4295099974 157057.4092638984
244978974.1308912933 99640.6485866979
249103838.6772157848 138364.1762930944
244597953.3001258075 83760.6902884990
245198309.1203592718 105639.2661682740
252027631.3089008927 146355.6732202664
246285288.8777922988 122831.1934948638
244681333.9667483568 87831.8221868308
396785226.9293091297 287569.6545104980
257607863.7606643438 158190.5290411904
252049545.6439882517 146367.6759107902
245196212.3702811897 105599.9437653199
245829168.6972031593 118578.7681367770
245238432.3570878506 106170.9406157508
245075341.8793636560 101935.9443756118
248709294.7063787580 136293.9624462023
245049646.8029361367 101673.5724426880
249441567.4099721909 138438.1642131105
245026664.1245014966 99990.4633270279
245858751.4956987202 118579.6994111910
245479843.5620861053 111766.5688434616
245148591.2887010276 103919.1322265640
257785447.3736295104 159164.5390296176
245223367.9959130883 105901.6381011978
245334327.2968606949 109553.2522225454
246804159.4494173825 126983.4604027903
246844294.2830338180 127139.1409028209
244402877.4970822036 69310.7419243231
245458008.2695887685 111437.0189900473
246513758.6495318711 124849.3954919017
256811900.7813394368 157131.3971839144
245110612.7031357288 103615.7466370240
245183862.1124731004 105598.9344879761
245423681.5096086860 111435.3315682486
244939764.4783534408 97852.8162313476
244465629.4609817564 77114.6660302952
251921386.3255366087 146349.0675073757
250509358.6456271410 142960.4448374405
245897622.1157217324 118640.4547174051
245475962.1066644788 111661.4044848457
244403548.9073310792 70762.3493194953
251947748.3330538273 146349.1451661556
245366931.1174244583 109733.4269977584
249085664.6123065352 138130.1303048551
384248261.7239222527 286641.9713439941
244475481.1426976919 77395.5450280979
245023434.2970326245 99954.6068473831
335112963.2460998893 230096.4031175952
394326536.2398720384 287150.3396911621
249072577.4026117027 138093.0583036661
245464248.7214606702 111497.0181488767
246400671.7828341126 124499.4645669237
244502088.1517192423 79428.6868738011
244453867.5967435837 75145.2483255938
249154151.0242496431 138374.0619568124
244727468.4701610208 89791.7225233391
341609642.0386198759 239346.2071876246
245386925.2965046763 109734.1831451431
250652434.2498466969 143213.9945200577
245258638.8196851909 107588.8005921021
244433501.1522236168 73171.6544033661
245239527.7503437102 106178.7619048133
244452535.7891742289 75138.0628112331
244914069.4019259214 97590.4442984238
249429985.2103915811 138421.2463614538
248691120.6414695084 136059.9164579629
245396901.6788674593 110042.9831896797
245705609.4121304750 115208.8236062899
249663819.0814638734 141760.8292368546
383822891.9545143247 285352.3695373535
244425928.7801526785 73104.9209655300
244397814.8645711243 69080.9079683498
250995614.9674959481 144110.8223099604
250959843.3133811653 144032.4568217515
247475158.2242537737 129982.0076965764
248869672.4160804749 136753.7542922914
249579712.6813971102 139588.1833540618
251620877.6241400838 146123.7675756409
248975296.6137921512 137270.6815063178
361436037.3197088242 261681.3327841759
244409697.1411246061 71114.0498140529
245692681.0835802257 115140.6398834959
246513758.6495318711 124849.3957010097
245009246.2901763618 99952.7565246597
247611995.4930290282 131109.4390087462
244386551.8390136957 67047.7661226466
245280754.5889710486 107603.5426716879
247518139.5984855592 130995.9226154255
246436132.9160013795 124561.1519108489
247311388.8554315567 129724.0951263345
246704258.6905990839 126669.9122979975
245209557.1889006495 105861.3064208999
244392244.3609060049 69029.8629265204
249010757.7469594777 137349.0356723487
244481571.0235018432 77401.4223210886
374722050.8641278148 280147.4820775986
244983551.2137488425 99690.3845917359
247822510.2587531507 132330.1656645722
286846808.3304412961 185116.1701283789
246207894.2335410416 122804.8083383626
245867267.0612392426 118587.4856660739
249050892.5805758834 137555.0415083587
244463719.2784595191 75426.1273233965
373667006.4250172377 270246.3349840939
247515293.0578702390 130183.6992015317
244509153.3584162891 79434.5641667917
244903152.6916715801 95906.5170793310
248445874.6942076981 134593.6071273423
244415431.1838845611 72795.4911651984
244896741.9076795280 95904.9798981324
244923589.9461904764 97660.4733509198
244425282.8656004965 73076.3701630011
244468464.1238364875 77120.5433232859
338794494.2027255297 239262.0021224543
244501292.9798732698 79187.0850290433
246477058.6289953887 124802.9998666829
244740670.1249006093 90022.3282147379
248020213.3905621767 133649.9886229634
244690045.3607913852 88953.0772549029
246977557.7891918719 128229.1328372359
244462387.4708901644 75418.9418090358
244380981.3353485763 66996.7210808173
244404126.6374594867 71063.0047722235
244854108.1343675554 95605.7093621567
359546688.0628207922 261567.9268712997
244455486.3868803680 75418.1369262114
244695305.7150142491 89375.7286812396
244643834.0132926106 87283.7230491787
244852955.1722841561 94067.4115377441
251003483.2827912569 144325.8113253906
244413978.3191754222 71343.8837700263
244530145.1222372055 81190.5069253519
244579679.9120717645 83520.1694088631
244770717.1454195976 91793.0981275173
247004860.9805671275 128737.9517479128
245147001.4873735607 103886.0268951431
244550347.1789090633 81590.4759699851
244845943.7107038498 94062.8518372551
244445634.7051644325 75137.2579284087
244949285.0226179957 97922.8452838436
246553893.4831483364 124972.9414704478
247748436.5300589800 132263.7407608813
246997698.4437281191 128276.5854739547
247172948.4148001075 129018.2733211851
246533899.3040681183 124864.7062829173
244879803.2107950747 95868.0812950805
245022285.3625884652 99953.3913258389
247783897.6632262468 132325.4471771157
244629317.0333204865 85693.6725904079
244613508.7978560925 85531.4602012783
244670567.6074783206 87726.8144361110
244515273.1895298958 79470.1211836413
326462163.2618523240 218139.1996202188
244592938.3373390138 83723.6182873100
244700892.8229148388 89479.0772840114
244572258.2236982584 83498.3183555752
244490326.2874810696 77459.2691690996
244820248.6342763305 93800.4799043313
244667829.9932215810 87684.8942279965
248489326.1688636541 135900.9857689142
286107214.6142042279 182514.4427848458
285756454.8165736794 181909.1532950997
244495071.1328580379 79153.6851689890
244544583.8294719160 81487.8484210574
244650365.5508064628 87342.5868355365
247138428.2579326630 128832.4304864741
244623422.5522268116 85651.7523822933
244603220.4955549538 85251.7833376601
244714975.0484730899 89759.9562818141
248089283.2484588027 134313.0464018768
256353122.5643223524 155278.4057674601
244501093.8565499485 79173.8216704205
244472241.7141859829 77170.3997741118
244623197.2022069097 85590.3239876361
244561969.9213971198 83218.6414919570
244735655.1621138453 89985.2562135489
250169617.1212084591 141895.5614414930
244510945.5382658839 79454.7006682232
244527310.4593824744 81185.4996462539
244582171.9780689776 83618.6105365902
244688510.1068623364 87910.1941597313
244609114.9766486287 85309.4449898334
244482093.3959019184 77451.2787719145
244557842.2547391653 81691.6785757914
384017876.7522507310 285538.6414794922
349685126.5671793818 240957.8640710562
291115292.9671835303 193509.9881437304
356069452.9026855230 254769.4961142540
245926189.5777962804 118764.0006959513
244910410.5597400069 96080.5438248292
245113072.0204229951 103655.3221699372
295314233.8320015073 194947.4127116173
254981241.8623941839 149776.0485709311
255856506.7783291340 154441.9280440926
257471680.6891309321 158075.8507834196
384053337.8854179382 285663.1993408203
313880928.8980081677 208286.6082847938
244602852.0917097330 83843.9104683250
338591297.8397895098 233589.4236588132
245563829.8865393102 113467.7931161001
366770885.8457256556 269414.5860522091
244840928.7479170859 94025.7798360661
244878206.5651296675 95803.8027528556
245419551.0449500680 110856.9606967345
244784385.7974800766 92018.3976873063
244809790.8430237174 93545.3609754177
351338729.6389648318 244974.5807078918
244934749.5155667067 97815.7442301586
383532831.6675866842 284397.7557983398
245205950.4110659361 105642.6847423390
245629421.8464150131 114806.2835034207
245966092.4984856546 119061.2245639003
244906215.8544931114 95967.9540304020
245065886.5972778797 101710.6444438770
256486731.8476005793 155312.4002556398
245136250.2240266204 103841.0465687588
255365813.5584329367 150072.4802305965
257350516.6288862526 157601.3168526262
245000036.6221427023 99757.9184244946
245760876.6951159239 116968.2882478610
245069518.4339656234 101857.8587178066
248466994.6521524191 135361.2536971662
257747318.7267198563 158221.9956673922
245708958.5337948203 115228.9454602078
256093362.6931457520 154835.3586166024
245504462.3839749694 113172.0243748501
254964551.6560794115 149732.2732744757
335545939.4312818646 233419.3359898656
246063218.9133603573 120680.4238131678
246354218.1403360069 123089.1845461762
255342135.0326542854 150072.3921758631
355924426.1790542006 250720.3617882729
287737834.2008295059 189535.0854050163
245539704.9305183291 113195.8036145046
298954458.3872191310 205681.3691045530
297307147.4078634381 203290.7582726218
255214125.0833570659 149948.0676284472
247580316.1913475394 131036.9063208288
245558465.2811168730 113204.5138195828
282598294.4393400550 179187.5029777027
245777344.2016752362 116977.0076082125
253668173.2491139770 149253.6320952184
354927425.7421418428 246521.5716538429
257276292.6771801114 157585.8442941464
255791089.7759151459 152661.3621902994
255558281.7881931663 152205.4696688734
283094490.2695819139 179361.0086383522
247704078.7113882005 131569.3213684297
319784960.1084952950 216494.8981907867
255500920.5895249248 150581.1468844495
255766753.5065953434 152499.1886515699
279972277.7738004327 178561.7390012150
351158273.3129839301 243020.1895766016
290856592.1559358239 189625.1720874409
328285853.7999829054 226827.0252642073
276044828.6358876824 169376.2993626152
272589630.9009854198 163340.5519737052
271287423.3256253600 161786.0206520529
326649430.9830563664 220028.1302800345
277104860.1812725663 171355.2720882900
277281217.6807459593 171464.2867977626
324742959.4930071235 218095.5389731246
279448055.1994517446 171465.7817278884
