356632347.5330894589 678125.9082430601
355325349.6727887392 661491.2928586304
356758782.6181285977 678775.9637048542
358720176.7222936749 696167.5970275402
363542735.9529598951 729126.0411376953
358669392.4375356436 695653.2710158825
358631032.2293658853 695647.0065505505
357878891.8459397554 690302.9054354429
356152506.3637098074 671361.3720212281
363324605.4221267104 727326.1880493164
359814261.9133798480 703811.0592391491
357104943.3566062450 683103.9994906187
364490501.6586797237 734617.0236816406
358495429.6809554100 694461.1378115416
355063431.6206854582 654012.5716661513
359606519.8380054832 703561.5773055553
358511196.2194686532 694692.8857363462
357333331.0418775082 685403.5351351500
360870548.7154355645 713195.2885943651
360636885.4946618676 711944.7555133104
354366793.7174977064 642574.2399934828
364490501.6586797237 734610.6721191406
356406398.7987375855 674152.6548211873
358930204.8339155316 698901.8044985533
358899176.7925755978 697967.5095766783
361299936.9051002264 716416.7189331055
368689752.1283786297 740124.2966308594
359505204.5774658322 701764.3921557665
354540707.6787485480 649409.6944383681
361915551.1042901278 721280.9308471680
360901652.2258141041 714078.4951373339
359197173.6244715452 700157.8550002575
359977040.8473330140 706567.0103499889
355288246.4544852972 657108.2153734267
357218829.4049463868 683910.0929964781
361867449.2755199671 720767.0841674805
355702610.0737773776 664976.8266873658
355088138.6801519394 655520.6873059571
357576468.7336183786 687218.9413241148
360385580.6269524693 709592.5811507702
356268795.8484797478 673627.7485986948
356840001.7189456820 679475.8039034605
360496458.7246187329 709931.5956012011
355786083.6693685055 665528.4804959595
357428684.2064712048 685908.5031222105
363324605.4221266508 727321.3352661133
353752118.8499060273 627919.1268717349
362756872.0769754052 725828.6734008789
365209180.6749305129 737148.1435546875
360057658.8946685195 706744.2552230358
361152429.5813415051 715554.7524615526
356910563.5169827342 679917.9557589293
360473969.4644041657 709687.3390094042
358919944.3855525255 698153.8840883970
356089949.6558303833 669853.1207700074
354286749.1938180327 641940.6156305373
354497183.0843703151 645882.1735529006
358082930.9795550108 690898.7437380552
360385580.6269524097 709583.2256820202
355906303.6865520477 666517.4181790650
364003310.4077917337 731869.1896972656
356195015.3303732872 671764.7824979126
355913993.5421414971 667369.1418817341
355964633.6840065718 669551.6998715699
361477117.3816435933 717382.6844787598
360141176.0352001190 707315.8194320202
360496458.7246187329 709930.5572711229
363586765.2028434873 729260.3753662109
364003310.4077915549 731867.1818847656
360083523.6417942643 706914.1665999889
357004043.8038118482 680074.3495272398
361103795.5845063925 714248.9224853516
355210409.4000054002 656845.9116777480
363324605.4221266508 727326.0105590820
363660437.3518975377 729729.6636352539
354892691.8071151376 652643.0453828871
355844176.9222691655 666093.0647855103
360057658.8946683407 706743.1136214733
356507804.4960315228 676656.4787997007
362117958.2499144077 722617.7861938477
362117958.2499144077 722620.1116333008
364255132.9424515367 733325.3825683594
355609937.8034538627 663860.5344968140
363947041.1976462603 731622.7545166016
360815969.8556774259 712263.5028887987
355733421.1759133935 665176.4731622040
359390466.2251793146 701467.7856997252
360522151.9431430101 710824.8631793261
363502795.0666349530 729123.9696044922
363341985.6352145672 727894.9215087891
364283421.3509356976 733619.9946289062
363165805.0570752621 726607.2691040039
362117958.2499144673 722621.0813598633
361653792.6092401147 719353.9273071289
362425960.4725356698 724814.8364868164
359438488.4719644785 701549.5701235533
357492751.9910264015 686704.7733248472
354801495.1383994818 650967.3583101332
353867853.1982031465 632093.9379001856
369440879.7235794067 741678.4008789062
359977040.8473328352 706566.7127425671
356826846.7743906975 679412.8944491148
361238603.1789884567 715716.7206420898
361560086.3804153204 718884.8380737305
355210409.4000054598 656847.0003007948
360258565.4415601492 708974.3966265917
353730926.9027789831 627884.7123209536
361560086.3804154396 718885.8998413086
357791179.4025982022 688702.6957796812
359110355.2820352316 699713.7864321470
358134693.5444981456 691085.1176546812
358782433.5497509837 696869.9873598814
360835488.9885799885 713054.3810015917
355117268.7088337541 655893.9991411269
357748666.7648627758 688579.4164217710
363427441.2859042287 728450.6922607422
361799575.3490131497 720293.6349487305
360058441.5068398714 706853.0762679577
359893523.7068011761 705995.9795882702
361471653.6167290211 717349.4066772461
357727111.6180430055 687921.1091707945
359206625.6148033738 700303.8885848522
364447556.5388030410 734366.0908203125
361799575.3490130901 720293.5241088867
360555378.0454357862 711301.9149371386
368266481.1042085290 739481.6740722656
358481320.8823817968 694304.0487993956
357845216.6428084970 689430.2468050718
364283421.3509356976 733615.9482421875
360501556.3822294474 710594.9505355358
355702610.0737773776 664982.3198514283
361491976.9498541355 718606.0216674805
358813461.5910910964 697798.2376040220
360804460.9472399950 712122.3665972948
360835488.9885799885 713058.7015582323
360750984.2353905439 712032.7164878845
363193696.3365522027 727047.9724731445
362112623.4270988107 722592.5308227539
364331316.1718775630 733946.9667968750
363473807.2796965241 728807.5462036133
368266481.1042085290 739476.8227539062
359893523.7068012953 705996.1346175671
361875030.7992815971 720935.1725463867
363666930.2545019388 729869.4007568359
363495213.5428734422 728913.1544189453
363160470.2342594266 726570.5437622070
358150129.1762222052 692479.9931429625
358614686.9434203506 694736.2535341978
360143874.6932294369 707316.7559554577
360555378.0454359055 711307.5433551073
362117958.2499144077 722619.5989379883
359889201.8455108404 704639.1814925671
362778973.4603331089 726382.8853149414
362228599.1823756695 723579.2102661133
361948488.2392314672 721824.3589477539
359170287.5643776059 699823.4885805845
358150129.1762222052 692479.5961703062
363542735.9529599547 729132.7095947266
365035958.8889887929 736416.7470703125
360555378.0454357862 711306.8106890917
360555378.0454357266 711299.4425250292
360221445.4390853047 708837.3804671764
364447556.5388029814 734359.7392578125
364879371.5111611485 735871.2460937500
359564123.8982827663 703140.3877612352
358150129.1762222052 692476.0676058531
362228599.1823756695 723576.8452758789
363160470.2342594266 726579.2730102539
357089282.0398633480 680497.9971432984
363160470.2342594266 726571.4663696289
363906817.0323127508 731020.7799072266
361057707.3568845391 714239.5408096313
354238249.8350996375 637248.9495042861
368605279.9563494921 739999.3662109375
358150129.1762222052 692478.5029085875
360928539.2131823301 714146.6023150682
359082464.0025582314 699292.5349673033
363822846.8961040974 730884.8953857422
359814261.9133798480 703813.1395614147
358150129.1762222052 692475.5673617125
361150735.1276183128 714895.2768756151
364767460.8890419006 735357.5816650391
364242901.0459272265 733271.1093750000
359510302.2350765467 702426.3110549450
361017766.4705594182 714179.7151870728
354172422.8686530590 635282.7917894423
353926432.8163338304 633998.9969743788
359564123.8982827663 703140.0501147509
360555378.0454357862 711305.7691851854
361653792.6092402339 719357.1226196289
360555378.0454357862 711304.3858844042
360496458.7246188521 709936.5255328417
361981714.3415242434 722296.3467407227
361754039.0369238257 719953.6956176758
361981714.3415243030 722298.9888305664
364073114.7833316326 732348.6031494141
362145849.5293913484 723061.5698852539
360221445.4390853047 708839.9898421764
361017766.4705594778 714180.8729019165
361737762.7454488873 719487.4973754883
359510302.2350766063 702427.6855666637
359260999.9452624321 701097.0449770689
359944992.0627659559 706110.4678695202
364121366.2565370202 732748.9134521484
363841255.3133928776 730990.5125732422
365770373.8282263875 739226.1191406250
360804460.9472399950 712125.5184527636
359254310.4442303181 701023.4810122252
361799575.3490130305 720287.5980834961
358213281.6961590052 692801.3170508146
362392734.3702428937 724342.6521606445
360586487.1738443375 711918.6593219042
362425960.4725357294 724819.9707641602
360804460.9472400546 712126.3404742479
361849573.6599744558 720494.9846496582
361345688.2028436065 717008.7884292603
361904924.4820580482 720948.7763977051
360901652.2258141041 714076.3391314745
358213281.6961590052 692798.9025000334
359893523.7068011165 705990.9017074108
359230191.2919322848 700675.1992385387
359862089.5021497011 704394.9998141527
364283421.3509357572 733619.9992675781
363866876.1459877491 731013.9459228516
368689752.1283786297 740127.4199218750
364633062.6798152924 734989.9362792969
360194311.2979275584 707561.9574176073
368847128.8055183887 741514.5065917969
363750900.3907107115 730005.7337646484
365210846.3403397799 738166.5358886719
363626706.0891685486 729268.7420654297
361307518.4288617373 716586.2594604492
361017766.4705594182 714174.7452163696
362732347.1952976584 725426.2769165039
363947041.1976461411 731621.8870849609
364767460.8890420198 735358.3057861328
358782433.5497509837 696869.6802309752
362392734.3702429533 724344.6318969727
359734153.1888765097 703809.3377120495
364204283.7472481728 732820.0130615234
354247050.9053485990 638427.0706285536
354172422.8686529398 635282.1064867079
360165574.1122930050 707561.1195269823
363750900.3907107115 730006.6011962891
365985683.7891705632 739444.4846191406
364364639.0480918884 734290.3759765625
363906817.0323127508 731014.8604736328
363822846.8961040974 730878.5274658203
363822846.8961040974 730880.2637939453
363277666.4727609754 727189.2752075195
363750900.3907105923 729996.9317626953
361471653.6167290211 717350.4850463867
365770373.8282262087 739221.1655273438
364448609.1843007803 734426.1899414062
364364639.0480918288 734285.2416992188
363626706.0891685486 729265.9573974609
365682686.4814335108 738571.3205566406
353783441.7620314956 628834.1698106825
363779355.5674523711 730420.9493408203
368570414.6841508150 739884.3725585938
363666930.2545019984 729870.2681884766
369440879.7235794067 741675.9685058594
