125367705.3942287564 3400225.8828125000
119115770.0975056291 3004421.6269531250
119853604.5752607435 3092744.0800781250
126140736.9128454477 3424586.6562500000
125492421.2763720453 3407343.3515625000
125859638.6609261930 3419464.6796875000
118479002.4596625268 2874849.6699218750
118621492.0023745745 2902194.5332031250
118595814.5197686851 2900227.5800781250
126394214.2717822343 3429176.4843750000
118815439.2276510447 2944959.9042968750
118857901.5186209679 2960115.0371093750
124874961.7368013561 3385258.2734375000
118405580.4994456917 2867473.3496093750
125714588.8971128762 3416369.7148437500
119584718.2428902239 3058778.9042968750
119631770.6399212480 3071192.9082031250
118079332.8373861909 2722604.8808593750
118230416.6238399595 2835308.3007812500
118278880.0364622027 2843583.3964843750
118201664.1311480254 2832230.8457031250
119107558.6052751243 3003769.3574218750
118921117.7702679187 2972508.5214843750
119523398.2077254802 3055343.6894531250
129502406.4858652055 3486721.1796875000
125150097.2963448912 3393358.5937500000
125695545.7941249907 3414943.9804687500
118947084.8730719239 2980889.8652343750
119373999.8193187863 3042951.0957031250
125043475.3665415496 3389084.5585937500
118347625.3012717366 2854577.8281250000
125270852.7455864698 3398373.5078125000
124636135.0301082581 3375247.8515625000
120118617.8928017914 3117639.9492187500
118272991.9437019974 2838814.0957031250
120269277.9880841374 3135042.4804687500
119246907.6927902848 3018703.3105468750
119611413.0788952261 3061575.6464843750
119102285.8947327733 3002260.1933593750
119009492.6845286936 2993409.1035156250
121505807.4951248616 3225509.1113281250
119158195.3258108944 3011556.0664062500
119635042.8683202118 3072769.4531250000
119765675.8437109739 3089330.1582031250
118869961.9684174806 2964135.4121093750
119291259.9855005145 3032005.2109375000
118396440.4097019732 2866276.5917968750
124817069.0357254595 3383586.9531250000
119430343.4236314744 3047246.9375000000
119752372.4137897491 3087508.5644531250
118306559.3286733478 2843797.6875000000
124799214.2394270897 3380761.7968750000
118408949.0419903547 2868491.1132812500
119977001.8502536267 3104866.0253906250
121752060.4664868414 3240211.9003906250
120544904.8123876750 3157981.9960937500
124167634.0022078454 3361907.7500000000
118805190.4446262568 2941649.1386718750
119210114.2755965889 3012996.1347656250
119810235.4770635068 3090299.4316406250
118366579.4279614091 2862160.8632812500
119063962.4182665944 3000191.0097656250
124076686.8267905861 3356545.6875000000
119872576.8560999036 3096637.0058593750
124015148.1971894503 3355747.8281250000
123514653.1563750803 3336214.1894531250
118094572.8540495485 2776767.7343750000
120676875.2082121670 3170552.8046875000
118575602.5589751601 2899588.0996093750
125415912.9582780153 3401571.9414062500
120557034.3322563916 3162738.2617187500
122718401.0550546795 3298407.5546875000
122111602.5638138801 3263682.9667968750
118336901.5434471071 2853619.9238281250
123196569.4667295814 3323682.1250000000
119978451.4339932650 3105917.9375000000
118849985.4746650010 2958594.7285156250
122026641.6147393435 3262441.9355468750
122210951.1443233788 3274514.3652343750
123064662.7578366250 3317748.8750000000
123856008.0955609679 3350997.1601562500
121099901.0243262649 3200622.9023437500
126665255.7430277765 3437261.7460937500
122901959.0130278170 3305537.6328125000
118829464.6861007512 2948269.7695312500
121787925.3282092959 3244968.1660156250
121878223.8840048611 3250874.1503906250
119693851.5729986429 3084481.9726562500
124183684.6592311561 3364273.4921875000
118734514.1668587476 2925608.2089843750
118277343.2890279889 2840412.0332031250
121938207.9521467984 3251599.4824218750
122147819.6305407733 3264339.5058593750
122540476.7532650083 3290560.6738281250
130368885.8325399756 3495228.2890625000
124688196.5167089552 3378266.6992187500
122546169.3534216136 3291696.9980468750
122653063.1796411723 3294701.1484375000
124086756.5454608500 3361008.4531250000
125260259.6497516781 3396190.5195312500
118505570.0466049761 2887295.3886718750
122706372.3115789741 3295098.1523437500
119288401.9006687254 3023146.3183593750
123814132.6905124784 3349471.4570312500
123423946.8457745016 3332971.0742187500
130034431.2577188015 3493666.5898437500
121974605.4514604658 3256850.0566406250
123142460.5087126642 3318070.5937500000
122623786.0060271472 3293359.2148437500
123265846.0671819597 3325104.9218750000
123859379.1664159000 3351719.5039062500
118074569.4576651752 2721858.5488281250
125060429.3629901260 3392640.8945312500
121079960.1145272106 3198940.8808593750
122633183.5279960930 3293372.3144531250
123990772.0963176042 3353931.0507812500
123710358.3561455160 3343066.5898437500
118776477.6471756101 2926991.9765625000
125424425.2253700495 3402945.9179687500
121960078.4007975012 3256535.9511718750
120976515.4658569992 3193588.5742187500
121094807.6485450715 3199494.6582031250
126563858.8834802657 3433166.5195312500
125582222.7879080325 3410463.7421875000
124142296.2593339831 3361078.0664062500
122245826.9241497219 3274941.1972656250
118446927.5562378019 2874381.7558593750
130298079.5753469318 3494378.4062500000
125663970.2298189551 3411504.3867187500
125976030.2719603479 3419882.4101562500
118416865.3199756891 2868857.6855468750
119982009.6985727698 3106067.7441406250
124714814.3703013361 3379405.5234375000
118560005.6971222460 2889124.8632812500
122691320.3095137775 3295032.8906250000
124437398.4972831458 3370114.6914062500
130242127.4419221729 3494374.5585937500
118336134.1129827499 2849484.3828125000
126660783.8230391592 3437071.1210937500
127089884.3733317852 3446889.5976562500
118685049.7053439766 2921546.8300781250
118778369.8468812108 2939812.5722656250
124435022.9860847741 3369996.2031250000
123150436.4270854890 3318409.2773437500
127122582.1989431679 3447893.5820312500
118483993.9114019871 2876949.2695312500
122808544.8885765225 3303997.5625000000
130872066.7161511779 3498093.5468750000
124554356.0657350272 3374339.6093750000
124052060.2248376161 3356239.1054687500
119982573.4717141241 3107113.3769531250
124457073.0639608949 3370564.1816406250
125017014.0170456171 3388335.3710937500
124552646.4913513660 3373724.9218750000
124340275.7986306101 3368412.5585937500
122463171.3025726974 3285945.5351562500
122339785.7441034019 3278911.2070312500
122197330.0325006247 3270610.5683593750
123724012.9120107591 3343396.9921875000
130737248.6841684431 3497944.6523437500
120118989.5641390830 3118244.4160156250
123285132.9365016669 3326091.7031250000
124302158.1146465093 3366282.2812500000
130798767.9991118461 3497948.5000000000
119917400.4877462238 3101882.8847656250
131226761.3407815993 3500440.7226562500
127691218.4293791801 3459828.8320312500
118640826.0578903109 2912067.6054687500
122426465.2113580555 3284096.8906250000
122386244.3853274286 3282449.1054687500
121198423.9869294614 3204511.1074218750
118567900.1766103804 2891804.2871093750
121624532.1626822054 3233463.0019531250
120120222.5764555037 3118923.3574218750
121681498.6183732450 3235149.2167968750
121316465.6735735238 3213245.3730468750
122482353.1016697139 3285998.4726562500
120006631.4743851274 3114420.2460937500
129746294.1773592234 3488331.6210937500
118776192.6507575810 2926358.0839843750
128534474.0481214076 3474741.7031250000
129858198.5035209954 3489355.9843750000
121016725.4696306437 3197767.2382812500
127893288.7412485629 3463464.7265625000
121205849.2050563097 3212573.4003906250
121628092.8911321610 3233966.1660156250
120071751.1516299844 3116295.6992187500
120543840.3651947528 3156702.0996093750
118316747.3192545772 2844610.3593750000
120855013.9951623380 3182383.9023437500
129336093.1754220873 3483759.5507812500
129174165.5217332840 3481695.4375000000
120734897.0858530253 3176407.9960937500
121777414.7115073651 3241151.9335937500
121609999.2233406454 3230952.1640625000
121686128.9973140508 3238410.9882812500
125688835.0982681811 3412088.9687500000
118730484.3198888600 2925449.7011718750
118502386.1056197137 2884547.1699218750
120132636.7862592041 3124201.9335937500
132834979.1270867586 3505636.1875000000
119984124.0600097477 3108197.4804687500
128307908.7772391140 3469780.9609375000
129908393.5185044557 3490073.2382812500
125544744.7805778682 3407987.5156250000
120257159.6314664930 3134853.8203125000
128333982.5337055624 3470034.4492187500
127855493.1630463451 3463387.9335937500
120331080.7690904289 3140953.0195312500
128220513.4441778660 3469241.6328125000
129014000.1126393229 3480539.9765625000
120791000.4249421209 3177048.6933593750
121549246.1892764270 3230257.3007812500
121350089.1256745607 3218721.9238281250
129055629.4245075583 3480814.1835937500
127996689.1270057708 3465591.3906250000
131991506.1746866852 3502825.9921875000
120297994.1312597990 3140943.8496093750
131608118.8853153437 3501714.8789062500
129476647.7079488933 3486703.6289062500
131788316.1358112097 3502362.1718750000
120359113.5238445550 3151405.0664062500
130910768.0546926856 3498225.9687500000
121449077.9101375490 3222969.7871093750
120173471.2860525250 3130598.6152343750
128765989.4992418289 3476487.3085937500
121111047.4662395716 3203265.8828125000
127287186.0566259921 3452675.6445312500
130616689.4230723232 3496982.9765625000
120682296.4337247312 3171646.0234375000
130425193.4582817256 3496175.5664062500
126770596.8619231284 3441770.0390625000
120611004.7830001712 3166542.1425781250
128704463.3781929016 3476244.5429687500
126763672.7253239602 3441543.0703125000
126089283.3672582507 3421796.0820312500
129282574.9651331455 3482908.1992187500
126109238.9405854344 3423279.0000000000
129983293.7380370200 3491335.0312500000
120345836.7895870507 3146414.1933593750
119579240.8960146457 3055697.4277343750
126488884.9402230084 3433144.1171875000
126397950.9780667424 3432442.2500000000
131915810.2503381819 3502490.9296875000
121511665.3371272236 3226534.4746093750
120432710.9035893828 3152004.2109375000
120470882.9634710252 3156093.8984375000
132252730.4240388721 3503029.3007812500
120593734.3176792115 3163784.8437500000
128023992.5118998438 3467099.8359375000
128791141.0089578778 3480298.7617187500
128146045.2728216350 3468320.5273437500
127814735.4634088129 3463079.5273437500
121439397.4910630137 3218749.0957031250
127734761.8051362187 3462751.5390625000
128418715.7576171905 3473072.2539062500
128110589.0138621777 3467400.0859375000
129709493.9528604597 3487921.4218750000
127851835.0045624524 3463349.5507812500
129778789.2336298525 3488637.4570312500
120718947.0431838334 3174684.1171875000
129860708.4796755612 3489526.6875000000
126235614.7449367344 3425649.7187500000
120705424.0502529740 3171727.2597656250
127410048.3414040059 3455591.0546875000
128696166.0319553167 3474785.2695312500
121198623.5798877180 3204718.6523437500
132904924.2310936600 3507079.2187500000
122808147.9199269712 3301205.3203125000
134034372.3434605896 3510040.1171875000
128412258.5595267564 3470292.7968750000
127518556.2889682204 3457823.4531250000
127144610.0787752420 3450107.3750000000
127577039.9295769334 3459209.4765625000
126782240.8413123041 3443163.9257812500
127937931.6740250289 3464560.4296875000
126950379.4996536523 3444523.2656250000
126600068.4840588868 3436016.9101562500
127613957.2617929429 3459473.1835937500
127031687.7883166224 3446052.1718750000
132332599.8519647121 3505291.5468750000
126823894.9028283507 3443235.0546875000
126702535.3813289851 3440268.0781250000
127307971.2477966845 3452820.9804687500
130969304.9975166768 3499652.3476562500
125159349.4262307137 3395275.7226562500
124842408.2121015936 3383728.8750000000
124926264.3408663869 3387438.6718750000
133780845.9540415257 3508285.0000000000
133480467.4360651672 3507370.5664062500
133354281.4796308130 3507265.7500000000
133849552.9272119105 3508375.6562500000
124771361.2122584581 3379526.2890625000
129462570.4610255063 3483859.6992187500
133897424.9166953415 3508566.0351562500
131583199.9160970598 3501659.1054687500
132316023.9970923513 3503931.2031250000
131675335.5088038296 3502020.7460937500
131469084.9263219535 3500704.9765625000
131706774.0878368616 3502021.2500000000
