192420501.9871079922 29061.5939426422
184016584.7418876588 21693.4094586955
189902275.4959995449 27181.7077519298
182857630.4831368923 19773.9328593423
195681111.9517579079 30615.9141159058
189056405.9683021009 26655.7434269786
182690743.0964063108 19633.5155054589
186571108.9318211079 24467.4490836191
193118938.3316238225 29551.8259391785
190079567.2391188145 27298.5821954608
187513853.1139472127 25315.9284354033
192578986.4120494723 29153.4343051910
193294853.5479867458 29695.6160545349
192297475.3062946200 28797.5952777863
182432929.1931008697 19182.5800599267
185296637.3169239461 23166.0496978089
183712561.2217049599 21251.4635015116
185505414.0888680518 23337.0376617098
187133621.8808565736 24990.4555222068
192230240.3365832865 28796.5067520142
183058509.9933397174 20659.7926755534
192339473.1140634120 28913.1061849594
185973342.0633255839 23771.8995936441
200397087.2565293908 32311.3572387695
199494976.3226793706 32121.9684295654
183165596.2525048554 20670.5449544573
184179726.1442055404 21973.3222547160
187978189.9897394478 25863.7664366364
188556104.9681556225 26313.2801396251
192754901.6284123361 29299.9450778961
200071881.6657797694 32244.4767456055
186773747.1641929746 24669.0993979501
192193308.6318222582 28732.5932388306
186009284.7156906724 23899.3409998941
193637001.5705605149 29828.8056240082
188350175.5117528439 26092.2165521979
186007580.5587369204 23802.4092677163
194173888.5372664928 29995.0171566010
188113034.0389638543 26001.1512618842
187086150.2053869963 24931.3197189842
192719950.8379777372 29189.7854557037
186592186.7109023333 24558.3124716806
189706796.7631641924 27057.9933201671
189008934.2928325236 26596.0464665294
186575112.6900955439 24541.3602316903
183518623.5734309852 21144.6679603243
183738992.3148551881 21411.2803045769
193782676.7696988583 29891.1836452484
186825434.1865327060 24704.6764001176
188732453.2666856647 26506.4644963145
190373835.5331714749 27561.7163082957
191066904.0697269738 28006.9241539642
185549088.4180581272 23373.5603359019
186181380.1482798159 24056.9900248575
192986742.4519673586 29446.5270023346
189835159.0935235620 27173.9842259288
188159178.2274700105 26058.4698653998
192565988.1526480019 29099.3371448517
193118549.8050355017 29452.1544284821
201513088.9952464104 32438.1356811523
182547315.3394363523 19301.0023641251
192740532.7978248000 29233.6590137482
184650827.0634532273 22471.2108061837
189404498.1257840991 27006.0679203868
189122986.2713389993 26700.4039990306
187544824.8531585336 25394.7628431916
184438635.1471220851 22248.4139998483
189152820.2062857151 26738.4188725352
185311369.5732196867 23309.4425541435
185214593.3747781217 23093.9032958078
185262595.4383073449 23142.7127644096
185460819.5689803958 23328.6722303901
184680031.6862080097 22489.1313280987
184694801.5516582131 22543.6214659738
186514743.7317983508 24405.7903292703
187001117.6661268473 24918.2748428856
186216703.5362592340 24202.2207884716
184178571.7068328857 21848.4722235727
186231500.3030816317 24247.3480113077
185069365.4301958680 23064.2106434379
186941152.4458013773 24914.5680405174
184166419.2226282656 21839.5190604257
186872905.8620021939 24763.8122033402
185046315.8204866946 23004.8590605783
188846264.6768428981 26576.0417668223
187386831.0253132880 25220.8722830595
188366671.8182388246 26098.1681715846
185364883.9007230401 23316.4743534599
188440951.8806861043 26117.0086907329
186630988.1897378862 24604.2984463249
187741285.1643529832 25597.1967268586
191996132.4997513592 28538.3205718994
192171697.5544312000 28694.4413909912
186365149.6902124882 24358.4829733896
187089100.5463572443 24937.4521042381
183521512.8698685169 21195.0373450899
183040299.9490216374 20549.2829961488
186622584.3655651212 24600.4960349130
184750797.3499597013 22754.4050505685
183716692.2611413896 21358.0776902819
186192854.8482960463 24119.3649333047
182680559.9927414358 19428.3942937066
183529629.5629123449 21224.3613807345
184328761.1936523318 22098.3133757638
187746331.6191470027 25664.3892556014
184491547.5717815757 22377.1141799020
184229119.4302324653 22073.3938925790
190300227.3197934628 27433.1119782329
186521749.7379165292 24429.0049307870
183231491.2204053402 20864.5865279818
190250813.2757286429 27388.6891037822
188543020.1167687774 26299.8737990260
182968366.0352500975 20427.4114247942
183467429.8473116159 21081.7774540966
192406221.9726755619 28927.2024612427
184578922.2364974320 22410.1114943551
187827769.3438008130 25712.7613869490
186578063.0310657918 24547.4926169442
183236298.0375643671 20886.0921308184
184439486.1115187407 22286.4162428903
186792298.9107720554 24688.0557883310
189216816.3236052394 26852.5023381114
188779924.9421552718 26566.1614567637
187857192.6883339882 25727.8341408553
184722158.8004445434 22668.6825621652
182854741.1866993308 19731.3286112954
194156177.9254465401 29984.0340366364
196374684.2625513375 30945.0557250977
186704247.6204149127 24647.9749466453
188489267.2349217832 26298.3020163178
188605013.6345407367 26359.8685490489
185013396.5332667828 22844.0641438041
184085336.9883943796 21744.9149191903
184743776.6131398678 22688.4669859933
196392046.6966597438 30977.2098731995
187218459.2369792461 25162.7235580955
184217217.1616184711 21991.1341040658
192517264.8960645199 29072.9748859406
184499664.2648253441 22407.5373061227
186520497.2950838208 24428.9749434518
185040726.8806808591 22978.4881550346
187933668.6552401781 25810.4609556794
182882098.4354856908 19838.9993571450
188952179.0199533105 26580.5194966197
189138553.2364117205 26718.5714909434
184427367.0655888617 22150.3375342416
198094540.8441917896 31734.9801177979
182518736.1093796492 19252.4496897866
188825326.3685952425 26573.0948368907
186576440.1770588756 24543.7385886239
188111361.2183985710 25876.6207152009
184029278.8824281096 21743.2869234013
183520928.2984901071 21173.9813725536
188733780.7536490560 26508.8428532481
199754807.3135472238 32181.1476745605
188345663.9046095312 26059.0699949861
186895008.2572951317 24857.8105942283
183507689.7302262783 21132.5495816851
199424749.5411363542 32083.8849792480
192020600.4521002471 28605.1464385986
187932045.8012332618 25806.7069273591
190195519.5347695351 27364.4221142771
183316731.6849541068 20916.9650479937
187730418.1417843103 25522.4342966676
192953424.3537410796 29362.7072391510
182995723.2840363979 20541.6578237200
187682940.5349950492 25503.2563028932
182411982.3249363303 19169.6713475396
194884357.3147560358 30393.0641193390
194045200.9884669781 29956.6631259918
184976400.8594052196 22800.0073811088
184165331.7836585641 21762.7609136165
194746645.8820587993 30280.8857936859
194410125.6045854092 30081.8545322418
190162689.7529738545 27332.5134839060
194108440.2223143578 29972.5197200775
185855269.8889997005 23667.3105135560
186099382.2373142540 23948.2401934266
185814691.4849326909 23547.7989242137
185668648.0666881502 23448.7820978165
193551443.1919132471 29755.1111965179
183888934.6802732050 21504.1005246699
198084025.4890564382 31721.2943572998
185759274.9701134264 23517.1319070458
198826354.6583841741 31992.5573120117
201056764.3003066778 32344.9236145020
183939829.0479081273 21573.7371652187
183620052.2006173432 21249.0198895991
186175046.7362906039 23992.0277891755
202688480.7047390640 32445.2190856934
185728523.5835888386 23456.2717012763
185961653.0146652758 23747.3965731263
198562325.0588866770 31891.7698822021
185933491.1514465511 23681.5544710755
185842379.2086960673 23642.4358893037
198901906.8768169582 31995.5202331543
199211413.1496503651 32012.2500762939
194223724.6774293780 30077.5564365387
201588641.2136792541 32441.0986022949
185941607.8444902599 23711.9775972962
199327338.5645872056 32049.7084350586
200147433.8842125833 32247.4396667480
196158089.6877973974 30885.5765266418
193940034.7324218452 29913.2176971436
187202327.9716583490 25023.7719176088
195908026.3252291679 30752.5702590942
197744767.9277551174 31626.6702308655
194506585.2363424599 30169.1333427429
191370103.3085315228 28166.4210913032
187423000.5655185878 25303.8589728475
191775734.2183158696 28442.6882812455
191707994.5079198778 28408.2787353471
202764032.9231718481 32448.1820068359
190287047.5187761188 27392.7938432251
192121191.1594060957 28637.8702117875
198168766.1106387675 31806.1314239502
187737278.7229724526 25556.7369261384
185743840.0261957049 23467.9940186143
190333233.0155574679 27489.6586885010
199396802.6057378948 32071.5180358887
191199425.7949514091 28016.0861939942
195547630.4559953511 30576.5754776001
190857213.6456101537 27801.8577546631
190604448.3929919302 27602.0729569946
191342726.7054871619 28161.3315222114
190546281.4849326313 27579.3695725952
190699776.4920182824 27704.8583802735
191521250.3944495618 28281.2747289985
198070540.1712259948 31684.2980194092
197152838.7011986673 31357.6535034180
190987624.6309922338 27841.3040563911
190833070.6815347075 27709.8614549194
196551191.7242521644 31161.9171409607
191597210.5293534398 28321.8734466508
191412327.5394267738 28195.4780371040
191666811.3632931113 28358.3942901567
191497418.8953501582 28228.9285003841
190004860.1403017640 27289.4722299133
195313673.4471329749 30484.8872146606
198817854.2014024556 31926.6116180420
191863175.3567372859 28459.6255743355
191931626.3868149221 28534.1910955757
196039949.6018611491 30855.7402648926
199619282.3494528830 32128.7977447510
196478709.2419911623 31042.9639091492
196410143.7722380757 30994.7999267578
197520309.9183253944 31482.4427032471
190997150.4083315730 27843.2505692993
190108569.0865609944 27304.5965432678
197579687.1595456004 31569.2853240967
190630606.9318706989 27627.1716508423
197231672.2793684900 31444.1631622314
190690459.8472121060 27659.0566300903
191866707.3355398178 28474.0823309273
197564691.3272945583 31559.6561737061
191505676.1914110780 28276.0860998482
196164939.1523524523 30917.0895423889
197798648.3361569345 31651.1394958496
196459375.7898768187 31034.6937599182
192004540.6018048823 28581.1802847236
196997715.2705061138 31352.6798400879
196188738.3769493103 30917.9875450134
195957150.0425296724 30777.4179954529
197424564.3882680237 31472.3591461182
196160499.9150604606 30914.6351623535
196207728.1964769363 30925.4105834961
197163873.6130200028 31414.0704193115
198663425.5463086665 31899.4859161377
196684705.9325164557 31195.0729942322
196544578.9934899509 31107.7759666443
196918662.9413788617 31286.7063407898
195140977.9801834226 30428.1642971039
191026300.3545601964 27855.0749265999
191215801.5671571493 28033.7345487922
197221673.3232960403 31416.7849845886
195189332.2209514081 30454.5136280060
197911835.9617804587 31678.3973541260
198377996.8974645138 31851.0969238281
194723786.8776694536 30222.3712329865
197414222.0414981246 31444.7514343262
197798824.6377672851 31656.0959777832
199214574.3098083436 32017.4043884277
195966374.6328621805 30780.3352355957
195592290.6849732399 30601.1910705566
198724652.9262155592 31901.3199157715
195361633.7552911341 30493.4047088623
195097870.8255583942 30401.5153980255
198145792.9706428349 31769.8806762695
195744404.1088975966 30676.9066085815
195090376.8564310074 30399.6434192657
198447653.5898386836 31863.9697570801
195420475.7186978161 30514.3709335327
195780020.4524329603 30710.6820297241
195575655.3682682216 30591.5994262695
199202724.9997032881 32010.6569824219
