147126867.5560294390 932670.9617919922
153912193.4398127198 1313055.2084960938
151428432.2956937850 1220738.8269042969
154038545.4573571086 1318160.0478515625
149692759.3362323642 1132254.4504394531
154194331.0257189572 1324996.1538085938
148447824.0253887177 1055772.2613525391
165437292.8901091516 1457089.1269531250
149499629.5908659399 1125223.2209472656
152577110.7788429260 1267756.0942382812
152028015.3977626860 1247638.4360351562
150004976.3729523420 1151578.0317382812
148883886.3126832545 1088136.3395996094
152075489.7296528518 1253113.8554687500
147819755.7048554122 1015670.4389648438
150231342.6750378013 1160862.6889648438
147707743.2071145773 1004669.9438476562
150242222.2432493865 1160879.0605468750
152998411.1764090955 1282516.5834960938
147692135.8142193854 1001541.3901367188
165779830.3268553615 1457158.2724609375
153666835.6151396632 1304976.9443359375
147640401.5288891196 995277.1333007812
152415137.7874766588 1262368.2436523438
147560190.3436223567 982489.0888671875
149466321.5453191400 1123680.2956542969
151879682.2913293242 1243326.0048828125
148984410.5158099830 1093657.3728027344
152577699.1998285651 1269358.6303710938
149366851.1018326283 1119339.9265136719
152854371.5458409488 1277819.9667968750
155174723.0056332350 1355109.6020507812
147980407.1095583737 1027345.8977050781
149530760.9060654044 1126029.8044433594
152409291.8120479286 1261408.3139648438
152491227.7339220047 1264919.0087890625
153996298.5427883565 1316832.8051757812
156029012.8878448904 1380507.2700195312
152238632.5386451781 1256527.2319335938
148774440.2029336393 1081340.0437011719
165877954.3154812455 1458402.6806640625
149268667.3208311796 1113280.5559082031
153459884.5003918111 1300472.9790039062
152316398.4136064947 1257850.4912109375
149001216.7127840221 1094135.3474121094
154264902.7024057508 1325153.3901367188
149277588.3329987526 1113732.5061035156
165832541.6726796031 1457445.7851562500
150829927.3990080357 1192184.8271484375
153339987.8104403615 1294924.6616210938
153327986.6038385332 1294606.7280273438
155242868.1482293010 1359437.5185546875
153525640.8283265233 1304518.7856445312
147310743.8850356042 954123.0084228516
156247004.4216479361 1383591.5844726562
152345494.4500574768 1260515.5117187500
155258785.4430037141 1359506.5375976562
165752428.3624109328 1457097.1562500000
153444816.3599880040 1299006.4194335938
156146398.6998621225 1381323.3979492188
155041124.0879170001 1354699.5092773438
152332905.9045313597 1259420.7216796875
153736507.0738967061 1309053.1401367188
155329665.1721208096 1362359.1762695312
150002426.0495939553 1150325.3010253906
155541271.5238535702 1369729.1660156250
156728397.5348537564 1395069.9140625000
155306393.3195169270 1360949.5629882812
155532759.6216023862 1368541.5517578125
151831197.0389314592 1239940.4877929688
155314069.8531666696 1361397.6367187500
163967853.5850352049 1455542.3310546875
155523485.0561338067 1368378.6054687500
155289292.8275178373 1360086.6943359375
150851369.9597562850 1193188.5375976562
157419695.8395726085 1406309.9550781250
150116240.4030260742 1157980.2785644531
156170568.8459701538 1383589.1010742188
153004849.6292187572 1283770.4570312500
152834120.9991202950 1276737.3281250000
153071366.8694173694 1285965.9619140625
155428960.2645505369 1366354.7978515625
152713149.6112121344 1273266.2729492188
153050450.0362876952 1284381.9360351562
155597359.1637386382 1371499.8427734375
155304658.4344379604 1360234.4477539062
152845000.5673318803 1276872.3388671875
150789058.4810700715 1191173.0083007812
148518060.8976244032 1062395.8264160156
151351670.9858850837 1218059.8300781250
155671832.8082181811 1372160.6020507812
155823725.4658240378 1379253.9409179688
155771262.0448580682 1378054.9545898438
153311284.8514173031 1294361.1845703125
154996079.4274879098 1352284.5688476562
154719592.5912259817 1344596.4174804688
153723044.5477864444 1306924.9267578125
147406922.6637189984 964524.2750244141
147177158.0484203398 945353.4366455078
150119430.8267139196 1158426.7978515625
150169466.2152343690 1160060.4960937500
150465502.1020551026 1177256.1743164062
151689192.2519062161 1234819.1772460938
147466915.5302849114 974500.4395751953
151779699.5988498330 1237972.0083007812
151649096.7748673856 1229915.1323242188
150248686.8209248483 1164631.8618164062
155602205.5338056386 1371806.7612304688
154439901.9900593758 1336271.5043945312
149928951.1873736084 1149449.1235351562
149113422.7088678479 1102085.1125488281
154376438.2789441645 1331725.3789062500
154274146.6684531271 1327241.6831054688
149896460.4801275730 1147769.4760742188
149428391.3858746588 1121025.0021972656
149323893.3109788299 1117142.5517578125
153412265.8408599496 1297949.5136718750
152424078.3467672467 1262736.5820312500
149001292.9382413924 1095705.2097167969
150013876.0248933136 1156555.9140625000
150022542.0037767589 1156762.2138671875
147440320.2305257320 968825.0893554688
148945353.7208335400 1090218.5166015625
149423656.1338914633 1119902.8234863281
147675449.3935895860 996876.8105468750
153727373.2021619678 1307598.0068359375
150432904.9682541192 1174720.3286132812
148075178.7425201833 1036417.5900878906
147564721.9673660100 989269.5905761719
149716303.3043265939 1136044.6855468750
154603746.0767472386 1340030.7583007812
154593884.9751096666 1337435.9960937500
148982647.9626625180 1090772.1713867188
149559428.8199687302 1130307.3413085938
149775833.5583435297 1138395.9741210938
156419131.6450113356 1389711.2451171875
152945666.8794792891 1282268.0170898438
150717285.7849917412 1186818.6391601562
148073827.4121989608 1032241.4814453125
148474310.0966127813 1059383.1718750000
153233525.9073016346 1292337.7578125000
153689003.9322951436 1306881.9755859375
157082641.6647014916 1402524.1328125000
147359709.3571147323 961416.8748779297
156253543.1784759462 1384083.3110351562
147893971.3105258644 1020949.7512207031
149774737.8989343345 1138076.3056640625
156674170.4169127345 1391452.0595703125
165364080.3891561329 1456781.6132812500
154338869.4360820055 1329000.1704101562
156550555.8077268898 1390950.4765625000
149268200.6294400096 1109600.1662597656
147748442.4387534857 1012801.8081054688
147902612.7576829791 1021999.4067382812
156836972.7533188462 1397384.4121093750
148819122.5646504164 1086757.7097167969
147869215.1908763051 1018984.5415039062
150519396.8285303712 1179916.3127441406
156267073.1221380532 1385120.1469726562
150591032.9894199073 1183545.5632324219
156942144.5308426321 1400181.9687500000
148022018.6744585931 1028093.8710937500
149057270.7027181685 1097280.6462402344
157274895.5367728770 1406262.0283203125
152920785.6507034600 1280148.9653320312
156901561.4079817533 1398110.1074218750
157175115.4170608222 1403228.8808593750
157227892.0388908386 1404466.1826171875
153221600.7586937547 1290488.4687500000
148795480.6938422322 1081605.9418945312
147274332.1448885798 951898.2443847656
150488765.7212790847 1177838.0239257812
150646968.0785258412 1184171.0573730469
154704040.5989389420 1343538.9116210938
150323309.2700737715 1170348.4033203125
154800350.9361068308 1346645.5039062500
154940005.0685801208 1351790.5488281250
150723812.2281303406 1191051.3579101562
154696221.6746263504 1342287.8383789062
150661122.4152635932 1186691.8867187500
154928311.4496835470 1348997.7719726562
147550074.2709073126 974518.3304443359
148799820.2889494300 1084964.4436035156
155213559.0776591003 1357278.6826171875
150404562.3948471248 1173122.0417480469
147381152.2212254703 962719.4210205078
147319305.6685286462 956704.9790039062
149861516.6778143346 1144199.5402832031
165071537.3176395297 1456730.4726562500
150346192.1936765313 1172046.6647949219
150875379.1881329715 1198193.7973632812
151080082.7600520849 1205533.5942382812
150962979.6722748280 1201749.5278320312
150698357.1933365166 1186734.5593261719
151190146.5081959963 1209772.1831054688
149172993.9080860615 1108193.2951660156
147160358.6579189003 934967.2738037109
150001394.8906257451 1149938.0544433594
149808530.6054377854 1142906.8249511719
149008079.3953561783 1096896.0761718750
148912486.0693243146 1088935.1394042969
150090990.6323852241 1157292.0957031250
149541999.0057297647 1127761.3244628906
148219971.3036281466 1045082.8581542969
148141445.5944229960 1037034.2846679688
148583148.3559792042 1069302.2971191406
149861600.5569137037 1144402.5385742188
148953851.8981903195 1090715.9389648438
148721414.6532195807 1074894.2275390625
148332868.7372861505 1050316.8979492188
148872823.2685145438 1086826.7280273438
153220144.5260371566 1289835.2724609375
148464505.6922325492 1059033.4272460938
148363097.6457545757 1055060.3002929688
150943266.9056356549 1201725.4897460938
148376462.3727517128 1055502.8808593750
148532045.0550207496 1064123.5102539062
148450778.0637242198 1058847.7719726562
148262100.7350912988 1047866.9594726562
164481994.1903951168 1455677.8789062500
163284363.2776101232 1452872.5585937500
148538585.4915118515 1065916.3217773438
162904909.8912393153 1451804.9228515625
148634587.7794221044 1072283.7934570312
152768133.3940796852 1275702.4638671875
148195719.9752422273 1039300.1645507812
148173070.1327043772 1038194.1962890625
162653284.7872652709 1451488.0849609375
150285264.3789350092 1166296.6206054688
151632184.7363964319 1228022.6801757812
148212561.8804248869 1040563.7353515625
164706313.2605003119 1456474.2343750000
160133237.4506915212 1441420.4082031250
161990531.2161208689 1451447.2568359375
160235574.2004143298 1441671.2265625000
161820906.2974907160 1450086.2167968750
151517088.1580632925 1222737.1845703125
161622845.5261363685 1450033.5058593750
151618290.7153016031 1227643.8432617188
151422900.1830697954 1220247.1450195312
163441452.5207381248 1454708.1894531250
161185017.0007222593 1447628.9599609375
151544686.7583817542 1226084.2109375000
151518841.1641353965 1222741.7534179688
157684905.1528241634 1413652.5869140625
158030759.1614438593 1420083.6250000000
160406214.9478107989 1441841.6376953125
159503516.8958634138 1439694.2734375000
159867508.7839334905 1441047.8486328125
159139256.1247348487 1436657.4619140625
159389053.4220508635 1438722.2529296875
159216063.4948788881 1437869.0712890625
159221344.2735353410 1437893.1923828125
160750206.6083837152 1444530.3642578125
158257447.8125545084 1425123.1210937500
158702453.8305151761 1430802.8535156250
157918380.4292810857 1419321.3662109375
158697173.0518586934 1430778.7324218750
150585922.3393743634 1181639.2509765625
150560872.8280621767 1180223.7084960938
151488521.4085923731 1222695.4716796875
158649522.9284029007 1429327.3017578125
157836292.2804805934 1416748.5302734375
158608050.4664177299 1426541.9355468750
158175359.6637539566 1423523.8300781250
158392763.9531350732 1425860.2255859375
151328553.4399721622 1214800.8437500000
151073683.4265335202 1205014.5761718750
151147976.0919246376 1208232.3364257812
151224550.3375084102 1211889.7919921875
158138406.1419518590 1421730.5146484375
158608105.6548643112 1426547.6748046875
158610221.6911480725 1427638.2226562500
157819556.6084162891 1416081.0830078125
160391319.8911375403 1441790.9853515625
157546359.5567075014 1410633.7314453125
160470741.3017442524 1443388.3554687500
160598363.3977294862 1444155.7890625000
160779088.3586143851 1446180.3251953125
161512318.6907593012 1448699.7978515625
160842107.8269263208 1446378.4931640625
154119878.3196104765 1321054.1406250000
157443553.8279860616 1408045.4614257812
157513060.0622722805 1408942.9697265625
161509746.5297349095 1448512.0576171875
154019592.7145638466 1316946.2749023438
160675381.7162759602 1444449.8466796875
154118511.2290745676 1321022.1123046875
153851542.0611735880 1311738.6445312500
153806160.1094705164 1310890.8603515625
153075643.7976384759 1286213.3330078125
163001271.7119599283 1452802.8925781250
161350857.4563012421 1448507.1318359375
161289407.0402066410 1448151.0175781250
161084110.8518691063 1446998.1640625000
153155097.6277203560 1288165.8725585938
162717606.3603340089 1451660.9052734375
153787182.0489123166 1309116.2656250000
161051502.6129288077 1446958.8183593750
161545002.8112396002 1448887.4648437500
