723722993.2587267160 24697.1946769999
729738251.6615025997 25922.3492711060
736816079.4213842154 27081.2513280290
721090817.5191783905 24055.1753420488
754900767.6812022924 29009.5098055340
748470028.9722187519 28580.4340445809
722807354.6346865892 24451.8283245610
748770706.0531082153 28613.4245151393
714812174.1817400455 21927.6411837669
711307784.7485344410 20267.1954644870
710824878.2349951267 19870.1250775805
720178884.9285943508 23775.8670800641
737377371.3736861944 27104.5014788485
736693941.9956412315 27013.1897550004
716221970.3640898466 22385.8847419170
738760767.3433195353 27207.3381267241
721371940.9758286476 24101.3098405736
713446314.3250339031 21523.7183220736
723195092.1416318417 24557.3055554462
727478919.3911745548 25594.6728024058
711968736.2652323246 20616.2080523851
749790919.8554799557 28715.1339351945
719970321.2469495535 23743.4778501778
714667397.0586627722 21855.0437676635
712742870.4638575315 21098.7522259217
712858128.0251711607 21166.4792898905
748068660.4416844845 28533.4765788727
716799462.5879205465 22743.1573585507
719948147.6829788685 23740.8796334934
724551435.2004443407 24847.6659572863
727276994.2272663116 25505.3530151680
713392102.5117875338 21434.5694063730
749430354.7744247913 28655.3612670712
711412169.5009288788 20366.9487771231
720760755.5032128096 24013.5392942360
721023403.7733333111 24035.3966540234
744572158.4583752155 28119.8682052307
736215464.5399110317 26959.1848602942
713251311.6285260916 21409.1347857541
726176258.7219514847 25280.4414516892
727650794.4821145535 25595.7370155625
753755558.8716942072 28940.3939347863
753934962.2923835516 28963.4588475823
729710810.6762485504 25907.2651392259
717318054.4462940693 22818.3344384371
744560577.7542092800 28119.7036818378
713065329.3788149357 21167.4758788955
711502601.6017444134 20466.2988223273
734860387.7192472219 26801.2100292524
754990034.8688312769 29020.1399352551
724858847.0152188540 24890.8414009120
733852152.8629951477 26632.3370688153
736068118.5852634907 26943.6604099921
735881150.1756943464 26932.3373146704
733852152.8629951477 26632.5687582684
734073384.8989307880 26680.4820358051
754733032.9238274097 28981.9224598408
711776091.2576137781 20531.4347229189
734230660.4944524765 26717.8897148451
734662153.9684888124 26777.1581646284
729188244.3017400503 25863.9559317105
745473479.8487195969 28239.4608831280
728710859.5341165066 25815.6049871914
735881150.1756947041 26933.8826256446
710704965.4566876888 19783.3744454136
727276198.5677036047 25500.2967589982
758631551.6879342794 29150.1747717857
745206617.0762765408 28231.5844005458
727662920.5460646152 25638.4123981766
730037408.7575170994 26041.5228903061
755056233.4667668343 29036.3212908246
713392633.0177901983 21441.8415347165
747897981.4160511494 28482.7857440822
713446801.9871847630 21524.9264842099
713701490.6618169546 21602.9933298479
735796954.2275387049 26890.7789937682
710799387.0897996426 19800.4124016514
712157780.0686762333 20676.2814155359
728075899.8484346867 25651.2332358193
726431987.3885049820 25322.1952983238
735126546.0822701454 26853.8861352629
733949080.0712698698 26677.0310589155
711804281.9589129686 20566.7229931316
725506259.2204849720 25121.5947173890
735310384.7432988882 26885.9653550810
715454620.8841961622 22107.7242805305
725761167.3546564579 25160.3743388750
733035028.4321161509 26544.4325466072
724165922.5681061745 24786.0868467262
745050105.9387762547 28189.8308948390
715838561.1376414299 22327.4021615365
718590905.3736015558 23322.9152061881
755604549.7213846445 29118.0608761311
713942194.8291780949 21667.1749654761
745031245.0211763382 28168.4868136756
752046208.3754917383 28739.1650090814
758093875.6044503450 29142.4129652977
728561172.5838911533 25727.2209050678
716415138.5690810680 22421.4995204458
715374563.6506354809 22094.9199251228
753934962.2923829556 28957.0392747521
714023030.5222507715 21693.6765186316
724901958.5448380709 24926.5630506780
724965619.1849850416 25030.2015165593
728598602.4212539196 25739.3114454769
738472167.6958732605 27206.8239452899
713824717.3308304548 21615.4419398954
749182515.2104969025 28641.1217903011
749374653.4384344816 28642.0699638240
749435822.6777856350 28660.5807708614
757877782.6671489477 29142.2627539635
730297566.9773447514 26046.8728506332
713861265.2633193731 21665.4625491213
714424044.9462696314 21783.6729509179
716113631.4618662596 22375.9779714474
725400382.1135743856 25094.4325354155
738812066.1059813499 27210.7148869098
749017399.3626689911 28613.8915158622
714699623.0904321671 21881.8004189263
729111606.4949462414 25839.0178842507
745777456.5974776745 28246.4152838103
733611613.9473844767 26607.7880052520
735361980.1001250744 26887.6473333067
723896247.0920954943 24704.3879884444
748001056.4900968075 28515.0542866401
724680260.3440425396 24875.4351889779
753366757.1730788946 28898.4079175591
712037712.6300632954 20618.4316075582
711282166.5544010401 20039.3032032766
723320411.8152290583 24573.3076569054
723042370.7039051056 24524.7842815357
714777424.2634382248 21886.0976250388
757718479.8782652617 29123.8891425133
729450441.0679556131 25902.7165381871
723655638.3169925213 24652.1892758706
721856930.8595697880 24302.1570347981
714479102.7257331610 21808.1553851284
714977437.8650797606 21938.5127413489
735214262.8681764603 26867.1057912535
710826221.0969256163 19992.6233554754
736298096.0337635279 26986.3917226768
729167743.1471251249 25853.7673943825
729098915.6089328527 25832.1799043007
729788341.2396359444 25979.0862169228
715075463.6992983818 22034.9558008827
736685434.1506661177 26992.2328560329
727040494.7542946339 25475.2429581545
726878878.5829496384 25448.7347107790
725805057.4830607176 25207.5531527065
728034285.6460831165 25638.8414984774
727033320.1988406181 25459.2842198275
728270085.5752086639 25713.2092982363
755056233.4667674303 29039.2993563153
721930051.4618092775 24315.0563077168
729788341.2396357059 25973.7718210183
726814651.6634778976 25404.2227684073
715575428.2599314451 22117.8663670177
725736839.9176189899 25140.4902063869
713125685.5412601233 21231.8482585953
722964480.1903626919 24467.8118227485
726036407.8163120747 25242.1383321695
721746417.2128461599 24201.9609824333
725805057.4830605984 25203.5340792201
712671614.6728286743 20912.5080792829
719160508.8318407536 23429.4961839342
747601836.9748225212 28457.1290292144
744626807.7231122255 28131.2642738633
713128430.1606485844 21334.2274983760
757718479.8782652617 29121.2661299706
740501955.6025665998 27553.2946721735
712270974.2788048983 20704.1120025601
731189495.2288401127 26189.0366788395
712547118.8395558596 20855.7498943731
739044909.3564337492 27233.7173511926
734842934.8679884672 26785.3333179914
722014808.1901102066 24361.2116871325
728346541.4511216879 25714.7831545807
720556595.7802609205 23913.7644327654
721516482.5445343256 24135.4463303069
721374598.1291604042 24119.5085060576
720391018.1291385889 23868.0454996600
731695636.1095991135 26276.4356204873
731837823.0153098106 26305.9739683201
728656682.0485200882 25760.3159478642
721222302.7760611773 24083.5466618929
731556808.9265267849 26257.1682136543
731269174.5656969547 26200.1654193886
726519518.4425127506 25377.1883657090
722383958.1960279942 24394.2774377528
731269174.5656969547 26200.1177661903
712586147.9972296953 20878.8732523570
722504420.1819736958 24443.9751558962
732835028.6464620829 26463.3826540065
733064960.0111125708 26573.2553374177
743115915.1615314484 27979.1725353017
725858284.1759136915 25210.1480969153
732793151.3420418501 26462.7708147121
742942180.9947428703 27960.2242831006
722003654.2119131088 24325.5410537037
743057144.2788379192 27965.0097695604
722213706.1696072817 24374.2976752517
744114942.5028117895 28096.7447665944
743572151.6620141268 28053.9557374730
719251290.1162809134 23481.3327790751
743572151.6620141268 28055.7189730420
721588698.4204732180 24141.9463313815
743060496.1925328970 27978.8538073316
744764790.6333161592 28164.0278886259
743267838.2045698166 28006.6026419416
732195577.7030631304 26377.6438079184
743626207.0944179296 28064.3415023103
733602862.6613874435 26600.9837252242
719433261.0759197474 23550.1751117932
712490816.4225335121 20812.1256928116
746071204.6098966599 28328.4992128625
717604003.6618089676 22926.8482624564
716967740.1265722513 22816.1057387704
731589490.4547238350 26257.7563429940
712411938.6599053144 20742.9139451470
746749176.6613706350 28383.7371778362
717358070.6283468008 22859.3298975422
719664845.1145445108 23594.3343352503
746466193.1354467869 28354.2906137719
716403544.8922324181 22402.3727982543
745863862.5978598595 28296.2881780877
724095659.5157693624 24722.2696081986
746656969.6833610535 28362.6519703739
718315394.4592654705 23193.9313935643
718059298.9576736689 23143.2811658253
715023223.2394473553 21947.1665239585
716615426.2899065018 22657.0995465771
746656969.6833608150 28361.5582823628
717636552.4878624678 23077.2572349783
746345352.9645376205 28332.6634001606
742547146.1158884764 27914.7115349797
720207981.1558066607 23816.8286349153
718097509.2104637623 23154.5455322095
718996065.8710235357 23392.6296177878
718852453.0481792688 23380.4642849936
716534403.3084726334 22513.1611297022
717466805.1563814878 22866.7797072840
754400445.6716243029 28981.5669086911
718177088.7367866039 23155.6879129143
742383731.2817907333 27884.1122775488
741902448.1282247305 27846.8126254492
740372510.9523892403 27548.8469299190
744261571.8196724653 28103.8880536583
716399446.2033439875 22389.8505773309
742682279.3614356518 27927.4833092716
718311345.3248480558 23174.0283098778
718364123.7116168737 23216.6911475787
732060990.8234359026 26332.4527100399
730833549.0756092072 26137.6635018140
730441841.6187458038 26065.2170682475
740818658.0490226746 27660.5158029012
724749633.0198147297 24876.0978894495
719783010.1900237799 23612.2742911378
719220939.9612015486 23474.2680296561
752728178.7971112728 28822.1458273530
731335250.6380882263 26208.3756844774
719844167.0723837614 23670.3154552618
719572919.2033637762 23564.4108346143
741266253.8390126228 27738.3922574930
717553016.8885672092 22904.7532433482
752961125.0953176022 28866.7057810426
740966787.1241254807 27694.7688394003
741058994.1021350622 27721.0163343363
741303545.1647021770 27738.8788240366
740966787.1241250038 27692.4785676412
740966787.1241252422 27692.7083192281
730785284.8304941654 26092.0682481043
741812406.1659129858 27821.6948297434
739691536.9956009388 27425.5162714440
753462243.0074697733 28923.9730501771
737458516.3373996019 27132.4970485866
737568347.4541008472 27140.2364017665
740292604.9748221636 27530.3478003461
732887896.2941462994 26492.4087822102
752750644.6990394592 28829.8397117257
724543051.5454524755 24813.3443889665
739054729.5978784561 27297.0977909267
732286828.3149251938 26389.3948115967
739691536.9956016541 27429.2932947595
739054729.5978786945 27300.4673206508
739433487.8967194557 27351.2517129965
739884213.5543961525 27451.6153683979
738133323.4496183395 27206.3532592952
737307501.7447750568 27090.8593621561
752244067.3369247913 28789.9031191468
737168936.4146404266 27081.9091782877
752633025.8802274466 28804.6974306703
752207118.9606472254 28761.4773464799
753173448.7617713213 28893.1529360414
739677376.8884410858 27411.5671651115
752887753.1393388510 28861.9890428185
752186228.2809714079 28753.6469197869
752819053.6722620726 28850.9481855035
751997346.4428813457 28732.6874247454
751997346.4428813457 28735.6619888209
739555046.9039404392 27370.1217941470
