1096956309.5733780861 18025922.7070312500
1195658674.0053174496 18959024.5156250000
1004691386.7212791443 14263948.7958984375
1004286412.3955788612 14182038.4208984375
1004410619.1469947100 14209058.3789062500
1007504797.3385393620 14651587.5595703125
1014589328.5050165653 15347843.4667968750
1016321412.2585053444 15491207.1503906250
1015956728.1671301126 15456786.6181640625
1004692617.9113078117 14272119.9287109375
1004786241.1683691740 14282490.4462890625
1006083730.6660658121 14474036.6269531250
1013693336.6643300056 15270654.6835937500
1012754888.2360565662 15183973.9707031250
1005342243.8309056759 14362012.6298828125
1010152817.0708603859 14938541.6601562500
1024699682.2482860088 16058002.9052734375
1024474247.7253196239 16050768.1191406250
1038339788.5062805414 16724588.0644531250
1019041917.0158046484 15681908.2841796875
1048513102.9960286617 17101409.9980468750
1018619861.5591157675 15653744.0673828125
1013222754.1499760151 15231624.4296875000
1018607720.3450303078 15653684.4462890625
1048565945.5192403793 17139134.9707031250
1046277165.0806937218 17007585.4785156250
1005997557.2618173361 14460443.8564453125
1012337495.5583574772 15145374.0244140625
1026335112.4554686546 16151977.7089843750
1006589013.8889211416 14536349.1982421875
1006158163.8111859560 14479612.7294921875
1004661911.3710907698 14261118.2832031250
1024996895.9944592714 16064749.2382812500
1038461065.8858925104 16728612.8730468750
1032779161.8864789009 16489490.3945312500
1008499474.9541549683 14772454.5800781250
1010062244.7925914526 14927141.4804687500
1017038002.4171282053 15545488.4033203125
1020317669.2304655313 15763223.4218750000
1181646974.5325620174 18837868.4980468750
1170554565.6995031834 18689235.8105468750
1005757694.7084681988 14420122.1523437500
1015011385.8808697462 15380206.5634765625
1005178409.8225747347 14338943.3457031250
1023967517.3255798817 16007668.9628906250
1007584414.6613588333 14661198.5419921875
1007873097.2042400837 14698666.1933593750
1196081206.8905560970 18960689.4101562500
1036840207.9453512430 16677260.1425781250
1023100900.9534028769 15967904.3632812500
1004602452.4803541899 14246772.6425781250
1018861822.3147729635 15679480.3759765625
1019093267.0748766661 15691778.8193359375
1025310530.2034434080 16088039.3740234375
1030953825.1565940380 16366890.5644531250
1030831572.2471177578 16354987.5546875000
1006140023.8233487606 14478739.0888671875
1011742051.3387771845 15090215.3808593750
1023250523.7082786560 15977300.2128906250
1035350495.4494924545 16607612.0664062500
1010965326.0588834286 15015053.7070312500
1012016277.4095377922 15118917.5058593750
1050109944.8323470354 17145157.0351562500
1009850866.0867929459 14906649.2646484375
1005084920.2037625313 14318208.2998046875
1009296237.6123231649 14851733.2119140625
1009581788.8887792826 14880027.3027343750
1195161938.2925751209 18952665.5917968750
1010372587.2140990496 14956455.8378906250
1019198612.0120329857 15698463.9521484375
1008898927.8149387836 14813780.8554687500
1013971075.1783844233 15297968.3183593750
1014598047.0801374912 15350781.1640625000
1145456441.0024363995 18464725.1015625000
1163785611.9252219200 18669135.6367187500
1020646704.6369148493 15800758.3369140625
1045150540.0601879358 16981498.9277343750
1009475487.9516093731 14876315.8007812500
1007295120.0678982735 14627716.7021484375
1008734518.3389705420 14797948.4394531250
1021830771.1589651108 15882987.2041015625
1088584439.4732418060 17918428.7617187500
1011902341.9613220692 15105776.5371093750
1024304457.7394368649 16032216.1650390625
1055714494.9486181736 17300633.7363281250
1006260438.4773085117 14496190.0947265625
1006440477.2602359056 14520373.8759765625
1014314461.0091453791 15327503.9091796875
1021008778.8989562988 15825587.5615234375
1021432269.3166779280 15858787.5302734375
1093251981.8235888481 17945460.0019531250
1005700197.5015537739 14412977.2744140625
1017791593.8166247606 15601448.4716796875
1032354566.6125041246 16458315.4179687500
1036124709.1997108459 16646554.8027343750
1006903826.7462688684 14581210.2275390625
1007188331.6132688522 14616968.3046875000
1016643346.2510125637 15512304.2978515625
1150759463.5205223560 18509592.9160156250
1150964079.4483625889 18511249.0585937500
1008733826.7861396074 14792872.6142578125
1006903826.7462692261 14581210.5263671875
1007930577.9220772982 14708945.5683593750
1010790859.5497848988 15001194.3847656250
1010663184.2992514372 14984177.2050781250
1036981003.5215789080 16683536.3593750000
1025442779.2201098204 16102424.1074218750
1028836193.9176326990 16260151.3388671875
1006180768.2354999781 14483055.5058593750
1012210305.4758024216 15135513.3281250000
1005830538.9563962221 14443234.6123046875
1005887909.3027905226 14453388.6835937500
1096260146.1305515766 18019778.3144531250
1016464746.1236060858 15503251.1621093750
1069478514.2882152796 17632386.9531250000
1025883319.5559611320 16131181.4121093750
1012434645.7690994740 15156748.9882812500
1030883244.2148467302 16360474.3535156250
1067412494.0015968084 17565733.1445312500
1031068825.7046720982 16372900.6601562500
1026797234.5617853403 16166418.8476562500
1019775604.4570899010 15736948.4658203125
1006515664.2067959309 14528956.8740234375
1005199165.8691482544 14341905.5468750000
1007883861.8915058374 14700610.2812500000
1157835302.5451700687 18575690.2128906250
1018335313.4670580626 15642588.1318359375
1049244919.3319674730 17141341.9628906250
1024250784.1451398134 16030034.7333984375
1037318439.7735106945 16704017.9960937500
1024225336.1924542189 16026317.8330078125
1032845840.9503815174 16498819.4433593750
1035802333.6231178045 16633910.8632812500
1011353502.3858950138 15055704.0136718750
1018709759.1583895683 15668278.6220703125
1030338338.2041548491 16337712.0039062500
1015151309.1046178341 15400416.1181640625
1030418271.1520018578 16347062.4589843750
1109208539.1868579388 18102314.0937500000
1109263413.7452833652 18106457.9355468750
1032036474.1872850657 16445206.6503906250
1012225239.3175663948 15136330.8310546875
1029868288.6371430159 16320252.6298828125
1031685044.1934386492 16427441.9863281250
1025054805.1145006418 16084369.0781250000
1179885605.6752970219 18808787.8125000000
1029958670.6827695370 16327014.6347656250
1026673923.9582949877 16166307.8203125000
1181448222.0579698086 18818027.8632812500
1027390915.3070609570 16209807.5488281250
1033065106.0425795317 16505696.0488281250
1154103776.8916485310 18557504.4082031250
1155548895.4918723106 18569761.0800781250
1154232611.6782336235 18564774.5332031250
1017676988.7987371683 15596876.7714843750
1017447715.4998602867 15580388.1933593750
1036203719.7695380449 16647567.2558593750
1089903011.6015582085 17919686.4414062500
1031419072.7237749100 16402790.6992187500
1029779909.6448224783 16315469.8095703125
1047254014.4257164001 17060674.1269531250
1033298171.8886895180 16509557.3085937500
1032493457.3183503151 16470370.8437500000
1013556066.2608149052 15249948.7656250000
1194513795.3276402950 18938394.1484375000
1043076450.3294472694 16891200.2519531250
1013041453.5599743128 15207482.2050781250
1029916382.8260232210 16324830.0332031250
1035693050.5100719929 16627835.0839843750
1069295941.1569830179 17629208.4707031250
1153960415.8304369450 18519311.6132812500
1193849819.2701385021 18936187.3164062500
1043157382.8945251703 16899336.5058593750
1043146860.6447702646 16896678.9003906250
1028999889.4949769974 16269831.0332031250
1134523136.0472977161 18406058.5078125000
1044312624.1522387266 16937918.5058593750
1012005077.6171784401 15115831.2910156250
1171391583.9915175438 18716653.4941406250
1069122866.4279564619 17626121.9980468750
1018164755.0111870766 15626863.4365234375
1012319745.8808367252 15144535.7871093750
1189870494.2712728977 18893013.1933593750
1110486545.2573757172 18139458.3710937500
1038524456.0147212744 16739333.7050781250
1050630505.8138511181 17169257.0136718750
1018434473.3967430592 15650545.0771484375
1018097536.9012556076 15622574.4423828125
1049654401.5471231937 17141856.9042968750
1043110304.2515773773 16896011.9042968750
1017983496.6376564503 15621379.6982421875
1038166471.7675476074 16716271.8066406250
1015044914.8122507334 15387044.2714843750
1020579739.0351239443 15796574.2744140625
1194212515.7482373714 18937585.0156250000
1171475277.6984832287 18721584.9101562500
1171685170.0187764168 18722205.1679687500
1193131937.5196588039 18907615.0527343750
1193406561.0111353397 18911561.8886718750
1041120708.9069868326 16844248.9316406250
1040611646.7837415934 16834323.8046875000
1035491028.2605993748 16613699.1621093750
1080194043.4442653656 17821359.6035156250
1079855795.2000584602 17818254.6445312500
1016726626.7261159420 15527830.9404296875
1016367963.3833880424 15492262.6367187500
1036461493.4388346672 16655041.4257812500
1108399731.7940330505 18089201.0253906250
1047664621.0304419994 17075374.1679687500
1093598619.7717146873 17948256.5234375000
1095762257.6586554050 18001395.3652343750
1042067724.5719469786 16865641.7187500000
1041695956.4073158503 16859811.7812500000
1023976811.7930155993 16019297.8710937500
1086839048.1258304119 17894887.2851562500
1086548376.4441940784 17891247.0917968750
1164912944.1511485577 18670486.3574218750
1063364609.2630569935 17464124.9941406250
1063180254.3951482773 17462245.5781250000
1076376836.2494323254 17740473.4511718750
1095532240.6777024269 17993533.5605468750
1170310234.0613801479 18682708.0117187500
1170670001.3114261627 18692397.4863281250
1040343984.0348969698 16805322.5234375000
1038064999.4586837292 16715277.7500000000
1130520075.5831491947 18336395.8535156250
1023529574.5837466717 15986564.6064453125
1025350863.0635662079 16093758.0605468750
1068685009.7304228544 17605217.0722656250
1020127638.3177473545 15761657.8876953125
1079320074.2304430008 17788525.8593750000
1189020266.8996350765 18850796.5917968750
1022915726.2584084272 15948200.5322265625
1048328521.1152564287 17086775.5312500000
1055570833.1407014132 17290173.8925781250
1069686429.7264654636 17655191.1699218750
1175372350.8602795601 18756787.9628906250
1112577984.0234344006 18162759.8183593750
1027942358.1834558249 16223376.6865234375
1022578830.1653498411 15928313.2939453125
1023807510.4596107006 16001489.1054687500
1163142905.0802128315 18576479.3085937500
1076245248.2122175694 17729836.7324218750
1076175643.9380230904 17728016.9765625000
1047234647.2751841545 17049715.7089843750
1094058393.4182415009 17953756.9218750000
1093703992.0678257942 17950148.4882812500
1068615811.5202580690 17599563.1347656250
1029622891.8743245602 16297196.2382812500
1126073348.0156078339 18289693.7792968750
1139450812.4804563522 18426740.0371093750
1139603897.8096683025 18433490.3535156250
1068597055.4365919828 17597851.3984375000
1077372396.5832231045 17751874.8378906250
1030853166.4036033154 16359035.9960937500
1077610100.4191286564 17766725.4824218750
1040609996.1229988337 16811141.6738281250
1091219334.3954534531 17925797.4042968750
1054538876.6440244913 17262081.0312500000
1065760522.7764799595 17510047.6542968750
1120771653.9424338341 18250340.4042968750
1072281735.6199805737 17709448.2890625000
1067449399.4443206787 17580150.8847656250
1179157690.0787820816 18776998.4843750000
1055206646.7074691057 17289938.7050781250
1070638491.2833386660 17671573.7949218750
1083707058.2069087029 17836304.2207031250
1083204658.7211415768 17833552.4941406250
1057052575.9413330555 17350826.2089843750
1133584695.5150074959 18356729.2714843750
1086264421.7673137188 17868783.5312500000
1140946868.9067318439 18444798.8691406250
1140708563.3549563885 18439205.4335937500
1124656628.3707895279 18255103.6542968750
1124561138.3068873882 18252123.3828125000
1058496588.8781695366 17396086.3574218750
1058156998.4436113834 17385375.9277343750
1063666993.6198842525 17480922.1191406250
1163531736.5388288498 18586267.5683593750
1054395895.3386964798 17257272.8867187500
1057994354.7249481678 17377579.3750000000
1056119378.9897032976 17320872.6992187500
1057114549.6832855940 17359786.6093750000
1058134069.5760118961 17382864.2929687500
1067045033.9010684490 17560807.4609375000
1066690330.9626353979 17555321.6484375000
1053516405.0207955837 17235287.7148437500
1056418535.6064337492 17331465.5859375000
1054160529.8330326080 17246695.9687500000
1066235734.9449445009 17547598.5429687500
1065975901.6159445047 17541885.2753906250
1053101263.4718427658 17219375.9746093750
1078517127.3385930061 17773129.1093750000
1086047711.9446630478 17858932.8164062500
1053944827.7927523851 17236796.1171875000
1079061914.1554379463 17779359.3789062500
1074518216.0272903442 17715207.2578125000
1064198944.7544808388 17490520.9589843750
1054052900.4841500521 17237366.4062500000
1061975470.3795098066 17440410.8496093750
