804652461.7216881514 30062.1973408051
804661330.7024018764 30359.6200475587
804667577.6426582336 30374.4924020037
805105510.2492663860 33836.4880768676
806207054.5521965027 38239.7821669859
807760654.3502725363 40791.8287850768
805303672.4227392673 34899.5626701061
809067015.1629000902 42927.8562465693
808424008.7233608961 42571.8520661172
805352321.7625049353 34911.1585159676
805394537.1819100380 35271.6468673964
806158405.2124309540 38235.4218240534
804603319.7903842926 29680.7970695769
804924936.2969828844 32754.2540411821
804900377.9468090534 32417.4029912372
805378603.6286509037 34934.4522389319
807530639.6699314117 40511.3135010710
805953775.7985330820 37373.0204362073
805821949.5082663298 36600.6671133042
805427379.0240060091 35307.4550042246
808267164.3250660896 42432.0619735983
804659427.0096559525 30351.7407983883
804852011.4507689476 32280.3416320357
804794768.2228945494 31634.3597437977
804938606.0866646767 32789.0861183183
805068570.8298175335 33500.2165445961
806822814.8427618742 39320.7356418226
808679882.5706248283 42597.2712698521
806167554.4483278990 38236.2005586777
804545762.9292860031 28474.9349068460
804606393.2101294994 29700.5896855643
804712671.1656932831 30937.7260276066
805254897.0273838043 34525.5165341567
805518243.7831771374 35678.6967797373
805821949.5082660913 36600.6508321763
804586406.3692395687 29637.7686437989
804659427.0096559525 30351.2526086910
804640419.1708023548 30046.4622175852
804689417.6591928005 30718.5203880264
804798607.5167562962 31707.0120044812
804807945.0056731701 31708.8967051073
805001325.1067800522 33428.1280159318
804973711.6923377514 33126.4901406505
805100350.1583821774 33835.0553487782
805187364.6656450033 34190.3487613179
805303672.4227392673 34898.9727172796
805499018.9699764252 35333.4986949075
804547331.3717998266 28607.0048941430
804586406.3692395687 29638.2299143797
804659427.0096559525 30351.3311914547
804659427.0096559525 30351.6371986462
804689417.6591932774 30725.3637616016
804689417.6591925621 30717.7216934903
804879499.9823591709 32416.0909646267
805195209.2958617210 34208.7605825845
805299258.0479900837 34756.6115707639
805254897.0273838043 34526.5032762211
805100350.1583821774 33836.0078729262
805195209.2958618402 34210.2055772427
805100350.1583821774 33835.9625865911
805098433.2760938406 33556.3985230733
806422951.3989205360 38632.8955587215
807977116.3400392532 41221.6818689549
806121159.4108849764 37815.7181236705
806222599.5900768042 38286.8009192054
804712671.1656930447 30937.4529318051
805693998.5304940939 36398.6656087000
805877125.1234155893 37003.2413725417
804547331.3718004227 28614.1147540012
804534374.5355788469 28227.4754786548
804606393.2101296186 29706.9084965488
804652461.7216879129 30061.3761991598
804665673.9499123096 30366.8504856416
805500935.8522648811 35613.4435222504
805944304.9844057560 37358.4569866960
805572667.2586784363 35680.2965107272
805528574.4921271801 35678.7675042856
806820916.2441437244 39265.3295596693
805784949.8101123571 36496.7837798991
807944354.1376643181 40881.5039025608
804583332.9494948387 29625.4220138766
804619474.4799839258 29762.6154116243
804583332.9494943619 29618.6948162374
804603319.7903842926 29681.1568593775
804603319.7903841734 29680.3138535675
804665673.9499123096 30366.7734324076
804695596.6355421543 30725.3701361549
812734522.2837342024 46341.0217038787
861269934.0049304962 82490.2374554197
812683594.9875804186 46227.5012991487
804739424.4734425545 31092.8641665431
804761397.1279273033 31348.7962169783
804702608.3435266018 30933.6019132524
804807945.0056729317 31707.1321940734
804836695.0704848766 31952.1298546178
804758104.7778811455 31323.4677601247
804924936.2969822884 32751.8737643972
804906726.3788840771 32653.4689629130
804807945.0056730509 31707.6405100390
805427379.0240063667 35308.2454166953
805740857.0435611010 36493.0071307901
806643829.0325946808 38949.2826388930
806147829.7924100161 38138.1809612473
806249269.9716019630 38610.0927987401
811636359.3234119415 45282.6528461749
811320118.1767702103 45103.1630390460
805944304.9844057560 37355.3435202841
805917634.6028804779 37034.3769886498
804973390.5800578594 33089.3853990432
804961464.1010998487 32854.4922427390
805164786.3654563427 33910.3225797453
805051574.7630267143 33461.5166702788
811653176.5726623535 45340.2360887272
804879499.9823595285 32417.3466322846
805046040.3885846138 33460.4465998482
805902472.9135379791 37008.9450995004
812513902.9778219461 45968.8862478792
805827766.9232510328 36690.5719254358
804908250.0471708775 32659.7847180456
805046040.3885847330 33461.2807331528
804973390.5800578594 33089.7546475302
805378603.6286509037 34934.4725055989
805572667.2586784363 35679.6414918174
804603319.7903842926 29680.5904064235
804603319.7903842926 29680.3447150278
804908250.0471708775 32661.0974595231
805084693.4842439890 33535.0397548322
805683247.0376166105 36166.6056113593
956793146.9798786640 127505.6637363434
806038632.8276721239 37437.0568586584
804739424.4734425545 31093.3632808627
804784860.7880656719 31428.3634741798
804836695.0704847574 31951.4219566269
804924936.2969822884 32752.1298373952
804924936.2969822884 32751.8785861745
805046040.3885846138 33460.4265182089
804547331.3717998266 28606.9061617908
804570120.7212702036 29314.3496216363
804836695.0704847574 31951.2018333359
805373069.2542088032 34932.3927601572
805373069.2542088032 34933.3858641233
804570120.7212702036 29314.5407857206
804570120.7212702036 29315.0073297974
804570120.7212700844 29314.2737489064
804958152.3293263912 32833.8072113857
806144522.7308350801 37816.6635301546
805873092.2604634762 36872.6655493803
956787885.0069644451 127341.5625553131
805816516.0019192696 36582.5919139439
805940214.4022479057 37034.3980865617
804967940.9748339653 32959.7881744415
804967940.9748334885 32957.8035448264
805251234.4525949955 34503.8747495781
805158160.6432495117 33839.8765062835
806121159.4108849764 37815.9765907487
804643592.6913130283 30048.7028755142
804689288.1709620953 30568.2760961200
804816717.8752828836 31739.8429924307
805611886.0951017141 35781.3616023533
805611886.0951015949 35781.2200290434
804603319.7903842926 29680.4346916583
804902800.4419465065 32529.7558160529
805916529.5040673018 37014.3462387700
804603319.7903842926 29687.1087639239
804603319.7903842926 29680.8201286700
804902800.4419465065 32530.1160304613
811668921.3213925362 45483.8372492194
812240646.4946447611 45603.6987448899
806582172.8994985819 38808.0336614965
806586613.4501100779 38862.8918488740
805916529.5040673018 37014.9939478714
804754595.3108481169 31304.8084058701
812225403.8163369894 45592.3307879330
808258692.4910918474 41511.3210088055
805590452.4721976519 35707.3039380886
804678200.8698760271 30519.9399182438
805645627.8588550091 35892.6157708338
806044988.3108937740 37556.4838594213
805590452.4721978903 35708.1997232713
805590452.4721978903 35707.8532877244
806077255.4988518953 37601.1819630490
955297174.9530887604 126816.9182691574
807015234.1106874943 39660.6049510800
805285221.3142375946 34537.2840693887
956690438.6683073044 126991.5116214752
808808622.4273394346 42777.4571198984
806586613.4501104355 38863.9561736940
806534483.7700610161 38705.0406108406
807301969.4433448315 40237.8188688621
806409466.0474344492 38612.9795050329
886522653.2105135918 96219.7034020748
806801676.3188395500 39253.0350143353
806770389.3822326660 39235.8999279976
955831459.6762454510 126901.4921283722
805658839.8887903690 36073.2380488330
806077255.4988521338 37601.4187966213
805674439.1071814299 36140.8291076101
806586613.4501101971 38863.8957862496
956309058.4020154476 126979.9376544952
806112917.4129831791 37724.0413557147
822555531.7022995949 52344.3073586259
828141384.3537257910 58577.6384629723
806983522.6581745148 39556.8545970706
808861991.4442542791 42918.4807254476
809792774.1601234674 44508.2953143473
809679248.5604280233 43845.4569931839
932327195.2306730747 113612.6329385510
953917918.7551915646 126215.8726234436
910839684.6345664263 104260.3012059436
910471764.7258162498 104013.1057217822
887115638.6414194107 96728.5412767886
838277517.9151010513 67390.4092506603
954148922.8741263151 126245.9366760254
871552756.9233760834 88776.2779750373
927900473.3513975143 108457.7576584746
953823614.4163893461 126087.3555423617
813158329.2877489328 46494.2220632705
809152547.4761655331 42959.5489285944
955266156.5120050907 126431.5720996857
919669746.9299490452 107017.7723629250
919961532.1281889677 107092.3103725686
874688698.3949240446 90954.9557749492
949970597.5728983879 123630.6690751016
950497006.0102208853 123640.7208252847
915816855.0029292107 105074.7347082380
915865675.4347327948 105095.2177557233
809387539.8489987850 43231.3060658495
809465495.8869688511 43473.1435193020
809316458.6649146080 43201.5092031481
817543251.4063240290 49834.5114036797
817533235.1045986414 49833.9271653587
908335937.6817222834 99375.6026043010
809380645.1945143938 43221.5389157174
947549387.3275066614 122391.6141569009
833942544.8480135202 67245.6517489970
833335517.0610848665 66961.0928042948
813180228.7038935423 46500.7184217462
813128416.4514267445 46358.7904564706
871004627.5612773895 88076.8339194698
947347518.9589251280 121721.1228530781
953129040.5199954510 125395.7895503044
953487089.5022263527 125436.1157641411
915148377.0334283113 104353.1970230225
868516349.6865636110 86831.4839146925
855012725.8455196619 74519.8164727367
951431929.4224311113 124322.9417473674
850974549.3333148956 74412.4218472369
949594264.7825361490 122611.9422568372
843831844.8799084425 73203.3311093809
843192700.3979183435 72843.9189637160
953123227.0339806080 124353.4663078189
816899653.6147701740 48170.3032630132
816447450.9528312683 47798.8502600835
832004908.5494899750 65531.6440708028
832035193.9570474625 65569.8919193136
864440887.6955384016 85451.4039936985
934613070.2270302773 116727.0842019799
877041238.2175251245 91190.0922068720
823281545.0275118351 52483.6585166957
821879924.5685163736 51822.0502355607
813731139.3857121468 46537.9712316939
813896890.3218245506 47074.8146973461
810906553.6010701656 45073.5762601886
810107708.1362574100 44698.6680699776
814089791.3633792400 47328.0004132781
814507255.3862792253 47651.0116582983
813996138.7704912424 47279.5586553686
814257993.4446167946 47431.5704005453
866617911.8968644142 86721.0520257633
813849529.1814408302 46681.2625910155
812697135.2311693430 46295.2911108414
814212655.2595381737 47399.2039002571
812463863.9822001457 45933.1231270921
810669855.1114033461 44720.5040024228
813778569.5251191854 46666.2169501124
842568240.7123556137 69704.4411379117
841822346.5604125261 69331.3790420755
917426564.9961948395 105320.7962709451
826341075.1794564724 56542.7835349408
831008930.9667245150 60948.1993868932
870870352.6782793999 86968.3015942514
870683685.6857712269 86898.8684277475
856714602.8045676947 75028.9050468078
900425826.7579538822 98909.8168967816
947174277.3648000956 118376.8839234039
829169879.0868051052 59015.7283084669
828523197.1394314766 58687.1327749916
856730370.7692016363 79405.4409952844
828079422.0900940895 57090.9045904027
816882687.6803877354 47904.2451676743
855685005.0474915504 74987.7557897074
855525301.7886387110 74651.4074353678
824936149.4050524235 53131.2757206501
824554035.6204419136 52822.7264532250
824562729.7288107872 52823.4299601716
824479095.1519250870 52683.8531970483
824416151.1098620892 52586.2895936471
824407648.2484190464 52573.7989172441
825360217.8530780077 53385.5501830683
825344886.4365391731 53171.3931745327
