173871417.1544153392 2664472.4511718750
171673615.0684080422 2541084.5908203125
171398408.9174606800 2520709.3906250000
171218485.3557870686 2505584.9658203125
171193511.0681435168 2504848.9658203125
171518795.7311704457 2531508.8085937500
170865523.4514185488 2478841.7919921875
171237743.4472906888 2507642.1142578125
170939042.3919279873 2486005.8134765625
172849385.4796935916 2619013.5175781250
170787871.4279124439 2473534.7089843750
172599528.7797321081 2608791.9746093750
174201213.6509082615 2675499.1699218750
185867630.4351437390 2765753.4453125000
178638487.9819473624 2757110.2285156250
171039415.2715424001 2490555.3828125000
170711548.7402901947 2466099.7080078125
176353265.0916621983 2732482.6660156250
170735952.1174663305 2470503.5322265625
172413688.1185750067 2596839.6835937500
171237743.4472907484 2507711.9248046875
171412430.5554132164 2525181.3964843750
175184272.9507495463 2706673.8828125000
171610211.3968404233 2538221.7988281250
170549475.7758097947 2449857.7705078125
174511798.1295993328 2687638.0996093750
173297537.6983179152 2642734.8222656250
172759971.6823528111 2615142.6191406250
174511798.1295993328 2687638.6718750000
174456188.5137431920 2686556.7617187500
177850350.3101443648 2754044.6250000000
171683730.3373497725 2545494.6347656250
171506674.6411692798 2527309.3320312500
173095682.3741363585 2633580.9785156250
175816157.5109745562 2720640.0371093750
171803875.8867220581 2551840.4697265625
172518296.2678349614 2607685.4238281250
172759971.6823528707 2615344.8066406250
174511798.1295993626 2687669.7226562500
172184756.6130202711 2584468.1835937500
172849385.4796935618 2618999.2714843750
170868866.8553603590 2482493.9912109375
173368392.3083300591 2646811.0546875000
173871417.1544153392 2664533.8652343750
172974673.6333117485 2626439.8300781250
174511798.1295993626 2687644.1953125000
171506674.6411693096 2527334.8242187500
170995647.1951138675 2486007.6533203125
174084225.2285487950 2674114.5371093750
178894207.6452426314 2758089.4316406250
171712229.9134365618 2547983.0371093750
171268832.6560412049 2511282.4892578125
173519026.2665570378 2653645.7792968750
176725024.9851423800 2739979.4101562500
172729328.7001048625 2610156.9765625000
180315645.8967327178 2761304.3066406250
174678847.9245833457 2694654.0937500000
171803875.8867220581 2551839.0205078125
172253096.7460076809 2588127.8125000000
175123643.0328167081 2704896.2832031250
173683441.1395115554 2657404.1679687500
174678847.9245833457 2694742.5644531250
173389400.5534810424 2646956.3242187500
171859796.6395090222 2555424.9199218750
171795091.6369646490 2550729.7128906250
173497716.4059349895 2652334.0156250000
173728092.5518430769 2660605.9628906250
171870390.1316184402 2557600.5429687500
181455005.4966282845 2763809.8007812500
178805673.3149310648 2758025.8652343750
171783318.5523483157 2550581.8847656250
171506674.6411693692 2527633.7617187500
178023373.7796191573 2754682.2011718750
173389400.5534810126 2646939.1210937500
174767006.1514328122 2697373.4355468750
172411090.5036833882 2592631.4785156250
172184756.6130203009 2584520.0996093750
173209671.3945301771 2640135.3164062500
174595363.9480548203 2690647.2773437500
177699246.5137957335 2753156.5683593750
172184756.6130203605 2584571.8125000000
177880484.8228737116 2754129.0957031250
176319045.1393876076 2732224.2597656250
171926736.5448809564 2561093.7070312500
170683263.2786524892 2462735.2910156250
171853217.6043715477 2553932.9257812500
172136494.8770228922 2577200.3222656250
172891119.9679118097 2624740.0058593750
171974998.2808784246 2568461.8476562500
177581177.6027733982 2751727.7480468750
172661386.6406790614 2609655.8652343750
173577458.5936160684 2653867.3574218750
171618995.6465978324 2539290.4873046875
174678847.9245833755 2694781.9101562500
175146697.5517699420 2706653.8847656250
172080148.4637603760 2573703.1230468750
173246316.3323632777 2640292.5820312500
173072532.6265990138 2631924.2539062500
171057534.4427165091 2496063.9238281250
173683441.1395115554 2657452.1660156250
172184756.6130202711 2584362.2050781250
174980963.1972625554 2702793.4824218750
175787163.7567454576 2719545.5253906250
176025753.2705621123 2726797.5859375000
172283068.6138486266 2590453.1660156250
176468530.3926303089 2733643.3789062500
172111237.6725108325 2577104.2402343750
170487888.7931773365 2440762.5937500000
173497716.4059349298 2652298.7753906250
174980963.1972624958 2702637.6875000000
173389400.5534810126 2646838.5546875000
170677587.2444823086 2458413.5937500000
176319045.1393876374 2732277.4785156250
175977450.7741595805 2724571.7187500000
173865660.6226162910 2661480.2070312500
173865660.6226162910 2661543.7617187500
172080148.4637603164 2573655.8652343750
177367654.9434062243 2746854.8378906250
173071138.7707573771 2627498.4902343750
174918789.0813561380 2699956.0039062500
173072532.6265989542 2631861.3007812500
174266526.7368846834 2677875.4003906250
180315645.8967327178 2761301.1171875000
170784504.0495803654 2473090.0732421875
170797660.7221626639 2477286.6142578125
170787871.4279124439 2473535.6640625000
174637682.0538278818 2691886.8945312500
176629823.6558153331 2737464.4199218750
174384889.3637840748 2683929.1171875000
176353265.0916621983 2732426.0097656250
174678847.9245833457 2694629.4375000000
176629823.6558152735 2737308.7343750000
172413191.1807621717 2592832.6269531250
176218568.8324911892 2728760.6074218750
176761793.3541006446 2741927.8613281250
170930281.0159688890 2483426.0810546875
175237517.5618841350 2709912.5019531250
172413191.1807621717 2592960.8925781250
173389400.5534810126 2646835.5566406250
176629823.6558153033 2737454.2871093750
172376440.9942030907 2591360.1660156250
177554558.0397467613 2747236.9570312500
173162300.0513185263 2638723.6562500000
174678847.9245833457 2694634.9667968750
185296224.7737789452 2765299.6406250000
173518724.6510860026 2652338.1523437500
175342710.7328144908 2711168.7734375000
172152288.0954666436 2577226.5195312500
172965257.8074184954 2624975.2207031250
171926736.5448809862 2561167.9414062500
176319045.1393876076 2732197.3984375000
174266526.7368847728 2677982.8085937500
179971520.0613399446 2760999.7011718750
172743482.5593196750 2613057.3496093750
176089279.0294247866 2727755.0937500000
173871499.1796465814 2664562.9101562500
170600548.3843296766 2453317.1542968750
172829411.3632154465 2618013.7695312500
174084225.2285487652 2674078.0332031250
172829411.3632154763 2618175.1523437500
174678847.9245833457 2694670.9101562500
176234005.1387811601 2731584.2421875000
172955360.0763214529 2624845.2871093750
179971520.0613400042 2761098.3808593750
172448006.0480608046 2600547.1230468750
178015843.4957439303 2754480.4394531250
174935402.2892048657 2701900.6464843750
170744806.7574309111 2471288.4423828125
171328525.8555294573 2519265.7080078125
174191560.4579286873 2675194.5156250000
174980963.1972625554 2702696.3085937500
173431339.8555078804 2648294.2578125000
174935402.2892049253 2701928.4472656250
170744806.7574309409 2471339.4873046875
174266526.7368847430 2677941.0234375000
171926736.5448808968 2561093.5859375000
170609744.3381430209 2455430.3515625000
174293844.0108033419 2679491.9667968750
174742317.1068207920 2694794.0742187500
172722737.7877418101 2609872.2636718750
179248820.1759664714 2758962.9609375000
175086156.3681928813 2703831.9121093750
174678847.9245833158 2694623.2421875000
175085482.8024557829 2703030.5839843750
180315645.8967327476 2761444.3164062500
176072711.8755961359 2727723.0839843750
178056916.9389400780 2755222.3574218750
178894207.6452426314 2758069.6464843750
178894207.6452426314 2758097.9472656250
176629823.6558153033 2737450.5117187500
176629823.6558153033 2737425.8378906250
178056916.9389399886 2755047.2050781250
174084225.2285487652 2674084.0039062500
173683441.1395115554 2657402.3789062500
174084225.2285487652 2674048.7441406250
175440341.9226250947 2714046.8535156250
173683441.1395115554 2657443.9628906250
175290827.2940168679 2710023.0937500000
176629823.6558153331 2737542.1992187500
173683441.1395115554 2657517.0195312500
178687641.0164470673 2757226.7304687500
171125593.1223695874 2502403.2949218750
185685510.5175733268 2765418.4238281250
170598875.4506527185 2452485.8281250000
174699856.1697343886 2694783.0898437500
173133753.4606297910 2634403.0742187500
176234005.1387811601 2731620.1699218750
174876865.7949452400 2698619.8593750000
176629823.6558153331 2737460.1250000000
176174319.0300312638 2728274.5683593750
175258525.8070351779 2709950.4843750000
173683441.1395115554 2657432.6816406250
173896167.1884137392 2667109.5859375000
178509198.1788809001 2756064.6523437500
176401676.0889584422 2732689.1093750000
176089279.0294247866 2727887.6699218750
173896167.1884137690 2667133.0898437500
176234005.1387811601 2731678.6679687500
180561642.6306560934 2762068.6308593750
173431339.8555078804 2648473.9062500000
174266526.7368847728 2678003.5507812500
180081981.2986261249 2761112.6679687500
173917175.4335647821 2667234.7753906250
173602208.6276144683 2656562.4843750000
173602208.6276144683 2656437.0214843750
174362689.9748421907 2681643.1347656250
175232936.5741229355 2707483.5937500000
175939834.3876763582 2722797.5664062500
178509198.1788809299 2756146.4394531250
173994799.5968808532 2667516.0527343750
175721593.7934965491 2718396.3417968750
181303901.7002796233 2762835.7187500000
175969465.2650814652 2723412.8769531250
174362689.9748421907 2681602.8769531250
173683441.1395115554 2657446.8652343750
175232936.5741229355 2707718.9355468750
175721593.7934965491 2718428.5507812500
176683209.4717941880 2737743.3203125000
175698039.9672659934 2718329.3593750000
175602778.8658294082 2715014.1601562500
175598268.3807275891 2714101.0742187500
173994799.5968808532 2667622.7578125000
178509198.1788809597 2756249.0312500000
178509198.1788809299 2756155.1796875000
175643829.2887851894 2715282.1562500000
182107094.9397182465 2763950.3964843750
178509198.1788808703 2756002.2050781250
174174631.9347071648 2674612.5527343750
179309525.7277617753 2758990.1621093750
175656258.1896384358 2717825.7207031250
180116208.1946980655 2761246.7636718750
180315645.8967327476 2761355.6132812500
175751378.9351539612 2719181.4921875000
185276063.3544589877 2765277.1640625000
178768097.6566733420 2757683.4492187500
175859333.2304509580 2722255.5703125000
178509198.1788809001 2756106.5761718750
176550876.2297872007 2733686.7597656250
178768097.6566733420 2757461.2050781250
175656258.1896384358 2717820.0292968750
175656258.1896383762 2717786.9746093750
180386830.8324178457 2761461.5742187500
179455561.7460285425 2759168.9746093750
176280706.8053390980 2731802.4589843750
175859333.2304509878 2722271.6972656250
182036282.0812981427 2763934.9335937500
176629085.7597124279 2734489.1835937500
176964137.0402414203 2745864.0156250000
185273253.9240010977 2765276.4628906250
178958918.3049102426 2758245.6250000000
178575313.0058834255 2756400.9804687500
175859333.2304509282 2722211.0351562500
179198630.8476453722 2758766.0019531250
175859333.2304509878 2722277.2968750000
176581010.7425164878 2733774.9140625000
175859333.2304509878 2722275.5546875000
175889467.7431802750 2722587.3417968750
184990670.9753284454 2765190.5664062500
184221850.5869723558 2764567.3339843750
183486832.3562383652 2764453.8808593750
183241307.2479420900 2764062.1503906250
184682326.3669202328 2764649.7109375000
181082769.4361942708 2762609.0195312500
184951996.5035587251 2764851.7734375000
179523364.2807338834 2759487.9843750000
180906313.3535709977 2762235.2460937500
179816951.4201821685 2760399.6523437500
180541942.6904754043 2762017.2246093750
179638386.3079821765 2760196.1093750000
179816951.4201822877 2760557.4804687500
179638386.3079821169 2759849.9941406250
184980633.1660591066 2764984.1269531250
179816951.4201822877 2760592.7167968750
179816951.4201822877 2760545.4199218750
179922670.0226400495 2760774.3457031250
181067155.1213564873 2762482.3476562500
180500892.2675195932 2761741.2871093750
179877931.4563415051 2760677.0644531250
180541942.6904754043 2761847.9003906250
180541942.6904754043 2761789.9648437500
