178722143.2374689877 1764372.6015625000
176036081.1215984821 1642475.0849609375
178074080.4247254431 1748314.0927734375
180273444.5865229070 1823691.7099609375
178732168.4495134354 1765393.9775390625
173763773.5336780548 1451763.2414550781
173364961.0730059147 1396106.3806152344
173558950.6478307247 1415960.2214355469
173098258.8190726936 1326732.4606933594
173864142.6146603227 1461655.3479003906
172989154.3977432549 1320464.5129394531
173875159.4425728619 1471573.5246582031
176530963.4681424797 1671331.8105468750
178972476.4530012608 1783561.7548828125
173634638.6820090115 1420909.0427246094
174434656.7139828801 1517780.6552734375
173644487.1384206414 1440371.8298339844
181393691.4804115891 1866274.3037109375
172985189.8143011928 1316737.6962890625
172849534.3864815533 1305996.0129394531
182140321.0507778525 1887601.5712890625
181645209.0323898196 1875234.9130859375
182519731.0005126297 1897400.2255859375
173236194.4680574536 1342944.3955078125
176263486.4082260132 1661871.9086914062
176795792.5132477283 1685975.4907226562
176170297.4996775389 1652275.0747070312
176206067.6384295225 1655754.6826171875
176070959.1262422502 1646346.0888671875
176862455.3762435913 1689298.8876953125
176953605.8058868051 1699197.0517578125
178048011.4189424515 1747543.9667968750
176620559.3404959440 1678074.1381835938
176671807.3925797045 1680821.3579101562
177135662.1019745171 1707501.8417968750
177270770.6141617298 1715181.8535156250
177170787.5537243783 1707626.0712890625
176891531.8240061998 1690609.8012695312
177455427.7849711478 1724040.7851562500
179571365.1024528444 1802658.3564453125
177533477.4975708127 1725582.8027343750
173486393.1532950699 1408897.3806152344
180766659.8947544098 1844545.0146484375
180874085.2698656619 1849940.2490234375
176399874.6868213117 1665930.5737304688
181291777.9492273331 1864000.1660156250
182447024.6520735323 1894552.6357421875
180918386.5138228834 1851062.4150390625
176132392.8596252203 1651538.5483398438
180262254.3205797076 1823252.8613281250
172852578.2786558270 1306770.1330566406
180680906.2966721356 1840891.1796875000
172906353.5537559390 1308000.7482910156
182045275.6995749474 1885224.3974609375
181161530.4161017537 1859461.0380859375
173609107.4873664379 1419039.3303222656
181224284.1235699952 1862263.8339843750
179897314.3742811978 1812790.7666015625
181778132.4524567723 1880177.1611328125
174249500.1854300499 1496886.8176269531
179533577.7574383020 1801345.9160156250
175837761.3627259433 1617914.5800781250
173451335.3646212518 1398210.1667480469
175997125.4570445716 1633341.8657226562
181225656.5232436955 1862389.7285156250
175846461.3776996136 1625274.1030273438
173756509.1434257627 1449168.6047363281
193490130.2898913920 2020843.7705078125
182495616.9244152904 1895023.0117187500
179404804.4206258357 1799810.9736328125
178953095.2713412941 1780163.5771484375
175907926.7000560164 1630956.3793945312
173271990.8744156361 1392660.7248535156
179689158.6861634851 1804318.7851562500
180986746.5162132978 1852662.8154296875
172797557.3538535535 1289491.9348144531
179395310.4466378093 1798434.9589843750
174299373.2603330612 1500182.6520996094
181548531.6850707829 1871997.3183593750
176017293.5015832186 1636973.9819335938
181753626.7899093628 1879153.6699218750
173585735.6280205846 1416110.8469238281
193542400.0686361194 2022382.4931640625
173072481.3853328526 1323997.0129394531
179537354.6577009559 1802249.2568359375
193325520.2214525342 2020655.2519531250
176479572.0097509027 1668306.1035156250
173170292.3511110842 1336498.1115722656
181942195.2311652601 1882654.8066406250
172975573.9448469877 1310115.2121582031
174988195.4322800338 1558332.3552246094
173456292.5630460978 1399711.6262207031
175109918.5745553076 1567201.2897949219
174124790.2993491888 1487701.8610839844
174551426.3403856456 1529687.9074707031
175647546.2674167454 1604127.1791992188
173146938.9669747949 1332253.3337402344
174006088.7948688567 1473158.3303222656
175003039.7565080822 1558871.7604980469
175075438.0224190652 1565392.2956542969
174046208.7431013584 1478555.3356933594
175701175.0791914761 1612499.8823242188
180461018.7182562947 1831393.7119140625
174115239.1644819379 1481078.0183105469
173269598.8339636326 1347344.4645996094
174432464.9973315001 1512050.8081054688
174860308.3709547520 1548381.3840332031
174233848.8322522938 1489777.3735351562
178998950.8665975332 1784606.5849609375
176533921.3029916883 1672703.5981445312
178848390.5944008827 1779666.9326171875
173251872.0274610221 1346009.7067871094
181023324.7996968329 1855731.7158203125
173179347.8261388242 1341162.6188964844
173113289.6437227428 1329895.2077636719
175165203.2343224883 1569655.0124511719
179095458.3375877738 1788523.9755859375
178732492.3688823879 1776309.6879882812
174031018.7157905996 1476462.9096679688
178150842.9961923659 1751083.1010742188
174826542.1943573654 1546623.4167480469
178244985.7891164422 1754278.1606445312
173483984.6043906510 1400257.2048339844
178441613.5457535982 1760716.6020507812
191767791.2717937827 2013344.4345703125
191444143.0990219116 2012651.4423828125
191902310.3323158622 2015819.5039062500
181013017.7509278357 1852866.7216796875
177387935.5738074183 1720346.7373046875
191132487.1100199223 2011032.1806640625
174725690.8319183290 1536421.6333007812
174775745.3907544613 1541514.2539062500
174547520.6196132898 1525549.9826660156
178006462.0797643065 1746359.3745117188
174749078.0272162855 1539294.8635253906
177649316.4428724051 1732625.9355468750
177726442.0582280457 1733049.0268554688
177753183.8975622952 1736087.6875000000
177596178.4012401998 1730331.8310546875
177481210.0019614697 1724696.1484375000
178488410.2913416922 1764170.2285156250
178226909.5336931944 1754142.2246093750
174405160.2600234151 1507447.5603027344
177179844.3695680499 1710590.2333984375
176718280.4106941223 1682943.8369140625
176585741.7866484821 1674977.2851562500
177052370.7050911188 1703059.7529296875
177328823.0877126753 1716367.6723632812
176851183.5641818345 1687308.8125000000
177222904.3851104677 1713982.4423828125
183568541.8608197570 1918940.8085937500
175619276.2594545782 1601611.4169921875
174320229.4863018394 1503744.8596191406
173853393.0448872745 1452812.1684570312
175552055.4768750966 1598717.1960449219
176678619.6228438020 1681785.4291992188
175499381.3252314627 1594868.6462402344
175279927.0872208476 1583264.1638183594
175374887.7952983677 1588206.8737792969
183629972.0248320401 1919134.8027343750
175417687.8449376523 1588854.1589355469
184515561.4943464696 1939049.4287109375
184035697.8311856091 1929547.5927734375
175472924.1332812607 1592946.7385253906
183639553.9804479182 1923245.2187500000
183778294.6833054721 1926160.3193359375
174231789.9996116459 1489107.6079101562
181105792.7830695212 1857165.9990234375
175223539.1192828715 1576421.3142089844
180249140.6801910698 1822981.7402343750
175040451.2483649850 1563152.0329589844
174259526.4718469083 1499834.0639648438
185818218.5346500576 1956441.6113281250
180168540.9950065315 1820835.4218750000
180465171.1989243627 1833794.8476562500
175802081.7376258969 1613636.1191406250
180352107.0173463523 1830195.2749023438
183234216.6944802403 1912383.0458984375
174366036.1351947188 1505339.9162597656
177745793.2513004243 1733413.1025390625
177451076.0691433251 1722149.5883789062
180624083.8205405772 1839266.0566406250
196776995.9190455079 2031729.3212890625
177354422.0044746995 1720061.1333007812
183040483.9230965078 1910405.5625000000
175832151.6350003183 1617482.7343750000
182915116.2501533031 1908179.1318359375
178160366.4669413269 1751881.1835937500
177836793.6122219563 1739032.4345703125
182539570.9035554528 1899636.3085937500
178047013.2681418359 1746861.5800781250
180815051.3473776877 1846664.4384765625
174902157.1016147733 1556463.9440917969
182778172.9636539519 1903800.8417968750
182503497.2852747142 1896668.2255859375
196576865.0383417904 2030978.7978515625
182348139.5106351376 1893137.6347656250
180617010.7820338607 1839138.6904296875
182553234.6154737473 1900293.9863281250
174787812.3037750423 1543127.1516113281
174454985.5684098303 1519515.4440917969
174524502.8883346319 1524743.3806152344
190953582.4510944188 2010599.7929687500
182179345.9719886780 1891818.8798828125
181958123.4419476986 1883320.5986328125
178262842.6494481564 1755842.3383789062
196540240.4295033216 2030655.1630859375
184125452.9689947963 1930631.9619140625
181274841.2119818330 1863518.6542968750
181585728.8542418480 1872450.5898437500
185825458.6984437108 1956719.9042968750
194338090.4783228934 2026127.2265625000
194503175.7967533469 2028385.4101562500
181718013.7238360941 1875374.6572265625
194637694.8572754562 2028634.3095703125
196714721.1757728457 2031429.2216796875
196311680.9524567723 2030249.8935546875
196177161.8919346929 2030014.5820312500
182080085.9644406438 1886653.5556640625
175795829.6168279946 1612980.5019531250
175036116.5230490565 1560177.1860351562
175080843.7053574026 1565715.5395507812
194312627.9562341869 2024038.6894531250
193999128.2221770287 2023761.5478515625
189917527.6725104153 2003162.0087890625
196119697.7082803845 2029099.2304687500
184738615.8993169367 1942728.6376953125
184314120.9418426454 1935341.0751953125
185121032.6136300266 1949159.1894531250
185406542.8861180544 1953609.5751953125
185335316.0896789134 1953370.1630859375
186415329.3961811364 1969069.7910156250
183243886.7267027795 1912861.9560546875
185891964.6874420047 1959702.0390625000
189896112.3337452114 2003055.0839843750
189404892.5868459344 2002794.4160156250
181733950.7922202945 1875954.7070312500
195797859.2057155371 2028716.2119140625
195932378.2662376165 2028979.5761718750
186378113.6047844887 1968715.8935546875
186729672.1152806282 1972458.6416015625
185951933.1895778477 1962339.4287109375
184859416.7277208269 1945156.1142578125
185917498.5722309351 1961653.1718750000
185946523.8721543849 1961837.3593750000
186182720.2552558184 1966822.2871093750
184663791.6951494515 1941218.0478515625
190743361.0832074881 2009916.6875000000
179937880.5011334717 1813562.1054687500
190563354.9366683364 2009913.5634765625
179667988.7076672912 1803732.8867187500
189021840.6132758558 1998013.6777343750
180068291.4314028025 1816880.1166992188
190207335.2244237959 2006862.6308593750
190535561.4071023762 2009215.5839843750
189091313.0439313054 1998834.6142578125
190361674.9524496496 2007293.3593750000
191164053.5297676623 2012500.3554687500
189014176.8262732029 1996933.9882812500
189992600.5797427893 2005632.0214843750
189975125.4202024341 2004580.8417968750
190001197.4894379973 2005821.4824218750
188363325.4849593043 1991637.7949218750
183329781.5627990067 1915294.8125000000
183472095.9786306322 1918922.7363281250
187589584.9912535250 1982694.4189453125
187764337.2986487746 1983874.9072265625
184218105.5802302361 1933379.4638671875
187232514.0464948416 1977784.6601562500
188104664.2191054225 1990259.8544921875
184539339.6060585976 1940943.5019531250
184397025.1902269721 1937571.6015625000
187404429.8697640002 1980053.6943359375
187792251.9882436693 1984163.8916015625
184166861.2261679471 1931515.5917968750
188019745.9984633625 1987026.1113281250
185044215.8969624043 1947959.5888671875
184769492.8635863364 1943676.5175781250
188168646.1585850120 1990839.9179687500
188681102.6308022141 1995389.5771484375
189252051.1806208491 1999235.6464843750
188293591.4715665877 1991607.2138671875
187586919.2487831116 1982248.3349609375
185257812.4637014866 1951456.9238281250
188763618.8069766760 1996069.7089843750
188582964.8985228539 1994348.4208984375
193936277.7675120533 2022852.2343750000
185478103.1727811396 1955031.5800781250
192466206.9656482935 2017163.8847656250
186589585.2717438936 1970185.2626953125
186668900.0313132107 1971569.3613281250
186705260.3477510512 1971721.4423828125
187129935.0544137359 1976916.9404296875
192300130.0378147066 2016698.6738281250
192251157.1681724787 2015902.4121093750
187014259.9784064889 1975380.5849609375
192264047.1093193293 2016651.9375000000
192839188.9213633537 2018936.5039062500
192856799.1458761096 2019547.4355468750
192506744.6321539283 2018495.2685546875
