137923479.9475842416 21008.8958511353
138397025.9693922102 21406.5197143555
138461196.1377455294 21423.1119079590
138719189.0244708061 21572.3866882324
139110739.9420173764 21679.3869476318
129855186.9354423285 17200.9583566785
138283596.4736638665 21213.1266880035
137307996.6034016311 20725.3869932890
128818683.2820672840 16749.4296357036
129986728.7378255725 17320.5444315076
128888731.3617924601 16834.7473987937
138303035.3759196401 21390.8104248047
115681548.7853521407 7772.3166063353
139016749.3485448062 21663.6776580811
138694662.3702060878 21563.0624237061
116694486.5812714696 10661.4510391355
134596063.7531537414 19381.3455758691
116695899.2451364100 10774.3204304576
129350351.9550602287 16997.2671753764
115623482.8914306015 7538.4121379307
115697427.3328460753 7940.2514042780
129457703.9260087162 17024.4891437888
129002888.3082303554 16893.4642567039
115602065.7198570073 7382.0861930773
116526610.0006563067 10371.7250192799
136263949.0485856831 20522.7459131479
115595997.8224007338 7368.9686360285
115553637.4268923849 7034.1459189579
138773122.1795537472 21580.6237182617
116058675.4264190346 9379.1483572163
138543842.8549661040 21548.7868499756
115559705.3243486583 7047.2634760067
116539650.2323046476 10397.5532158054
133005893.8878723681 18988.6667186618
115529890.5475875437 6711.6591864154
115523822.6501312852 6698.5416293666
115667583.0591531098 7754.7130449936
116087960.6344360560 9459.8481405415
121701130.9189124107 13032.1888918281
118972971.7320627719 11966.4190545864
121084650.7710933387 12660.7358888984
118248402.9774479270 11581.5436273403
136616531.7987945080 20701.2320785522
115517774.8555196524 6556.2408637330
134808856.1557177007 19753.0822509751
115483781.4938912988 5954.4583328292
115698892.3488336056 8080.6351146623
115682070.9377303869 7885.3063435480
129681791.5822983235 17035.6050718427
132598651.6896326542 18911.4150821567
115483953.5042081922 5960.5767767951
137827770.3197227716 20967.3976440430
135828127.9751385748 20172.8442630768
134796500.4540413022 19654.3738732934
115764554.6966648251 8325.9808233306
115696412.0889588743 7924.2367896959
134257697.2669319510 19275.4498339370
133210470.8462482840 19143.2788707614
131812560.7309677899 18039.0417071581
116701871.9571122825 10836.3743489322
135386479.1477810144 19783.5283672214
138906797.3692264557 21580.8320922852
126379216.2005730420 15176.6660593823
136045584.8544999063 20351.5873361826
125984276.2297771126 15144.7959411740
116071031.1280954182 9410.3444268935
115746171.9018597454 8200.4109198377
116084071.3597437590 9445.8068349995
116555418.3618942052 10403.0475176610
133481257.2650647312 19148.8864757419
138174949.9271427691 21091.9621887207
116329339.2568605393 9845.8361622132
115904574.5425674468 8926.7314694383
116473987.8844734728 10183.8600645103
135016574.8245552182 19759.6405472755
115721419.9429327548 8138.3059035465
115480764.7991002947 5953.1854141280
121736072.9852254391 13063.6472887397
115894836.3320435882 8925.9008731879
115711248.0505099893 8085.1361088678
115475673.2784668803 5917.1049354598
115473877.8736796677 5891.5533342883
131161780.4306323677 17992.5738433003
134063825.5806180686 19204.7981426120
116492577.0035089403 10364.6873090900
136470983.1874512732 20594.8439769149
122641324.2102779448 13479.0923952460
128666800.7055360824 16467.2426125407
115881796.1003952473 8890.4384650819
115681927.8866499811 7785.2728925869
126645540.6310608238 15991.8929117322
135822972.4927847087 19945.2998447418
116165058.3246610910 9676.6100230850
116178697.3042220622 9699.7194041051
115688138.8351866752 7898.4239005968
115789950.6299895495 8365.4413183257
134168451.5200027823 19209.2020788863
122230413.2441404164 13422.1596967537
121775955.8943462074 13141.4525484443
123671901.1856858283 13845.7083322364
135965428.8760381937 20253.4165903330
121446670.5265269578 12749.2944292426
115776910.3983412236 8330.4818175361
128497762.1589561552 16452.6230679320
128015708.9791294485 16178.2282417417
115845783.2896908075 8786.1638984717
115970966.4445784688 9259.6310405499
115764079.3536015153 8201.8583924212
115937375.9319794327 9066.9120033421
131805581.6273668855 18029.0746367574
116578576.5000216067 10438.1797979511
115585881.7436889559 7230.9001177475
115628242.1391973048 7565.7228348181
134733364.6540533602 19461.7798867822
117972246.9873760641 11187.2219476190
117743058.0522826314 11069.3757360615
125503585.5116438866 14823.9884945154
115504562.5419298112 6502.3792291931
130998151.2607576698 17426.6209563017
132079724.3847450614 18722.4309217334
115982892.2495308667 9265.2984371223
115950109.2993933409 9220.6036609830
120887586.4076383412 12183.8246701658
116330334.5480420291 10120.7193337120
115889115.8048008382 8907.1280078206
125364307.4023251534 14672.0137821436
116611091.8131341785 10512.5571458973
115472716.0947819650 5653.2529904246
116092557.3660899699 9601.7963970937
115580032.8078574091 7199.6203249618
115799293.1680224240 8526.7251108864
115846317.6508234441 8804.8970136680
115866337.3626286685 8820.1402224281
115486578.4257546961 6220.8643634841
116203516.8789571375 9816.9078337587
116014281.8512569219 9297.0018719472
115609675.4889842272 7413.8198896572
115931999.7104599178 9033.8333737233
115791456.9368196577 8405.8001604117
115869440.3987188637 8859.2423954047
116185685.9204291105 9782.6954314150
116148020.0223636478 9668.5721287943
115652035.8844925761 7748.6426067278
115497844.1897136718 6264.5892923400
120867425.6628907770 12102.0018929876
115697500.9514357597 7954.7721676156
115631838.6036044955 7709.4264589474
115644194.3052809089 7713.9274531528
115601750.9395833611 7375.6840883419
115911979.9986547083 9018.5901649632
115586897.0468120575 7334.5587016270
115629257.4423204064 7669.3814186975
115738683.4202767909 8153.5365540422
115694919.7901516259 7914.7271273658
115681014.4242194742 7771.7632473037
115501571.1924231946 6267.9192076251
124875063.3436530530 14286.0579660535
115840685.5386634767 8652.8013172187
125162439.7045431137 14438.9677986944
115477572.1575234532 5952.3007667586
115551711.6317635775 6884.2186990902
115675480.8878958821 7759.1990492865
115542904.0168587267 6857.8524509594
115624159.6912931055 7552.7837867662
115615886.4375209212 7526.9708976671
115617933.2376723439 7535.7856126949
115572991.6808799058 7191.5948215649
115498378.5508463234 6267.0345602557
121657239.4566420913 12855.2066029906
115826344.3874350339 8618.0967731513
115492310.6533900499 6253.5750749633
115573526.0420125723 7192.1481805965
115507555.7037740350 6509.6839633510
115494858.6514960080 6263.8350580260
115543438.3779914081 6858.4058099911
115511565.5191517770 6554.0832976624
115581799.2957847565 7217.9610696957
115503131.9052681923 6288.6161194369
115514758.1607286483 6554.9679450318
115615352.0763882548 7526.4175386354
115609818.5400646627 7513.8533406183
115498051.2930728793 6264.7197053954
115611865.3402160853 7523.3330126926
120848161.9553124756 12026.5418033004
115567458.1445562989 7179.0306235477
115510748.3453508914 6510.5686107203
115537370.4805351347 6845.2882529423
125319426.4383034706 14638.5585422516
115623625.3301604390 7551.6342816278
131955252.1396722347 18088.1313709021
130659078.1018711030 17394.0519345999
115520490.3883640021 6587.6786565110
115484573.0281748623 5980.2895188853
115581264.9346520901 7216.8115645573
115551177.2706309259 6883.0691939518
115483996.5917510092 5973.5349855945
115486497.0267356485 5985.5942774341
115789755.9566001296 8333.7538697757
115842035.5093198717 8666.2402540483
121681523.0113600194 12887.6844798126
124782891.8127059042 13964.9103026390
124577027.2329197675 13962.0458797216
