207812211.5954115391 8601.4547105947
207899371.2465997040 8972.9077135243
210097789.6632228792 13307.7798365118
216489313.7693415880 15076.0716863573
238179341.7625379264 31884.2997255325
234231716.8062265813 29625.3180857599
229232225.6993528903 25862.0062651664
237535547.9691208303 31554.4126863480
234642341.2223292589 30020.7996363342
209658924.1332864463 12571.6201041558
207804337.3132176101 8587.7153971085
231875769.8591935337 28395.6216335028
208264238.7115235329 10313.5966783681
221912856.8716875017 18983.5442410737
232547843.8758829832 28736.2553318441
208154785.4932596684 9814.2005351484
208371619.0788881183 10384.7281039276
215075159.4750246704 13834.8789426118
207774206.8826434612 8180.6265880764
208465558.1653304100 10722.4954035797
209850096.3450952470 12938.4283259430
229427541.1546044946 26245.3317503959
231665339.6095039546 27955.8221557736
227463072.5060861409 23525.3788211375
227221569.2562928796 23348.6067639619
241191585.9278956354 33778.8230242729
208087078.4880342782 9569.9768889763
242546152.8268319964 34543.9617309570
241628181.1004787087 34194.1661376953
241695849.3047811687 34332.2523269653
207767258.1006206572 8175.1032811701
207735870.2533043325 7501.5350691974
208230420.3413528800 9981.7630179741
231745963.8213445246 27999.3128967315
221609475.2651594877 18747.9952756196
207859686.8496514559 8607.3997182467
208108929.1347499490 9638.3764251091
207924497.2385044396 9071.2945292890
207748837.7221476138 7834.2978998721
241138691.2987644672 33699.1926040649
208617410.0565555394 11074.7648446560
236056293.1848662794 30889.1005340219
209749435.4633714259 12887.1023862958
221443272.9013281167 18526.7114511132
208371814.0826769471 10536.1491043189
208054935.1617651880 9488.2622283318
207796148.8643108904 8503.2697279155
207721547.8387848735 7439.8191749008
221842364.5712267756 18818.2965742052
221601264.6097614765 18679.6355787218
242077741.6288428307 34487.2940826416
232412587.5244600773 28699.7398719788
208583899.4069249034 10913.0426109545
234138015.4252986610 29600.1475687921
231840760.6962989271 28320.5086715817
207723233.8292081356 7470.4660458119
207832405.7117053866 8606.5302337029
207779176.4998846650 8204.5632642210
207867529.3213808239 8835.4964696467
232454142.4949550629 28711.0848148763
208150656.1610598564 9799.7412816584
208509344.1935446858 10755.0563872674
228940618.7996916175 25330.5618224174
241394225.2086783946 33913.7650337219
215116675.5116498172 13859.1849477887
209337713.1327933371 12142.7067087293
238085640.3816100061 31859.1292085648
237851935.8012392521 31594.5832155943
223333181.8859839737 20294.4150018394
239891265.7876289487 32492.6256008148
223059471.1553577781 19912.2604716718
239722466.6747938991 32408.7993831635
208025085.2870950699 9349.4346295625
241975268.7651896775 34351.3269195557
207745142.8171633780 7833.7487720549
237438802.2300398648 31486.0098009109
242452451.4459040761 34518.7912139893
233198658.7255847454 28957.9464912415
216213193.1331371069 14776.5389462739
208776394.1492676139 11126.5023265481
207888171.9637376368 8895.4704192498
207799871.6078136563 8546.5562840998
208304696.7079361677 10344.7153332115
207881190.4229803085 8866.6157531628
208963720.4233699143 11461.2059953809
209255654.1806005836 11861.8516367078
208584015.9394109249 10951.9420484304
209990357.8906362951 13246.8679502606
208209074.5370202065 9901.7888756394
208902213.4219585061 11366.5628581643
208984021.7816205621 11497.9553294778
207944691.3547983468 9076.3700523973
207952902.0101963580 9116.8092254021
208143601.4240925610 9720.8892424920
207896992.5516893864 8931.2317397390
207982301.4688355923 9266.9234221795
209781558.4748092294 12903.9453218579
207717852.9338006377 7439.2700470836
210104421.0802796483 13308.6485638022
207762863.8428922296 8164.0521019995
208227867.5524399877 9980.9049018242
209893895.0924952924 12957.5282724500
239904558.3983848691 32536.9983726740
207756897.9401756823 7866.0095600784
207919565.3628935218 8977.9832366326
208391129.7671016753 10690.1252044060
208174979.6095535755 9819.2760582566
208038866.7442131639 9349.4362395623
230076902.6644859016 26404.1419742107
208274346.2756836414 10318.6722014763
208183190.2649516463 9859.7152312615
208693706.4830098450 11115.0467410684
210058196.2580427527 13307.7790792584
208382919.1117036343 10649.6860314012
208314555.7185773849 10358.4248924851
208245572.4252294004 10051.9030724168
208435973.4656500816 10703.3118417263
208560215.2716685832 10904.4753209345
208125304.2165606916 9680.4500694871
207740303.6674747169 7833.6018992066
208996062.8057872653 11523.7355120182
208657212.7721609771 11113.0483530164
209650713.4778883755 12531.1809311509
208589194.0482009947 11053.5092335045
208254324.8646103442 10277.8468023241
209865532.4915001690 12953.9213560224
208927836.3331306577 11424.9622364342
207727361.9502477050 7470.7806483657
208091209.2890940905 9597.9372521043
208162330.9827024937 9818.8898321092
208046724.5063671768 9447.8230553269
208068024.3539252579 9533.0060692430
207865071.0583462119 8619.7168710232
207792274.7557433546 8207.1266394854
207875039.7007145286 8855.0312462449
208020569.5366812646 9308.9970665574
233960680.3404149711 29010.5951221883
235512749.6222599149 30653.9555929601
235189565.0822072029 30220.1648877561
237043568.7039459944 31177.7591271400
216204982.4777390659 14741.8296667039
209835404.1953658462 12936.3260763288
209716482.4775743783 12882.7431257367
208219656.8970419466 9940.4657288194
208585260.4697801471 11021.1390343308
241185304.1473514438 33775.9200248718
207974090.8134375811 9226.4842491746
209937302.8687893450 13214.9619725943
209894767.5864857733 13068.2360300124
234485429.4813464284 29625.4518772364
209587663.2371702492 12528.0120147467
233139455.2564069927 28791.4597233236
233250991.4109264910 28960.7674778402
209680863.1617771983 12731.9671793580
207782218.8590286672 8205.0549021363
208829661.6270336211 11344.9306501150
235177382.1370867491 30195.3289073408
214884343.9708589017 13642.1728368700
215073575.0708107054 13789.5339208543
234040947.9103341699 29377.5762012899
209516010.0865762234 12215.6839762330
207795820.4807497561 8226.2567959726
222843698.5968374908 19828.8914331347
222439921.3682969511 19552.0952905566
208549236.9934291542 10793.5807304978
216511294.5663866103 15995.7893933175
242331028.2978340387 34499.7832946777
207792500.9511065781 8209.2632170172
241635372.7108649015 34230.9199218750
239142355.0701991618 32015.0929813981
241197609.7053574622 33910.2647552490
242015143.7121615112 34360.3528289795
239130061.1131856143 31996.6832523942
241401013.4633640349 33997.3738861084
241427895.2824971080 34190.4294586182
238825068.6396970451 31955.4937036335
241653622.9818038344 34236.8873596191
240685323.8519607484 33371.7731418610
240952530.6670064032 33637.7059612274
240473900.6199837029 33254.8617954254
231198658.4922603667 27349.6684334278
240448626.9788038433 33165.8738307953
231223679.6898270249 27489.9073974695
230448578.1667457521 26646.0997828378
240660050.2107808888 33333.6052799225
240809926.7764794827 33408.4426708221
240927257.0258265436 33624.4050426483
228339338.0931011438 24624.8451746835
226192436.2976830006 22364.6678359659
230632470.6237756312 26705.0901598334
230233368.8902010024 26555.2966288924
227435178.9084847569 23502.3419932723
222226315.7182072699 19247.8748065383
222128211.5239228308 19035.0440272226
228342129.8134715259 24639.5082530379
226232769.4731636345 22776.3621959090
226623287.7752111554 23018.1992473006
231024635.6119010150 27247.0170421004
226986289.8743050098 23198.2742159517
225344800.5406911373 21517.5106334090
222431556.2546138763 19292.6406600625
230219965.3078681529 26411.6689128280
230950552.8841889501 26726.3846600354
226580374.5709682107 23004.0789742603
214963423.8115366101 13728.9008334279
240910033.2217877507 33514.0700817108
229988858.0716079473 26282.5911845565
228948713.5918546617 25623.3287333846
240049485.6661108136 32759.8305301666
240379509.7916554809 33015.9070835114
224037137.8221846521 20868.6326361353
223754946.1980292201 20487.9888051021
230968498.3658463061 27080.7674769296
226567150.5291564465 22862.0370997323
228426535.8606067002 24654.6508051455
221093550.4785758257 18359.3189600839
228538456.1522611082 25207.2851008310
228574987.7037521005 25218.9373377694
215422751.3389313221 14543.2546692817
215124840.4462359250 14331.7999482546
227684860.6481007338 23678.0498600304
226086069.0303754210 22347.5293369591
226204987.6588996947 22573.9148807824
225756515.7467535138 22060.9375400841
228196498.2475714087 24370.8703358026
225158693.7201941609 21333.9347445145
228153981.2947663963 24314.4563316555
225603577.0550374985 21681.2112369835
227704242.4034620821 24201.1674378068
225714586.1194629967 21705.5019965322
214906385.7359138727 13653.5239042967
225044191.0828936994 21268.7370364925
212727810.9387004077 13412.7200439463
213343097.7862322032 13508.2555900621
217908169.6654486358 16220.4221426048
217923550.0005805790 16274.0056844749
217899277.4848568141 16001.0939733186
218192220.2697910070 16601.5533676957
218168934.7840528786 16412.3797036325
218159597.6066783071 16315.4585495805
218505223.1590739191 17006.1279984628
218311905.8506535292 16650.1247330819
218397965.7958863378 16882.7385818511
219456221.2537092865 17861.3716913722
219110024.3490106463 17488.2227811776
218842339.3391377926 17375.7116023414
218665475.5310404599 17324.0761091262
218822296.0529333651 17375.1240470409
219173681.0928806365 17566.0938936025
219085984.4424808025 17450.6314848214
218639500.4114630818 17061.0047720224
220201131.2840841115 17946.7428809963
220425419.1327621341 18002.8923055232
