179540028.5317761600 11767.0629553281
188880484.7260845006 18945.6020671725
188341364.3443039954 18885.4281907678
197916422.6675545275 27180.6036314368
177814347.4404459000 5069.3854693258
177979343.0762320161 7564.2534323436
177849240.5899166465 6019.4157625283
187942457.7247595787 18297.2739534121
177935086.5069026053 7139.6038653003
177954194.3552377820 7469.7291637747
177823889.8785458803 5365.1561749363
177991062.2721856833 7798.4724422758
178904526.0131658018 10596.7445178707
178544161.8379302323 9864.1320377928
177945604.2031593025 7462.7355945455
197791705.3809657991 26755.6331704780
203658373.7871948481 32066.5391998291
204295994.2929308116 32123.4520568848
186883377.6132620871 16557.5190499764
187282602.9102203250 17104.7482675057
178078795.3097878397 8308.7801324529
204412971.0422888994 32576.8920364380
178011388.2711076736 7936.6551197571
178086856.1229915917 8333.2113431496
177900765.5200403631 6788.5172197865
178137938.1393299699 8675.3367430967
177840242.1852858365 5729.3176637077
178396656.8808168471 9491.7617671531
177894453.3920723200 6754.4551415573
178382319.8188528121 9486.2395114087
194994466.3560103774 23792.5845655575
178113706.2019084990 8542.3108165348
177874442.6705350578 6422.3379836725
177832851.2721086442 5651.4390644679
200122954.1352202296 27982.7674216772
177897781.5844586492 6757.0624052416
196185115.9068697095 25338.6662060303
177831459.4182602465 5403.1186983133
185750210.9626440108 15161.8062355005
196305720.4893851578 25477.4160885331
195486981.7478062809 24894.6728854263
178145998.9525337815 8699.7679537934
177823164.5179825425 5363.1363048935
177820134.9520910680 5337.2777664834
177813622.0798825622 5067.3655992830
177852090.2462889254 6061.8963734041
177935858.0541619062 7154.0100732492
201424120.5969828069 29826.0127525330
189917825.0918400288 19951.7271086425
177899869.3231577873 6762.5097107338
204544879.2719612420 32583.0265426636
179858542.2021057904 12184.9115176540
177945488.0742856860 7432.0518979303
177853353.9739168286 6062.8286305796
187000086.6695782542 16915.8821459156
177934293.0523652434 7128.9167343722
178204196.4515220225 9065.0903951031
177860752.9854091704 6094.8647447871
190686137.2765616477 20537.9402311789
177855337.0543237031 6086.4592180978
178239321.8257851899 9072.5088349682
177862736.0658160448 6118.4953323053
178119115.9525143206 8668.5341717106
204561064.1572276950 32748.3204421997
179858678.2868105173 12209.2233676058
178328913.7381107211 9480.0217890245
178064502.1806572974 8297.0811687810
177936897.9222072363 7425.0583287011
177933253.1843198836 7128.5769113945
178144891.3405008018 8677.1019284529
178065542.0487026870 8297.4209917587
178684538.4504636228 10233.8967171651
179150524.7413166761 11017.1087609016
178244873.1071484387 9083.8053886098
177926342.5321680307 7104.4363737153
179571911.1620006263 11788.2216128450
178001710.7071458995 7897.0723327556
194835143.7338152230 23562.8346973732
179147428.2430662811 10999.8466557366
187372418.3301520944 17553.7598384362
201081682.6672192514 29434.9733123863
177913559.0082836747 7090.3339071320
200152515.3503321111 28666.9925415218
177907499.0597268343 7055.6312897931
185410891.6253929734 15112.8804463189
178131522.9331819713 8668.8739946884
192605534.7176513076 22273.4974921644
192056154.4288774729 21897.5619369829
178055182.6352418661 8270.4308568424
177816259.3167214096 5075.0193610573
187904611.4931928217 17902.9349623364
197916864.5084604621 27242.4024217725
204786153.3655411899 32844.8177566528
178793535.8941351473 10460.3324128729
178178123.3144167066 8724.5692990315
195766613.5418662131 25020.2009429096
178323731.3128989339 9462.8143155378
186505070.2860833704 16172.9761400562
179857583.3864913583 12147.2011290066
178328422.6520632505 9479.3497792584
195435466.9054910243 24161.8266469000
179937152.7856552005 12504.8557629925
199392913.5821470618 27589.5909794271
197654899.7276977599 26666.1767800972
178244382.0211008787 9083.1333788437
178906385.8698935211 10612.5455024940
178429222.5784930587 9814.6305197817
178039819.6333299279 7967.0466777099
177893830.0151873529 6732.4995605479
178747092.6626276672 10272.5684092552
203192851.3743887544 30303.5433540344
178002681.9901556075 7898.9778539127
178137173.5032210350 8669.2061814767
178792650.0074026585 10273.7419939589
178771069.3776037991 10272.7934560132
177892859.5055296123 6723.9689522744
178108543.0377601683 8338.4996806395
195287298.5515122712 24130.7919775676
179957651.0515657961 12518.6541319363
178550246.7918371558 9901.3404530835
196683460.3014949858 26131.5184242187
196412713.9283712208 26074.0958513806
194905714.7622878850 23713.8205929529
178359843.2201939523 9485.9838980776
179517777.9212883711 11554.2172765494
178795709.7699748874 10541.4160698754
178254189.9069502056 9285.1566317998
177834034.0955110490 5690.7691225575
178602911.8932603002 9906.1408592415
184001001.9243476689 14743.6138201099
183523246.2997502387 14524.7807970386
178462696.3220195472 9828.0465277773
178238684.6158971786 9071.8929664892
177922149.1603620946 7097.3274763612
182980388.3025397360 13671.3036267659
182498787.7440977395 13265.5759320161
180063243.6342958808 12520.7583198291
178714612.4577541649 10265.1847448092
178600424.0721458495 9905.4344570663
179062211.2725515664 10973.8968973838
177845993.7818818092 5994.8529178346
194401181.9197477996 23320.2666327697
177845539.5943454802 5746.6159594799
177921177.8773523867 7095.4219552041
193369822.6402629614 22769.5234365356
193733552.0433398485 22832.0131521117
199629705.2999252379 27842.1591112316
198150638.1758688390 27263.2612203956
178817855.2822374403 10557.9505953890
178280033.0389242768 9341.0055916034
179117170.9770722985 10992.7975138527
177838259.3870204687 5720.2655783141
178486598.6265566349 9863.3344780159
177926931.9261248112 7107.0155730010
203432184.5924621820 30386.4722211063
199516902.9499828517 27733.3254015148
196833824.2638855875 26299.4387499879
177872453.5410842597 6417.0642168568
177865054.5295919180 6385.0281026493
177884160.1458032727 6720.9068682240
177966695.5189543068 7486.0545755414
178697907.8331041634 10234.7874809456
179419832.8023517430 11444.1262733888
186114872.9496748745 15466.5754679483
199005409.4047172070 27479.3416485190
177996879.5324088037 7830.4950357763
178408822.1708962321 9534.6878563118
186336211.7189946175 15947.3135576588
178294926.5977251232 9431.2218548771
177836276.3066136241 5696.6349907959
179696013.4268979132 12065.9036654573
197296528.8849573433 26331.1384556780
178195992.4079619348 8944.7891911887
178035985.5195333660 7940.4377754730
181110099.7480782866 13143.6332259518
177995839.6643634737 7830.1552127985
178352478.5376145542 9484.5960287106
177847976.8622887433 6018.8344628657
177827741.6907637417 5397.4848065818
178677204.0261107087 10207.0670657640
179186355.1531673372 11033.4240522974
177870470.4606773555 6393.0826718257
177863071.4491850138 6361.0465576182
179051037.1385166049 10967.6966346008
178952161.3114382029 10712.6269416702
189634714.0497995913 19399.2324579358
189383601.5774347782 18986.1586562991
198750923.8007037938 27465.7592749000
177850852.7874650955 6025.2649552584
178194952.5399165452 8944.4493682109
179271060.9157698750 11395.6099523985
178034945.6514879763 7940.0979524952
179007976.2538370788 10967.4095733863
177882855.9785100222 6426.7242892174
179787297.7117867172 12116.8682345491
178853720.7775294781 10595.9565704567
178944400.5357963443 10694.0832970840
177835012.5789857507 5695.7027336205
178902263.8621932566 10596.3419836861
179005194.2059414685 10930.0756080848
177845197.0952307284 5736.4912506975
179079140.6754291356 10979.2155311805
178810072.2853769958 10543.1999427163
178053266.2670695782 8199.5822517065
179108224.3086800873 10992.5127938491
178920498.5673278272 10633.2905357582
178461137.6847070158 9817.7453636270
179062246.3035885394 10974.5131732314
177833233.8745225072 5666.7535805786
178622773.1820481420 10169.9630669457
178960815.3819591403 10920.6446824162
178219335.4743182659 9070.9923778278
178930163.1030983925 10651.9521153331
178442507.0357683301 9815.8195737940
178316346.1993537545 9443.3110688728
191865788.7706570029 20649.8636028320
191874290.4133535028 20848.0246593505
179244973.6150549352 11209.5647175353
178109886.5486085117 8342.5561586124
178112285.2506596744 8344.2165694934
177974369.8200294375 7527.5248509831
178627364.1079398394 10193.5232033175
178052147.7171097398 7968.4345470768
178621628.3483693898 10160.2240481588
