774248491.6011883020 860.6175848581
768977446.3886566162 837.4830423071
760316806.6258245707 768.5807086240
772032200.6765418053 852.8478033058
765313999.1407307386 817.9292620977
767273086.3294543028 827.1309361987
761725950.4944285154 789.3307990801
773954769.5992902517 859.1057191454
759599902.1933070421 762.4416936809
764944913.1863946915 814.3524812025
761704377.8107662201 786.4410860565
765043494.5365921259 816.4877473575
775848847.2652999163 865.2898668610
762262907.7238657475 793.0103470598
773323849.5451970100 857.9780449700
772934608.8710788488 855.8825714253
773168131.0366262197 856.9834065270
764178413.1337039471 811.3222542566
765246467.5410934687 817.6934069352
769747968.6950147152 841.2326275631
776914793.0972601175 869.3797050659
775816139.8677577972 865.0606743488
766666248.9704558849 824.7948476151
763103032.2271335125 802.2402820140
774102704.1591267586 859.8811330739
772977918.4842982292 856.1527785175
778070183.8123437166 869.9665652383
771796472.6058251858 851.0808262937
763684038.6784836054 808.4595458500
772811039.7852292061 855.8247177787
774927451.3897025585 863.6713973712
764737288.8217777014 813.7218519007
763788779.4791409969 809.1568455092
772560408.1144059896 854.4267523549
772713985.8809021711 855.0082935356
762967368.8182973862 802.2106931251
771251813.1310989857 848.0272864754
764316144.8151607513 812.8983194467
768870894.2586320639 836.4987532477
772476741.4278604984 854.2246771548
776075794.4843361378 866.2295667734
761628005.9665700197 783.2676179044
761696880.1504986286 783.5916917881
761263683.9611793756 782.9440778129
765510362.3568770885 818.6183270181
774559664.9139015675 861.7598339990
776914793.0972605944 869.3832643479
765152924.1563884020 816.5924300563
774485617.2812260389 861.1742141750
762630676.4682452679 798.0555192574
762299073.5073771477 797.4951597794
764274680.1717233658 811.7746054691
772685094.3888159990 854.7118916456
775001634.9744708538 863.9981423430
780466255.4235075712 877.9287893418
761252656.4733434916 781.9307733914
762791111.4634027481 800.4488872904
764292279.8422834873 812.5362865787
767650367.8953615427 828.9737350850
766570588.5427825451 823.2730348669
773540262.7264167070 858.9030166510
765018890.2715582848 815.1320774530
776453713.0905507803 867.3793536369
779736339.6712929010 876.2183737103
777940916.8521955013 869.8868689258
777940916.8521957397 869.8917428274
769387213.6399587393 839.8561051710
764794109.0175116062 814.0621852095
779035572.0539221764 872.4443106670
776143915.9941240549 866.9501477666
764825893.5344246626 814.2499492357
764013426.0570591688 810.7350048425
769041764.2507815361 838.3252480848
772447968.7087783813 854.1532446835
783554813.9855837822 880.6178301591
763362026.8373898268 805.4794703315
771745710.5911551714 848.6749145724
763943690.3506302834 809.4757704895
779670009.7446132898 873.7748862915
766395999.7471001148 822.8120472462
768399983.5081183910 834.6505330027
778839751.0832345486 872.3140181918
769232782.7503566742 838.6086904480
764549535.7344576120 813.2651402506
768334296.4169284105 833.7882394714
766889109.3301241398 824.8262670350
769346675.5181607008 838.9304916881
768637109.1881562471 835.1942547930
765618362.0115121603 820.4647026107
772713985.8809021711 855.0138520375
774485617.2812260389 861.1729553454
763258319.3191299438 803.9535908014
771755665.3196891546 850.7325628735
764012233.4969115257 810.3564724301
767672314.7684876919 829.1090800223
774752379.2016042471 862.3387686256
766154595.6660858393 821.2781439113
767861289.7815449238 830.2879439004
772782042.4821324348 855.0922546051
776597313.4863494635 868.7815859262
764212298.8667092323 811.6367488496
764305048.3630259037 812.8391589981
766017754.4562425613 821.2428879703
779670009.7446132898 873.7824867461
766163969.5593109131 822.0724022354
762741204.4924985170 798.9848703726
767950586.4401537180 832.0861600161
765905632.8462235928 821.2353787732
764183743.9321918488 811.4590785962
765238716.0217697620 816.8815099427
772344298.4879584312 854.0276452117
762703558.3028303385 798.3485554987
765855251.0830986500 820.7308078420
769830458.5835402012 841.9651346378
760790574.8132579327 773.3956976314
765530478.9359273911 819.5770088076
771954226.1911276579 852.3455674015
771954226.1911275387 852.3432189785
760967930.7137696743 778.8695684446
767598309.5996359587 828.4866515332
769954655.8959962130 842.9504350199
763943690.3506302834 809.4790711033
772447968.7087783813 854.1387064736
782931224.2649604082 879.8613793943
760907892.2146698236 774.0837805648
769954655.8959960938 842.9481273534
764450770.4028358459 813.2229159358
778574536.8485352993 871.8238544483
770188185.0290304422 844.3467771391
770389374.5152256489 844.7205710317
762283481.3688993454 795.3954726227
760913529.6246140003 774.1200178717
781841451.7058405876 878.3334118351
784170787.9021320343 881.6333478559
778409967.8984721899 870.5424690489
768209195.9766848087 833.6761623741
778472523.0443383455 871.0124368686
764171760.7449116707 810.8518648098
771202923.7070173025 845.5418810471
762150556.1773612499 792.3683172447
773104078.0165258646 856.7974272370
762289118.7788429260 795.4373343014
768486859.7785204649 835.0122214676
766318780.8400933743 822.2291059208
770759261.9284287691 845.2208727304
770425310.7090684175 844.8930796556
762289118.7788425684 795.4317099295
766682122.5737727880 824.7964474038
779377418.1658731699 873.0760925878
775343257.9693592787 864.5309301931
760280437.9629914761 762.6675234145
772224346.0245922804 853.3028611504
766959786.3756076097 826.1303521470
762429106.2747948170 797.6930562406
774485617.2812268734 861.1758257244
760708219.2120735645 772.7920833011
775343257.9693592787 864.5273709111
782153772.8542131186 879.1756757721
779377418.1658731699 873.0823507980
779166481.6604691744 873.0350771025
760308881.1460733414 765.0910949433
767843216.6265878677 829.1265103937
782145738.7600343227 878.6341131721
767634096.7506231070 828.5220462367
767634096.7506229877 828.5156018742
767634096.7506238222 828.5220468052
