262246200.7960264385 36616.8372831345
265895736.8685933352 41840.6117339134
266264882.0087343156 42280.5478396416
271189735.3463884592 45882.1598281860
263495479.2347637415 38908.0822052956
262799776.4817509353 37796.0375490189
262964335.1679308414 37931.8996119499
266742156.9293287694 42538.6749486923
266752497.1292759478 42778.6059107780
266944974.4679819942 42896.6949653625
271207376.7421575785 45919.7393264771
267330572.9124339819 43223.7009315491
266769143.6148842871 42878.0422859192
262948741.1488271058 37905.8668360710
262342224.9420247972 36991.3414535522
266669688.4063816071 42530.4937605858
274972948.0843929052 47658.0973815918
271081646.4145985842 45824.2804031372
267665724.7338054180 43731.2954940796
263416679.1713044345 38793.6115570068
271195027.8610103130 45887.5059432983
264958384.3136881292 40480.3621902466
263891805.8963084519 39298.1750192642
265892631.2399323583 41706.5800070763
266135020.0900829136 42062.2736449242
264962188.8558424711 40491.4012069702
262546096.2449168563 37552.4129877090
272023871.9510413408 46389.7616806030
263278567.2713418901 38751.7758789062
263823244.2593539655 39265.4706583023
268386019.2416796684 44207.6485404968
264880209.5888118446 40456.3524246216
268001987.9373844564 43853.7984695435
266045089.1480335891 41941.8966155052
267883044.7290437520 43822.4776191711
272802703.5276571512 46669.9562778473
270890540.5957404375 45693.8109207153
266466377.8190729320 42457.6698064804
262989994.3625262082 38493.4942092896
268998183.9980217218 44624.6661682129
263284360.9862010479 38779.7326202393
262995788.0773853660 38521.4509506226
262538429.3999378681 37478.5274744034
268234115.0355621874 43985.3153839111
264880083.0020324290 40433.1742935181
271733266.4871034622 46275.6277084351
269051028.1591913700 44671.3437805176
267641785.0114062726 43564.1518058777
271421723.0947372913 46064.3095855713
263309681.1047950983 38785.2852478027
268517841.1818650365 44276.1618614197
265271250.8735659719 41083.8952198029
263644310.3813448250 39154.9218626022
262419055.7683093548 36997.3931961060
265570054.6006166935 41321.2843151093
267577473.3216274083 43474.3467063904
265147533.8942566216 40959.1623706818
267065870.2055942118 43105.3387031555
264766651.8552116454 40413.7684860229
265088253.9232700765 40573.8018913269
267418582.3344570696 43236.9221725464
268273469.4601810575 43988.9535789490
267154806.4574732184 43223.6934089661
270299974.4401320815 45542.6189498901
267446752.9566354454 43307.3277664185
265483923.8338857889 41227.2245445251
266581956.9053442478 42509.3229537010
272577837.5504231453 46622.1090774536
266701450.5988394022 42533.8826308250
263739958.9298627675 39258.7634592056
262417521.3063785136 36995.7838988304
265722290.2009414136 41475.6058559418
265074621.6280070543 40502.0242271423
267550419.7225684524 43472.6028709412
262799250.1680696607 37574.6478991508
272966384.3834434748 46795.6425323486
269128234.3599776626 44875.8191070557
276291969.7589793205 47921.3877410889
270357075.7714754343 45604.1633834839
275005390.2700386047 47687.8655548096
277044163.1164483428 48241.2775573730
268919978.4128937721 44537.2440795898
268523861.1003604531 44316.8202552795
262516638.0314519107 37242.8189935684
276273108.5414045453 47907.9470672607
276422731.9782502651 48031.2568054199
269627299.1201876998 45150.9150962830
271547812.2361322045 46159.0339736938
268789618.4833093286 44482.7964935303
270219387.2643349767 45447.9218521118
270215617.6886101365 45402.4314727783
262213027.0977420211 36551.0317249298
262349556.2232527733 36993.7348709106
266223881.1133055985 42213.5512270927
266336517.6504838169 42285.1181979179
274853086.4394631386 47642.7688598633
276655697.8475273252 48100.0411376953
265388801.6512919068 41164.4875450134
268863329.9491717815 44532.2717285156
264161798.2309814095 39821.4692349434
266766613.3989292681 42783.4233131409
270063056.5446385145 45386.4886016846
271094511.7420688868 45827.9316177368
273205213.9773905873 47104.1028366089
265517824.4487648010 41235.7292671204
265077868.5189041197 40539.7466096878
264458839.2927607298 39988.0021762848
264339423.0682824850 39879.9265065193
265795341.3325015903 41530.9889411926
264131072.3983648717 39806.3236813545
272971113.6097729802 46925.4556655884
275704017.7866328359 47898.4089660645
273639655.8010566235 47374.5222015381
265701749.4578646719 41405.9102993011
262484875.8389941156 37232.3380823135
273070311.2390953898 46959.3137512207
269065506.0842332244 44732.9828529358
268438317.1868820190 44240.2731895447
264079870.2412256300 39520.8801708221
270973026.5229947567 45747.7468109131
269000783.6669660211 44670.6956329346
265878320.7825677693 41633.8406867981
272079109.0632219911 46397.2319564819
265676820.5928033590 41380.4817562103
271477257.0565197468 46128.1335525513
268029293.8441816568 43896.5621833801
263147302.1902472377 38699.5554895401
264365811.0118087530 39928.3599786758
265588915.8181913197 41355.8115367889
273684591.3221812844 47380.6239166260
263654933.1214267313 39222.2588925362
264056839.6271539032 39471.7647666931
262471519.4646363854 37057.8835840225
270603764.3710110188 45638.6274490356
265438495.6405257285 41225.2533607483
274596475.8493006825 47542.7691955566
269700396.2098444104 45206.1308097839
266890609.2232146561 42886.8849487305
271719097.6257849336 46273.9676742554
271304305.0284777880 45947.1050491333
272621771.1420059800 46651.7101669312
264123330.2087090015 39664.1805324554
268117025.3452189565 43931.3413276672
271392078.5892448425 45971.4856948853
265417651.7394702137 41184.5277347565
268752872.5735163689 44478.1258697510
264478304.0011565387 39997.1498298645
268626464.8921394944 44329.4003944397
273363738.0606671572 47136.2467117310
265590730.9577083588 41361.1533088684
268293789.6131243110 43993.3057346344
273199870.0245404243 47070.4664688110
271355167.5689620972 45962.7931747437
268665283.3175148964 44411.1292572021
264432169.7250955105 39936.7363166809
265521911.6559329331 41278.8371238708
273391780.9143976569 47152.8680343628
264053235.8621879220 39471.3332023621
269409732.8936849236 45142.4728965759
264046762.3119946718 39322.1355895996
273926982.5116751194 47471.7671203613
271031381.7914172411 45766.4377899170
268326948.8625138402 44106.1050453186
268374141.5485418439 44177.0000000000
269919903.0836032033 45352.0257415771
271898654.1918637753 46373.5759353638
272331511.6830217838 46520.0922317505
264015000.1195368469 39311.0131530762
268938885.4769614935 44620.5064239502
269359832.2868576050 45007.9207572937
268729513.0738570094 44460.0998229980
268094525.6034089327 43906.1138420105
273604536.2263851166 47306.5121002197
273792539.0668105483 47433.4902801514
268149343.6842707992 43955.3886070251
271864289.4953201413 46367.1527938843
265121794.2588040829 40633.2383337021
274318457.1918068528 47479.3919372559
269896130.8326368332 45270.1089324951
271183089.0677446127 45833.4344024658
268698787.2412404418 44444.9542694092
274345515.4046776295 47482.5610046387
264713637.5999284983 40211.1382150650
266723342.8369195461 42535.2891173363
269864129.1346915960 45227.5266761780
270212951.5712652802 45400.1694946289
272376603.3887745142 46616.1304779053
272180773.6901558042 46450.3550491333
273529692.5092046857 47230.8513641357
264568108.1711394787 40059.3386478424
273825628.4032877088 47447.2791137695
271602267.0410766006 46184.4187088013
273093792.9330544472 46966.9507369995
264601791.9717815518 40138.4612526894
272266217.0956242681 46477.0810470581
266644774.6010753810 42511.8978900909
268667750.0504181385 44425.8115539551
270268150.8770357370 45493.0713348389
264482416.6807494760 40034.7321195602
275683880.4094619155 47816.8936309814
268794547.1674843431 44502.5255241394
271792976.4812584519 46365.2557754517
275629447.1528451443 47763.0975799561
275339169.8442364335 47751.5088195801
265145069.9187563062 40643.6260004044
275658129.4247279167 47777.0675354004
270967829.3210766912 45727.6238098145
274529891.0960714221 47489.9028320312
274661479.6624026895 47574.5427703857
273506555.2495099902 47164.1616973877
274592215.8968066573 47493.4747009277
275252822.2282825112 47696.9679107666
