817443386.5869187117 0.6212677739
817453428.9329646826 0.6225805490
817455021.6736533642 0.6404769609
1006936883.9767248631 6.2746891974
817459844.4776673317 0.6441984516
1006079798.4960218668 6.2547590384
817469900.2794966698 0.6454870214
817464863.7658867836 0.6453582842
817474856.2236044407 0.6668093328
817486903.7548002005 0.6861542368
1006546078.6936695576 6.2590117099
956359105.0139760971 5.1418365881
1005571345.9759769440 6.2415058120
986519689.2445659637 5.8632030814
985850177.2587897778 5.8419311054
1006818680.3962182999 6.2732348003
959175693.6378675699 5.2561092165
918692265.2229571342 4.2168935959
918097921.7935340405 4.1990974972
936192345.0369096994 4.4541729292
1006638103.2222653627 6.2681261001
1006303082.2356297970 6.2556543454
1006813823.5805100203 6.2689066993
979424604.9156962633 5.7049251287
1004557380.9151527882 6.1832199390
1004884234.1469688416 6.1963040328
817575876.6323198080 0.6862936472
817635282.8646743298 0.6878948134
902987740.5008404255 3.8946295968
902782764.8783098459 3.8782005171
921484582.8492630720 4.3074853838
885228072.9224931002 3.4383892700
872761973.0810635090 3.0690990351
927023620.4461096525 4.3474983500
873059127.4955215454 3.0756487734
943887713.4417427778 4.8742001346
943890119.5789650679 4.8821580300
817631846.4900228977 0.6863654130
817670072.1166560650 0.7075608479
915140886.3309428692 4.0913188285
940519697.5700407028 4.7037874240
817737694.1751064062 0.7081817332
817795050.2433067560 0.7291889430
938545661.9200673103 4.6122062602
817766242.8267306089 0.7090841774
817821317.3256732225 0.7489770151
817813493.6600000858 0.7304166042
817784711.0339206457 0.7286975191
817770990.7406492233 0.7272456109
817768186.0893621445 0.7260167000
996498700.0726364851 5.9613806959
817974729.4978871346 0.7505129515
977481549.9167188406 5.5590846522
977874910.7041033506 5.5949178865
1004215843.1206731796 6.1545048850
973477473.0011787415 5.5367313852
818130057.9497745037 0.7653976589
818492617.9415587187 0.7844976753
818242768.4036960602 0.7839109375
818602546.2675901651 0.7857813308
818149330.0424765348 0.7663445398
818513558.8819383383 0.7856208784
818218746.1973652840 0.7686608027
965558944.9870547056 5.3398806034
965614348.0798872709 5.3449872323
1003261460.4808597565 6.1407697803
876753346.6303131580 3.2264027187
932404475.0914584398 4.4255956280
893058262.9060786963 3.6128029685
973021976.1488871574 5.4843154053
972858881.1019369364 5.4771642775
1001471811.0922633410 6.0370493083
1001323679.4700636864 6.0318726635
972202888.1014144421 5.4592969728
910780019.4879199266 3.9861414998
1003139434.5543327332 6.0474823911
977366380.4369876385 5.5572841698
1001049273.6807690859 5.9842929583
818757336.8222376108 0.7982102006
818800644.2162387371 0.8155892803
818824888.1553453207 0.8332639802
818764837.3676264286 0.8131948908
874182896.0563468933 3.1726856358
873746951.3226742744 3.1644001292
873392265.6558326483 3.1509495569
873399482.9929136038 3.1643287036
865324736.7922362089 2.8322291582
864428539.8571599722 2.8105259229
858364083.7512100935 2.6149875878
857880777.0467959642 2.5924650907
818955371.6376129389 0.8556239134
818977730.0167100430 0.8565257713
819032638.5255413055 0.8736417458
819022932.5139873028 0.8729526369
819040905.7674196959 0.8759611269
819045698.1444622278 0.8759944644
819045798.9557372332 0.8984328788
819034274.3941918612 0.8758124681
819325681.2066069841 0.9175340370
819206210.8465075493 0.9169357631
819099042.9824560881 0.8984939981
866742467.4558408260 2.9283664786
819532912.8290426731 0.9189371410
819394996.4458059072 0.9183008208
847541537.3162368536 2.2039098281
819129336.7048012018 0.9166774060
866213882.0310827494 2.8394783232
971246155.6535270214 5.4399815434
893585586.6008147001 3.7202870396
947388778.3999519348 4.9228754002
929075666.6123914719 4.4211654217
928386238.1901874542 4.3993597949
970863222.5714591742 5.3493337567
952205073.8944329023 5.0265194363
957902120.2052546740 5.1816295605
958133843.1573642492 5.1826164200
819939011.3927807808 0.9199821483
950097018.7450256348 4.9251993000
819943918.4130401611 0.9214052240
861948932.0159882307 2.8033114533
861375475.6537439823 2.7834941460
838597135.4912688732 1.8274536241
837609813.6835327148 1.8059675457
877372682.0033586025 3.3522067708
819985379.3467285633 0.9228303742
820017499.3309955597 0.9612581829
820013440.5693958998 0.9423300855
819990105.0770269632 0.9398899588
820010304.5103815794 0.9406151885
839998856.3763505220 1.9205178444
820069664.1085689068 0.9632502974
866286614.9812718630 2.8892140337
851022690.4007689953 2.3497089945
851507530.6523225307 2.3508629274
820604330.5576962233 1.0250835349
820069961.7850358486 0.9832353797
820168381.0850138664 1.0046864283
820536655.6799066067 1.0244460409
820104574.2339744568 1.0013176166
871238786.5076085329 3.0666344200
870648308.9950826168 3.0497576526
820213339.3961749077 1.0239895678
820103683.1301701069 0.9834087304
820169152.6329244375 1.0233800245
866754486.4734137058 2.9462605328
866410836.1912026405 2.9245591387
820085112.1900945902 0.9832371519
870258683.5278946161 3.0187212222
842646969.5733664036 2.0029682112
847334500.5803128481 2.2037675995
866397756.6866656542 2.8919487708
885476017.1895986795 3.5294483017
868372887.5478690863 2.9496035466
821078818.1187669039 1.0421557186
820905159.0749189854 1.0289089583
820954691.2564772367 1.0323494615
821596332.0928946733 1.0500060315
856782867.8137396574 2.5725697614
856919395.4459805489 2.5853613657
871207157.8458279371 3.0520722643
839027274.7301309109 1.8521178667
838327470.4035240412 1.8210635214
836296237.0038672686 1.7512379260
916341592.1529481411 4.1730554752
916205911.0058131218 4.1545629892
936613280.8333743811 4.4789235104
822175800.8531140089 1.0680855383
822173133.1921979189 1.0532372506
822141337.2971522808 1.0520873603
822931103.9538335800 1.0764063144
822522850.5639672279 1.0723319240
822867340.8823152781 1.0724250329
822917050.5303220749 1.0764044408
823797333.7333766222 1.0941099662
823901436.7431182861 1.1121536184
823822419.9876996279 1.0955410375
823901309.0065758228 1.1117451632
823978404.3808516264 1.1303070954
824022435.4940387011 1.1316027590
824053695.3098402023 1.1347661904
824045752.9119312763 1.1340745130
824080755.4607310295 1.1501493287
823978327.7054562569 1.1133614552
823978327.7054562569 1.1133163680
824243265.8648538589 1.1572153006
824213527.6854697466 1.1563994137
824118335.1049112082 1.1549948936
824368484.7595534325 1.1822149959
824867025.3774559498 1.1849072686
824918689.0385231972 1.1890932847
825074791.4709023237 1.2079207482
825070486.4927563667 1.2058982078
825388060.9807791710 1.2426932002
825442826.3752628565 1.2465006208
825190659.3063268661 1.2239172350
825238584.8622826338 1.2270367220
825509185.6484580040 1.2469038542
825670509.6937369108 1.2489135510
825384591.3823186159 1.2313278956
825441716.1297388077 1.2459555678
825609559.8202010393 1.2474354257
825716193.2757072449 1.2489417835
825775168.5098055601 1.2561294855
825720090.2924374342 1.2549394167
825837316.3711217642 1.2969078646
825778362.4435075521 1.2754568161
852332295.3215366602 2.3785899512
826206060.5180152655 1.3151664678
848142502.1513735056 2.2983917726
847842024.8571099043 2.2828805988
826082108.3058564663 1.2982877954
826118136.5571714640 1.3054794358
826095089.3346387148 1.2986064160
826312835.0509884357 1.3201476247
868577644.0085796118 3.0165580506
826815153.8341730833 1.3249201805
826803438.0749917030 1.3245208819
826980757.5830209255 1.3269735284
840919176.4385182858 1.9467810638
840607487.5339795351 1.9396265991
827337225.9564899206 1.3628942562
827137478.4614300728 1.3590608790
827229352.0326936245 1.3618373703
827130175.9223048687 1.3409772712
827203060.2073187828 1.3599265144
827377988.6110401154 1.3771681366
852497306.2280732393 2.4103672009
827529630.4260292053 1.3978172832
827469967.8944739103 1.3805148424
828015072.1925343275 1.4209222905
827989601.3743159771 1.4198015546
827856152.3692505360 1.4170497974
827789732.1936384439 1.4050557466
828309533.2503055334 1.4255714318
845082423.1370328665 2.1923503345
844702804.3511933088 2.1828307931
828352365.3474955559 1.4259819906
828466378.0183911324 1.4268657568
828581674.8187114000 1.4293158871
828685129.9100251198 1.4393612524
860501678.9053847790 2.6604422705
829025070.9165439606 1.4875438027
828772951.2835303545 1.4486154180
828770275.4741542339 1.4418620160
828975811.5520782471 1.4653075325
828935117.9139957428 1.4511184596
829239112.7580845356 1.4899748157
829319411.6912018061 1.5052384291
829651848.2514292002 1.5415720820
842801499.5251233578 2.0854751388
829319411.6912027597 1.5055031463
829510558.0322611332 1.5286619747
829359234.1173396111 1.5272346013
829319411.6912021637 1.5052948505
829890052.3592689037 1.5549599733
858649789.7868555784 2.6429312809
830115343.0042253733 1.5573196950
854484706.9770591259 2.4732715714
830564599.0294532776 1.5609116179
833232418.3653690815 1.6827441079
850068565.1591827869 2.3014373990
883597992.2270087004 3.4131467794
831304745.6527235508 1.5773060225
831590241.5525263548 1.5794481456
831281240.7005140781 1.5768932186
831227179.6454510689 1.5761860688
839013854.2341580391 1.8324770487
831958160.8624300957 1.5797251255
832171156.0917549133 1.5991035796
832050976.9285041094 1.5848228392
832810241.7444202900 1.6455553099
832502591.6942464113 1.6205805172
832479935.3317807913 1.6194783369
832393093.2709176540 1.6131698313
832460017.6488701105 1.6177236622
832507288.0784999132 1.6231610034
832582486.3294779062 1.6264517183
833102275.9309817553 1.6477416038
832623580.6881006956 1.6436800469
833153047.6887375116 1.6649004550
855797482.2413721085 2.5463988054
855835855.6443797350 2.5493587958
935750290.4980192184 4.4429595692
834858110.7503603697 1.7118231032
835075156.7121615410 1.7118653776
842441087.4060698748 1.9473914076
842530936.5559532642 1.9497680700
892991589.8414994478 3.5386807648
911504343.6607847214 4.0235560792
915292395.1925930977 4.1125780738
913991856.1022789478 4.0622275847
