699468684.5894554853 3440837.7989501953
700612600.2062600851 3555050.4699707031
701179069.4885292053 3600154.9615478516
704532174.8062950373 3841540.8001098633
712664830.7808386087 4268796.1478271484
699869663.8477039337 3480126.4854125977
701411646.6515370607 3616296.6499633789
712751020.5876264572 4268967.4326782227
712664830.7808386087 4268867.4100341797
751896228.7234339714 5082804.7673339844
699332369.2974233627 3422030.1974487305
699395694.7545981407 3435736.0203857422
722782192.0974751711 4605230.8420410156
838531271.6853119135 5613136.4340820312
747091133.3788441420 5042086.6687011719
698786175.4514194727 3354110.4670410156
700991211.3050713539 3585716.6612548828
701294505.8466465473 3612822.4165649414
703992629.8849073648 3805617.5549926758
703887922.2115681171 3804595.5188598633
698733451.4064193964 3333402.6062011719
699271110.6093779802 3418497.6760253906
700914106.1206214428 3580589.0180664062
708541046.5298720598 4071541.1898193359
709260018.1963363886 4106177.4881591797
698882559.4194469452 3365080.5371093750
698987819.5333043337 3377110.2651367188
698765387.2277140617 3348281.7128906250
698765387.2277153730 3348287.0664062500
699976084.8132594824 3490106.0933227539
700146029.5259613991 3505662.7924194336
703603956.7125697136 3780712.1492309570
699232204.2788842916 3409667.9882202148
700794422.6969612837 3569369.9624023438
708639943.9372444153 4083149.1776123047
698424530.1936825514 3291171.3903503418
698513215.4538271427 3313460.9587707520
700394723.9092990160 3529736.6102905273
703419723.6485511065 3769206.8019409180
712751020.5876264572 4268990.6904907227
708029041.3177939653 4045331.1356201172
707622516.9304794073 4027074.1551513672
699663719.5985493660 3457971.9929199219
698918758.4141105413 3368343.7683105469
698631848.4044926167 3320834.9823303223
700146029.5259611607 3505651.0473022461
756594943.0300127268 5125309.4724121094
701055407.4062013626 3588035.6458129883
704816506.4425210953 3857971.1878662109
709031259.8189009428 4101062.1275634766
712816527.8617866039 4278383.3309326172
703272687.5846968889 3757348.7142944336
698931705.7534788847 3370255.6749877930
700156565.7436475754 3507308.0932006836
705047745.0346730947 3871014.1494750977
705904987.4286084175 3928719.4362792969
708438190.3557655811 4069140.3572998047
823678901.2022769451 5540934.8537597656
823592467.1364815235 5538595.8078613281
699154489.2269239426 3398436.3981323242
717149967.2569407225 4436930.9394531250
700181629.6209583282 3509088.8258666992
698772396.2137943506 3352940.9150390625
716031390.8079031706 4382786.4047851562
723231435.1388461590 4632249.1311035156
700599052.9025484324 3548535.7247314453
701096073.4394165277 3593803.3548583984
706661042.7082774639 3970331.7348632812
702212258.1294044256 3677611.7327880859
703570264.9289686680 3778078.8209838867
702123874.1628748178 3673315.7167968750
706492311.0459185839 3960669.3834228516
721523948.5413964987 4583205.7282714844
708197293.6940058470 4058348.5498657227
700317083.5703746080 3522587.3650512695
700109057.9281058311 3501640.0621948242
699648043.7883689404 3457480.2422485352
802505945.3792513609 5384274.0646972656
717932168.0751267672 4469513.4309082031
699350304.7897547483 3422814.0360717773
705247505.0145202875 3889126.4018554688
707797204.4655890465 4041557.0064697266
705388192.5278928280 3899627.7822875977
719632150.4899336100 4516342.2500000000
776165851.5785137415 5212488.7414550781
775952784.8801355362 5208899.6604003906
750315269.0543074608 5063025.9697265625
701094991.0131810904 3593552.6854248047
702123874.1628748178 3673290.6865234375
706763297.0619515181 3973014.0017700195
707166413.3433352709 3995763.0471801758
828017434.2927378416 5542759.1860351562
709208372.6524337530 4105805.6551513672
700827827.9574060440 3570308.7799072266
702616980.9948859215 3701280.4549560547
702013525.4735679626 3665604.9935302734
737559271.6790180206 4936600.3891601562
701788790.2686949968 3648855.6688232422
705904987.4286084175 3928740.9929199219
701999865.3510385752 3662188.4614257812
704493362.8672156334 3840217.5730590820
708854819.6637716293 4094001.1795654297
712863714.1291307211 4279215.7827758789
852448642.3905788660 5689583.0078125000
712331214.9760361910 4256447.0194091797
702857709.3399364948 3723085.1229858398
852586331.4536718130 5690264.0888671875
822706809.0971699953 5494565.0722656250
709319203.3728629351 4118337.1712646484
706943861.5906378031 3979715.8800048828
706237407.0345475674 3949361.0535278320
708105457.2197780609 4054329.8221435547
712880565.8094567060 4279482.4736938477
701599580.2753317356 3633171.4195556641
702330416.9368425608 3683065.9796142578
706315051.1876047850 3950261.3164062500
707247947.5782321692 4000731.6484985352
812310179.2975605726 5424745.8395996094
852392589.7518998384 5688886.8281250000
737919153.8279243708 4938393.0932617188
711003951.4752318859 4198197.8010253906
852010844.5680648088 5688777.7744140625
813930511.9476768970 5467124.9753417969
710638588.9547697306 4180148.4683227539
715854678.4097775221 4373546.7111816406
735929504.1980458498 4896870.0847167969
770305123.6100054979 5177499.4294433594
721944173.2646460533 4586729.2312011719
721778251.9372478724 4584981.3093261719
705701337.1681941748 3914048.9350585938
716034716.5738883018 4402013.1324462891
707338851.3376988173 4007638.8268432617
830594879.6917389631 5585821.0727539062
704428152.7912559509 3835121.4445190430
715309559.6192307472 4361420.0051269531
703740192.1282379627 3789576.2644653320
705318525.2758344412 3891164.2821655273
705104175.8932709694 3879120.0487670898
705501945.9050366879 3904086.9576416016
706912547.5971248150 3979446.2332763672
720121677.7711055279 4537177.0842285156
704559668.3629366159 3845777.6884155273
704203982.0306621790 3820692.5848999023
851528873.8962057829 5687411.1806640625
732686485.1289972067 4829395.6414794922
732012215.1258145571 4816420.9598388672
703138829.4325326681 3744021.7681274414
703204447.4404222965 3750895.7101440430
705134037.5784488916 3885169.3820190430
704028988.2628201246 3809627.0794067383
715876909.7104097605 4380222.7783203125
722858018.6269453764 4621535.2565917969
717524203.8478695154 4452025.6394042969
722427221.7835892439 4602994.6271972656
702800377.9928971529 3719331.7003784180
702719532.9587168694 3714873.4396362305
785440197.1440559626 5337752.0339355469
851199685.8157790899 5680562.0429687500
717688811.8522028923 4461380.3435058594
718164250.4380503893 4479725.5144042969
721925860.2104886770 4586641.4074707031
702920690.9624363184 3725728.7316284180
718629715.6654320955 4490017.4357910156
718055360.5675660372 4477696.3793945312
737457776.4650893211 4928560.5595703125
843738286.4757421017 5650497.0590820312
843439057.8604784012 5646232.6079101562
718991317.5364886522 4495935.0216064453
710287518.3411234617 4158046.9223632812
720239394.2317870855 4545620.0939941406
717713822.5327194929 4465717.5310058594
755270081.8093382120 5114471.4611816406
729783152.6337618828 4782672.2906494141
755666265.6006917953 5117198.0739746094
850943137.2762907743 5673468.0605468750
717528822.7871210575 4454203.5712890625
709530960.1096128225 4120099.7578125000
751603132.4824651480 5077695.7475585938
835493382.2639406919 5612403.3168945312
835409240.5766993761 5609125.2553710938
710775157.2643519640 4188856.8121337891
711639441.4538468122 4226510.1380615234
710908206.7420361042 4190308.5738525391
709516100.1218765974 4118599.9318847656
709516100.1218765974 4118599.9736328125
717688811.8522028923 4461319.4138183594
717403188.6517219543 4448952.8466796875
850973707.6190303564 5675789.7080078125
717982246.6434937716 4470528.7409667969
718304247.0494437218 4481920.8925781250
719356197.0750839710 4507885.5568847656
736503792.8859293461 4909541.9980468750
719269734.4469448328 4502356.0915527344
736198103.2827721834 4901746.0017089844
717814445.9876019955 4466468.2917480469
728037672.8946805000 4730036.3634033203
721052824.0179944038 4566640.8425292969
716937650.6346607208 4427781.5778808594
812776370.0969820023 5461174.3347167969
817781812.2952865362 5492038.7551269531
813414907.7181558609 5464948.8659667969
817346540.8255087137 5480599.0075683594
727134593.4552110434 4720330.7794189453
722171642.3270533085 4601584.8818359375
847743750.6421220303 5655391.8486328125
720664082.2330551147 4562334.2971191406
850115249.8652927876 5665453.1972656250
707074645.0867480040 3991645.7756958008
842658100.1503717899 5618338.5620117188
843162811.7845243216 5618940.3696289062
713099781.6696132421 4293496.1442871094
736604403.4173380136 4913402.9448242188
709864892.1074661016 4137310.1694335938
754447297.1465128660 5108186.9382324219
754302236.1941243410 5101314.5563964844
732041751.9219435453 4821078.5592041016
731650732.5808064938 4812594.3438720703
754311442.3792806864 5102610.0632324219
812522354.7285338640 5427174.0456542969
754386391.0950402021 5102874.2302246094
722085234.4765828848 4591875.9106445312
725327647.7465660572 4678287.4123535156
736760594.3594107628 4919908.6708984375
711792431.0362263918 4234897.9165039062
728742189.3784145117 4765032.1085205078
728826419.8038905859 4774432.0345458984
719786971.3199446201 4524036.1196289062
731551483.1126531363 4812232.8326416016
721986652.8029845953 4588965.6333007812
719914776.2922048569 4526761.4663085938
713308107.7461669445 4303747.2988281250
713123883.8008069992 4294472.7226562500
717260352.8716049194 4442956.9472656250
714378661.6367408037 4341812.9418945312
714158279.9114363194 4337236.2807617188
714135454.8856259584 4335361.3110351562
713728639.7259466648 4321818.1928710938
711878266.2490088940 4241418.2910156250
713123883.8008069992 4294435.9521484375
753888451.2874944210 5099995.8068847656
754386966.3107229471 5103481.2634277344
748363158.0838848352 5051068.8430175781
713405714.8626649380 4310110.6297607422
709805385.7596396208 4134568.5793457031
726368551.6376763582 4706332.3927001953
711813079.9840332270 4238478.5356445312
754685740.1358422041 5109803.9885253906
842311754.4068366289 5615981.1416015625
715908882.1482150555 4382202.2697753906
728252877.1404329538 4741699.6795654297
728557167.9505679607 4762995.4893798828
728603335.9089372158 4763899.9195556641
727670489.6276606321 4728732.4909667969
733327187.0127612352 4848890.9047851562
723876572.0943291187 4647038.4409179688
744194221.7547602654 5012450.5402832031
743741440.3351165056 5002126.7092285156
724446861.3243685961 4657803.2167968750
746657941.8548007011 5039460.6374511719
724503731.9414271116 4658352.3814697266
724976371.8322713375 4668716.8017578125
723577142.6898440123 4634417.7658691406
728359794.8809323311 4753392.1849365234
716603222.9887118340 4418436.0251464844
723822331.1324476004 4643711.0322265625
723954324.0170062780 4648086.4577636719
724007519.2344427109 4650455.7478027344
723641283.8849949837 4638903.9309082031
736378057.8421803713 4905494.3239746094
715697233.4791296721 4371267.5511474609
711049751.3029553890 4203315.7016601562
715132753.9736889601 4360483.6507568359
711893457.3144533634 4243144.4746093750
711230854.8395217657 4211246.0136718750
805547056.6118192673 5408394.1152343750
715398823.8065711260 4365686.5074462891
732918339.7178208828 4845304.9902343750
796670325.5592660904 5354803.2666015625
735689396.1013362408 4886476.3144531250
805248922.5094581842 5391555.8007812500
804788392.7273794413 5389270.8564453125
731133415.3968217373 4806492.2094726562
730804725.4106843472 4804668.5859375000
780837866.7765612602 5235865.1357421875
767133016.2093844414 5129024.1997070312
725182976.0311408043 4670399.7844238281
767930823.6035187244 5143959.8061523438
735424311.8737454414 4882858.0002441406
737778655.6944754124 4936837.9228515625
732604782.3168529272 4823909.5295410156
766082061.8826286793 5127671.9995117188
739143111.0973229408 4960337.8962402344
733528534.0739904642 4872355.6772460938
733432774.2056967020 4870894.9721679688
738683290.3741527796 4954047.2692871094
739450645.8768074512 4977608.8244628906
738067033.0218863487 4949355.7033691406
811283973.6301257610 5415010.0395507812
784648354.0321995020 5251013.1938476562
732679273.0604617596 4826307.3222656250
