120010426.4741020203 492553.7635253668
124424137.0854921192 584468.1899542809
118649484.7557877898 448589.9484984875
119325786.6609620154 471532.0149291754
118609885.7109229565 447855.1681474447
129335236.9112631977 664854.6951599121
117793530.6281863004 407423.8300111592
122564872.7140021771 551412.9340357780
121415931.7071198076 525142.3837383986
122953735.3513865471 559004.2680201530
119837584.4946244210 488022.9402831793
118777104.4746316969 454196.2044512779
120318481.7199416012 498064.4156249762
120032294.8762311488 492788.9932616949
126564817.3709861934 623796.9605588913
118097447.5140295327 426968.4590409994
130094135.9954010248 675244.7987060547
120092864.1039173156 494953.2562011480
118340917.2194203138 438394.0290645361
120311744.0018875748 497343.4791015387
121333494.0773045123 522742.3070782423
119771451.6561955512 485799.8963378668
122652417.8236010075 554594.4718775749
122674286.2257301509 554829.7016139030
122084817.0629882067 542189.7194361687
117271178.9641469121 375662.6676585972
128171066.6223249584 645631.5083618164
126612642.3357232362 625783.4481077194
118389651.9326323569 440634.1212724447
117979724.5358802378 425167.1073640585
123249714.1140314192 566279.0722193718
132230938.3311720043 696644.7087402344
118131074.3603659719 431319.4024080038
129068814.5520070344 659705.5767517090
121355362.4794336557 522977.5368145704
126198402.1532437354 619169.3309430331
119793320.0583246946 486035.1260741949
121836482.8899809867 534033.3514938354
129401138.0624671727 665811.9080810547
118397116.4627796859 441689.5389239341
118228864.1921127588 434114.4986528158
127362551.7280843556 634474.9680767059
130814561.6422256380 683333.4670410156
130684589.4476928413 682564.0090332031
122790253.0483662337 556998.5340398271
121634811.6050900668 527474.3937481642
129393950.7538057417 665333.0692138672
128738694.5713690072 654960.3677368164
117449946.2651516646 390712.7222307026
122182132.9090282321 543199.1581344604
128950847.4738612324 658766.5410766602
121952351.5347086489 539206.0553512573
130528710.4976347685 681645.1708984375
121563275.4516240954 526668.1940411329
122858828.0768389553 557525.3374246075
121974219.9368377924 539441.2850875854
119728726.7389716804 484337.6138153076
129448513.4365968257 666913.7896728516
136633292.1315982938 712040.2929687500
130870551.3866943866 685079.8498535156
132285504.1513577849 698214.8732910156
129683670.4819070548 670074.4864501953
134761114.3642873168 707549.3500976562
131173316.5646204501 686748.5396728516
129941644.1673119366 673793.4866943359
129130647.3839166611 660879.9446716309
118556870.6963410974 446974.5179278404
136126645.4404246509 711458.4667968750
130261404.3457504958 677711.3751220703
122285423.5883457661 547238.3676295280
122493336.5605362058 550996.2377467155
122348304.0469105840 547840.0663781166
122040381.3497085869 540145.9267296791
125438871.4894180745 606550.9212980457
130017792.3168186098 674945.4270019531
128579698.6977407336 651247.4517173767
135850693.7733302712 709175.9394531250
135329216.9867254496 708528.1323242188
122460378.8638688475 548356.2237132788
118578739.0984702408 447209.7476641685
133940844.9179968536 706462.4980468750
120606158.6606572866 508416.1418679953
120547529.8958720714 504410.4997781515
131902406.0619265884 693895.6242675781
120869144.2843074948 511660.5036172867
133640537.3738503754 705544.3588867188
117429754.3911218047 388431.8124034759
120435191.0395125896 500699.5750894547
125828103.9656678885 612183.2757444568
125397383.3720580488 603547.6210050769
123025114.2793118358 561576.2976799011
120921118.8118971884 515141.1408243179
123233027.2515023053 565334.1560783386
130359479.1604636610 678219.3610839844
118998550.9370955974 462164.1028426886
117438089.9188851416 389825.2350175679
121692928.0863042325 531755.2679715157
120519126.3852336705 502809.1442422867
122898836.9017315209 558751.4777480378
123464948.6068688184 570038.2957881405
120825760.1543517709 511204.5592813492
123444811.0048477799 568549.0041152253
122966409.5467079282 559723.1772683575
120897296.3078177422 511955.8073282242
120440808.6162270606 501475.2314004898
134161859.3900853395 707094.2963867188
129552373.8296519369 668518.7569580078
123169919.7981120795 564676.7831679597
120595978.7800321877 507223.7206583023
120332969.9274474233 499710.4479532242
121663355.2430944443 528668.4801324606
135889848.1099320948 710817.7153320312
125138812.3331974447 602362.5847046538
120796346.7793254554 509556.1173868179
123739088.6518698037 573242.7214003815
123080034.0880886912 562500.7951308503
130183698.4947659820 676895.3908691406
130517261.3059665114 680543.6284179688
128674269.9192500412 653973.4769210815
122246438.4979177564 544388.9580300762
121027874.7775275409 515942.9579916224
122690923.9295410812 554993.6110488190
119959727.8071314842 488715.2618408203
125972736.4431339800 615296.7140255272
132994060.5028013736 702651.9929199219
119973089.6650179923 489394.4605712891
125931682.8670381457 612263.7862911522
125061397.1602545679 600932.5376906395
125635854.1540177613 611005.8878195803
125605946.7314165533 610025.1649449319
119680278.6814751029 484218.6041259766
124727343.4865164757 593567.9061301271
117814400.2219871283 408219.4640005007
117960408.5718975514 413345.2074578106
127066705.7851481885 632435.1542944051
124971803.9388843179 597009.7785838991
117919765.0144430250 413195.1503408328
118381187.5685512722 440612.7263018638
122613434.3232501447 553202.0752806664
124505246.1639150083 587766.6671450655
129775737.9893645644 671835.1190185547
117702220.7829029411 403362.6408760846
118288589.7290494740 435982.0604006425
118637894.9628810883 448216.0616412526
117311188.9734407216 383312.9360673726
122690725.6734429896 554981.4258666039
125592198.8495582938 608465.3369508311
124146224.2519034594 580580.0785231590
129739475.1834332943 670364.9102783203
124827658.5219673812 594075.3123488426
124866369.1514452100 596966.7068800926
123588045.6128639281 572784.0259227753
122645573.5740282834 553895.2260964825
119478412.5187771022 477262.2130416632
117574972.8060158491 398188.7499578372
117582396.4080527872 398231.1317384541
119508442.8036107719 478286.8672851324
119431151.4534179121 476507.7012695074
126939863.4675802588 630431.5443147756
119218605.1872222275 469336.7957675457
119419831.4870358855 475482.3052513897
119188417.7818398625 469136.4480736554
132435788.1693816632 698670.1132812500
117626352.7504476607 399620.1970632449
119232664.7053391486 469607.0434105694
119509933.9656098932 479020.9285424054
117906606.7123004645 413104.0445895549
117855226.7678686380 411672.5974841472
121468494.8967690468 525477.2094345093
122444259.8127818555 548070.5323023796
117708107.9555398673 404794.2311421931
132244117.4047960341 697508.2680664062
117759487.8999716938 406100.0498677790
124609089.3747438043 590802.2110137939
119659117.4423881322 483021.8036874533
135859794.7635063827 710398.6906738281
123556036.8587893248 571572.0553817749
117401253.2793592811 385204.2950715125
117905599.9511969090 412049.4370057881
117470741.0339951515 392074.3604066670
127192609.8583196998 633546.2840394974
118526549.2433048338 444801.4366290122
124981229.9124057591 597114.0193629265
131337104.6933545619 689666.7620849609
120425156.6514514387 499766.9591456652
119419738.2356256843 474698.4861825705
121742004.2149049640 532160.9936318398
128806698.5818173140 656964.8279500008
121550025.6152667403 526601.8937783241
118354493.5649117082 439225.1225420982
118764948.0544288754 453380.8027874976
118820371.0024926364 454924.7390667945
117324282.9533654749 384704.8662355244
130722505.9913458824 683307.9130859375
121198885.2934631556 517665.0347824991
136076566.1620369852 711300.5307617188
118555105.1953745633 446306.0823809654
119538333.0179594904 479295.2401231527
117653089.8968818486 399850.1577861323
117777476.2779100090 407225.0257670893
128599626.7827809602 653870.3247461319
128584184.8547028154 652179.2384796143
133067516.0325984210 702972.0810546875
131731468.7023403645 693650.0162353516
126861165.2121769786 628740.3070398588
133243942.4711616486 705102.9934082031
126839882.6426504999 628658.5712583698
132527636.7373003960 698806.0664062500
126780216.2819334120 626662.3352174181
131581549.5341100395 691691.7969970703
117608088.1986671090 398380.3827455342
130582119.9344755709 682200.7181396484
136081518.8745177388 711438.8930664062
133637508.0792610496 705194.5083007812
130915682.7456761003 686000.7720947266
119418334.0609275699 472582.9764953852
129989906.8409924656 674454.4049072266
117963446.0461900383 414506.9300570842
124968383.5657341480 596971.1212086678
118447541.8986750096 442526.9654376060
129254116.8448044211 663080.0129013062
131218854.5073068589 687864.2640380859
125534579.7195792049 607366.0237826109
131262842.4282939285 687990.5247802734
123549754.3324995786 570833.2419246137
124220498.2520424426 581675.3854416907
124245304.1757191420 583361.0218505859
127675573.3677637577 639326.6631632447
118865831.0599183291 456620.3302825242
128925135.9710135311 657664.6736923475
118901118.5523604453 456668.6725832596
121142601.2085643560 517067.5557733476
123789242.4521077722 577067.3681735992
126068884.9393228889 616838.7686901093
124174572.8371161520 581196.5804443359
124461536.2830589116 587100.0671806335
123908730.4698770791 578747.2260274887
131673398.1020287573 691827.7501220703
124126318.7445173711 579741.3992900848
118972758.5013081133 458179.7960072607
124641454.7043854147 593010.7303466797
127666986.6936721504 638431.2876845002
123014912.8076527566 560281.1741738319
124191748.7381165326 581635.5187683105
131347711.2367192358 690828.9350585938
121238114.2824764550 519472.4810411930
121563933.5119434595 527212.5572130680
125793121.5742287338 611890.2462134361
126442012.8207699805 622741.7823317051
125268945.6828272045 602385.7717304230
129073873.9636824429 660316.5534429550
132014366.2217032462 695120.6612548828
126524108.1359945685 622964.2695595077
128364966.5584518313 651036.0405226965
130452523.6253694892 680486.0714111328
133796305.6425534934 706075.3579101562
133509391.7661568224 705176.1674804688
129893975.3291414231 672272.3302955627
118685112.3206079900 450664.7973235399
132093934.8929883689 695624.5648193359
122210576.2300640345 543586.9198086262
130618429.8033168763 682444.4390869141
130581757.6465070546 681770.4718017578
132704925.0899415165 701460.9472656250
121532875.8265599906 526118.3085558414
129620989.5038491338 668537.7428855896
131518210.8502153903 691149.3021240234
118471699.2445943952 442732.5751947612
118506000.7066440880 443528.8693842143
118932696.8485098779 457707.2565912455
134006736.1015240550 706627.5900878906
127825199.3438573182 640806.3781031389
134411266.1515841484 707161.3161621094
119042070.9374564588 464414.6935176849
130370375.6855922788 679279.0947265625
121894074.7283936441 535628.8034298420
131677916.2412723452 692022.3839111328
133729216.7584156394 705648.7290039062
129939523.3556947112 672294.7817993164
127039378.5972238928 630595.4353094921
128105647.9990504384 645521.1098403931
127242678.3647996932 633557.4377491474
135794474.7958902121 708728.1289062500
127418753.2196175456 635697.0352301598
127479322.4473036975 637532.9174270630
127727987.6594990939 640748.6245727539
127369889.8665507436 635580.9509930611
127723031.7072810829 640503.8062133789
127928648.9680547714 642899.6451111934
128229998.8065198511 646873.9551225919
126323338.7222357243 620113.1646684427
126291495.3082165569 619674.4173392076
127711109.9976283312 640201.4195252559
127943959.1651181132 643411.5641437192
127584713.0990821868 638178.9959379337
128273933.7304320782 648478.1581539991
127988259.1301931441 644860.9357418898
128299780.0001333058 648809.1605954054
