839401568.9636179209 5651095.1328125000
829682057.4557207823 5454398.6437988281
842863355.2100017071 5691093.0268554688
837125406.0477415323 5617750.3051757812
828146657.7389239073 5402581.5288085938
829045700.6233876944 5427714.5878906250
831610085.0040674210 5507719.9521484375
834928780.3206365108 5568689.7265625000
844686274.1176614761 5710499.0522460938
846041922.1080038548 5719084.7436523438
835037430.3361589909 5572764.8715820312
833790714.9388430119 5555412.3574218750
835512940.3636080027 5581583.8168945312
836766388.9611496925 5607960.5019531250
830784899.4678603411 5492372.4291992188
839147288.5978173018 5642617.1811523438
834853125.6677743196 5568346.7514648438
835023153.7327502966 5571060.7231445312
844497084.5209155083 5706252.9047851562
829046246.0206584930 5434507.9326171875
841784444.6303390265 5676724.0786132812
843824035.9894633293 5704331.7045898438
845272151.0835279226 5710959.6850585938
834076568.9130361080 5559585.2666015625
833937399.7600901127 5557534.5244140625
843717654.1859906912 5699546.5087890625
842285858.8873755932 5685183.9614257812
847041273.5246556997 5729825.5917968750
854263789.1311153173 5780604.6030273438
835480141.2898700237 5579967.6606445312
835463914.0936369896 5579024.7294921875
832826906.6932164431 5539705.5703125000
838923453.1588754654 5641623.6743164062
852838235.2716758251 5771294.4633789062
831613439.2828263044 5516413.4985351562
827999449.7628488541 5350385.5888671875
829011031.9779646397 5418167.3906250000
837579536.3636041880 5620010.6528320312
837957883.6543068886 5622597.3403320312
832305781.1685473919 5530968.1889648438
833116950.6528861523 5544275.1049804688
832654082.7450724840 5535390.1782226562
837082632.0920544863 5613932.8315429688
860158583.8572279215 5799361.3837890625
849742988.6606466770 5748829.7700195312
838952107.1806678772 5641709.8022460938
860400604.8813703060 5801005.9521484375
836061510.1840723753 5597083.2221679688
836417715.1131523848 5604781.4194335938
832124096.0924018621 5524719.7802734375
849631548.9193278551 5747499.8203125000
842106539.3507287502 5682916.1181640625
832932582.8427699804 5543349.0351562500
842058952.4175031185 5677245.8544921875
832224719.9439339638 5528623.4291992188
829169003.9191117287 5438395.2055664062
840437058.1236790419 5661432.3588867188
840251232.0359177589 5659420.7758789062
840932417.4017159939 5666768.2421875000
840579788.8138034344 5662690.9042968750
833511078.6587003469 5553679.9448242188
832574922.9226609468 5534164.1162109375
843626719.4189575911 5699300.6127929688
831311925.2946971655 5501280.5283203125
850797616.5767678022 5760256.4458007812
838755674.0988274813 5636957.8803710938
834619284.1140860319 5567354.6826171875
831203193.6377478838 5499684.8657226562
841063126.2732158899 5667738.2626953125
839754543.5639168024 5653885.3535156250
846537097.1313508749 5725746.8208007812
835865410.9419288635 5592762.3725585938
835650663.7268407345 5588027.4360351562
842380810.9174401760 5687359.2412109375
833163221.0774315596 5546385.9077148438
837849973.2724795341 5620480.7026367188
843163603.4147405624 5696540.7089843750
828779679.0777754784 5416570.5009765625
852978105.0740405321 5773914.8891601562
859064238.4777281284 5795632.1235351562
830708234.7537808418 5479399.9848632812
830492016.4876646996 5476561.5756835938
851139024.4855185747 5763005.1655273438
850325427.7161227465 5756364.7524414062
840238219.2423794270 5654651.7866210938
852286140.9043864012 5766755.6708984375
847350450.3828347921 5730913.9570312500
846693143.1983391047 5727562.3032226562
843562892.5306839943 5697255.9584960938
855313235.6761326790 5784630.7397460938
832259510.7440018654 5528857.3862304688
850689011.3650004864 5756805.1831054688
837409599.5979017019 5619777.2265625000
846454834.4833654165 5723087.3310546875
830183972.0615333319 5469562.7104492188
829447272.6201307774 5444396.1220703125
834271798.7542405128 5563233.9560546875
835566914.8990505934 5583761.2377929688
838625889.2285270691 5634572.2241210938
838076508.5786285400 5625569.2607421875
851965840.9795734882 5765241.2680664062
831139288.8967307806 5499130.7338867188
832780533.8490368128 5536050.0224609375
855535871.4559202194 5784677.4511718750
830982840.0728315115 5494266.0097656250
836950343.8212609291 5610037.5229492188
848578295.3112622499 5741755.5747070312
829474872.2647799253 5446622.0292968750
846223758.4873423576 5721645.7617187500
841505535.3188105822 5674663.2910156250
827984548.2933266163 5348477.6425781250
850772798.1576206684 5757413.2309570312
853354464.2442554235 5777179.6235351562
835702813.4465293884 5589754.9765625000
830484958.3093885183 5471305.1328125000
855783245.2856304646 5787341.1127929688
848066481.5863138437 5739572.6948242188
831722170.9397758245 5518009.1611328125
834313261.2582094669 5563989.6914062500
834046234.5376806259 5557656.3623046875
829859825.6002599001 5456251.0200195312
829870469.2953469753 5458806.2490234375
829999043.9709416628 5462173.5874023438
835874124.2810499668 5594907.0063476562
839213192.4084594250 5643959.4257812500
833511006.8123508692 5548364.8100585938
838758345.5661911964 5637657.6948242188
836164103.6346504688 5600402.4770507812
838390842.8455483913 5632347.3383789062
833206937.4882557392 5547477.8427734375
836945113.6802858114 5608255.8833007812
852999800.8937762976 5775725.7368164062
852627140.5911065340 5768706.4975585938
831982947.8071304560 5520889.6875000000
856742157.8884842396 5791668.9536132812
854980496.6096425056 5783902.0424804688
836247827.4362021685 5604487.9892578125
856215662.8021619320 5787701.8872070312
854610566.4070068598 5782464.0874023438
834206585.1761701107 5560620.8935546875
831849427.9679700136 5519412.7392578125
832013149.6682215929 5522367.3623046875
835658368.5044745207 5588855.3637695312
849445558.6775614023 5746867.5825195312
849642627.3589009047 5748294.2285156250
848801176.0731471777 5742063.4125976562
857947046.3823606968 5791694.9301757812
833488728.7920330763 5547775.5478515625
850157530.8382638693 5755661.6743164062
848066304.0280207396 5738440.6020507812
838328857.8480629921 5628185.2705078125
836712673.7330805063 5605836.3408203125
841143812.3593358994 5667836.9331054688
837017661.2458287477 5611695.0991210938
850808695.0163408518 5761050.8540039062
835325879.9400848150 5576707.9072265625
833762323.9553650618 5555093.4902343750
845611679.3731544018 5715568.2587890625
836593457.4843367338 5605798.0532226562
834324488.3553313017 5567044.7255859375
847574955.3520025015 5736823.9731445312
850789250.0135941505 5759227.3032226562
848807849.0205134153 5745776.7763671875
849786428.5686790943 5752919.7089843750
851210522.9608623981 5763317.0678710938
836727681.8922282457 5606199.6284179688
842056436.6632121801 5676963.4516601562
854001676.1529880762 5777579.9804687500
852486066.4480309486 5767041.2241210938
856368648.3079255819 5789480.1166992188
855739340.5242971182 5785415.7797851562
851942158.7143245935 5764923.4648437500
841471628.2138718367 5670092.7744140625
858377861.5058747530 5793930.6811523438
847529983.9008462429 5736276.0288085938
845907019.4501712322 5717158.2651367188
850155580.7778095007 5753438.0957031250
845848964.4346714020 5715695.8676757812
841019495.5636501312 5666770.7246093750
863736622.0944604874 5801887.2304687500
852596090.3048260212 5768457.5146484375
842091903.7971357107 5677682.6684570312
852143983.5664248466 5766689.7275390625
852759233.4364049435 5770258.3076171875
852948327.3484743834 5773635.4902343750
845275764.6028853655 5713853.7397460938
841333751.8472968340 5668031.0922851562
859184267.2014228106 5798173.9458007812
858945814.8396466970 5794860.6909179688
858623282.0157428980 5794541.2319335938
859147737.5340069532 5797461.7797851562
858200575.6080557108 5791934.0434570312
858349333.3777786493 5793065.5444335938
