132623375.6771257073 1751.1812228789
157291287.7404600978 7681.0788650513
132851399.9210530519 2426.3044258550
132841621.7331102788 2381.4704625251
133342285.8948976398 2767.6738508854
157464184.3655132055 7684.1943054199
157124842.6244604886 7641.8884887695
132581432.6000603437 1496.5515138661
132646371.1270378232 1908.3380855555
157560603.0730105937 7684.3126602173
132830649.3009180278 2378.2896868184
132824924.6683949977 2368.5606300244
132820228.6400876194 2339.5538684174
132880745.9755821228 2431.5780388311
132667368.1411299855 2004.2271918515
132677775.0784174204 2052.2677594135
132636896.3720129579 1856.3750783359
132626792.1636627913 1770.2369633173
132621257.8253879398 1748.8904971709
155965304.6493635476 7271.0230994225
156209270.4511914849 7279.1361975670
133427646.5084438175 2772.7877365956
132588818.9621888399 1510.4039370422
132651568.5595445633 1917.6629410093
132599129.2769470662 1622.8750954648
132656791.7878682464 1947.0739039565
132639014.2237507254 1858.6658040439
132922799.1501288414 2452.1947881671
132624674.3119250238 1767.9462376093
132609035.7653000057 1660.4616564442
132661989.2203749716 1956.3987594103
133015525.0778373182 2554.0438124393
133462913.0234107524 2813.9266378288
132654813.8053361475 1945.2300548861
132616371.5028323680 1731.5011449163
132652695.9535983950 1942.9393291781
133025945.7386677414 2592.7796308403
132590754.1060470194 1539.9463066612
132628593.5629203022 1819.9299856429
132644393.1445057243 1906.4942364851
132959238.2505642325 2501.0438369953
132650000.7701182216 1912.4681454534
132630571.5454524159 1821.7738347133
133152121.9701415151 2703.9782612179
132654673.9361304790 1944.7831782484
132727891.5354647487 2173.0582282254
132640992.2062828243 1860.5096531142
132612955.0162952989 1712.4454044779
133146710.8262307793 2695.1080359374
132694766.7109303027 2073.9975952362
132607432.0860397220 1659.3201881577
132665335.8310380280 1977.0403874670
132634201.1885327995 1825.9038946112
132638874.3545450568 1858.2189274062
133651640.6118490547 2852.6099321852
132642503.9976254553 1862.3489873041
132658303.5792108774 1948.9132381463
132619654.1461276561 1747.7490288843
155532710.5310484767 7179.8906378746
132717842.2694823146 2164.1457183966
132660421.4309486449 1951.2039638544
133165436.2888661176 2759.0358991032
132691514.3571700454 2068.6472639153
132662785.1498309374 1956.5669337818
132609549.9377774894 1661.6109138657
157263324.0794406533 7673.1035919189
132950991.3637674898 2485.4729455719
133332694.1919502765 2763.9291411047
132592871.9577847868 1542.2370323692
132582451.2969543338 1503.5012139683
132688411.3895900697 2067.1885106275
132621771.9978654385 1750.0397545923
132600270.1259006560 1628.0149098416
132635453.7277130932 1834.3132797265
132627150.9186204374 1797.8681870336
132851155.7139465958 2381.6035350570
132611351.3370350152 1711.3039361914
132696884.5626680255 2076.2883209442
132867959.4535421133 2426.3182662735
133294654.5278110653 2761.6947274362
132897305.5080711842 2431.5918792496
132772429.9314009398 2316.8581222305
153831747.0160579681 7012.5248806477
155349204.3706598580 7111.2379125357
132693514.2035926580 2072.8819593797
132722248.4313736856 2171.8861754248
132912381.4799320549 2438.3165297513
132700587.8588890135 2082.6893000910
132664083.3237004131 1975.0680602761
132710566.2925157100 2160.5618460784
132751679.3112659156 2268.8433831939
132683253.2643612027 2065.8953640172
132712684.1442534477 2162.8525717864
132681135.4126234353 2063.6046383092
133073924.5615940690 2643.7772571449
132707421.6086519063 2125.4098999957
132702263.4834230393 2124.1167533854
156946480.5316356421 7428.3104214668
132741258.6504354924 2230.1075647930
133031620.3869419098 2633.6984158168
132762009.2705705166 2278.1223038295
132666201.1754381806 1977.3587859841
132672832.6035307795 2027.1595456162
132616371.0419025421 1716.5561595787
133076042.4133318365 2646.0679828529
133113394.7672453672 2653.7805315513
155481535.3857333064 7176.3449225426
132610300.5859833211 1709.5031021913
132980512.8911906630 2536.6078388100
155392012.4161061049 7126.9688024521
132734627.2223428637 2186.4371094713
132801775.9859300107 2322.1317352066
132652364.4890005291 1917.8311153809
132660667.2980931699 1954.2762080738
132732509.3706051111 2184.1463837633
132695632.0553303957 2075.1726850877
152970772.3800645769 6905.6695342064
132959833.0344149917 2526.2268138458
155852854.2947882414 7210.4937720299
152648165.3967586160 6874.8553709984
156789111.8563094437 7291.0685253143
156790979.4107915759 7371.0272464752
134146438.5268146992 2964.1291065795
134076448.5946648270 2891.8038633198
134531852.4224431813 3148.7696658800
134521317.9933415055 3059.6066518704
134496557.9774843156 3022.0831167570
134396645.6125710011 2986.0686600477
134324649.1465617716 2979.0680980240
134458172.6609092057 3003.1368570470
134503978.9349133372 3047.2655463258
134795635.5435124040 3287.1579438242
134669418.5351378620 3178.3406473192
134784741.1736032665 3193.5211685397
134784741.1736032367 3193.5211685397
134784741.1736032367 3193.5211685397
135144721.5457510352 3397.2049486145
134946877.9779419005 3397.2049486145
134878308.1266493201 3302.6447983931
135493097.2386998534 3440.6895537233
135536963.9883074760 3445.7334996377
135849001.0052214861 3699.5728634809
135490004.3200817406 3399.4523187112
135548528.2562959790 3496.6155925225
135570629.3518041670 3652.7715188180
135646455.4933134913 3659.2662265812
135779511.5407065153 3694.7126313363
136052872.7001105845 3740.2473205179
136082234.7085640728 3781.1034569871
135539451.2421157062 3468.0131153455
135747509.8974834979 3686.5957376510
135969889.7503418326 3700.7012142986
136281490.2463364899 3834.7612163723
136595402.9859848619 3901.8106492609
136762628.9751326144 4044.4878916591
136594943.6754341125 3884.9118808936
136655557.5364546776 3956.1305366438
137073094.2977666259 4269.0737817883
136837004.1641809940 4069.5861953348
137024421.1577609181 4250.6672970653
136848233.8323133588 4168.6972958446
137073889.2272222042 4300.4098046422
137073889.2272221446 4300.3867166638
137073889.2272221744 4300.3891561627
136822737.5264709592 4060.3791485280
136983662.1821991503 4237.0867440403
137117989.3334556520 4357.5582118928
137319497.5639693439 4459.2347601354
137296991.7954106629 4457.8682838380
137247247.0383174419 4444.0101734102
136940802.1160384715 4224.5563153177
137172713.5141385496 4369.3434022069
137595837.8942101300 4603.2454267144
137626520.9556639791 4608.1342468858
137626520.9556639791 4606.5627446771
137177367.1481810808 4405.3278270662
137322190.2689912319 4547.0500167012
137612424.6298441291 4604.8169289231
137612424.6298440993 4603.2502885461
137525981.1284230947 4578.9692302346
137514489.4667170346 4577.3300099969
138153295.7307728231 4799.3195682168
137630997.9003335536 4708.5560289025
138109816.1782318950 4771.1539874673
137784509.0155618489 4746.0261130929
138448245.3323279619 4844.7752553523
138603364.0840951800 4879.4670052652
138608410.1579809189 4884.5382382993
138807707.4158974290 4935.0402910833
138793553.8789666295 4912.0229978685
138989311.3973106742 4983.5786495209
139181438.6745010912 5138.3565384001
139041474.8590018451 5039.2110801786
139041474.8590018153 5039.0616928190
139041474.8590018153 5037.6131301969
139016516.3994049728 5002.4225002378
139260596.2353293002 5145.9464869499
139041474.8590017855 5037.6012817472
139129584.4683023095 5047.9499892890
139294677.6510569155 5161.3405919075
139952051.4716007710 5345.7721180916
139409339.4472760260 5207.2206196785
139785721.6678267419 5324.8300123215
139495356.2572130859 5285.2062487602
139571776.5556025803 5301.8674321175
140261421.5371329784 5377.7412705421
140457665.4095574617 5597.0271325111
140516070.3796971738 5621.1317124367
139379153.9037711620 5206.0032391548
140261421.5371329784 5377.8416905403
140261421.5371329784 5376.1754388809
140381622.9436379671 5523.3110184669
140637768.3848334551 5653.0739898682
140245007.9801979959 5355.4371471405
140270465.1678396463 5502.2677803040
140261421.5371329486 5376.1715779305
140261421.5371329486 5376.1738896370
140286878.7247746289 5523.0045228004
140517930.1459136605 5621.5592408180
140286878.7247746289 5523.0022110939
140854113.4014903605 5674.0560970306
140892885.9072924852 5699.9402318001
141347683.9559734762 5779.1792998314
141117589.0891750455 5752.0742497444
140754365.0737362802 5670.2793593407
140873127.2456671894 5699.9024720192
141127901.2203732431 5774.1458587646
141062344.3132360578 5726.8683495522
141403366.5120548904 5836.5978860855
141435134.0862182677 5856.9547529221
141435134.0862182677 5856.9613161087
141435134.0862182975 5858.5283613205
141438206.7731623650 5860.4702405930
141438206.7731623650 5860.0094270706
141438206.7731623650 5860.4556684494
141594353.9139635563 5948.7155447006
141672454.8146256804 5978.7994337082
141536061.2598559260 5866.2329654694
141438206.7731623054 5859.4074983597
141583878.3677701354 5870.8510894775
141650106.2959083915 5952.4211387634
141650106.2959083915 5953.8815498352
142215495.4400708675 6144.3667593002
141710343.3102586567 6055.4461231232
142298533.4414232969 6187.1578683853
141950927.5289945602 6135.9395208359
142376647.2426911294 6216.1555328369
142751388.2862869501 6239.7260560989
143347025.1744377315 6389.8616743088
142857693.9549219012 6260.1445894241
142857693.9549219310 6261.6050004959
142967627.7532036901 6346.8176584244
143373397.4692281187 6418.3575067520
150964136.9482044280 6760.9716959000
142617836.0778065324 6233.2124776840
142858812.8897142708 6328.2019510269
142617836.0778065324 6234.3369970322
142693416.9018641412 6234.6728887558
143062563.6224419177 6365.7802562714
142898056.0544135273 6335.1229314804
142858696.7852046788 6268.1730852127
143373397.4692281485 6418.4560289383
143747751.4552540183 6595.8021497726
143734440.8946974277 6507.4865112305
143632862.0763309598 6503.1091632843
144450550.7571514547 6641.2652368546
144165542.4395858049 6625.9796056747
145042699.1425951719 6671.5711679459
146354778.9468850791 6688.3530502319
