908740014.1007839441 6722.0361457914
915792622.2556967735 7111.9343478456
921478439.3874483109 7344.2904461697
916776687.1423665285 7176.0296144858
919259304.2856363058 7262.2347465828
916440360.2542062998 7162.5818253588
927446889.5647702217 7505.1676347256
923738382.4933747053 7400.9581729844
916440360.2542062998 7162.4682484698
924313875.2398502827 7421.2295942605
912549059.0400202274 6962.2150251642
924796023.3685745001 7428.8060656693
912284889.9523732662 6954.8794181123
912552131.2228735685 6965.7881929344
932831099.9107688665 7631.8019564152
921270828.3320330381 7336.2417192534
919525021.2655032873 7265.2825154737
915487453.6343431473 7106.0545196459
933117331.1075664759 7635.0937556028
922687222.6799249649 7377.2848430946
912031373.5300018787 6949.7459463850
930150713.7036527395 7590.2629165649
934526041.4968643188 7649.2778037786
909175506.1147139072 6743.4366332293
927776151.8890743256 7530.7158398628
912645074.4126681089 6968.5873255506
917360810.7567045689 7193.6226788592
930116927.4695298672 7588.7542105317
906966356.5063058138 6490.6976251230
907160346.8092547655 6496.9125897512
908280471.4924762249 6671.5374111037
921215891.1855379343 7334.9847115353
907917424.4328216314 6591.9805666097
907917424.4328211546 6591.6988702902
919289545.8502606153 7265.2681790665
915130320.7639054060 7085.6239634901
920512139.8559675217 7305.7690665200
918119522.1718759537 7222.3029382601
910433379.5815091133 6843.9182193950
916746445.5777424574 7173.1289544478
928749441.0713467598 7568.6460900903
926105317.7561391592 7492.7220298648
918302824.7545316219 7228.0007531717
929653694.4744302034 7570.7639361620
929544928.2255047560 7569.2023252249
911116864.6476103067 6889.2747985786
916746445.5777425766 7173.1551499739
936441971.6120191813 7676.7493463159
906898575.1873065233 6445.2935111597
926549583.7708780766 7501.4536547065
914160331.8905588388 7031.2337105945
907672548.1734026670 6530.1486489102
917882892.4800940752 7213.1628387049
923854336.4996119738 7408.7986470163
925051444.4705808163 7443.9210367203
909938691.8200715780 6793.1660003811
930201568.0218524933 7590.6034526825
915922655.5500969887 7130.5718731210
931105792.1794314384 7603.9813998938
931591964.1094815731 7613.7507902384
934720817.5717284679 7652.3598899245
918287427.3506240845 7225.3731467798
915677589.8266339302 7106.1816723272
919561253.5948021412 7278.7523830608
915311459.0121183395 7095.4147535786
916440360.2542062998 7162.6278534960
916847140.4829367399 7181.1563693956
911257632.9969426394 6905.9969207710
929992789.7356930971 7584.3478213549
915900898.6018029451 7128.5832230821
926013830.2300560474 7466.8002578020
916563625.3329123259 7168.5639243498
914425231.5095964670 7056.0376636758
919109527.9024715424 7246.1829381362
920899993.9918767214 7322.6149984673
921545821.0839548111 7347.6643337086
907973105.9582381248 6595.5996004828
917761957.4160786867 7208.6443694830
917133061.9134615660 7191.2506305650
925386231.1814832687 7446.8946862221
908049003.9405851364 6607.6787409522
936303348.1063755751 7666.5000076890
914563485.8981558084 7077.6450006738
909790007.0734424591 6780.9800617844
910758790.4096529484 6862.1904930919
909849522.8829653263 6792.0630378872
922200889.7129740715 7374.4363447502
920260154.2668244839 7304.5501432493
907430615.3923753500 6517.0555312261
912680452.2765189409 6980.8954651430
909823550.2253363132 6788.8156816066
931086584.8928564787 7597.3447927237
919890763.2787152529 7287.0688774064
916102920.5940617323 7132.4526231065
931856743.8910466433 7619.1015644670
912303335.1638276577 6961.4363720194
913488655.4913719893 7012.3575401083
907836320.0351080894 6570.7964035162
913271386.5312805176 7000.4250430465
911008500.2924671173 6866.9055974558
917699589.8974380493 7207.6033370867
929927484.2874555588 7575.6219296455
923049103.2636202574 7382.3159764670
927340300.9993612766 7502.5411430597
922989967.8744828701 7379.0405202582
934823194.2688184977 7655.3640455008
908537171.1046953201 6709.6114956141
923805635.3234099150 7404.0290147737
922619010.3933285475 7374.5380995236
908422777.3793798685 6676.8120723963
906611910.8101284504 6423.7349546961
914193935.3189142942 7039.3906896785
920571963.5533460379 7306.9875093177
920653055.5260981321 7320.7823465541
909322109.2762163877 6768.6809973866
912020493.0305589437 6936.2014111057
908098635.2486110926 6622.9879221385
911514533.4483782053 6921.8310253322
907917424.4328215122 6591.8591619619
931105792.1794315577 7604.0795367956
914914469.5911332369 7085.2254382744
934443366.9533238411 7646.7811836004
934126782.5586693287 7644.1485465765
915383948.0588334799 7096.2026698962
913725159.1369885206 7029.7283517495
906363716.7466676235 6405.8196866326
920198935.0313246250 7292.0616765693
920593646.4179241657 7314.4659497216
918302824.7545317411 7228.0134809092
916171462.7364453077 7154.0846373653
909087648.7420606613 6733.1418859372
929485629.2646131516 7569.0154147148
906600397.1437420845 6415.3876473717
921414101.3833639622 7336.6587249711
914280776.7126370668 7054.2526891604
937820970.3471832275 7688.7416478395
915142360.5976514816 7087.5471023619
919921004.8433395624 7289.8048169091
914511937.7485508919 7056.8060338870
921933499.1157690287 7362.9252275303
915243932.7066324949 7093.3515362097
909774339.9667464495 6771.0264290870
928317961.2222043276 7531.7799652219
913474139.0011250973 7006.9379916862
911834701.0098439455 6933.9734420329
930634667.3777763844 7595.1937828064
923438166.3140795231 7393.4648468457
919088452.4744660854 7245.4986260906
915893779.1067955494 7120.1154901758
928432482.3762083054 7546.8244581223
928638594.9349129200 7553.8294305801
915833781.2966217995 7118.7573383227
915833781.2966220379 7118.7943961993
920963144.2746955156 7333.5661324933
930863423.1089166403 7595.3898774385
918428961.3667938709 7239.3530750796
915095089.1762408018 7085.3523144498
923073724.0252387524 7391.9856162146
919156121.6211208105 7253.8343627378
919226545.9507501125 7257.7140496299
918757488.9202497005 7242.1782646701
917667930.6627944708 7196.1237824559
932736726.3162448406 7622.8736094832
918637340.3280979395 7240.3608532473
925833561.3381298780 7466.4653288722
925543470.7311619520 7461.5402228236
925650073.1582615376 7462.8617855906
933512942.6454274654 7637.5465408564
930966255.0042475462 7597.2913866043
913161594.6182852983 6992.3109221458
910342192.9790492058 6802.3978812248
930556504.1653670073 7591.7121523619
913639282.8240330219 7015.6370403543
913078211.5827124119 6984.3917215168
927479821.0272057056 7509.9140491486
913662664.2455632687 7021.7456486002
913010269.5228363276 6981.4516249299
915408499.1573269367 7101.5403501764
932992595.6006516218 7634.4047508836
928376505.7103420496 7532.5819029808
925650073.1582615376 7463.2560688853
933797187.7755093575 7637.9228280783
927650705.5246634483 7520.2924162149
927620365.6392456293 7511.8559933901
