143163832.6823788285 1222406.3220214844
167476354.2077206671 1862146.5869140625
143275111.4473542869 1253181.7612304688
145006109.7441693544 1490688.2792968750
143286241.1406818628 1255408.9777832031
143244552.4558799267 1248268.1616210938
144080629.6589008570 1377601.2485351562
145149018.5644074976 1506592.7070312500
145968109.2662387192 1588872.2451171875
150369521.9806669652 1776136.5058593750
143943987.6657040119 1358045.5297851562
143722973.9967011809 1325865.2470703125
144017344.7243362367 1367663.0180664062
143427357.5946708620 1280028.8364257812
144041315.9954876304 1373897.9233398438
143740683.2395384610 1330924.7050781250
143837017.5529749095 1344915.4384765625
143953343.4743519723 1358736.4360351562
145089243.7202837765 1500405.4194335938
143115933.3254302144 1213297.4077148438
143367934.6225700676 1269382.9079589844
144043186.7493993640 1374035.5864257812
145257648.2387157977 1514780.8852539062
143971052.7171892822 1363797.6811523438
146047773.2709182799 1594448.5893554688
175202132.0329344273 1882642.5263671875
143101702.9992292821 1208658.8698730469
143801821.8106980920 1336339.3540039062
143142135.9475957155 1217509.4921875000
144040935.6538675427 1371715.4838867188
143812817.2717485726 1341162.6103515625
144941778.8561372161 1481959.8847656250
143070350.0128690302 1197355.4851074219
144036440.7358492911 1371697.8803710938
143996172.6166137159 1364717.8149414062
148276301.1166143417 1717291.6948242188
146090046.3038697243 1596069.7368164062
142980762.5870547891 1175859.5527343750
143409785.4380345941 1279619.3117675781
143450536.6197316945 1285760.2277832031
143669023.3261390626 1320087.1508789062
143557612.1276692450 1302635.6616210938
143920701.4833628535 1355945.9370117188
145956045.6421599090 1585208.2207031250
143775324.0381981432 1335739.1684570312
145967477.5337790847 1586989.8461914062
149967550.4176108539 1769783.1269531250
143891938.1562100649 1353007.0112304688
146851316.6747854650 1651283.9584960938
143978228.9155804813 1364710.9858398438
143012115.5734150112 1187162.9375000000
143906544.7562025189 1354479.8676757812
143475506.9553285837 1290897.6250000000
146225323.3322462440 1611623.4086914062
143399994.1609570384 1276635.2829589844
146111320.2046645284 1600572.6230468750
148294977.9374496043 1718501.7768554688
143960519.6727432311 1359735.0688476562
149748296.4791496992 1765731.1269531250
143036886.7818411291 1192182.4782714844
143080006.2644461989 1203762.0400390625
147426099.9887855947 1687731.9062500000
147045332.0443297029 1663226.7792968750
143523728.6115551591 1296043.3574218750
143535233.1561155617 1300355.5344238281
146162934.2101832330 1602973.9125976562
143058583.5166242123 1197079.3081054688
143089936.5029844642 1208382.6928710938
143192535.5726251006 1234125.1044921875
143874228.9133727551 1348031.0942382812
146569951.5994607806 1633136.1206054688
149157818.1290352345 1746430.4135742188
147295026.9631601274 1678508.1152343750
143888835.5133652091 1349503.9506835938
144872892.0765390396 1473947.5893554688
144322493.5491147339 1407847.7006835938
161333017.5899841487 1843738.4863281250
144521091.8436144888 1434517.7387695312
144958182.3366074860 1484817.1264648438
145022564.7292929888 1492676.4980468750
144994932.7828006744 1489336.8901367188
144212126.2553428710 1395636.6000976562
144806298.1037097573 1469693.7153320312
145449012.3359130323 1535726.0268554688
143834410.7239924371 1344241.9624023438
144183156.5070896149 1390792.4770507812
146122752.0962836742 1602354.2485351562
143174938.9919588864 1226018.3166503906
145839213.3099018037 1575209.1474609375
146725640.6719366014 1643595.3403320312
146419715.5627907813 1623571.4458007812
149490021.1243537664 1759829.3173828125
144078091.0911285281 1377130.7583007812
144612579.3764262795 1445513.1230468750
147720411.8658612669 1704971.7646484375
144139992.2231327891 1385398.6948242188
151193973.8714175820 1793565.5302734375
143642529.7141452134 1316544.7529296875
145825984.9901630878 1572976.8959960938
145805821.7918870747 1567842.1757812500
147641774.2149009705 1701807.1044921875
143637734.0154738128 1315380.3769531250
146017956.9574776292 1589754.7583007812
143709868.0476838648 1325618.2822265625
144306890.1759616137 1405889.1352539062
144098876.4035315514 1379723.6821289062
150940751.5335709751 1786301.6337890625
143548698.9471520483 1301410.0178222656
146206338.1536151767 1607746.0527343750
143545425.3463382125 1300940.1872558594
143495343.5884373188 1293166.7832031250
145980028.1276174784 1588878.8461914062
145909827.3048021197 1577585.7524414062
145185956.7773256898 1509985.1499023438
143734379.4805729389 1328649.4536132812
143006759.4095005393 1180925.2692871094
143254799.6024949551 1249522.4921875000
143048653.2780859470 1192458.6552734375
143703728.5570086241 1322853.4216308594
147152087.1975663602 1671583.3310546875
147214244.9018348455 1673997.1416015625
174010206.8379422724 1880952.8642578125
143470373.2528403699 1288029.3859863281
143312575.9088799953 1260230.7834472656
143463284.0500503480 1286141.3623046875
143615957.7708895504 1311871.3742675781
143570395.6819351315 1306306.8476562500
144026742.3713214695 1369485.7768554688
143130212.7425155938 1214319.2221679688
143167472.5833767653 1225760.0246582031
143360655.6869048476 1266678.3615722656
143189169.3181598485 1230656.8544921875
146712622.9400287271 1638403.5830078125
145232266.3266068101 1514358.4921875000
143351844.8002992868 1265450.9328613281
144128649.6685968041 1383053.3559570312
145333361.2844763994 1524682.1806640625
144397358.1747425497 1419248.1020507812
145135747.6005163193 1503006.5888671875
173912831.7170759439 1880871.1728515625
174047173.6590547264 1881798.4423828125
143228462.6336091161 1243661.5307617188
144427437.5874749720 1421812.1230468750
160884435.9506404102 1842458.8906250000
145346308.6857495010 1525505.2646484375
158556507.9477214515 1823756.7304687500
147267862.2681350708 1676623.1748046875
160096757.3254976273 1840461.5664062500
143206765.8988260627 1238764.7009277344
144584947.4299339652 1442173.5151367188
146953344.1592569649 1661212.2783203125
148198122.0841394961 1715256.8808593750
143108516.0077325106 1209422.3923339844
146467564.8534762263 1625276.5649414062
143177696.8669447303 1227821.7534179688
173689745.9081370831 1880787.9931640625
144437397.0156070292 1424470.6010742188
145607865.8523373306 1547981.5595703125
144474147.4618001878 1428990.3647460938
143052391.8129461110 1193250.4685058594
143147537.5254955590 1221497.4113769531
151383468.3556578457 1798689.1914062500
173613379.8873940110 1880742.8837890625
145420997.6118321121 1531069.0527343750
147195568.0809997022 1672791.4541015625
144692192.0681551695 1455328.5307617188
158630518.4741339386 1827664.8701171875
146877273.7793515027 1655931.7363281250
148338030.1912268996 1723946.2724609375
144269447.2664600611 1402496.4516601562
148304578.5116439164 1719496.6831054688
145230058.5379993916 1514075.1181640625
144989173.2112782598 1485309.5263671875
143296486.0866092145 1255622.0471191406
143318182.8213922977 1260518.8769531250
147525558.8709460497 1693452.9619140625
147958238.1267164946 1713248.7441406250
144005957.0589184165 1366892.8530273438
143125798.1181008816 1213415.4965820312
147381477.8042242527 1682679.0117187500
144513728.3468454182 1433516.0976562500
144802403.0554792881 1466826.6181640625
143165675.7683896720 1223782.1413574219
148646858.4397224486 1730562.7319335938
144746449.9766193032 1460904.2387695312
144170901.6473096609 1388232.0356445312
145379637.1914084852 1529000.9829101562
151366701.9831393063 1797980.7500000000
167607939.8160717189 1869179.1826171875
164837316.3813570440 1859114.5751953125
149076301.4399627745 1744876.0585937500
144455361.1539763808 1426580.7451171875
158129979.7963004708 1822784.2392578125
144369070.3946059644 1414876.7705078125
147313703.7839953005 1679718.1972656250
151864027.0450425148 1807060.7744140625
148652575.7578086555 1730686.3696289062
144582615.1264435947 1441524.9633789062
149178408.7502271235 1748402.1279296875
147358585.5086160600 1681903.8828125000
151570567.5575588346 1804715.6943359375
146819404.0413157046 1647465.1655273438
144160777.5355359018 1387991.6186523438
147806058.6280359030 1705142.1513671875
144733516.2758811116 1458817.7524414062
149368470.3355720639 1753260.4599609375
149378132.2960259020 1756521.4111328125
149349793.5147368610 1752050.3779296875
146594241.0115839243 1636014.1894531250
146744477.0482538939 1645578.8642578125
148365367.7567329109 1725278.1630859375
146499690.1155613661 1626839.2548828125
147917301.7609229982 1706181.8466796875
163439523.3642701507 1858077.2041015625
149590925.8126382828 1762824.9316406250
149026636.9058444202 1739264.8520507812
144308336.8219543993 1406381.6313476562
162970580.6377147138 1848152.4843750000
162707668.5228942931 1847618.7773437500
146368313.0085698962 1620252.5756835938
151312279.9488501847 1796604.4218750000
145534911.7539130747 1542412.6059570312
151419856.1948028505 1803951.7939453125
146321845.1121914387 1617585.6083984375
169382230.9635118842 1871513.9814453125
151106933.5666750669 1791667.0205078125
145912412.2202471495 1579830.9814453125
149058962.9446994960 1739429.2587890625
144292733.4488012195 1404596.0444335938
151323379.4393126965 1797881.4863281250
149683699.3907311857 1764861.9531250000
147454354.3896959424 1689422.6982421875
149005838.0815512836 1738059.5708007812
146826196.4968197644 1648735.7973632812
145946465.8521703780 1581248.1289062500
146909864.2388262153 1656646.6616210938
172753444.4089329839 1874506.0302734375
147506882.0501108468 1692242.8798828125
172566274.8930980265 1873969.1005859375
148520452.1641544998 1729828.9409179688
147576088.6148465574 1693589.9760742188
157276189.4290659726 1822197.7529296875
148285901.6908086836 1718286.6010742188
173544684.0576080978 1879100.7705078125
173275648.4946888089 1879040.0498046875
148441618.4210913181 1726144.5522460938
169076767.1277793944 1869952.8310546875
144255290.5392997265 1401030.3823242188
145612104.1509834230 1549751.3715820312
146359603.7629610896 1619735.9716796875
145633314.4839051068 1549988.7543945312
150849882.5510241687 1781473.4843750000
144234505.2268966734 1398437.4584960938
148710894.6570052803 1732815.5810546875
144386484.2276872098 1417538.2133789062
145273847.8627514541 1516628.2353515625
148842399.2313206792 1735215.4960937500
145771352.3402267992 1563579.1372070312
166905482.6637190878 1859770.2626953125
172535452.3391408622 1872791.3017578125
145683979.5793738961 1555010.6684570312
145715307.6437886953 1558376.6958007812
155890487.7380344570 1822074.7031250000
158973738.6147986948 1828476.6513671875
145582510.9126911163 1547802.0913085938
165751195.6788400114 1859307.8857421875
173026040.7111625671 1877455.1767578125
145431686.2413995862 1533687.4086914062
145471418.9103530049 1536744.1450195312
145800957.1820514500 1567403.7646484375
146536414.9545185268 1630177.9809570312
145271718.1507182419 1516501.8969726562
151059739.4224086106 1788228.0517578125
145641944.4327611327 1553681.9184570312
151607822.2301092148 1805701.8017578125
144742462.7418152392 1459495.5908203125
145729317.1936140060 1562326.8442382812
145084575.9622077048 1499643.9912109375
144933846.7398538291 1481676.5107421875
150912234.2101397216 1784073.3017578125
144719293.7288913131 1457209.1298828125
144545902.3000672162 1436614.0527343750
144423234.6738803387 1421520.6391601562
144774009.0337583423 1464600.9418945312
159435456.3481898606 1830410.1904296875
144833898.1759007871 1470760.9838867188
150434245.8716013730 1778455.3535156250
144890134.3304746449 1475759.1806640625
144710473.1226585209 1455847.7431640625
146193470.1723584235 1604501.0068359375
152272711.8866043389 1809136.7714843750
172243237.6051583588 1871928.9423828125
150968811.3784760535 1788187.7636718750
151116316.5907449424 1792342.5136718750
150353326.0922623277 1772631.4833984375
151668215.8429178596 1806569.8251953125
145068851.0679199100 1496126.8286132812
172930878.1179859042 1876511.7392578125
150102464.4747333527 1772566.0732421875
162674518.6307289302 1847052.0859375000
