98992459.7131078094 15589.7030174354
99080967.7398408800 15952.7399663295
98750471.6200434417 12387.0638339515
98759074.3546193540 13052.5432935655
99712009.5514931828 17455.4127145823
100036050.9566638172 17908.7592256666
116154522.3216077983 28500.9766998291
98802719.0531563163 14112.8959044814
98842867.1139807701 14798.8694526771
102676655.8173899800 18974.2633913160
98782414.0099168271 13764.6231284738
115240161.6863270998 28252.6891174316
98898225.4872387052 15166.4513604263
112711827.6892424375 25857.9783476740
99686308.6026664227 17396.2652078684
99827170.6503114700 17537.0297024847
98861096.0015493631 14849.6066505531
113500544.1989949197 26969.6820526123
113771275.3416815102 27401.4038772583
98997205.6260854751 15590.0732825066
100020441.5046711862 17907.3377812207
98886105.7944373488 15158.7897255043
115977156.1317032427 28498.6337432861
101538624.4863251150 18288.9736887034
99699153.9706757814 17438.3695322092
98826165.5687420815 14427.6547933485
99314186.4724020660 16689.6526552500
116646003.4708178490 28605.9470672607
99658084.1188203692 17352.0523066487
98843318.8603192568 14798.8744864877
115283969.8629707098 28433.5577239990
114101811.8368356526 27607.8404159546
99021582.8217055798 15869.2169026698
99043943.4024649560 15891.7404774989
99223410.5132592916 16632.6454559416
114517362.1218072772 27852.4824752808
100057572.8063099980 17926.9856083692
113786079.1111869365 27471.5451736450
99356330.5770179033 16977.0157266917
113095041.4427915215 26257.1031990051
98938079.9888830632 15266.0863220314
99277878.9924692661 16672.0675417247
113726080.2219831347 27395.6025466919
99813825.0246247649 17524.5941186961
98835217.5529089868 14489.0413505653
112310803.1013165563 25618.5008238703
113515347.9685003459 27150.2813110352
103486134.3888948560 19502.8029238047
98801299.9574934691 14101.6573535903
99090091.4643992782 15988.5828465785
99396305.6965881735 17031.3188137517
103018954.4247469306 19260.0596190508
99051674.0066014230 15927.5183511780
116600808.3511194438 28600.1457366943
104404891.2461317480 20278.3339472528
116168501.2872511595 28521.3514556885
104115700.8539332449 19937.3791991290
112739553.6947035789 26097.4210497141
112370801.9905203581 25695.3593486249
99121860.4440118819 16273.7348470057
99125747.3462909162 16288.0696502775
99019489.5912812948 15798.4742256472
99388510.6192126125 17017.2327215765
98856822.5435792208 14807.5014135459
103538342.2219989747 19631.5126219805
99199391.1671029627 16576.0883332941
98807289.8637734652 14117.6420547584
99081827.4122997969 15965.0415909841
99248188.9810831249 16645.9168751528
99090368.3255678564 16198.0254201259
98840435.7197436839 14489.0881717199
99071521.4147451967 15940.7344977821
99214513.7093363404 16629.8126160949
99124660.8726469874 16279.3583923429
99378434.8257265389 16998.4317385052
99045029.8761088699 15919.9541005458
98910506.3499400765 15188.0661213020
98814757.4369629323 14427.4214835580
98776554.6879323721 13728.6761256158
98771108.6045968235 13430.4421397150
98848537.0271539390 14801.1568464855
99566536.8334116787 17153.1411157664
98955007.3486184925 15470.2567068407
98752358.3475106955 12415.1960411663
99336884.2045354992 16723.4148581122
98754909.4257238805 12727.3496630192
99450904.2311856449 17051.0970341815
98764972.3278344423 13094.9361396432
98953920.8749745637 15452.1236196825
102098091.7714696527 18624.2980834063
100002744.1964496672 17896.0471216258
98750706.7240933776 12395.7101892531
98759309.4586693048 13058.9891367853
98989727.4745480418 15581.2869633998
102002439.5776469260 18480.7150366400
99372008.2495050728 16982.2623236273
99154718.9505852759 16342.0602734183
98893349.8336571157 15162.4661171058
98924334.3956075311 15247.6888420204
112597739.5477107465 25761.2167205811
99202498.7864677906 16591.2517807682
98870797.4626771361 14851.2404090980
99013174.5289513618 15632.0241612758
98752471.6492788792 12424.4895357192
99018324.9616222829 15653.3871497627
98951601.1068951190 15299.0398167933
98829434.4322042614 14427.6678367075
99114008.8978776634 16259.3840280579
98948353.6021244675 15298.4260398964
103825250.1801624000 19752.2105958462
103250279.4014834762 19450.8142030239
98997931.1549515724 15603.0018150428
110076541.8914431632 24921.8170544505
99010770.5576639771 15630.4761571254
99906025.3677714467 17848.6805749949
98997605.4181269258 15590.6900395717
98987323.5032606721 15579.7389592494
98971637.9500968009 15540.0064766029
106842234.4270931333 22680.0649159551
99564465.2795786411 17146.3009486165
98795407.7493939996 14099.3749935926
113259799.3188580424 26388.1958065033
98752458.8401552141 12423.8423964679
102089408.0283392221 18617.4579162564
115112734.7299853116 28154.5962066650
114993659.3616526574 28097.3527679443
114478333.9067169875 27740.6804275513
98756087.7228862643 12756.1290094852
98885173.3125360906 14888.0133299449
98780994.9142539948 13752.1741574109
101265247.5562600940 17960.3571412117
98879811.3221056908 14885.7309699472
99007388.8294127285 15621.8278741091
110707138.2965533286 25547.6342648864
99808330.4918436408 17517.7539515462
98787444.6938821524 13795.0232724651
99953012.1120604277 17851.1455600377
98794473.9988605678 13795.9877008899
98913359.0894255191 15221.9529166635
99013462.9584199190 15653.3673772182
98840540.8995607644 14495.0801632703
98794642.4211096615 13806.2556790813
98809556.3376103491 14123.6271603406
98810774.8083855957 14136.3788594707
99052907.8196877539 15929.1976918544
98760350.1707695276 13089.5084319711
98979119.9531783015 15576.8892201747
98936696.2982242107 15252.8914034069
99041673.8399730176 15873.7480842689
99720605.1257618070 17493.7866744961
98794613.3413465321 13806.1788091167
98775442.5168522149 13441.2485197846
99534688.3261849135 17140.9555740323
98871993.2196036130 14853.2073951181
98913051.1666827351 15221.9478828529
103688411.8969943523 19638.1768943712
99832974.5499845743 17692.7250289883
98770283.8129855990 13395.8097979273
99062454.7401555777 15932.8086079921
99107798.1079827994 16200.8241660561
99194680.0179162025 16562.0626902248
110060072.3693587333 24363.1575270891
99994371.4364129007 17895.8630701751
102157809.5669994950 18648.2411498990
98753364.6017749906 12718.0561684663
99613441.9943149239 17154.3575439419
98759014.8847271651 13024.3567949976
99979256.4303798527 17866.6694869961
99988508.7483375221 17874.9517391290
105661828.8891485631 21610.5000686646
106108994.4506240487 21710.6494064331
99188720.4317234606 16552.7636191811
98978212.5182303488 15551.0816885302
104035916.7959831804 19784.4300546635
98956761.8948787004 15525.5382454017
99963688.5369178206 17862.3040073033
102562831.8826131821 18902.4648132291
99876233.5575627685 17839.1633377042
99783849.4695244133 17512.4085769620
99970004.5090615451 17863.2202377286
99047536.7466141880 15926.9054860438
98766572.6058353484 13387.6232665628
110041397.7932035029 24154.4627761841
98758779.7806772292 13015.7097002710
98766513.7007853687 13098.1562661226
98753610.7358362079 12726.7032631929
106402349.1611739993 22126.9632317424
106749949.3712482154 22493.6800896525
106176037.9992887974 22065.1540150046
98830140.7147614658 14451.6686164955
102545893.3414607644 18814.5227661099
103713513.2146637887 19703.3050231900
104457997.0494073033 20323.8542239965
104366388.3069646955 20023.3357238736
101838542.9661071002 18362.1336364712
113467248.9623138160 26968.1752490997
112624922.1230106056 25796.0502343774
113210991.9168016016 26358.0907688141
101954954.6269603670 18365.7794799771
113383414.4560318291 26672.1023521423
113071022.9633615464 26132.9148039818
109706498.8481281549 24070.8013062775
108183350.7531479895 22976.7779954672
104980961.9323132634 21177.9703276604
105002515.7980302125 21410.9846920371
104730540.3660992682 21071.4098438621
