43033094.9216923118 35032.8071627617
42925168.2761514038 34487.4161715508
41229806.2723874375 15552.6134490967
41431825.4327926338 19916.7762775421
41973403.4122796729 27561.1755018823
42838055.1589571461 33686.7199835777
41753866.4476629049 25696.2044410706
43602869.9184495583 38094.6847306788
44677806.7166316733 43100.3924560547
42492714.1760467514 31466.6638071537
44423502.5579314828 42222.7761230469
41507313.9904301167 21637.1906971931
41253910.3038409203 17702.9263736177
43288650.9039537907 36512.9758358002
42409881.8552924320 30994.3755309545
44036788.6950690895 40563.5969238281
41440763.6656809822 19983.4256000519
41808874.7647345141 26315.0735058300
42309813.6190199703 30381.3571972363
41102397.2944299653 15188.3976842333
41319629.8458511904 19063.7796250880
41841111.2270476222 27114.3183788769
44009595.4101193845 40127.5804290771
44013642.8840743601 40172.2389373779
42708759.9800872803 33422.9994757771
43693743.4168200642 38693.7252879143
41459242.0476090461 21629.9207496643
42325258.9375298470 30590.6127570271
42626996.3602735624 32616.1724212766
42681649.7422288582 32712.8855412006
41596278.8105032519 22591.2436958849
41631009.9981296211 25081.1765331738
43812584.2684862539 39135.8123703003
41455847.2719172388 21268.1489361823
41359551.5044576451 19550.9883348048
42684780.2491451204 33027.5173766576
43616285.0946968347 38131.0431291163
43822295.9410377294 39220.8308944702
42620440.3574334085 32421.9743480682
41290994.1862454340 17883.6344318390
43106149.7202780098 35449.9727117419
42537100.1556304172 31505.1541283131
44922951.6776601523 44088.1224365234
42383706.8519516960 30738.9303650856
41912461.7676791996 27154.9377431870
41609462.0436603576 23331.4249760509
41351413.7652666122 19125.8226069510
42778973.6922611520 33582.7358192801
43640847.0088799149 38336.9223079681
42908582.1065340489 33877.7464752197
44588427.0613656044 42677.6052246094
41807619.0585337654 25715.3922949715
42544680.3863317519 31609.3021836933
42138165.5204308629 29356.7157843709
41589725.9491785392 22554.8852974474
44206613.1291232482 41053.7222900391
43562760.9408234730 37733.0822965121
42120918.4236834049 28961.2336852513
43095970.9208548516 35296.2871440649
42068546.5996653810 28388.8347158432
42817704.5864260122 33625.0710912403
44219146.5169826746 41317.1231689453
42036119.2982512712 27729.3462867737
45030773.3782062232 44224.6121826172
41717563.7618533447 25302.3824383618
41612081.9223078042 23430.0554761887
42064331.3963982314 27807.7177467346
43743075.1148229986 38887.2127914429
42808103.3052169010 33592.5899451367
42623201.8278070241 32454.2743258476
42652957.0835443363 32617.5859929919
43302066.0802010745 36549.3342342377
43379192.3432249427 36952.3337173462
42023405.9989712834 27670.1626807137
43922029.4753890038 39651.5439682007
44188959.2737172022 40943.0250244141
42299488.3401443809 29558.4964717142
44603917.9809340164 42680.4843139648
42420418.3710192144 31389.8576300740
41515070.5918032601 21755.3576458991
42589620.8156557530 32228.2725036107
42596173.6769804657 32264.6309020482
42075099.4609900936 28425.1931142807
43536782.7458681390 37690.1762847900
43900160.3414960206 39526.3143768311
43587390.8823032677 37788.9902463555
45024220.5168814957 44188.2537841797
43583835.5501614213 37760.8145980835
44230056.3058601916 41396.8873901367
43814212.8300420642 39136.1671810150
41410301.5807818249 19722.2158001959
43434039.9940249026 37103.0968775079
43636490.0813271105 38328.6221981049
43629937.2200023979 38292.2637996674
45144687.6423506439 44805.2902832031
43082664.8470813558 35286.6610445976
43643787.8332443833 38532.2409967184
43245428.6475871503 36061.5428849757
44699037.6740067452 43190.9616088867
41448366.1836532205 21019.8068275154
44213165.9904479608 41090.0806884766
41720183.6405007765 25387.1482764168
41570952.2549026385 22253.5571061671
43222049.0854722187 35910.8883209229
43279484.2474594265 36499.1153551843
42994058.2749166936 34523.7745699883
43852783.2266514078 39444.9318771362
43650340.6945691109 38568.5993951559
43468879.0400385037 37312.2207088470
42540867.2832003534 31538.2053146828
42189902.8538320363 29505.0333924294
44670858.1836020574 43032.8259277344
43336302.1459576488 36660.7662856281
43185403.0067973211 35717.7460871678
42101454.0013633370 28705.7885193825
41577505.1162273511 22289.9155046046
43479964.8473699167 37497.7247085571
43342855.0072823614 36697.1246840656
43363346.9434234127 36775.8773580194
43286838.7041950971 36512.8111785650
42848144.2184781358 33809.7628326416
45225840.5359245390 44872.1257324219
43436010.2417231575 37144.7852935791
43720047.2506292313 38871.6936721802
43770279.0192363411 39003.7702713013
43174000.0929626152 35670.8012390137
43430484.6618830413 37077.3491134644
44392634.4064208865 41719.7567138672
43477028.6325905100 37382.5080340756
43670832.6307101622 38616.3897552490
43313081.9062499255 36619.6215594662
43792640.5676463768 39125.5475540161
45002057.6643554792 44146.2315673828
44457429.1630885825 42304.8531494141
44222605.3705576509 41327.9281005859
43141112.7615031973 35545.2722599506
41949463.7395166829 27420.2901221199
44005000.0359571576 39820.5630722046
42945116.9511517733 34517.0364699364
44764011.2627916262 43382.3825683594
44419236.5067299977 41815.3580932617
44581874.2000408992 42641.2468261719
44583995.7313292250 42671.5556640625
44832207.4606094211 43440.4916992188
42403397.1926817894 30738.9604416359
44905899.1023253053 44053.2087402344
43369899.8047481328 36812.2357564569
45153799.3069978803 44851.0089111328
44899346.2410005853 44016.8503417969
44980163.6841168478 44103.8236083984
44156348.0919497460 40933.5734252930
43115661.2615849599 35464.5828628540
43306529.0449251980 36583.2631610287
44008112.6165262908 39873.0201034546
43954565.1972672939 39777.1156845093
43276543.4230949506 36303.8520044610
42379912.3194851577 30687.3258769512
44657348.8254503310 42873.3499755859
44416113.2990225255 41774.8313598633
43403439.8644172624 37058.3668270111
44849260.0359442681 43503.0260009766
43690257.2130842060 38616.6421670914
43168157.5589689761 35550.5487377644
43444335.2751250565 37312.0560516119
43080031.6893400773 35278.9142059088
44986716.5454415679 44140.1820068359
45239048.0801505372 44971.6523437500
45148146.4959256351 44816.0952148438
44423922.3154238239 42262.1710205078
44469261.3656807989 42463.1487731934
43172479.1600831747 35657.0344390869
43245943.2934873179 36259.1219539642
44629970.3415921554 42689.9359130859
45053026.8028528988 44305.6179199219
44650795.9641256183 42836.9915771484
44480171.1545583233 42540.4555664062
44279423.2690558732 41486.8927917480
44486724.0158830434 42576.8139648438
44440376.5877537355 42269.9394531250
43898605.9900667742 39503.8639597893
44054560.7988691777 40643.3611450195
45335449.6813379824 45104.8627929688
44367273.7842721343 41679.9421691895
44290333.0579333976 41564.1995849609
43929930.7601052746 39766.2218856812
44117931.5586921051 40836.2268066406
43573746.4906404167 37735.6307368279
44203180.3318447620 40956.8702392578
44233515.1594351828 41407.6923217773
44307385.6332682371 41599.1132812500
44730504.4151268527 43339.7004394531
43873971.5529047400 39492.9701609612
43830156.6711418778 39331.4858697653
43379122.3619423509 36837.1170428647
44827776.1305730492 43434.4421386719
43071706.6559381932 35111.6434478760
43217637.7444558516 35806.4436073303
44028372.0102779046 40255.0488986969
44640296.2501154914 42726.2943115234
43756564.9389431328 38966.9770126343
43066181.0760980695 35044.2072677612
44746958.6874567792 43347.4688720703
43753697.9541897327 38918.3168869019
44577442.8700045198 42635.1972656250
42826289.3612051159 33639.1390379127
42776809.1757182330 33512.1304142475
44034924.8716026247 40291.4072971344
45059579.6641776115 44341.9763183594
44100468.9084898606 40722.5616149902
43901016.3503705412 39608.0862045288
43091542.8361141533 35291.4183781147
42501470.5833855346 31478.9916320725
43078259.5172628984 35148.0018463135
44107021.7698145807 40758.9200134277
44111378.6973673999 40799.8684082031
43475342.1614610478 37315.7169622183
44520230.8635478094 42619.4960937500
44345870.4345013574 41645.0284729004
44129383.3182246238 40880.6972961426
42833643.8179407865 33642.4440293964
44135936.1795493290 40917.0556945801
44280431.6469281912 41556.4311523438
43530769.5293023586 37575.1222310662
44061113.6601938903 40679.7195434570
44050203.8713163584 40599.9553222656
43828710.0330373645 39288.8037408590
44269521.8580506518 41479.1243591309
44503178.2882129624 42584.5823974609
43693254.7422670722 38652.7481536865
