43444478.4497527704 37636.3466644287
45167944.3616046607 44947.0216064453
40930144.5227646902 16753.0222725123
41057368.4113859013 19041.1146558039
43956110.4523297995 40485.2254638672
44741337.6085057482 43393.2763671875
42899097.9457673803 34647.3826840520
44986379.6352382973 44305.6179199219
41497991.9417373091 23413.1900367737
45254599.4538610131 45104.8627929688
40728590.2522677332 11606.8399099801
45136322.7910799608 44861.9027099609
43094463.1419834644 35682.8303894997
42429249.5778248757 31472.7169484496
44639365.0157727972 43111.1973876953
43795637.8687076643 39591.1743240356
41135118.7450812906 19266.4412493706
44841724.3644775078 44051.7640380859
43661075.3302582130 38870.2436370850
44800577.7144495323 43558.9296569824
41789536.2306212932 26359.8936169855
43961300.3925225586 40563.5969238281
44199477.0046537966 41442.6060180664
43688819.4154954180 39000.2990570068
45010915.8497729450 44341.9763183594
43789591.9196403995 39545.6900482178
44185200.8733646646 41284.4703369141
40895147.7623767331 15223.3820887972
42613020.3665909395 32681.6905646324
42038399.3984853923 28557.4709113240
44162649.1543843076 41134.5511779785
40797971.1914734840 14776.2159585953
44952427.4088777080 44189.5821533203
43394688.2042477950 37460.8642425537
41847481.2527983189 27382.2009579539
41450393.8303265497 23340.1495656371
44862651.5481776223 44088.1224365234
41309562.5837793425 21307.0077199340
42142562.1291942298 29415.3472484620
43768593.0712418780 39489.5293698311
41977091.6820085272 27656.3058156371
42402143.3736938983 31239.9264659882
44190390.8135574162 41362.8417968750
40783481.9458971173 13364.3289319444
42652607.2696302980 32789.3403091431
40995205.6093751863 17200.6993017662
43734803.0369374305 39330.1362404227
42436198.9735661596 31525.3065624237
41252178.4911905155 21282.7754208446
43443112.3871053755 37587.2724533081
43634030.5327924415 38784.7452492118
43674373.4284216091 38980.4967770576
43550313.7812328190 38246.0862334669
40745513.0858011916 13190.2402430940
44379806.4248468801 42119.8193359375
43451412.2710327581 37714.7181243896
43129105.0506204516 35758.8081016541
43417622.2367283106 37539.6369476318
41129947.2362706959 19061.7679370157
45200000.5727067143 44971.6523437500
42976266.2740622908 34919.9439148903
44566460.2956006452 42759.6847839355
40923915.3432661742 15344.4786524028
40744965.6312380880 13150.2971025128
44967444.3254675940 44220.9239501953
44354877.8818770573 41903.0769653320
40820565.8283016309 14923.9192651957
43620689.9733233228 38706.0841940045
44667232.7997456342 43305.0757751465
44641129.6513999477 43146.1110839844
44256571.0629341230 41679.9421691895
42115477.2735492885 29165.8628658056
44599743.6533469260 42873.3499755859
44126884.1490543783 40976.4154968262
41553961.9705478027 25088.6911023371
42333288.5489245504 30709.8304738402
42968911.8173266202 34918.6898040771
43814335.2042274401 39625.4542694092
41401813.1677660644 23315.9172665477
44635083.7023326904 43067.7396240234
40937059.3803202659 16957.0611108989
44433949.0221542120 42505.8309020996
42962358.9560019001 34882.3314056396
43932680.8333396986 40245.7285175323
43103047.9167625755 35692.7415409088
44371429.9657410160 42083.4609375000
42115517.3317284435 29415.3428036571
44140605.1993209496 41055.3507080078
44000389.8299456537 40722.5616149902
42995800.4718703330 35000.5071849823
42193703.4073599353 29525.0568542480
44241377.7034659460 41600.7416992188
42531412.4399297535 31697.6661505699
43206162.8188672140 36224.8903932571
42545509.1925920546 31757.6803894043
43927754.8464231640 40242.4242219925
44222924.2481403723 41521.8064880371
44697657.7351142541 43382.3825683594
42511968.2386199385 31639.7301886678
40937312.7521902770 17007.9728101008
44624994.6428117082 42920.7353057861
43741359.0397775844 39331.4858697653
43543760.9199080989 38209.7278350294
41018342.5188399926 17257.8453686945
43861980.1522777006 39686.4576644897
44652039.4402774796 43225.8753051758
40833963.2372257262 14974.8309643976
40781260.8485437036 13334.5244466234
44395904.2217768282 42121.4904327393
43162809.5729134977 35762.5946106911
43829851.6815610752 39670.9385452271
44782490.9093285650 43528.2105712891
43198817.9493214935 35853.0773773193
44579443.4431626126 42796.0431823730
40731078.1825597584 12946.9505037516
45093428.9306860790 44851.0089111328
44307296.2084870413 41831.8008422852
44516590.0630516410 42617.3356628418
40848107.3997124881 15167.0465570111
42372632.3395846486 31188.1166394465
40699771.2881406844 11574.3143780567
42738165.4219105467 33558.4484081268
41168428.6351420656 19317.5095837824
40869908.6273282170 15167.5574560631
43353603.5595414937 37227.8471038938
43983280.9809773117 40641.9683837891
42209948.6663727611 29572.6298127174
40736855.1705451906 13133.9047113080
40696050.5006230399 11183.8331530802
41165751.8097594306 19270.9062027931
40696616.6947136223 11331.1870862413
43280425.8759826645 36837.1017913818
43571260.5169402286 38452.8053399920
44593190.7920222133 42836.9915771484
40634495.2072108462 9541.1725323536
45092224.5172732770 44816.0952148438
43175388.3303313926 35767.5789894462
45248380.2808293998 44983.8104248047
42901583.9705654979 34649.3142669797
43230140.0439681113 36478.7442750931
40915413.6831937060 15245.3960682377
40954439.5757396221 17028.6653553471
43252831.0553965122 36682.4561126828
43228853.8302956074 36428.6022308469
44286995.9983027279 41757.2489624023
43186749.4318285212 35769.0544186831
41979275.7456185371 27710.4449765086
43490660.8681258559 37814.6228332520
43374387.9940634891 37364.1545257568
40843187.3465723246 14995.5235096440
42837790.2292905003 33742.0193251967
41048372.9759464189 17284.3677380793
43337468.5509532467 37218.3333395123
43236696.0468082651 36672.9423483014
43212718.8217073604 36419.0884664655
42153859.0421590731 29439.5751027465
41700018.7001529187 25416.9351208918
42225887.8978875354 29573.0745628346
43519262.2057133019 37878.3371429443
43988643.8869127482 40643.3611450195
43542130.9039844796 38057.4125036448
43357768.7611375675 37296.9943947196
41941063.7125627026 27479.5038047303
43044147.8851975724 35525.2886123061
40680237.0048713610 11157.0983973909
43023847.6750132591 35446.6275570989
44072632.3140584901 40952.7917480469
41599014.0712939873 25140.5401929133
43270241.5929076448 36818.7635345459
43391314.3072369397 37443.9187469482
43597606.6761917919 38611.1410965323
41309507.1144224927 21303.5764477961
41883998.9411122352 27479.4737281799
41800902.8588787988 26619.3144833446
42044952.2598101124 28593.8293097615
41794349.9975540861 26582.9560849071
43022656.6848947927 35277.5645765662
44605127.0752319843 42882.7058105469
41956791.4718242139 27573.4464972615
44029304.2396804020 40880.6972961426
44464373.9575228319 42583.1376953125
43809522.0466054082 39603.8965682983
42013352.7987664118 28355.7299206965
44743957.3742331788 43456.9344482422
40878145.8632659540 15177.5752086639
40993975.7746859863 17041.9977381937
42109863.0657040477 29155.0259002522
41088001.4760640487 19059.9044205882
41174428.1574951336 21022.4074109308
41043734.2606668025 17276.6351334788
41210895.4834622219 21074.2565015070
43641268.5400651172 38786.0948785543
41843063.4722253084 27207.7069667093
41603482.2142138481 25349.0591122508
42004016.7909231707 28238.6388027482
43994872.7742873728 40721.7326049805
44015814.4155602604 40800.9330749512
41343860.7416297942 23055.5492566340
42688695.5405913442 33090.5130929947
42661195.9435592145 33067.7697047293
41639949.5401809365 25365.8667864799
44573686.2930605114 42765.3240966797
42755579.7796622738 33637.6593933105
42929083.5675976202 34774.8466491699
42167974.2515571341 29512.6155738831
42688735.5987704918 33422.9994757771
42053486.6722423807 28652.4563290477
41867831.8253294677 27406.4332570434
43944971.7795839235 40253.1583747864
41429848.3112629205 23332.7249407768
44418755.6626860499 42426.6304321289
43002356.4747104868 35194.7052581906
42077797.6026090458 29001.5252773575
41260415.7271282598 21299.5830950737
44457770.1750270352 42542.1893005371
44068081.9909924492 40914.5982666016
42279407.3265889734 30271.7806484513
42112536.4491848275 29155.3610032909
41712742.0708929002 25598.9316708446
41010105.2829022482 17205.9962781183
42046933.8109176680 28616.0979306102
42833721.7964005023 33677.9057564735
41997463.9295984581 28202.2804043107
41759967.3899918646 26358.9464734308
41324213.8638441190 21430.4156506769
43732123.4077889174 39252.0502130389
43381198.3801276535 37382.4927825928
43074133.5070278123 35670.8012390137
42532268.4488042518 31722.5895070434
42867775.8511207402 33887.5319519043
42483125.4587758929 31604.9322211742
44019441.4238270074 40801.4968261719
42840276.2540886253 33748.1491712928
42613876.3754654378 32706.6139211059
43046633.9099956974 35531.4184584022
42322324.3465834633 30649.2397763133
42919398.1559516788 34726.0437392592
43019777.6969712377 35254.3610668182
41753414.5286671519 26322.5880749933
43236148.4406974614 36486.5381927490
42402658.0195940509 31448.4846493602
41380328.0675968826 23107.3983472101
42560480.5469512045 31800.9609670043
41806545.7839113921 27121.8329480402
41965325.8842564821 27632.0735165477
42498912.0979817882 31605.8017349709
42709035.8089548051 33505.8587941527
43104733.6366354600 35722.4851989746
42240716.4199222773 29665.2153622508
43704623.8107567951 39008.9727080762
42895027.9677253515 34455.1161937714
42921884.1807498038 34732.1735853553
42353188.1382748410 31034.6671230607
42949383.7777819261 34871.5563659668
42292298.6665740609 30388.8717663996
42983350.2273083106 34923.2403259277
42708179.8000802994 33480.9354376793
41130160.9420978874 19239.1381238215
42228193.8706730902 29606.5883429646
42081936.3195771873 29154.9747937433
43893336.9140704125 39778.3587493896
42272854.4652642533 30235.4222500138
41645267.9859505668 25373.2914113402
44517670.9598281682 42657.6895751953
42566916.8051904663 32268.2156441920
44524223.8211528957 42694.0479736328
43567930.3650128841 38258.0322389603
41049131.1754481718 18989.2655652277
42603495.3465245888 32660.1130011678
41312128.5339432210 21350.6514294855
43229500.3178733960 36455.4468649030
41333208.2578402385 21532.6479794383
43587826.9273221493 38530.8913673759
43019371.7784193531 35202.2874396443
45058783.9557242393 44376.1085205078
41502640.8419748992 23565.7898251414
42569402.8299885914 32268.5248316824
41481332.6964558139 23383.7932751887
41744880.1162348911 26169.1385586075
45217331.9695385396 44975.8988037109
41789740.9584679753 26393.0786755793
44904085.4234278798 44122.2546386719
43064353.7581581771 35574.0915222168
43329787.4401428401 36952.3337173462
43594382.9301622957 38532.2409967184
42778049.4301432073 33660.1856803894
43865896.9753283486 39766.2218856812
41534728.5249700397 24289.4462292902
42748919.8171874583 33590.3180007339
42317156.2540699393 30590.6127570271
42310320.5312774256 30425.2301648371
42590127.7279132158 32304.5740426295
41541281.3862947524 24325.8046277277
42879610.1176405475 33900.6944211125
42884720.3569503054 34301.3182258606
42882096.1424386725 33902.6260040402
42835006.7390727401 33686.4955824357
42642083.6340305433 32711.1578390002
42841281.9035555795 33809.7628326416
44503178.2882129624 42584.5823974609
