610638245.0363837481 3374.7689555958
638368880.0992864370 4562.6570289135
604180689.5937535763 3201.0118277606
600454990.9323784113 3030.1793350239
561276966.6676476002 1830.9827194389
561516565.7622650862 1833.3333549675
630135105.9752132893 4214.4483079437
534148947.8829494715 699.5723225916
533659888.6969947815 675.9785912071
561749814.7723464966 1842.8318268397
584512368.3380383253 2623.5297181532
583759053.1826987267 2609.6618587378
638513151.2133564949 4571.7463319302
615977393.7458425760 3601.2791575788
589801641.8028868437 2728.6496276936
559293297.7594887018 1810.9411692061
572795710.9943346977 2266.9288696252
601793219.4990248680 3142.6098655594
533301628.9383858442 562.0656876201
566217515.9306508303 2039.1047864780
565474707.7312713861 2015.6807015962
577408917.1607201099 2411.8064992611
577052135.9543201923 2394.8939092342
603917068.1214574575 3184.7380393085
533319206.7711989284 566.5992893740
637684737.1343281269 4539.6107640266
533264317.4608790874 502.8902620031
595256871.5613152981 2909.7569824779
580750404.0166735649 2479.5126775338
618598950.3967827559 3798.2304322015
533337745.0683668256 585.4007725353
638017666.1759190559 4547.2510218620
533433529.7062417865 614.2952141366
638365483.8888177872 4553.4157310724
533354353.1611159444 585.4008332589
554306028.4673107862 1553.1454066560
638190205.1756315231 4552.4531338215
551901308.9088929892 1423.3024617141
614471060.8127852678 3557.8314779942
638127747.4666972160 4552.3051023483
533267248.8060484529 503.0764190807
610836366.9625002146 3415.9842482750
611201834.9153501987 3431.3183046525
533392035.8074158430 608.8308034809
606601420.5969438553 3279.0623721798
563323399.0768464804 1893.8665008520
533262263.9402891994 501.1440397436
533670748.5651259422 676.2018529897
533250635.7337200046 480.6414002943
638110492.5788009167 4549.0113536119
563131518.9020886421 1855.8515918077
629070048.3092793226 4190.1406558679
634297299.4472199678 4450.9013884689
533275287.1549537182 522.7531042686
628095101.0128587484 4163.9230523930
603626787.3372026682 3175.3619253349
533295286.8802024722 561.3978872503
533840103.0804596543 694.2685348109
582326497.0115770102 2591.8457486633
533355258.5151358843 589.8764825064
533276409.5691433549 522.8549420699
533248146.7419905066 480.5353233236
533374983.5773461461 592.4354496005
533253652.4911551476 500.8220247986
624598920.2960387468 3981.9732827173
599526985.4519071579 3015.0295543523
533312864.7130160332 565.9314370501
533283090.6412178874 543.2642044588
533262047.7348873019 501.1397178967
554700351.8215770721 1565.9462132915
554272035.0016379356 1542.6111283763
633944776.2167029381 4418.7526112224
533246965.1175304055 478.1423125567
637525025.3016917706 4517.5485447645
628226937.5127334595 4168.6931121276
626370000.4981969595 4063.7258960829
625711189.4170261621 4061.3289943562
533270659.5190624595 503.5581143270
614664561.1748847961 3565.8521952628
533253347.8131521344 482.6563355943
590815847.3314099312 2736.2822689346
581551065.2389458418 2580.0911712650
637087885.1213483810 4511.5533093214
533276748.5830345750 542.5963521349
617285283.6534523964 3656.9438603348
533272786.4829965234 519.3341187258
533331403.0101839900 584.7329721654
533411743.1867166162 612.0184632818
637291489.7086534500 4513.5925909281
574781208.3254394531 2343.7611741111
574836537.8768563271 2348.8202590356
563713863.0793281794 1899.6123946467
623627396.5245509148 3958.5999807344
637030013.1552605629 4507.2398749590
592420199.9468699694 2760.5776001087
630946700.6602705717 4324.1940630265
600597477.9270362854 3038.7475649102
627059085.3785122633 4129.5981134103
612530482.6346718073 3438.4431771263
636476064.5548565388 4481.3909630477
533379178.5532044768 605.2913119016
564505337.5374795198 1947.2866075610
594580462.9590592384 2881.2111364352
617711656.6540303230 3673.9360908917
627422436.5360617638 4146.8294651435
637000562.7821817398 4505.4093347788
607585693.1867403984 3363.6006613212
607058158.4880847931 3346.7131959167
637019319.4814841747 4506.4337502718
614986483.2219707966 3570.7478801972
569042517.2074389458 2112.2983364094
628755144.0459185839 4187.7570541623
561014135.9273917675 1824.0436370704
533388877.6114808321 605.5112867204
562759763.1066981554 1846.9323901613
625403586.3780363798 4042.1654680596
615307477.6409243345 3588.1006498117
581641910.4674495459 2591.0135615453
612627071.2992659807 3461.2394849038
556725796.3913046122 1674.7720165536
556394134.5771757364 1640.7449346720
636499021.3211505413 4492.2943128347
533491004.3075391054 635.0904469466
617763447.1368644238 3688.1089707569
618067029.5906503201 3708.7812826292
568357648.6735756397 2106.8791937582
615136520.5032062531 3587.7366072900
596878462.0053123236 2956.4554741726
576509784.2482620478 2371.2758962077
563279699.1356446743 1867.3882776517
562941787.1057165861 1852.0937969740
616432649.2177838087 3618.7917393887
616552341.6402002573 3635.1571759426
630374312.4519464970 4314.0010503121
630639097.6212807894 4314.2108193226
629302890.8971729279 4200.9062180939
632748353.6866214275 4402.2380384654
576178739.5709038973 2355.5035256898
576173092.8402270079 2353.6427983796
588381897.8339376450 2713.9430637474
581291093.3735209703 2574.9303181995
581438087.1703041792 2577.0951390270
636628896.1493759155 4497.4995445013
636983886.6696636677 4502.3069561720
636349975.6798176765 4477.0318491161
636759349.7983281612 4500.2712457180
631120678.3922903538 4355.3809388640
631263199.6533914804 4359.5524939063
539315734.1553261280 865.4459750686
629491633.6177595854 4209.7708888474
593081335.9091845751 2850.0226093752
628512236.5217496157 4178.2742298368
618752193.3367242813 3860.8953336530
619038522.1166669130 3865.9679950529
533456601.7293832898 614.8601901153
613133690.1806051731 3525.0334607567
601031848.2408159971 3103.6390908696
558299160.1972861290 1787.7769503166
558483110.7690275908 1789.0724807139
544829963.9535685778 1153.1518728727
599791027.2056713104 3029.8941472992
626780118.2003577948 4095.5015246497
533453271.6421058178 614.2989307014
552361748.4129918814 1456.4325417274
551984229.9093548059 1435.6967161196
557862565.9132177830 1716.4255128169
558484868.8634387255 1791.6973756220
564271352.8572868109 1909.6276769660
533481346.3539074659 632.5780976684
616235897.1632131338 3607.7812935164
612265321.8173036575 3435.2446328932
565451855.9452912807 1972.8372561922
579575601.9862192869 2422.3871853957
579405831.6154689789 2415.9319289336
539885597.3801224232 874.7413192126
536708571.4869526625 790.2989528902
558749858.9287602901 1809.6462651233
624777467.0895403624 3990.1053636895
533584457.7967219949 655.6949121837
580394488.2370803356 2473.0939465278
579756383.2243132591 2462.9719284652
533533134.4734648466 648.3324879832
592482351.8122615814 2831.3440511831
569541949.4587748051 2130.6439344546
569043545.6452939510 2128.0133940837
614437233.8453267813 3534.2086206944
596960864.5285989046 2961.9806885541
622532534.1110945940 3943.9902915609
602691819.4235285521 3163.7965281242
544640478.5465064049 1148.3886966299
602965838.7917749882 3164.1244666659
558247622.3182547092 1778.3858062708
533480256.5134399533 632.3419458360
598204144.7689837217 2982.4372976207
596684280.8126916885 2928.5604631611
540814002.5122845173 917.0183787290
612056444.1696804762 3433.4453504892
621753528.5681922436 3902.7080220831
564914306.4336638451 1950.0741629097
540440029.6021065712 893.0904669827
535918697.7912414074 773.0014381474
581262381.9935166836 2481.6843951231
581279405.7759190798 2484.5993449513
606876282.7287485600 3305.2520906719
606481578.0537152290 3244.0381254529
591593950.6986292601 2755.3433972486
598966276.1451379061 3013.6634987527
598699364.6316275597 3006.0966769391
534011406.1819040179 694.3788965318
533819425.1326131821 690.4752532810
540378433.9652976990 886.6562845735
539878629.6441642046 873.1365848658
544631468.3168014288 1146.1111796688
533538719.6035979390 652.9413829613
533473288.7774816155 630.7372114892
598379583.2486283779 2989.9885311061
597492363.8466407061 2967.5430713528
605330301.5367697477 3206.7417940434
605556739.8836176395 3214.6168369587
533784039.4785956144 686.7930978785
605713149.9963914156 3239.9551329512
533601934.6949159503 656.0169515622
534205713.7981325984 702.7157830382
557941038.0842345953 1742.6669940009
572196423.3062949181 2152.9595479337
554227215.6097350121 1488.4314680982
553662533.7798368931 1469.2507190387
545374016.2296056747 1199.7916420378
543108732.3846048117 1134.4816694238
537707334.5252511501 834.3333043089
537201608.3538697958 810.9982193937
544900919.2928473949 1176.4565571227
555241625.3645919561 1604.4408339891
554804996.9260817766 1582.9388157989
541968336.3191721439 1028.4510221458
541733379.7617316246 1009.3016805626
556668745.6741682291 1646.4658518551
546070582.5949630737 1246.2440022082
548069884.0492514372 1288.1095826226
550184544.2419788837 1390.6699645183
550091393.8694266081 1390.5378956053
545993353.0326265097 1220.2322310026
545003413.9212186337 1176.7111039315
545185388.1178994179 1199.3017774041
545047077.6470216513 1196.8977184708
545598070.9471095800 1217.4731972548
545812757.2676585913 1219.8170862413
541582717.1468625069 993.4641219155
548742065.8862338066 1345.3166660950
548139291.4122424126 1322.9789045500
534992417.6059011221 738.7133535018
534538572.8051790595 713.7286193095
534604137.8081288338 715.3607892265
534858402.9518375397 730.3096252714
