137716457.6933764815 910003.4670410156
140162686.0284271538 1019527.4279785156
137344992.6663294733 889003.4238281250
138186182.1378347576 935603.3112792969
137341121.5325137675 883364.2812500000
143705579.4285822213 1132746.6464843750
136866240.5625963807 851998.3947753906
137940384.6088047028 924045.1853027344
138483676.7959606946 948145.5124511719
147701059.6100903153 1204105.6337890625
139812583.9569272995 1005596.3535156250
139557830.5278432369 996791.5302734375
139077812.1308066845 980514.4028320312
142335365.5770270824 1095795.9738769531
137015569.6705342829 864518.4829101562
148405433.6359636486 1207101.7304687500
137204513.0528439879 878303.1640625000
141197021.5665693581 1059809.8525390625
138114649.1562599838 930457.9709472656
146094898.2008196712 1181126.3300781250
142185406.0391333699 1091835.8957519531
138117010.1137752235 931462.5290527344
146647825.1002971828 1189726.1386718750
138438373.1481247544 948065.2468261719
146118244.9792656600 1181878.8222656250
136710304.6087730825 828405.6024169922
139888065.2340408862 1010447.2395019531
140164345.8206637502 1020641.1643066406
148832239.1051901281 1212097.5888671875
139951576.0277239382 1011819.4543457031
138114647.6363815963 930162.9201660156
147701059.6100902855 1203611.6601562500
137130769.5251177251 874030.8002929688
141511762.6772160530 1067972.2685546875
136972898.2028507590 859063.5783691406
141485709.7421395779 1067965.4619140625
141068746.5296435654 1056889.5461425781
140766441.2500526011 1047375.2658691406
140339460.3254638314 1027338.9672851562
139082143.6631880105 981297.5202636719
141357747.0625832975 1065711.7368164062
141913126.4086844325 1082359.4025878906
140763296.5129378438 1046834.2258300781
145597397.0295189023 1173583.0253906250
141264714.9051746726 1063898.7851562500
141290767.8402511179 1064047.4980468750
138832177.5225016475 966526.7604980469
137064559.1095029712 867334.4770507812
145515060.5730654895 1172216.2402343750
138498641.3716385365 948513.0595703125
138833533.0135939717 967593.5671386719
148531176.7257969081 1211840.8212890625
137127624.7880029678 874014.6127929688
137130769.5251177251 874172.7065429688
141934241.1913712323 1083461.2297363281
139653455.0393056870 1003696.5229492188
140138275.5718011260 1017636.8227539062
136995938.2853267789 859076.4836425781
145515060.5730655491 1172404.3164062500
142612319.0680147707 1103522.1513671875
137277178.7948468029 881327.5974121094
138677700.6117909253 961268.5549316406
138901982.7761066854 968805.7507324219
142096284.5362444818 1089140.1467285156
140766441.2500526011 1046840.9494628906
138502099.3609481156 950497.4294433594
138902705.0376535058 971734.3493652344
136704612.9085059762 826334.0721435547
139235302.0458256900 986690.1892089844
141735164.6229499280 1075054.0937500000
147572631.8373682499 1200766.6025390625
139323203.2464311123 991674.3952636719
136865341.7274091840 849634.4807128906
149274366.7872881889 1214884.6875000000
140183399.6408660114 1024397.7556152344
143457528.0505518913 1125026.5771484375
140737467.4064274728 1045581.8708496094
136790246.5682801604 837583.3660888672
139238446.7829404473 986694.2487792969
139199125.3175340593 984885.0349121094
143584109.6046405137 1129107.0229492188
138958514.9861872196 973740.0754394531
136714259.2641601861 833349.7459716797
148258997.3864828050 1206437.1914062500
141795273.6980414987 1077402.6027832031
139576140.0154366791 998420.4233398438
138746080.1234237850 963028.0812988281
138414419.9639445841 944125.9497070312
136803047.9180220366 843240.4061279297
139323203.2464311123 991448.0798339844
139268570.2621540725 989053.6657714844
149477164.9278502464 1216986.5205078125
143008302.1868242025 1116045.8391113281
137834619.1564046741 916888.0920410156
140551914.2877859771 1035176.1628417969
136793111.5384744108 842334.1531982422
138762457.0752815902 966022.3859863281
142540451.7258770466 1103175.0812988281
145275191.6980447471 1168173.4052734375
145477724.5722076297 1171831.5810546875
139199125.3175340593 985026.9411621094
146141779.8946021795 1182559.7490234375
140159692.4989832640 1018540.2639160156
136826978.4163266420 844230.0467529297
138512429.6440518200 951325.2888183594
139012064.6429321468 976123.1486816406
148906130.9783560932 1213155.0097656250
148740371.4098661840 1212042.6220703125
145072778.4345790446 1163461.4462890625
148030904.5983850062 1204717.2656250000
142981116.1398885250 1113617.9694824219
138030552.6982463300 925744.8469238281
136834939.9852422178 847295.2049560547
143356063.1907977760 1124648.5209960938
149666430.9387713373 1218110.7685546875
142634553.2416664958 1105185.8735351562
142616917.9648317099 1105016.7348632812
136680576.1627740860 821134.1326904297
138261784.4569447637 937635.0847167969
142908871.2840009332 1112892.7626953125
139485122.1691557467 994012.1489257812
143340003.4653549194 1121648.2500000000
136749710.9504336715 835436.7957763672
139027687.0102467239 977673.6584472656
140388792.9520945251 1034006.1921386719
139003386.2907145619 974021.2551269531
139004669.5160660744 974972.4621582031
142659297.4234112203 1107919.2875976562
143494549.1205932200 1128417.3134765625
142797953.0890909433 1109642.9663085938
136746566.2133189142 835420.8416748047
143035452.8380896747 1117506.0754394531
142763564.9812435508 1108031.2873535156
138982220.5961768329 973830.1311035156
146347700.1949961483 1184742.2548828125
142766709.7183583379 1108039.6574707031
139048778.8352865279 977970.1516113281
140341705.8808765113 1029096.5300292969
140345882.7869063914 1032962.5153808594
142446030.6508654654 1100295.8095703125
138565278.5598859191 956013.6237792969
138957007.8555481732 973489.9357910156
138559638.7433355451 953725.6315917969
142845469.2193758786 1111688.3757324219
145219222.7942293584 1166061.3066406250
138163858.5289370418 932144.9567871094
141556007.6632009447 1070487.3283691406
138562783.4804503322 953729.8522949219
137522016.6723483801 896110.5075683594
140297142.5086418688 1026459.8557128906
136713107.2653861046 830345.4295654297
137195975.5812219977 875954.6193847656
146328251.2419996560 1184720.8476562500
145708786.2607455552 1174588.1025390625
139817263.0381610990 1007417.7668457031
137254597.5676574111 880142.5363769531
143253852.5049804151 1120864.0913085938
139777291.0575796366 1005522.7790527344
145768953.7233019173 1176240.8203125000
151609655.2301845253 1220881.3046875000
139517346.7155897021 996269.2470703125
136941560.7145127952 858694.6885986328
138651409.7230738997 958205.8474121094
138169305.1966262758 932786.7604980469
137008842.4048276544 863608.5362548828
143978740.6634896100 1137986.0517578125
136918455.8543849587 858415.6876220703
142256481.9774457216 1093574.0871582031
138168261.3923685849 932492.4968261719
146008668.4631407261 1180120.2490234375
142280785.4824490845 1094120.5773925781
137766925.8177994192 913019.8664550781
147623288.5901122093 1201773.4394531250
137658991.5442314744 907398.4611816406
142953649.9577405751 1113064.1113281250
138564262.1659045815 953781.7019042969
138631955.5045098662 957870.6345214844
137749862.6929140389 912134.2609863281
137765447.1323451400 912747.3098144531
137282397.3507091999 883136.1330566406
145919798.7855893672 1179440.2011718750
140271089.5735653043 1026453.0490722656
140623822.8220973015 1040713.4299316406
140695025.1856135726 1043381.8366699219
143288280.0747750700 1120954.7329101562
145213175.5128020048 1165990.9267578125
139857309.6362517476 1008607.7426757812
140623822.8220973313 1040855.3361816406
140302918.8660521209 1026525.3654785156
140555624.9914608300 1038455.5578613281
140104553.5425410569 1017498.7253417969
141651666.4412674010 1072136.8811035156
146008668.4631407559 1180654.5654296875
142052597.4322312176 1085224.2219238281
140623822.8220973313 1040805.2150878906
148138469.8305455148 1206078.3857421875
147683278.9710671902 1201891.5781250000
143855114.8173367381 1134025.6103515625
143870028.0591439307 1136515.1044921875
146733740.6579095125 1191560.7353515625
140079761.4864798188 1017381.8696289062
140967178.3908586502 1052280.8530273438
141572319.9371213615 1072119.7873535156
143862179.5095979869 1134466.4765625000
142270747.9082927704 1094050.9787597656
141147877.4769768417 1057944.4743652344
141444925.7984043062 1067512.4880371094
141001102.8334705532 1054327.9196777344
141214791.6721178889 1060424.1462402344
140874750.9791327715 1050060.5502929688
143847902.7928633988 1134020.7583007812
140994561.4540799260 1053562.6926269531
143246892.5615977943 1119772.0244140625
140993332.5151991844 1053542.9907226562
141418823.8103497922 1066568.0270996094
144981048.3470829725 1162720.3007812500
141120788.4909152687 1057423.1362304688
151580711.7621852756 1220835.5439453125
137418995.2553553879 890749.5751953125
144763070.2112710774 1155687.9433593750
141997872.9557473361 1084622.8127441406
144863244.9339280427 1158679.9829101562
148045419.3193224669 1205373.7441406250
145475078.3258250952 1171242.4863281250
144918615.0235081315 1160304.2841796875
141759225.8743024468 1077291.6594238281
141854333.1768834293 1079458.6623535156
143611984.5115004778 1129804.5131835938
137825463.8154830337 915424.7871093750
142399184.3313889802 1099060.3601074219
145096770.3111719191 1164594.5673828125
142064085.3102027178 1087338.8703613281
139973115.4294610620 1012977.6755371094
145414648.7649351358 1170486.6445312500
137673020.7655474246 909247.1010742188
144184222.7530189455 1143278.6835937500
145227945.8282090127 1167087.5800781250
137589823.1911829114 905320.2270507812
138416455.8990743756 946367.3874511719
145013546.6276158392 1162742.2578125000
138418509.8598024547 946974.8962402344
137589406.8369304836 904666.5571289062
138322034.6422876120 942370.2829589844
145629685.9425160289 1174559.2255859375
138201109.7463650703 936163.5524902344
138312032.2120887339 941600.0241699219
138270698.1246769726 940945.0124511719
145144062.2080503702 1164988.8291015625
144845947.4758448005 1158484.2578125000
144818558.8394225836 1157983.7734375000
151178282.2375653982 1219801.0019531250
146396447.0078266859 1185009.4960937500
137453534.8058860898 895288.3769531250
137442311.1234638691 895218.1464843750
137405394.5517886877 889604.4423828125
148005298.6353938580 1204420.7031250000
138048930.8832039833 928025.3181152344
151490175.4627591968 1220802.9472656250
149274360.9985122681 1213477.6035156250
144082336.6796935201 1140216.4042968750
144559700.9086793065 1153487.4633789062
137935929.2302569747 922050.6569824219
137472540.5114858747 895944.6269531250
144396020.2602093816 1148984.3051757812
144543332.1165167987 1151500.1040039062
151311240.7996996343 1220776.8613281250
147193562.8470428884 1196734.6308593750
147400727.6651915908 1199694.5048828125
147283878.7074995041 1198063.0273437500
147058226.7485677600 1194783.3222656250
146575464.8099327087 1187152.7158203125
137453951.1601384282 895942.0468750000
149453458.3915524781 1215106.4619140625
137879391.7532046735 917780.7145996094
149383980.4996371865 1215013.6513671875
137527483.9412068725 899959.3603515625
148005136.0856436193 1204396.9023437500
146519787.4455131888 1187117.7636718750
150962659.9078069329 1219185.6406250000
146283129.0053856373 1183013.0244140625
146931262.1277739406 1192114.9433593750
151325145.1747529507 1220801.6416015625
150864803.0287108421 1219071.0380859375
144438313.3232063651 1149718.3764648438
146963533.8396887183 1193920.7792968750
151091461.4629587829 1219553.1113281250
146261273.4881579578 1182620.0722656250
144514980.0252702236 1150847.2231445312
144397617.7855551839 1149446.7221679688
150221269.7110998929 1218155.8232421875
151079953.7444419563 1219406.8681640625
150566761.3316498399 1218890.0039062500
144296101.8636252582 1146145.9228515625
144074535.5649813116 1140053.8212890625
151011648.3919235170 1219234.5947265625
143760604.3506329656 1132803.0654296875
141483147.0958051682 1067766.9824218750
141869991.1550094485 1080607.7080078125
141888580.5063568354 1080812.9101562500
141892735.8546907902 1080853.9580078125
