149955595.3750421703 8528.4366363164
149188499.5060936213 5466.3525895353
149109190.1275445819 4735.7892122865
188714305.3795665205 28556.8556518555
149111256.6512254179 4736.4367809892
149259880.5731230080 6099.1534143686
149480918.0877799392 7233.3340581239
177102592.4290255606 23252.0398079520
186741471.3291355073 28095.8880348206
185227333.4312488437 27699.7674417496
158517675.8406974077 13134.8751670349
170746830.6002468765 20367.1815880900
187737984.6809121668 28496.7358398438
150957072.0849059224 10106.1955532966
187231845.9196270406 28211.3098602295
187415326.7642824352 28463.7470092773
186024844.9141854942 27748.5740337372
187981109.9342953861 28534.0637207031
149561403.6264795065 7597.3431447621
150120092.2279191017 8899.8983613492
149084469.6588175893 4381.5581589341
172310808.1299233139 20384.3510893434
177799077.9483572543 24052.0971619943
149071745.7344611585 4358.0080995560
177276925.2832749188 23578.2514626151
175364076.7934900522 22373.5527326921
149562561.0033484995 7610.1827452958
184979638.0268157423 26983.2968502045
149980403.2571751177 8528.4453584196
151042850.1817515492 10206.9383910833
176589347.4348689616 22884.1257417062
180879074.5482639968 25594.9390858412
181448831.2313030064 25849.8046673536
184351753.0696455538 26962.7551727295
183965477.0877634585 26720.4719963074
159853196.2974122167 14113.6013571102
158852292.9800848961 13742.1483541805
151461418.7777497768 10529.6023869592
149400556.8470650315 6886.6186092969
185112387.9267844856 27181.2873926163
149583285.8084773421 7617.7937244053
149943015.9823437333 8526.4466707443
150439788.4249216616 9421.2442372976
149305452.5782071650 6458.0449538107
157064350.4224728942 12508.2244286414
149044095.9474428594 3350.6361118581
150029307.5106503665 8574.1387600636
149413564.3131108284 6900.0051182385
165973029.3374303877 17979.2620779354
149304493.3781048656 6208.9700576067
149523784.1634506583 7283.7015460606
185024795.4290863574 26986.3482599258
149398982.0418090522 6862.0183503628
149197354.2263337374 5494.3146377802
149197567.3791224062 5522.4293617606
150582009.1755836606 9495.6475800732
175742576.9551443160 22532.5642402032
175955471.6269656718 22813.8090302804
150364230.9388976693 9092.5793822942
149080488.6151845157 4365.7876310945
149208833.6017741561 5763.2953388691
149126674.4148260951 4814.5628419369
149170885.4069986343 5429.2031605244
149033618.4396216869 3349.9922647029
149023055.9916690588 2979.1809934527
177116952.7435776889 23576.2527749399
176720820.6138556898 23204.7997720102
182982557.1927942336 25904.5711674690
149710325.5328076184 7975.7148859238
149410642.7018632293 6899.1800727844
149802046.6477800310 8304.3797409271
151100701.2613693476 10223.2681150961
150164240.2444061041 8904.9637443756
149503059.3583218455 7276.0905669511
149168058.9904620945 5359.2893290520
150900512.4433318079 10014.7641700445
149759839.9224122167 8217.4836227631
149423650.1679090559 6912.5665817261
150005150.6487637758 8565.8291000004
150976018.1588780582 10206.9291491586
149998686.0635541379 8557.9384924034
149328545.8990511596 6483.9929262400
183288384.0605593026 26136.5923509598
149359595.7305143774 6563.3219972849
149120385.0348492265 4765.2075281739
149372603.1965602040 6576.7085062265
149101196.0752266943 4730.3935280442
168738056.8150211573 19221.4222526411
149568756.9085676372 7610.7296537037
150844187.9356409311 9858.9023028690
149235302.4211092889 5828.4068161249
149509255.2635410130 7276.6374753590
149496247.7974952161 7263.2509664174
149127699.5259452164 5093.8557062745
149655625.6075347066 7924.9362731671
149067481.1491387188 4357.3663678765
149470144.3468899429 7233.2722511292
149092431.2119378150 4722.4027033448
149075988.3372180164 4364.9837780595
149342755.8923460245 6541.1135787964
149483151.8129357398 7246.6587600708
151493233.5557654500 10534.2676132778
149073596.6400274932 4361.0948515534
149044743.9434606433 3350.8915745765
183240768.1538892090 26107.2442283630
150476295.7888736427 9464.0231432993
149862824.7024742365 8414.9425889726
150844386.0575376451 9947.6626437384
150623418.9050866067 9784.7064155278
149795140.7780307233 8247.8861124252
169351694.4366843104 19584.8844308713
174478863.3669377863 22217.0568054246
149694675.5955814123 7975.7056439992
149291708.9209972024 6205.2555032969
149087005.0915704072 4383.2778084874
149196364.8518733382 5478.6952181458
149111955.1543694437 4748.3141439557
149139247.2108092904 5093.8565330196
149629519.7665970922 7641.6134656544
173847434.3792916834 22028.5865935087
173456060.5141444802 21697.4189851144
150826637.5820609331 9835.4761462290
149044777.3266880810 3614.6530469805
160803423.7586582303 14537.0407568294
160998795.8098720312 14579.3711706478
149051961.2618525028 3986.5550966263
149100484.9340505004 4722.4035300899
149290960.2809916735 6199.8598190546
149253012.0862161219 5865.7676407099
149342007.2523405254 6535.7178945541
149616512.3005512953 7628.2269567128
149248511.8082496226 5858.6478475332
149205325.9271962047 5523.3003932834
149337506.9743740261 6528.5981013775
149679011.5643245578 7932.9267379974
150061568.7873907387 8846.0093233322
149062180.0520352423 4066.9750308394
149153143.2341612279 5127.6297271252
149063205.1631543934 4092.8982705623
149389250.0713269114 6861.8192481995
149050022.2093581855 3722.0869993120
150428902.6473127902 9418.7560921048
150223379.3376816809 8914.2293976869
149035195.1760831475 3350.6339963824
149028111.8849064708 2979.1831089284
149610316.3953320980 7627.6800483048
149681668.1295355856 7962.3191350575
179579715.1549935937 24378.9703854322
151205957.1349874437 10527.6124213872
149051873.1149245501 3725.1737513095
149375040.0780320168 6804.6985956430
150810973.5508041084 9792.6972402273
156872820.9953756928 12488.0023959752
149154168.3452803195 5158.9671835303
173021571.8244848251 21084.6628387498
175527615.2444323599 22478.1669363852
172901841.1698771119 20727.8026555108
149045757.6240358055 3721.4452676326
183392700.5674484670 26256.8025093079
161052417.3736793995 14827.3118025142
153797283.5240412652 11243.6720385629
153477184.3437107503 10869.4440341074
149550389.6916571856 7553.4736684437
149680081.5892259479 7939.9815667744
149240753.2601758242 5857.7768160105
149267040.8364815414 6156.2740669250
155854406.3105710149 12307.4904551584
155226362.8689492941 11973.4299159128
149315538.4330053329 6470.6064172983
149278701.4549513757 6191.8689943552
149797434.1106072664 8299.1860663767
149163902.3133039474 5164.0067824125
183108156.2639001310 26012.0470001723
149437953.7640823424 7201.0907807350
149329748.4263002276 6527.7270698547
149846155.2421714664 8313.2255579041
183689018.5498832166 26702.4718103409
183547338.3061905205 26450.9299173355
161467754.1329629123 14864.4974066097
172517364.2414441705 20572.3316931576
176046709.8806113601 22828.4397198040
149150717.4311281741 5119.7671468854
149914371.6682082415 8421.3196614857
149644738.0539388359 7867.8060188170
157534818.9227762818 12859.4553989049
149663361.6270983219 7932.9174960728
149183144.2330388725 5437.1939852238
149226543.2668809593 5800.6561634541
150249464.9177233279 8929.3822534084
150255316.4397338927 9084.6863109346
150902707.8152953386 10049.2918315012
149618621.0864801109 7634.3522694388
150813630.1160151362 9822.0896372873
150791821.3389837146 9792.6879983026
149264491.4616564810 6134.7483417988
150939621.2034476995 10082.5436876494
149221092.4278143942 5771.2861635685
150584937.4829937220 9784.6971736032
149253449.1947795451 6034.4908208600
150958110.7610476613 10156.1501765329
150032218.5543665588 8758.4488423939
150472089.8454647362 9426.7376748796
150070062.4753463268 8897.8904317494
150960717.0534622073 10161.6528560396
150837761.1882205307 9845.3466121431
150634876.9929344952 9790.1998531099
149925377.8929459453 8526.4374288197
176533878.2505145669 22864.9881469905
149736121.9261410534 8097.8637733336
149640598.2452342212 7726.4107704039
170192645.9446308315 20164.1313667595
149126917.5027122200 4829.3876089603
149183357.3858275414 5465.3087092042
149088155.2259534895 4457.9346060306
149139958.3519854546 5101.8465309739
149087130.1148343384 4432.0113663077
149122398.4288417399 4803.4643692374
150415446.5540221035 9092.6240126367
180809833.6695986688 24732.2327842769
161535613.6486854851 15442.5203221913
180169773.2204310000 24460.7430517673
180073003.2982214093 24398.7104666233
168645959.6115435958 19124.7252271175
162885388.0313499570 15738.7410054803
162345920.5744292736 15455.1583362222
162763472.2887586057 15590.4308419824
163192544.0977731049 15911.2910798192
163266725.7835186124 15983.7916701436
164726400.2042091191 17176.1354534030
163534265.0660787523 16151.4807084203
163384356.6979362369 16030.5172303319
163449565.5992181897 16084.3421052098
164437547.8736211360 16995.1339536309
163614550.6379077435 16298.3630593419
163665424.7715749741 16305.2781074643
164370524.7308419347 16699.7338061929
164513880.4157802761 17043.4607174397
163731269.7495257556 16370.2998116612
163953602.2206354737 16474.6264865994
163753522.1321104765 16443.8119783401
163751993.6067358255 16427.6475895047
167772350.0200937986 18304.9743909836
167209019.2088019550 18039.6836724281
167246581.8207171857 18113.8550133705
167079595.8456285596 18020.8068542480
167093792.3615709543 18030.3672469258
