150238436.6069812477 8624.9873355397
150000578.6072458625 8267.2502978810
150005673.1895076931 8290.9267962941
150435286.9052998126 8665.3317035206
188361091.7119075358 27780.3491058350
151089567.5266732574 9793.9714702790
188220953.0128773749 27746.3241271973
150502556.2638334632 9136.4666720455
177833494.5613367558 22555.3391842246
177896068.0987274051 22565.4410642982
151066847.4967259765 9674.4162417476
149719138.8828134239 7521.7195939894
152033364.2752287686 9897.4244967525
151371142.5083957016 9828.0430880611
150696584.2388869822 9231.0644503658
149078280.9815278351 3733.6567543298
149486037.2545387745 6828.7432249661
150192847.1402981281 8586.3547671803
149567044.7260290980 7156.3267515774
150768932.4901970029 9335.5251589840
149547835.9893577695 7147.4565267332
151411413.5458833277 9829.1015847691
174594694.3827104568 21563.6393469572
174221260.0989941359 21498.6257361174
149394300.3883812726 6413.4207457181
150904727.4079452753 9470.5588503902
149378686.1630398631 6189.9078835845
150863829.7526666224 9453.8559237545
150090642.9047185183 8548.9939425953
151031938.8417979479 9504.1986002924
149471651.7485312521 6561.3608865142
150466720.1759113371 8750.7173281734
149599840.4582986236 7199.6139113796
149106939.1783431470 4113.5310204774
149640801.5748491883 7518.9095296629
149118058.0776019990 4470.1460927278
188165967.8080619872 27696.9156646729
149084396.4724165499 3737.3852380067
149977384.4696379304 8157.7811116942
185459852.9615401030 26750.0696640015
149384379.9738036394 6196.1787941456
149352807.1769088507 6123.2296827908
149901386.9379135966 8120.4202871092
149097340.5901535749 4044.7959570438
149781157.6113638878 7786.3281087645
149816417.2227027714 7862.3531408079
149745375.3253110349 7715.3465975889
149095107.3303841352 3768.5188908726
182004901.3352018595 24958.2342355251
149442001.4885040522 6515.7714960575
149097444.2638742030 4102.6329465061
149096886.5722015500 3774.7241853029
149446915.7997628152 6522.8634718533
149506342.7778853476 6857.2654638060
149161277.4187237024 4787.0099880844
149093686.0391916633 3739.4040766507
149352699.3912042975 6093.8288705513
186667555.8998809457 27393.9645080566
185406219.4407424927 26706.5727081299
149317471.8464061618 5821.6587262750
187056103.1789592505 27585.8964233398
149283617.5583588779 5536.2546424270
149405508.7003263831 6425.6760290738
186828520.8031603694 27576.5192794800
149183219.4316556454 5025.8212136626
149433530.1082440019 6494.6826857205
149475023.3197163939 6784.8737486477
187113722.1398448944 27660.4576721191
149627127.7068474293 7245.1454884832
179131489.3685307801 22888.4978229254
149288779.5618722737 5722.3750408764
184860347.7596315742 26404.8541069031
187265584.9961367846 27663.5219116211
184615045.0719234943 26243.6777296066
149297963.2317047715 5818.4548806548
183927358.0059607923 26067.3554577827
149116536.0440916121 4141.4443982393
153139400.1987153590 9936.9583609256
181443723.0757372677 24712.4436784251
156121360.4998276234 10171.1261676427
149127691.3025959432 4483.4972508699
160283786.5001838803 13641.3057450804
149417401.8050159812 6465.2810467358
149231460.2806236446 5184.5316579796
149256470.0202323496 5528.2638177276
149235822.6431338787 5219.5693144053
175425438.4286253154 21884.2689306506
184365190.1718654335 26078.0085662901
149213070.9863902628 5164.8016394973
149099223.5056915879 4108.8382409364
149108856.7306855917 4122.1893990785
149321064.6483394504 5870.3151816726
185233368.6398041248 26553.7912559509
149192442.4051957726 5127.4091758132
185754273.8032267094 27083.1095886230
183789795.9679535031 25975.3749110699
182130340.0125523806 25189.1715560257
160942649.8239687383 14120.5111331496
149240341.7170043588 5498.8621787429
149174308.7096315026 4793.3486365676
149152901.3086438775 4755.9561728835
149192331.9583447278 5026.2815107557
149336678.8736808896 6093.8280438061
185956676.9416068792 27227.8892974854
149144046.9034430683 4742.6050147414
186513375.7071253061 27283.2279510498
182845104.5389992595 25802.5957313478
183036188.3788414001 25876.3105750978
149288283.3719281554 5709.0238827344
185059735.4393746853 26482.2910766602
178691023.6339710355 22756.8479549834
173577935.0370655954 20657.4212172329
156346914.8678736985 10557.1371542811
172426951.7582741380 20010.9109902208
154730765.0873180926 10104.6318019629
180169773.2204310000 24460.7430517673
180073003.2982214093 24398.7104666233
177166857.6348577440 22150.9738221169
181081206.5449918509 24656.0989585817
181040265.7257543206 24538.0725761354
182760694.8476771116 25399.2109146118
182803728.8109919429 25489.7928924561
181892418.2388936281 24847.1451037228
178431125.6626423001 22606.9989623278
177554440.7395767570 22353.1911029816
176855237.8584799767 21981.7381000519
179160669.9320585728 23009.9279024899
179606772.5086746216 23639.3772643805
179168619.3470121622 23503.1138584614
156213773.3747561574 10223.8635480171
156274915.1624697447 10346.9589249261
155528620.4314435720 10129.5636613888
156330900.6876243651 10497.0248860115
156327907.0258348882 10348.5397130413
156461264.0408232212 11350.4256271777
156881676.5381853580 11752.8459561962
156391390.5597001314 10899.9507097063
156446941.1293086410 11025.3144319673
156720304.7575793862 11694.0677700063
156613422.2907478511 11499.7516390701
156453962.1928830445 11132.9541584869
158038920.8098380268 12074.7920651328
158385491.2918442488 12221.0936277103
158142767.9478796721 12166.2461793613
157955256.7645573020 11848.1046464634
157675101.8848283589 11789.4178925645
158562618.4053030312 12250.5420935768
159006645.2138843834 12594.2773660407
159080052.6006939113 12666.2497934088
158976870.5467977524 12493.4306253180
159124408.2850775421 12871.6064342246
158954469.2696372569 12276.8299592719
159534514.8816936314 13348.3569039302
159433258.5179372132 13319.8562922077
160067663.0015083551 13550.4674892025
159697891.2474567294 13535.6588573055
160359049.4154809713 13649.6262892634
159934280.6213167608 13536.0937551754
159401025.8534376621 13193.8559469478
159473174.9334192574 13338.5348738031
159601983.4444503188 13428.3276837110
159325194.0256736875 13096.7464154004
160841285.4968106449 13990.7843811932
160530188.5585395396 13804.8571776301
161564370.4867824018 14581.4638801962
161314076.6379386187 14205.2961358577
161525920.3757784963 14411.3617438823
161435465.3440271020 14321.6932383776
161503509.6333260536 14406.3795586824
168645959.6115435958 19124.7252271175
161537084.6804886162 14474.8547030687
161737052.1476746798 14630.0006877184
161894072.7473323643 14915.9640741944
162076101.7258095145 15394.1060577035
161801201.4841999412 14756.6711059213
162885388.0313499570 15738.7410054803
162045342.5536771119 15027.9636884332
162345920.5744292736 15455.1583362222
162335583.0746305585 15413.6031604409
162763472.2887586057 15590.4308419824
163192544.0977731049 15911.2910798192
163266725.7835186124 15983.7916701436
164726400.2042091191 17176.1354534030
163534265.0660787523 16151.4807084203
163384356.6979362369 16030.5172303319
163449565.5992181897 16084.3421052098
164437547.8736211360 16995.1339536309
163614550.6379077435 16298.3630593419
163665424.7715749741 16305.2781074643
164370524.7308419347 16699.7338061929
164513880.4157802761 17043.4607174397
163731269.7495257556 16370.2998116612
163953602.2206354737 16474.6264865994
163753522.1321104765 16443.8119783401
163751993.6067358255 16427.6475895047
166037938.2472085059 17333.6805541515
167772350.0200937986 18304.9743909836
167032972.0458717942 17966.6813077927
166936406.1932296157 17792.5346841812
167209019.2088019550 18039.6836724281
167246581.8207171857 18113.8550133705
167079595.8456285596 18020.8068542480
167093792.3615709543 18030.3672469258
166404582.2738301754 17707.6059992909
166067642.2958738804 17414.3824885488
166156060.4084864855 17608.7055628896
166722385.7488672733 17736.4752066731
166053151.6512949765 17345.4504511952
166091745.4446914792 17436.4802363515
169394617.2018665969 19217.8902822733
169743571.3140033782 19240.5877254009
170650753.3599571586 19604.1608676910
170571683.0989556313 19329.8790651560
170106516.6219994724 19247.1513698101
170748738.2905037999 19646.6094385386
170427797.6790148616 19320.6981989145
