138158655.3890697956 35342.4185854674
139619989.4041606188 56669.3327382114
138255322.6536968946 37634.3818647638
138744017.3173425794 47256.4185592700
138884822.8397645652 49270.1000863183
138877850.1655074656 48121.5493573863
138147452.0702435374 35095.9588750782
138055409.9600129426 31476.7420980961
139842971.8513621688 58625.5797169711
208347247.4028392136 181406.8077392578
138010685.1134578586 29264.4880030039
138408438.3668164015 40243.1846620515
209044515.1027141213 181681.9810638428
140820501.7401721179 67121.6633459795
147188528.0228110254 94504.6944617089
138039520.5938119292 29909.6055806980
141263739.2296556532 70883.6918205861
143281825.7073712349 79567.5878366232
140851589.0681459308 67342.3687030282
137933565.3658314347 20653.6830784590
209452175.2652808726 183426.1150512695
193108277.7105468512 160440.9659433365
194046504.9954366982 160580.4699106216
138054720.0586328208 31361.0754713151
137994795.7472568452 27697.3514856058
209214716.5331289470 182796.4409790039
146201178.4271266460 91151.7741849516
140999682.7291935086 68621.1789699700
138187743.0949681997 35658.2965825978
139096801.3808930218 51548.2201606650
139548710.5561831594 56361.8163721636
139599836.0891983509 56450.1122373566
138484768.6288283765 41966.3520339057
142110960.8420025408 74374.4417824801
139508123.2500647008 55883.4937098101
137940099.8250194788 22231.9140625016
148512142.7658770680 96164.3516138848
137940768.7163130641 23765.7868239419
142034536.9900560677 74195.0608877242
140891997.1041342616 68252.8564630914
140903754.4673159719 68460.2385760751
141490869.7344248891 71479.6968823764
140161107.6376346648 60658.7215626743
138045585.9722293615 31016.7457110318
192954449.3180069625 158505.2029675283
140303228.3048592210 61425.0431965347
140234015.7934973836 60962.1105072256
138451749.9830790758 41707.7857343927
139921265.1782359779 59319.6164618898
146111758.9072131217 89977.6913303137
145809223.7666679323 89542.7331002951
189589907.4678463042 148450.7662298437
209133360.6455933750 182005.0291137695
139040891.3959198892 50375.3965601381
209227398.5996676385 183313.7311401367
137951964.3589013815 25458.6596269398
139600483.5975448787 56528.8161272611
207598571.1821575761 179221.0102844238
182322020.1896179616 136548.7957489546
141007671.6286799610 68818.0947731007
139306745.2830030918 53808.7113961596
140775806.9658465385 66221.0849968661
139823168.9417279065 58418.1976039875
140740713.2369034886 66206.3913733233
195726731.3488833308 162619.1191672124
138030819.2753959894 29583.4991855205
138166748.4372986257 35476.8205050037
140656108.5106895864 64407.5562503394
159556718.0986357033 105113.9068448637
139376239.6907856762 54351.8637914527
201679927.5310948193 170697.4451446533
139203913.6978321075 52330.7870797534
139762994.7658122480 58404.8743599225
139397545.6785083711 54418.8926374689
140205368.9642564654 60909.0884808060
139386261.2601687908 54405.5693934038
138821195.3750084341 48037.4188253600
147700807.8390162885 96140.0902003106
138620156.4631327391 45375.5334848482
141232651.9016818404 70662.9864635374
143310990.4397717416 79628.5077982713
140386589.3199987710 62695.6640574094
143330279.6636009216 79862.1976472493
192673606.7099769711 154775.2806449905
192467603.6911303997 154250.5791450143
138832479.7933480442 48050.7420694251
149202556.8964246511 96486.7845362481
140039007.4876610935 60474.0877609123
140673218.4299248755 64504.9765173662
139192629.2794925570 52317.4638356883
137986094.4288408756 27371.2450904283
138656222.8268204927 45745.7106801439
194220107.6622459292 160649.0258236527
195853047.4321457148 164307.8002400398
195059096.3718311489 162422.1710843481
138752110.3655714095 47408.6753305513
138689241.4725697935 46004.2769796569
143341318.8220486939 79886.0064155217
139003934.1110767722 50154.6912030894
194933276.2967815697 161981.1358852088
140458118.8458858430 63013.0031519830
140177431.4871771634 60816.3481236696
139488617.4434489906 55751.6351308543
186394608.7840670943 143395.9411183167
139461720.7155132890 55266.6560145486
145871398.1678548753 89812.1837531682
139947151.1315135062 60092.3780619670
139256922.9577686191 53390.7706233133
143179614.4308187068 79531.0875312444
139663767.4575351179 57786.0350866187
139292865.2856678665 53532.6947681624
137940090.1605425477 21998.9088103012
139143300.8875502944 51912.8463069070
137935281.7942959368 21963.9227674443
199993941.4852983654 170099.0593414307
144659313.2404727042 83850.8108502720
137928747.3351078928 20433.3956963257
137957021.0962790847 25664.2096399027
138585429.2886732519 43987.5497604255
193395934.8754766881 160557.5701399446
194356945.3958953917 160803.6179915071
138180119.1851929426 35493.0457274616
147355358.9682752192 94950.5316065606
137944908.1912660897 23950.1035482422
185149124.3954910338 141924.5588043984
185379916.0119262040 142940.3669861611
192829451.9682816565 157183.8028210439
141077552.9823890626 68832.7883966435
139297547.3361150026 53626.4945516307
137972910.4624800682 27231.3461573008
139729372.5794941485 57817.1268142331
144921279.8895662725 84730.0349189397
139293534.1292624474 53546.0180122275
138640025.3232754767 45465.4740768317
207602902.0383340418 179327.9239044189
140772103.6663554311 66219.7146173883
138678136.8644007444 45765.1709987987
137943531.5912755728 23946.0201541621
138517176.3555769622 43207.0322038699
143661298.5058315992 79943.5145985242
138732732.8990029693 47243.0953152049
169263702.6015335023 120642.8893777486
146317068.8285765350 91478.0612708684
197303926.2579834461 168796.6548137665
196695290.7681212127 168230.5999736786
154220501.2397422493 98284.3209073637
139132016.4692107141 51899.5230628420
138773844.5929811597 47653.9183859993
209620853.2795757651 183473.8811645508
181752612.8686993420 135009.0258727074
207476930.5307099223 178464.5697784424
139718088.1611545682 57803.8035701681
139755113.6318236589 57827.6759408582
140126973.0024169087 60610.3253533114
147639207.7502257228 95215.4997372720
138700525.8909093738 46017.6002237219
189995222.8339653909 152407.8630418833
199649363.8205866516 169620.5395355225
204469618.1784861386 174354.3578948975
138858220.8456775546 48061.2911960501
163010077.4434801638 117164.0568131264
162300791.8607029021 115347.4347428139
138815197.0771284699 47778.8525258470
140193652.0315745473 60823.6322057601
147140565.7925919592 94499.9780697916
140000179.9817131758 60116.2504326571
138545138.2639485896 43449.2295671348
205996562.9492129683 178297.5626983643
181878200.9202105999 135227.3242751714
141211320.2131019533 69493.1572218295
138598579.0742798150 44156.1754679549
140651731.9053406417 63284.8619306888
138653175.1088820696 45634.0997843612
202973610.0147327781 172065.8201141357
138673129.6016139388 45759.0339242090
204663297.9801088572 177502.6348114014
141350826.5876537263 70921.1655569468
141364563.7942405343 70924.0380573664
139000062.5667720735 49866.3812171388
138546182.9619620740 43732.0291530956
138017635.3090351820 29443.6002523929
182366052.2405516803 137262.0460987855
145724104.4855479598 88271.4685802851
147294536.6628757417 94583.2672785576
138994947.4938914180 49795.0631344188
138641890.6905424893 45620.7765402962
138628740.9049359262 45452.1508327667
140634201.6203119159 63281.9894302692
138505891.9372373819 43193.7089598048
139250492.5283688307 52436.1584293712
141767445.3850364387 73451.2548237238
138600778.9965643287 45209.9534695018
140020886.4528096914 60176.2655043062
138293275.7934663594 38101.4874925718
138382041.6034187376 39872.9716563553
140380732.9459964931 62313.2232272979
184200658.8227620125 140363.0178481694
185069524.3577637672 141827.3021499272
146741352.0653704405 92169.0508878324
204172088.4419471323 173491.9683685303
203328540.1403516829 173182.1369781494
147128105.1669843197 94304.8638770554
137967692.7245430052 27025.6334296647
138260257.1477170587 37842.9211930588
140652393.2499565482 63595.6621764358
184495890.3020884693 141644.3187057134
176817499.8926829994 133035.1949274894
138219966.1229923666 37280.5834855393
156646823.2931456566 101695.0432950668
155967956.4508790672 99815.3601350356
138103460.6043910086 33430.7491866604
138265313.8850947618 37859.2901293070
138501188.5355786979 41979.6752779707
138124003.5758756697 33658.5314969078
138382485.4097983539 39898.6646585017
138090310.8187844455 33228.9998061240
181067858.2674711347 134040.4720489141
138308706.6008707881 39141.7332600760
138971971.0675335526 49697.3445315231
138259167.3036462367 37680.1778799179
143834016.6622120738 80468.5754850004
138810870.0636502504 47677.7907566894
202625598.8002821207 170885.3838653564
138347871.8280686140 39579.4118089781
138115910.5276468098 33533.7535719157
170965803.9958766997 125374.5251081083
138361021.6136751771 39748.0375165076
138095367.5561621487 33309.4067768932
138313763.3382484913 39158.1021963242
138099420.7449663579 33316.3595156849
138213819.5415438116 37101.4712361502
138225022.8603700697 37320.9699360162
138218876.2789215446 37141.8576866272
170568685.6995809078 121030.9126786049
138087089.8590953052 33208.1397200704
138319909.9196969867 39337.2144457132
138210598.5818547010 36907.7483480456
138144231.1105544269 35075.0987890246
138080943.2776467800 33029.0274706814
142186372.8963895440 74748.3207986597
168699917.4933343232 120261.2336347196
138006270.9896495640 29058.7752753678
140519295.2589841187 63096.6790553685
140620245.9813129306 63259.4779780265
144855668.2914071679 84639.5496741887
144688461.0636636019 84258.4751291666
140613665.9884638488 63208.0900369193
186720065.0259209573 147405.8479814585
140260244.3330822289 60969.4429892953
172913054.6377182901 126514.4011347052
142230113.7009083033 76067.0538318548
138004590.3615624607 28962.7437792751
141948262.0568886697 74012.9057331476
144054674.6297042668 80964.6056415793
145000969.7530981004 87177.9211882409
142915477.7016362250 79114.7109500524
143698738.4968413115 80205.5985868070
141771073.0395024419 73813.7183734532
141625984.5970449448 72915.7942194995
146057004.4838741720 89869.7180093620
142685247.2155233622 77383.8355304357
167364342.0927973390 117324.5284928139
142168839.4456418455 74748.2223987971
138041296.7740205824 30940.5030433866
146931370.8725885153 94109.9264075730
137969689.5027909577 27210.4860712471
138023091.9891035855 29507.0458750010
142653935.9991831183 77114.3462763224
141517323.3096228838 71765.4030094538
138014414.3493460417 29422.7401663393
146623617.1380458772 91974.1134183500
138001745.9428341687 27876.4637349949
141449994.7368769646 71418.1129780207
144940960.1062550247 85986.2118359003
144282997.3665148616 81814.4127979074
141684623.3931828737 73291.9757504817
146741659.8520134687 92614.1475328002
146382577.7310367823 91902.8598550651
146773859.7498575747 93287.3691934440
170628421.9279311597 122804.2257989738
143663299.6788587272 80083.8264688347
141395364.8499993086 71326.5090061855
141180474.3145189583 69309.1971559618
181385295.8044722378 134791.1331656333
146769688.9986799657 92747.7318957988
141137024.7010410130 69113.1549821291
145468246.1596200764 88019.3536816034
141413443.4870072901 71351.0046495292
146878178.3735768795 93708.1113162693
144286533.2684187889 82666.0796313342
138043168.6266689897 30995.8856249782
183401621.7199641168 139041.5543777104
138008267.7678974867 29243.6279169503
137995240.8751516938 27804.7999183233
142626977.0927854180 76660.7214862462
137992490.7466885149 27648.3949364382
140364606.2768388987 61551.2468130644
140281978.0661242008 61041.2571580466
140604357.2057961226 63158.5545573812
140602019.2862963378 63153.6062899735
