127398709.7001529932 192867.3408446312
133956456.8350594640 415861.0898583205
128613296.5935731679 272067.9563690424
134035206.6372218281 416345.2803827496
131026615.3382488191 350010.3023664951
127012406.6298106164 130963.9665607214
129275780.6874121875 300407.2097382722
135978168.6617469192 451183.7255740166
135911039.5040800571 449514.3491091728
127866505.3384921551 230917.0567581058
132366957.2598588318 387100.2803613544
129825681.2575023472 319547.8779583154
127800677.3867051899 226475.7603451610
127723154.0844569057 219821.2720159888
129740273.4559679031 316418.3271012349
135027127.5600957572 430331.3538699150
131318154.3465965241 358798.5301547227
145186387.3789893389 526986.6623535156
127869083.9671453536 231756.2226995826
127033730.5765845180 145472.7047237158
129838725.8605022430 320523.2106611384
129110871.1815037429 292618.9621796785
129049604.0942859799 291573.5245910883
130295480.1095137596 331259.5947341444
127024986.4273954332 138622.5687679052
132344388.6512329727 387099.5591699481
129329750.8961872309 303121.3693141937
128313213.8343165815 258344.4547821283
127194992.2364020646 170708.5154352784
129856535.5380657017 320529.8902604086
129860868.0629667044 320544.0308018504
148749486.6287199855 543999.7412109375
129124320.6577741504 293965.4724653363
127480499.1273899078 200652.2265868187
127661688.2059427202 216179.3799261451
148598791.5822943747 543989.3569335938
130888302.9258197546 347045.0579563379
127825587.4732977599 227609.4233831763
129234159.9331082106 298773.7418427644
127170391.5308190137 169714.4066732526
136194851.5384764671 457496.5855293274
129080209.6309996098 291967.5537405014
131050729.1814726740 353105.0248608766
128705558.6782100946 276132.5026681423
133605922.3722539544 409531.7230321141
127107724.2690182328 161664.5770486295
129132590.5139043629 293973.6491783261
128733910.0483342260 276387.9472951889
139135187.5746626854 486639.2457733154
139236332.8765633106 489606.1307830811
130908657.8931290954 348773.9764228044
132823000.0264397711 396706.8747160314
127053824.0864933580 147055.5317528248
127020304.2636264116 137759.4311107397
128515123.1906787604 268116.6196991205
127579707.4192968160 209463.2439914942
132090266.8577749729 380529.3032906055
130151285.2363734394 328881.6520406872
128755646.3544107527 278681.7066972852
127693048.1887899041 218881.6645941138
128861422.7733441442 283696.2261444330
134601636.5186943114 424131.4742312431
133559710.4208272547 408581.1621800633
128383026.0811197907 260610.7327879667
127397640.7059480548 192855.8166747093
128434302.3854493797 264274.7840057611
128456280.8262345195 264559.7833250761
144272727.2769187391 519706.9582519531
145875995.5736289024 531650.5222167969
128356134.0045474321 260123.3435760736
139079873.4313930273 482293.1473258734
138487084.6269028783 476154.9094718695
131267157.1486510187 358705.0782504259
138568199.6068539321 477232.8562812805
127098921.1260538846 160953.2331397533
147344889.5017223060 535806.4555664062
133860105.1307714134 414568.0666909218
134438387.2543749511 419035.0387773514
128225660.4829777628 252619.5801972449
146945609.7656562924 533264.0893554688
130225676.6429863274 330806.8546176134
127037656.6501651257 145502.4704735279
131785528.2034522891 372677.4989002729
142485224.4495265484 507961.7334594727
131099120.0284474194 354516.5771517931
131174754.7429925650 356557.3719515977
127673579.6922162771 216183.1670355201
128958539.4446466118 287236.6429424286
136094307.7085087001 455265.0079226494
130309663.7744770795 331836.2364878831
131192125.2866308391 358469.2652621446
131814975.8013614714 372783.7530559453
141070376.7712596655 496516.5824432373
140770705.9892813265 495130.0236053467
132448874.2174676955 388796.6861399189
128360411.3413121551 260124.6052948236
129047959.8662829548 291448.6561828852
127331983.6360260993 186158.6010808051
127442632.8164215088 195059.3349338770
148816974.5021142364 544075.9462890625
128053669.0632985234 243729.5329281688
132134670.4422307014 380898.1872453764
129724864.1741936356 316238.3980536638
143828466.2828398943 516885.9970703125
131166433.5999867022 356404.2149691759
144955057.1360600591 526052.2976074219
127003774.6931319684 130865.2439247370
131757687.3402472585 372447.4187290522
127658109.0505452156 215975.4355017841
135217092.1819355786 433651.2011500299
147706754.7064283490 540481.5214843750
133357969.1659722775 403933.7676221617
148148786.2122003734 542034.0598144531
127261891.4891244322 178379.9506901801
148394114.9750595987 542141.3530273438
136743790.3144670129 459722.6086006165
148089958.2510470152 541058.8918457031
127006515.8165021092 130903.0119518042
127016609.7200628370 131645.4378774762
135847731.4901991189 448453.5253787041
127013367.0188531131 131605.7802019715
128353382.8470535129 259525.7686729431
133755276.3958576322 412635.3724177778
127493636.3948046863 201678.0569797754
127892042.5671022683 233615.5458196998
128269990.9499766976 255314.7130449414
127960285.5009059459 236144.0385434031
127996940.5222586691 240567.3466750979
128286676.7075504959 256486.3382049799
126994179.2496320605 123379.8983573318
127382490.2441798598 192079.9786442816
127448644.2843312323 198785.1312499046
131444897.5222938657 366226.8160433946
128360685.4903367013 260595.7685180902
131725199.0600064844 372398.4500022111
147602408.7667225897 537680.5275878906
145626852.4385748804 531072.8010253906
148521619.4156335294 543882.2749023438
128781202.9348046631 280121.6364380121
133468574.2328430861 405591.3281002222
131964316.4380956143 376893.1193742827
142122972.3952087164 505798.1436767578
139013162.8304770589 481001.4273910522
131536312.0793234855 369119.9220614610
135411505.2178108394 437191.9412803650
127993329.3260385543 240089.5861508250
131370098.9802149981 364394.6657138048
127114688.7432323396 162312.9489110112
133770874.4148702919 413213.3308610916
128416398.8845108449 261818.7513934374
136311844.9033314586 458387.9956545830
135387537.7169888914 434873.6699874401
132311767.6385176331 387010.3946203589
131899589.9789999425 374541.5795793608
142870197.5396807194 512477.8542480469
127123491.8861965984 163024.2928198874
128430136.7525039762 264176.6483398676
127359940.1791500449 187726.1378239691
128762458.4714761078 279051.6365928650
136676410.8864649236 458398.8563880920
135331698.6552768946 434093.0295677185
127140582.5618676692 164206.8955526352
134238238.6498934627 416996.1306452928
127134900.5601680875 163906.3563680649
128833250.8774510771 282891.5279502869
131509027.4143452644 368004.3903842149
128580080.6551011652 269610.8295184374
128349762.3986783326 259524.4683799744
132446566.2377953827 388555.3113335818
144953102.5905410945 524767.2031250000
131418038.6405033171 364418.2103305040
128275391.4658941776 255684.6429405212
133865065.4927524477 415219.7219376564
127164709.5291194171 169413.8674886823
127085801.0211993009 155443.8478005826
130466263.6592802256 335984.6826349897
127069633.5848710686 153890.9095681608
128937580.7589747608 285788.4123459458
127883022.8046809733 232563.0140909553
127003597.5000274926 130277.4946761727
127007017.3943416923 130904.8420299292
127051238.1161855608 146367.6759997606
127060830.4419067055 153179.5656592846
136736145.3949030936 458714.5349669084
128203903.5950520039 251714.6967465281
136074402.8795932531 452813.8526492119
127047041.9947824329 146323.1465003490
142166201.3514963686 505880.5689697266
129580923.9485664517 311835.7530913530
141183123.0073099434 498089.4589691162
140730470.4569662809 494614.9111175537
132044251.4111009389 377486.3639637306
127017563.1402562410 137721.6630836725
141166621.3606397808 497496.5694580078
129030797.4587087780 291079.4414042234
131770347.1797488332 372557.2575811371
135731329.9230125844 446023.4006228447
128981873.9410030991 289061.9051914811
133443167.6125910431 405357.0463151932
139854118.1882615685 489926.7371673584
127076997.8782349527 154732.5038917065
132208361.9284807891 383300.0412098244
127596350.6570362896 209611.9121045470
130494597.8202360123 337143.1859837994
148429415.0649182796 542636.1511230469
130069544.0208167285 326811.8583331285
127655541.8554787487 215389.1913791895
127230771.5570964366 176516.6602849066
138921653.9869540036 477852.8758773804
128140103.3525226265 249087.3285345435
127219362.8831249923 175634.5967367291
128951058.0694945306 286891.0864429474
128349333.6654890478 259492.1536361575
130326181.0478501171 334615.4339887768
127761607.3833357245 223966.5122503638
130789867.2891095728 343936.9078765092
127678500.4554356337 217248.2308079004
127924296.8345993459 235079.3550238013
127573849.3618191928 208428.2740643620
132625901.0346727073 390751.6560163351
128078673.5642400235 244417.5267304480
135270799.0127378106 433748.4596800804
129577107.0405706912 311338.3893713532
136045633.7211978436 451873.2930788994
127310980.4623615444 184300.7794255316
129570657.1681254208 311335.0871920763
127326267.5115250498 185337.2470946312
130049702.0386650562 326104.5853196559
132602654.5316495299 390649.5016968604
127521592.9379286766 203245.5937229395
127498873.3695560545 201739.8266766667
132638613.6985904574 391623.3163554845
132477383.4003923535 390057.9696210502
127225993.6453408599 176268.1202458441
133666209.5540865809 411330.4771562219
135552107.2764004767 439476.6656374931
131674967.8370896727 370958.9618112026
127408056.9387619793 193121.5630125999
127304817.8926470727 184298.4639958441
133268510.0278367251 399722.2867758684
135585039.5125818849 441448.8352007866
135705211.7230660617 442356.1801714897
135435785.0114444494 438195.4209015332
132045346.4281433970 377997.3353463588
128051366.7590289563 243515.2839047313
133600665.7634024024 408736.7843573503
131846375.2195129693 374054.8016549526
129742809.8286217451 318135.3922457872
133119205.9508468956 398629.3158585785
127714762.8409782648 219029.5907932520
138277457.8754208982 467964.1402778625
129790649.2302787155 319043.7161326585
129702218.5434794575 315470.8879733263
129560085.8752866387 310818.6663926840
128123417.4884612858 247877.9421078563
127013189.8257486075 131018.0309534073
138077384.5636578500 467958.3412055969
129024780.7244819999 290345.2262340784
129584293.1289147735 312285.7481570421
128217052.8277956694 252400.3942646086
129540051.6314117908 310675.0653009415
129706219.8342588097 316169.9037203966
129194664.4526504427 296152.6583133340
129064821.4413192868 291627.6957927942
128878579.4767642617 283937.3856579065
135018811.5879574418 424892.5791962110
133318067.5337596089 402097.4522731064
127609385.3373578787 211351.4260687232
130007686.1629581004 323961.6890177904
137743286.5330095887 462026.1048949957
129286074.8201423883 301188.8521591425
129085053.6212657839 292098.5675068079
128478829.6114173979 265652.5012217164
127715419.7332693189 219606.8877386451
132721236.7068613023 392865.0479345322
128627972.1618452668 273441.9338389039
132207247.1525860280 381554.4121996164
130770348.8030141592 341643.5884256363
127057492.8067591041 152504.1706207991
127518630.5916234553 203030.1571995020
127624556.6052613407 211821.1934027076
131301750.1497985572 358754.4435148239
130783312.6576204896 343454.2525051096
129140532.2851591259 294668.2587753534
129201541.6893771589 297211.3599005342
127097113.0802158564 160280.4842369556
129196712.9179950058 296610.8274013400
137802089.5243076384 462349.8718929291
127609354.2054123282 211030.5146213770
129456106.7004232109 307210.4673276125
129499205.3969644904 308200.1493600784
130491103.4597342461 337043.7724383144
131090642.0394874662 353107.6466798959
127159678.7593467087 168742.9928044379
130985835.5108852684 348876.7814870058
130858812.0174852759 346493.9359584032
130675862.1100623012 340066.6703966903
129970189.2359828502 323309.7209846182
130733669.8762328774 340954.4232315673
129910420.3446093798 321573.0482147811
