676169425.5748558044 244778.9393097460
664254404.2317107916 213594.3715580329
665567241.3256025314 218480.1759204436
674857837.2931460142 242207.8319578171
666289462.1498649120 220667.5122046042
668832495.7036854029 228610.5401105992
668254099.7436125278 227021.1113359248
665237269.1170924902 217889.2028750945
673429232.8935012817 238897.2436988354
669276585.8963152170 230295.3048813771
677834647.4256331921 247966.7621373236
668100044.1588809490 226915.3148881709
669171312.8802824020 229366.3503487334
669840498.5042046309 231142.9863185193
670574834.6942111254 232491.8324776422
685635215.7577511072 259958.8028564453
684843621.8049730062 259834.5269165039
665780075.8577346802 219515.1804196846
665573899.6098452806 218695.6776599456
662640612.4119222164 205703.9066307321
676728940.0957922935 245923.0086471140
671995231.8231630325 236429.1727446467
661522360.8711152077 199939.6252740113
675841980.5576032400 244441.0457550585
684636475.7258324623 258934.4297637939
679252674.8698695898 250415.5536979437
666459873.5198322535 221275.4581452329
668618833.3348938227 228242.4687293023
679238083.7920061350 249846.2923656702
681229989.6702044010 254122.9213027954
666838821.2435160875 222922.4810800850
670699761.1321324110 232532.8928026110
669782310.3327796459 231021.6289555337
673665982.0109735727 239372.8885067701
665340140.9936953783 218066.3000897039
659560940.2788043022 190022.9636282401
672747825.3172401190 237065.0241288096
670089468.2078427076 231366.3633287638
666459873.5198318958 221274.1817351300
684058965.0514132977 258191.4122314453
675590258.7608417273 243929.9164044857
674056872.9384599924 240288.6497828960
705345542.2293869257 269403.8127746582
671107243.7594828606 233795.1639335677
673736086.6197100878 239670.4200694561
670156367.6599909067 231552.9507643487
665167103.0933394432 217614.9451384414
669885417.0416015387 231238.0779005792
660034422.1456952095 190997.6822377509
659906426.3943946362 190821.2212849921
667429286.5813205242 224449.7527275383
668442470.7543253899 228060.9621571815
668982389.6142001152 229158.6733711213
684069829.8910669088 258353.3864746094
666607788.6447596550 222034.2487907708
660298146.7772495747 191902.3343877858
659524575.0040128231 188305.5089439826
671844582.6303147078 236252.3398164958
666792548.5907117128 222891.5072126687
673203899.6751495600 238345.7996100634
666891968.0967401266 223119.3512171935
669885417.0416015387 231353.6357008722
671205863.2814806700 233819.3035371704
673405482.6670800447 238470.5490062237
660099864.7819919586 191760.6950627631
672427750.3729532957 236450.4975373814
684319110.8045589924 258824.2294464111
671688251.5805492401 235038.7282502720
660434722.5383625031 193461.7864571102
666688561.1974966526 222703.2558623105
676224378.0863500834 245229.1981134415
675376167.2845158577 243275.1277238876
675048049.8383514881 242941.2706413865
664978359.3507012129 216399.4183281530
666930726.8359956741 223398.8358770162
671468933.8766521215 234457.6594666727
665078419.7017221451 216944.6090834085
669647268.4305912256 230479.9057944268
676684743.3771972656 245831.2492970526
679037074.6494450569 249457.4192069769
683877040.6138355732 257990.0131530762
686673197.0484675169 261828.2690429688
686351498.9795585871 261252.7382659912
676901312.2253028154 246303.7454766333
676602874.8131624460 245558.1736795008
675693854.2759820223 244094.3162074089
679908740.2732547522 251423.8306427002
675438451.3726316690 243454.8192458451
675266278.4307115078 243011.5633881092
676746398.3642443419 246018.1148559153
663060852.3952974081 207995.1763815585
677490610.5607831478 247693.2032653391
673930203.1002374887 240021.4953287244
670744921.0031638145 233423.9477175064
664436592.7995115519 214162.2164549402
681933210.5511895418 255679.7937850952
704973958.4084843397 269393.1964416504
674850288.0563308001 241674.9372963905
686673197.0484675169 261826.8897705078
672459373.7535182238 236613.5651258040
665610086.1788989305 219229.4735073913
666787768.9605416059 222871.3912458718
666792548.5907115936 222884.9900617898
679979340.3813587427 251561.5068511963
665158856.5642828941 217333.6320840023
671214841.9098215103 234184.7138560820
671319952.9428514242 234244.2023261972
662871226.2757208347 206296.7328816280
677723418.2141716480 247842.3918944895
677490610.5607831478 247628.4482299387
680972134.1639657021 253728.5313110352
665450282.9499914646 218076.4709668029
682157182.4710074663 256165.1500625610
672963287.0964466333 237740.3539426848
663385281.6438829899 209346.8163014278
687870828.3325299025 262479.0704650879
666625854.9913988113 222166.2198136151
665048208.0937490463 216923.5336757473
667558036.8496453762 225020.0734829213
681156510.3808728456 254057.3942871094
681152958.2360446453 254031.1971359253
662243028.0200722218 204022.0920865824
679761710.5214966536 251331.6029199362
676402528.6862349510 245443.5341105461
660467290.9381779432 194125.8386178136
679537738.6016788483 250858.4692546725
682525149.6284265518 256213.6881332397
678230633.5501078367 248496.4945229590
681576730.8578548431 255171.3266220093
679604102.3339921236 251208.1272996664
679761710.5214965343 251329.2867845297
663980700.1900088787 212902.2990343528
697444773.2238440514 268289.8714599609
676992650.5784430504 246481.0065073967
669208827.5793570280 229620.0935928142
669208827.5793571472 229620.6142837321
686181690.8177924156 260880.0421600342
671038136.1412210464 233604.6361456066
681288612.3096178770 254820.9853897095
667212584.2564463615 223889.4103876268
682647631.2755671740 256377.1412734985
668790619.1348758936 228572.6123681813
667284480.4568097591 224218.5872825896
668092405.8419640064 226655.7421453297
678679903.0112744570 248595.0432910919
661267071.8915249109 199029.1619913125
660950033.3612726927 198455.8036199391
660929365.7848438025 197307.4950791827
682758512.7316800356 256829.6443557739
660303435.8383144140 192428.7731880601
677286120.5591394901 247152.5868386328
677286120.5591396093 247201.3468483984
667826044.7196651697 225742.2773485929
677286120.5591394901 247154.5174199641
668001533.3636105061 226333.0363436490
677866572.1722918749 248146.8155373633
660889049.6133395433 197142.0975383749
681551662.8548222780 254833.7673873901
666586510.2870897055 221762.1807733011
666483185.9022051096 221561.8788556606
668360750.8593518734 227345.5351285255
667752096.9598370790 225535.1305470765
682977688.3049327135 257008.0446929932
679473893.0266382694 250685.2476959229
682534540.8118619919 256288.1677017212
682758512.7316794395 256769.0205764771
668360750.8593518734 227338.0057362830
667933941.2089093924 226023.1598444730
681877349.6668367386 255592.0830154419
660392391.9190037251 193368.9989501182
689069386.5633208752 263765.1720275879
661484465.3519984484 199524.8946649922
664587370.6440314054 214608.5242373813
664410988.1489887238 214052.7197688688
663703556.4678550959 211048.2644929402
666315543.5256429911 221121.8253530096
665842978.6042194366 219765.0933744777
666154850.9114691019 220548.5695774425
664587370.6440314054 214567.4950888027
683119755.0927635431 257027.9100646973
661551424.8376179934 200190.9085924519
701630863.0834711790 268783.0687561035
660843148.6880490780 196367.8126061769
666154850.9114689827 220522.1743452419
665899097.9740512371 219848.8548185695
704827209.9655032158 269244.8326721191
679397891.5600161552 250428.6848619161
678761762.6089112759 248996.2550981221
697198867.8585690260 267973.5751342773
664821699.6167691946 215728.1309718825
679087449.4209254980 249762.8073289571
661111302.1638528109 198967.7095979681
696982802.7497617006 267884.7389526367
663420952.2375954390 209696.2561905850
661329881.2665662766 199232.8352562716
703764911.3857944012 269066.5171813965
680487776.8311740160 252724.1689758301
680604430.3679085970 253196.3898620605
681245616.9546132088 254439.6473693848
676096393.1151096821 244642.0600093901
664214597.6828577518 213004.5830095820
674291388.7415339947 240397.5308789313
702714538.7155331373 268793.3945617676
664214597.6828577518 213010.9284674935
661596208.7766159773 201320.6215118635
660538191.7533180714 195248.1210572342
662810598.5591185093 206240.6472875345
664818584.1232752800 215594.9420127738
664975908.1949135065 215926.4147939552
664214597.6828577518 213006.5371405892
704541372.4734361172 269205.8003234863
680460069.7220596075 252620.2383117676
660670977.1927893162 196183.3032462220
662156847.7886220217 203374.4662093390
661390045.5881347656 199434.1628047345
663015935.1771852970 207681.2246367298
662966455.9604493380 207084.9892353881
694833673.5291724205 266660.2675476074
694833673.5291728973 266684.9648132324
662453955.5551271439 204732.0091754664
663152833.8409391642 208198.9003097881
703921111.0693751574 269174.3345642090
678539858.2336986065 248550.5217323303
676812335.0409005880 246106.2543148100
680121134.9648152590 251850.9532318115
676812335.0409005880 246105.1579402983
662755904.0306231976 205987.8420993555
680121134.9648149014 251849.4810638428
663208145.3017808199 208888.1952822078
676812335.0409005880 246104.9082454741
662538868.0054589510 205069.5974675883
678836118.5023953915 249068.9250488281
661845337.2639039755 202787.1485127676
674590255.2008417845 241369.1675628722
661684560.1971848011 202337.6361989249
680214619.1301598549 252251.2922058105
662483766.0885014534 204886.5433904398
662700802.1136651039 205759.2051970232
695337465.4272696972 267148.2873229980
699230423.6032701731 268592.9168701172
663543214.7189851999 210470.3825881258
663875750.9425116777 211884.1802131739
674312711.5690048933 240713.2023671530
674321895.8420469761 240843.1669143736
663732152.9138847589 211787.4954421297
663875750.9425121546 211887.8251113500
693578164.2017333508 266632.0827026367
688246837.9237644672 262836.7931671143
688246837.9237639904 262798.9938201904
688663267.1721858978 262952.9358978271
703291085.6276991367 268876.7801818848
695713788.8982158899 267189.5062561035
670323097.9044954777 232160.8289110047
695137202.3335146904 267022.6961975098
670122397.6039068699 231451.5585625750
669733985.1710921526 230662.3249003231
699439403.8648352623 268648.0804138184
688119272.7366273403 262574.9112548828
687438645.1737968922 262333.5947113037
674047018.0914301872 240081.2961105406
670203925.8504248857 231832.0461569136
692662868.1656684875 266451.2747192383
688126286.8765639067 262771.7469635010
699081384.8049778938 268577.2336730957
703383331.3146309853 268992.3550109863
696620011.7840625048 267584.9266662598
688041483.0614831448 262566.6982879639
687166793.0779927969 261851.7281951904
684237751.5852607489 258508.6290740967
684684249.7833403349 259362.7783355713
683567471.3986650705 257471.7199096680
683567471.3986653090 257474.0709228516
683567471.3986654282 257487.8216705322
684817396.1915456057 259407.6527252197
685874779.4187494516 260404.3847503662
686104229.4892396927 260715.1267547607
696442549.8893430233 267474.0507354736
702842439.5379399061 268813.0177612305
692033128.8291364908 266063.4590148926
696442549.8893429041 267463.7674713135
690715155.8651227951 264808.9305267334
692291971.9638407230 266144.4006042480
691197868.6862318516 265226.5074157715
691193755.0480126143 265194.9927825928
691444880.1851944923 265544.2853393555
691815983.0217741728 265773.6599426270
703149573.5576328039 268872.4819946289
692033128.8291364908 266050.8443908691
696387082.7840652466 267278.3584136963
696024435.8570139408 267240.4358978271
690438555.2981086969 264533.7857666016
686350148.5016907454 260978.7116546631
695105550.4500902891 266745.3730010986
689604575.3258272409 263792.7851409912
689690182.4740515947 263875.6497650146
689679897.4229118824 263871.9103851318
689753063.4435949326 263984.8124542236
690022583.9022842646 264289.0267181396
690022583.9022842646 264285.8844451904
689994951.2352828979 264145.0856170654
