674773713.6147369146 4791.6693814248
677180122.9481483698 5014.8060558364
677438840.1954132318 5034.0542778298
683357542.5018686056 5287.5736270249
676928657.0192313194 4990.9273229986
680750078.4625637531 5196.4274945557
678044132.9575989246 5048.6275185794
682264207.9916565418 5251.6796509922
681075769.2989045382 5222.1018316448
679898084.0143632889 5188.4673599005
674769522.9290794134 4773.2241424769
688427572.1060556173 5394.4312338829
687517438.2175554037 5393.9048299789
675863869.0452417135 4893.1220164746
678397482.5515818596 5082.2000279129
678471763.9689706564 5097.5444235504
686429381.4362053871 5356.0052241087
679882665.0498247147 5187.7887963057
684368326.3525028229 5316.3326944411
684568605.8544795513 5324.2065508962
677891404.9283558130 5045.2320263535
682753921.9020789862 5275.5163403451
676946276.0212881565 4991.6954623610
686594349.3894417286 5363.9541543722
684679945.0340807438 5335.0924869180
675181795.3475860357 4844.8154925257
690646136.9401042461 5423.4073740840
675049468.4797021151 4807.8744293898
687175951.8009086847 5378.1511207819
686868258.4681930542 5370.5668691397
681444697.5776548386 5227.3613736331
678410221.3898334503 5084.3115127981
682116902.0486780405 5241.9260697067
676100756.1397769451 4949.8655060218
677997113.7912737131 5046.7946969420
677656780.3238650560 5041.5322012454
678089221.9366359711 5057.4446472377
676578615.5208747387 4987.5247947127
682407071.2936532497 5256.0927928388
676001048.9614979029 4905.4566413686
677085856.3183212280 5001.6332402378
682971327.7107034922 5276.9534881413
681916258.9158431292 5235.0286245048
676317738.6770273447 4952.1939007565
683832975.3737180233 5296.0501368940
679455451.5192157030 5165.1445118785
684024156.7721716166 5300.6003188193
676771067.1445592642 4988.7356505021
678277678.6956969500 5071.7185541764
674998900.9165019989 4799.5718574375
674776760.9992650747 4795.8631493896
681682513.6448854208 5230.9872936606
687364956.2286790609 5381.9933166504
690756062.7474217415 5425.4122332335
676518128.0225135088 4968.1579295546
682024329.1990164518 5235.6395033300
679678455.0129687786 5166.9165474176
680055085.2179125547 5190.4308131933
682535949.4670325518 5263.7675591409
678938972.9790304899 5123.4693976790
689350162.5833299160 5400.6688082218
676343361.0309991837 4952.4745669886
676498741.5003399849 4961.2868119329
684972394.3979057074 5338.1106677651
686979091.8235780001 5371.3835700750
690066585.3969217539 5402.7252122760
682117594.6923762560 5248.2797513902
680966559.0853393078 5203.0146369040
681034608.6005401611 5210.3718079627
679331677.6630651951 5143.3071035743
678809182.5093103647 5102.0374646783
686118139.1437885761 5346.7626183033
676996874.6973078251 4994.3851022571
680510107.4976265430 5196.3836766481
680193966.3205831051 5196.2386790514
679102989.7292311192 5126.5189232677
680964944.5831245184 5199.4109635353
678384713.1707726717 5075.7403020039
692504546.0701711178 5434.8565539122
687348371.9689971209 5380.7931329012
686820225.6676350832 5366.1079752445
687100638.6692318916 5375.1726475954
675619620.0765876770 4889.3518098444
677408284.0707460642 5018.9584291503
678224439.4271384478 5068.1327467249
683686561.0910588503 5291.7064947784
687081928.0028511286 5372.0600513220
691188646.1500089169 5427.7986751795
677972843.0160154104 5045.4961023480
686254070.1719936132 5354.2158802748
685809867.8719726801 5344.0914843678
691410426.9908657074 5428.7599370480
686844927.9509183168 5367.3990840912
676490158.8451147079 4954.8359176442
686397908.0701589584 5355.8473839760
686576945.9059917927 5360.0297287703
684252598.4796202183 5304.2279798687
677410422.9286199808 5020.1987688094
678636762.3412226439 5099.3954477906
690239005.5650094748 5405.3672243953
684274340.1245900393 5307.8316685855
675883944.7995215654 4903.2673743814
679401221.7891088724 5149.9192432761
686188319.9399868250 5348.5855039358
686798154.4007781744 5365.0423034430
682091497.9866927862 5235.7522277236
690270842.9280376434 5409.1130168438
