159074320.7498866618 963681.1385803223
151063020.9266924560 551626.5253015744
152221922.0491907299 708532.0432964675
152939470.7310870588 754497.4999629259
153791359.9302573800 797967.4768744707
183130004.3131523430 1132758.5908203125
150853498.6363814175 501381.8801693345
151391712.8347290456 616655.2253630252
152302929.7072115541 714575.8997937441
155021210.7516138852 857075.6102147102
162613382.9664182663 1022454.2777709961
159796569.5928947926 973642.9144287109
150980901.8917492926 535620.0094261902
151377890.3818706870 614477.8966276736
151661494.3046053052 654677.4074760654
153232707.3466765881 769731.4815154076
153213251.7545626163 769611.5645232201
162714879.9289653599 1025833.5780639648
184140905.9887859225 1138280.0302734375
150918225.1081657112 520615.0608406799
150840676.9639095962 498825.0410580063
152716071.8840963840 743205.8517206609
151535487.7011658549 636630.0129606815
153072913.8043166399 761578.4696416855
159074320.7498866916 963874.7176818848
152221922.0491906703 708392.3108745925
155704081.3963183761 875006.9508056641
152846209.4414116144 747671.5214785039
159074320.7498866618 963700.4725646973
155614153.9921680391 874907.0220947266
177520339.7574484348 1106478.0400390625
152939470.7310870588 754520.6278926134
151680184.5106553733 655418.5667439678
151605731.7375307381 645187.0527217479
151291369.7735586464 599662.5815646739
152729768.7491920888 743943.8642406464
152958926.3232010007 754783.3212519884
151609940.4742905498 647016.8472954014
152939470.7310870290 754404.3564082384
154287236.5133398473 824066.7815752502
156289868.2551561892 900793.0738601685
162281649.8164049387 1021605.2875366211
152710655.5629064441 743053.7618769109
152939470.7310870588 754507.1386348009
157333260.8010481000 930146.6878738403
151009852.5970858634 539251.4821737098
150951253.3635818362 527000.7573509949
150980901.8917492926 535618.4249535339
179565828.8371446431 1119788.8549804688
151112666.4965896010 566375.6283589589
151143687.7290160358 572335.8055636974
151317992.7008449733 606765.0367643924
151578517.9038783014 644007.4959929080
152311453.3348138630 714854.4574109316
152958926.3232010603 754796.8105098009
153312243.3120868206 773450.8477544785
157333260.8010481000 930095.6605300903
152230445.6767930090 709157.1341167800
161185622.0008374155 996919.8439331055
158893262.8305687904 958274.4836730957
161917485.7553940713 1012570.0424194336
157333260.8010481000 930120.2503738403
162565965.9975496233 1022287.1537475586
162281649.8164048791 1021590.9281616211
157037613.7231595516 914455.9508132935
157410897.9069906771 931710.1917800903
150868214.3775994480 506294.5195736313
150853498.6363814175 501378.7546810532
153823406.3665393591 799809.7081068456
159371898.3216164112 970086.6852111816
182635585.2909341156 1126277.5092773438
157659645.7691863179 939027.9876785278
159027294.6532441080 961203.9110412598
157333260.8010481000 930107.2552566528
150868214.3775994480 506289.8816341782
154552277.9030526876 838445.3882887363
150882141.5509091020 510095.1394539612
151652970.6770029366 654243.5188041904
152262492.1130750477 710682.4803393893
158756760.2778725028 953294.1947326660
150882141.5509091020 509998.4004402893
161917485.7553940713 1012563.5932006836
162281649.8164048791 1021368.5951538086
182349009.8645081818 1124914.2651367188
150882141.5509091020 510077.8289070862
150894963.2233809233 512647.3406258362
151017641.5222539306 540085.2641931759
159499968.0396752059 972371.0531005859
150882141.5509091020 509998.9031868713
150894963.2233809233 512648.8530770080
179525194.5764834881 1119615.8901367188
154047907.0055696368 812274.4269762512
157733139.6779862046 941425.1672821045
159313061.3893275261 966249.4689025879
162848724.0232613087 1026218.4785156250
153956884.0126047730 804018.4037828917
167892738.5451638699 1030545.2286987305
154047907.0055697262 812414.1896715637
154046103.3799403012 811419.3967028137
155684625.8042043447 874915.6246337891
175011610.5660195947 1090245.1291503906
150966186.1505312324 530671.4552269714
151302301.7704347968 603104.5622770877
162011781.7176948190 1013995.0560913086
151023868.5536797643 543321.3664789932
151067287.0921510756 554927.4732075917
173466316.5603415966 1069632.1824951172
163045628.9186721146 1027521.0321655273
150936537.6223638058 522067.8021507995
151858129.5109410286 675584.0988929272
151849605.8833386898 675151.2287757397
158716692.9549015462 950794.1995544434
151172208.3983480930 578856.5228483768
152377225.1377486587 720022.4490872622
151741691.5699760914 662076.0899817944
158858265.1442399621 954220.7474670410
161976576.0635680556 1012626.6141967773
173755545.0192036331 1074211.1489257812
152609877.3444245160 735440.5783519745
152529983.6960417330 730555.9156960845
151039501.1252532899 547855.6671102332
151161169.8621659279 575056.6767790408
161649730.8010930121 1005893.4330444336
151265474.2697385848 595450.7755339236
152609877.3444245458 735450.8996410370
153583527.4916761816 787883.8599929810
152302929.7072115242 714422.2357312441
151067287.0921510756 555074.5678120839
150936537.6223637760 522052.7245140808
151369366.7542683780 614038.5606901736
170615020.4328662753 1053405.7739257812
151092669.4548598826 560379.9200769650
151968085.8742509186 686013.6286543906
151971117.1438441277 686693.8387895823
156723873.4938002825 913899.9722061157
157737302.7748271525 943301.0523757935
151326516.3284473121 607207.6920378299
150965119.6870920360 527920.8641014831
162162338.9092909694 1014098.5129394531
151954392.1077737212 684465.5789009035
152334976.1434935331 716269.1962116659
162515472.6512650549 1021839.2631225586
151135898.8038479686 571025.8571471365
151353855.6007495224 611129.8614714236
154623282.4776729047 842182.5114500523
170726964.9987497032 1054928.7158203125
151121708.0303880274 567135.9992635535
157686325.2028399110 941369.2408523560
151180515.2297122478 580142.9234836192
152525684.6560231149 730248.4410867095
154022873.2820430994 810609.9893541808
156319630.6836748421 902171.7495498657
151251900.3949029744 594793.7470915408
151274515.8035370111 595920.1785582693
156188795.0002118051 895995.2481689453
151135898.8038479686 571173.1131285818
151129496.9555560946 567958.3149744259
156188795.0002118051 896013.8604736328
151052571.3509330451 549998.5147114979
151206549.2666044533 586493.2444059940
151215072.8942067623 587087.7112028690
157672338.8837482929 940954.3908386230
151251900.3949029744 594645.2549040408
151326516.3284473121 607356.2519743533
151461767.5672817826 626734.7755339236
156188795.0002118647 896049.5792236328
160787854.8226545751 984823.1759643555
150936537.6223638058 522062.9963646667
151251900.3949029744 594649.2806608768
151461767.5672817826 626738.0948698611
151178763.2997066677 579255.5075377615
175943104.3123575151 1094239.9055175781
150936537.6223638058 522064.0594750183
160287616.3107794821 975487.1607055664
156167904.7621891797 895854.7462158203
151410393.5138583481 619387.4823210330
151092669.4548598826 560252.5378748166
158414020.2035440207 944599.4628105164
151022922.8227655888 541379.7839986073
176314368.2287268639 1094441.5036621094
153843609.7550317645 800951.1318712831
160864443.3325902522 992834.2401733398
151055232.0015243888 550681.9888875770
151084880.5296918154 559300.7196004676
159010175.3238729835 958620.1701507568
152072872.0986858606 695449.3664748669
157097467.7484365404 919157.1413269043
155905077.5913132727 885455.5527954102
152072872.0986858904 695779.0598342419
176413995.5444300473 1096348.9477539062
176782574.4038063288 1096710.8793945312
151763857.8735454082 664120.1560218334
158479322.2708924413 947462.8373870850
151901159.7136534452 682976.6307532787
151901159.7136534452 682966.8455970287
153040200.2394967675 758690.8138686419
151901159.7136534750 683132.3846595287
159010175.3238729537 958323.4816741943
156112275.1754404902 894618.2774658203
152857613.0763265491 749527.2136289626
154623282.4776728749 841887.4567625523
154623282.4776728749 841870.3337156773
153592280.0829257965 788610.5835323334
153456358.0658888817 781840.8672828674
156010000.0514145494 888852.3555908203
151513321.3975965381 634711.9890349002
151835963.2073717117 673525.5963294506
155715323.6778765917 876454.0584869385
152028163.3321679533 694298.2542647421
152735185.0703819692 744448.4199047089
152149172.0181068182 702982.9708174765
152971517.1673690379 756534.6559999883
152970399.8861977458 756289.4684999883
178937867.9070842862 1109123.3666992188
179325926.4808701277 1113405.6132812500
151453243.9396794736 626299.4653532596
151484113.6477424800 629357.1706755252
151775885.7494546175 665260.1508948803
151578517.9038783014 643909.8055632205
151634333.4361076653 648304.9002897830
152106138.1105467677 696918.0140303671
151806888.0762578249 671511.7806556225
156189912.2813831866 896403.9796142578
172734141.0778386295 1062928.6584472656
156189912.2813831866 896598.9385986328
153593397.3640970886 788783.2993526459
151578517.9038783014 644010.1219694705
151526964.0735635459 636084.4035856815
152580718.2331059277 734883.9954247624
152120354.6923952699 701438.0137862265
151733167.9423737526 661789.2075355053
151576897.7080059648 640494.8445447311
151453243.9396794736 626295.4395964236
151835963.2073717117 673533.2496497631
151784409.3770569563 665707.8476722240
151386178.9558458924 615418.4409391971
156112275.1754404902 894601.3682861328
152549234.6251236498 731586.2836780548
151504797.7699942291 634269.3337614627
153923760.8257147670 802544.6604967589
178807877.0761812329 1108075.9067382812
156091963.1527162492 890226.3708343506
152487485.7496519685 728146.4986478090
152932729.6333009005 754089.6757441759
155186619.9081455171 863768.1534438133
157307114.7215891182 924121.3200378418
177120146.1655098796 1099353.2841796875
155311571.0613804758 867986.2200322151
155227739.6147802174 864139.4594120979
153541535.9078638852 787016.6498050690
155150074.5909329355 861812.3695683479
152636935.5811401010 736324.7017383575
153102634.1669081151 764734.4787788391
153357426.4139467776 779168.6902666092
155838318.5068123639 884097.4032821655
153102634.1669080853 764315.2102241516
174511498.9402658045 1077016.3181152344
154302699.2526083291 827179.8096067905
152755725.2575193346 746873.9331814796
153051171.1501157582 760117.8203931600
153143561.6539592445 768735.3660474569
174740865.1656780541 1086824.4306640625
153791359.9302573800 798310.3772650957
154498983.1515999138 835629.2042219639
154289501.4161219299 825427.2764492035
154999992.2188051045 856282.6806035042
172364440.6483850777 1056234.6682128906
154999992.2188051045 856382.4491581917
155316107.2430996001 869235.2311553955
155760376.0697213709 880187.2704391479
169260113.4963451028 1052806.6851806641
168863137.5440899134 1044855.3536376953
154392380.8606438041 830940.3874111176
154858912.7932220101 849215.5117497444
157283667.2499443889 919411.0881557465
157283667.2499443889 919465.4680385590
154938460.7169198990 854467.8740696907
154999992.2188051045 856236.7831425667
178803996.2858777940 1106542.4604492188
154124669.0003059506 815508.3848705292
154289501.4161218703 825177.4326992035
153273490.2634516656 772396.0657205582
154999992.2188051045 856191.5184941292
154999992.2188050747 856135.6688847542
153423800.9909107685 780814.8828716278
153003665.6939317584 757413.0714921951
154082659.4866900146 813447.9553813934
153862247.0391157568 801511.5676439404
154115379.3114456832 814900.5391130919
154228837.6013863087 821292.6305314153
158468994.8327487111 945519.6435241699
158468994.8327486813 945488.1493835449
154008365.7383036017 808408.1957922280
153738643.4266412556 794091.0851960182
152534400.9257720113 731371.3424954414
152697989.2112956345 742844.7315834165
153701203.7428025901 792368.6391510963
154075183.8060044646 813185.3953281031
168185839.6463714540 1036469.1428222656
172458785.2309396267 1057819.5544433594
