244241400.1282534897 86762.5670017474
244233858.3376363218 86570.2073831283
245726010.1418127418 116290.3525533006
245734419.0668142140 117001.6329200566
244131280.8738909960 83376.3205454750
244178522.5171966255 84428.2655911921
244007342.8622779250 76419.8649375988
244125202.6361266077 83357.2869761391
244115394.1005732119 82245.9931996418
244277377.6387626529 88214.5855716937
245032547.7962689400 106221.2723701308
245285915.1868518293 110403.5840395470
246903679.3947937191 127026.3138310760
243956485.7654047310 73724.4818765773
244319624.8526144624 90037.4182399237
244594118.6526244581 96712.2915826757
244717217.0811349154 98986.1629148442
244994523.8328853846 104621.2986441122
246650534.8423545957 125366.9212962091
244380629.0746070743 91369.7158993203
244346759.4186801314 90348.3095053160
244793148.6587041318 101002.8880578000
250657947.7215028405 137694.2415273041
247921598.5757645369 130931.7396728843
243985798.2725602984 75774.5095489575
243990809.1461371481 76086.8440248622
244163188.1303957403 84195.5753729590
244767246.2087416053 100393.2712390730
247540754.7937891185 130085.9852502197
247979104.7066695094 132183.7843811363
244105225.1568283439 81996.7635620935
244328085.0459466279 90046.7593043768
243980906.6166093349 75690.6172830714
244148196.5311845541 83685.4614766194
244247478.3660178483 86768.7742771381
244213581.6249907911 86063.3027153043
244517693.7187890708 94937.5260568578
243990693.6192013919 75963.7269022120
244221119.1453660429 86172.7143522599
244203532.3516242504 85827.4032685556
245204502.3167876601 108751.8811847721
248100049.5196652114 132261.3039123863
259889094.2370949090 145138.9957625486
251823978.7051701844 142478.1930250179
243898058.0479154587 68049.8368102005
243995700.8020879924 76170.7362907482
243975646.6346732378 74296.4950158847
244034811.7994560897 78204.0671012951
244098478.4432795942 81936.8522684975
244256480.3081722260 87823.6675353670
244983326.1877896786 104501.9489072571
244943199.9039812088 104437.2591712782
245371937.5443629622 112034.1920889472
246172736.9521138072 122653.8720468804
243934785.0121600032 71857.3430274678
244008375.5537875295 77474.8194467677
244060874.8302862644 79963.7623896254
244114599.0235047638 82113.5448746188
244268917.4454304874 88205.2445072406
245261987.6819272637 109197.8107726872
244000596.1487291753 76359.9536440028
245283625.1197061241 109996.8537540515
245287243.1275311708 110611.9324695622
243985913.7994959652 75897.6266716076
243966388.2949325442 74120.7086183680
245350679.3388024271 110981.8239715397
244759794.2698604465 100055.3940325975
244723068.3318884373 99335.5010536024
244684975.9008432627 98853.4787280867
251295496.1531329155 139794.5635387897
245605578.5256316662 114968.4910743535
283012498.9935303330 198656.2633990943
245031662.1365200281 104703.2443267857
245487081.2864268124 112713.6625154992
245045415.4773583412 106226.1803291151
244045002.2761623263 79291.4808962001
244598327.6865160167 96954.2511998136
244806672.5752061307 101007.7960167844
246426459.3956928849 123636.0977657586
244028065.0859073400 78144.1558076991
244475025.9296309650 93564.5004826505
244495076.2506715953 93799.1208721870
246101365.8379529119 120823.0995730683
248644228.7234738469 132289.8869881984
252624686.7968088090 145120.3121632588
243965859.6320811808 74023.3853967441
244018162.5563795865 77747.9290659083
244018278.0833153129 77871.0461885585
244080852.3095845580 81324.2858036710
244090226.1762610078 81441.0671161963
244107852.3099560440 82053.6335810227
246274890.4107634723 123242.2397335321
244771159.9506773353 100868.9737403700
250420378.0164110959 136206.6324289739
261969224.9504861236 148835.5633663189
262022156.3993307054 149156.4886592877
244566757.9185214937 95530.1896458585
245128255.6443163157 107468.4252194697
245198274.4674617648 108574.5941346665
244550236.0677271485 95420.7785130460
245764474.1114627719 117073.4745168015
243909930.7497376502 68595.9008809770
244037438.9525837898 78260.9371202243
244054128.1167375445 79903.8510960294
245599350.6763058007 114791.2040242478
244027651.9499917626 77987.8275010837
245094795.1729868352 106861.4520295640
252113475.0421362221 143572.6775197041
251022299.2211194038 137942.1898268413
243946658.1682378650 72446.3815864278
244141323.2163517773 83533.9795822604
244314432.2343778312 88960.7510772371
244739590.1826827228 99444.9121864149
244873375.5240544975 102657.8948982069
244956723.8204831779 104442.1671302626
245798319.0321038663 117425.0715889260
244134576.5028030574 83474.0682886643
244345882.0119168162 90165.2344560497
244784683.8671793044 100873.8816993544
244080045.7161855102 81261.6665354026
251992530.2291405499 143495.1579884541
244096972.8898097277 81500.9784097923
245108319.0894888341 106866.3599885483
244185016.9766015708 85426.7927273461
244463083.7536607087 93545.3254160006
302240293.5617263913 226297.5166625977
243975762.1616089642 74419.6121385349
244584396.6676374674 96587.6249382803
244678554.5518664122 98609.2580402205
244711382.1382590830 98866.5599081460
244063501.9834139943 80020.6324085547
244638261.3633145094 97322.6067018672
245650028.7030795515 115920.0648503383
244665030.6353644133 98604.3500812361
244853623.7582266629 102475.6998891169
289552610.9082975388 215934.7808251381
288703507.8368312120 215870.1123681068
243926376.4398432374 70525.3190516559
252514977.5802572072 144552.7119186175
244611851.6030180454 96959.1591587979
267773538.5634200871 159463.6044088726
244616939.0165755451 97070.8773944685
245883669.6843482256 118854.3638357446
248683172.0364152789 133807.9249158260
276006753.3872203827 179123.9867360592
284721139.2499805093 201803.9278830886
275719115.1434407830 178300.6672780514
285227374.5974476933 203790.2911185622
245984425.5127071738 119850.0653326591
262560990.6582300961 158549.4321426403
244303254.6343392730 88481.4674760574
276418791.5920535922 179593.8423824310
244195990.5610070825 85635.0436499366
244000183.0128135979 76203.6253373874
244070248.6969627142 80080.5437021507
244044185.6661325097 78320.8484138204
244656365.3830401003 97685.4021721799
246391054.8851357400 123509.9870632440
244745713.2753278315 99469.4153710324
245671571.4559270740 115923.1887302478
243903739.4508221149 68298.7176879970
244867147.6747286022 102480.6078481013
243980653.8175598383 74503.5044044210
245863504.0169902742 117426.9125265405
290301643.3784665465 216268.4561510086
290737537.7552890778 217097.2516222000
244291312.4583690166 88462.2924094074
243956445.1708298922 72719.4912055684
243970866.8149678111 74230.3947852803
243920695.0369365811 70276.4381738594
243974127.1054160297 74230.5837501241
244394563.8942134678 91617.4227370340
244442483.5806928575 93088.6163736302
302210363.8888312578 226043.9230346680
244371373.8042064905 91227.9265098441
243960964.2854399979 73834.1680434896
243922665.6634866297 70469.2499910286
243922550.1365508437 70346.1328683784
243882743.3744007349 65927.3590532984
243946542.6413020790 72323.2644637777
287334103.1525679231 205623.9874482155
294584479.3037534952 218311.6695098877
246260969.1168801486 122942.3900899217
243885019.4121292233 66176.4877001490
244297390.6961333454 88468.4996847981
249164127.3243453503 135348.5800991413
243877491.2905175686 62263.1209192243
243886990.0386792719 66369.2995173181
243936755.6387100518 72050.1548446370
243890700.8150358796 66425.3685779455
245265993.3481020331 109572.8903751452
270836787.0492301583 165883.4761283011
270486162.9271911979 164603.2825287194
299243904.0462226272 224895.8878173828
244079244.5867536664 80133.3216652377
244537603.2359074950 95193.8025713656
286083043.7351530790 204102.5652418137
243910792.5074087679 69880.2114320686
244395793.7884769142 91843.6226138193
243880796.1390052438 64143.1568896021
244240605.0511850417 86630.1186767244
244309989.1075161994 88487.6747514480
246807965.0537384450 126799.6325696334
244096304.4140253067 81460.1006855322
302428621.1816149354 227345.4636840820
302252586.8463081121 226993.0748901367
295058656.2362723947 222827.3358039856
244212786.5479223430 85930.8543902813
251579780.0156254470 141000.8974317562
243894867.4510349929 66487.6803035620
251667033.7441564500 141154.2441877377
244196659.0367914736 85675.9213741967
243879889.1085248888 62675.5294389692
244254414.9831053615 86921.7289894768
244538293.8917569220 95401.6034463961
244633724.5053511262 97222.9204293210
244505751.5428188443 94918.3509902079
244318829.7755460143 89904.9699149006
245865064.7580157816 117990.0140478690
243922361.2221266031 70283.2605575649
246237656.8108737171 122674.6427602097
302795189.1392651796 227839.2703247070
247285609.2092708349 128754.7929289192
244650137.5337142050 97508.1151220743
281182808.8796632886 195301.5476617813
247074526.0444090962 128314.6875061998
247321095.2673781216 129327.2030064911
243912763.1339588165 70073.0232492378
243909626.3083776236 68409.9114475134
245953600.5513233542 119630.8060550769
246618465.4527755976 124763.1094844565
244140654.7405673862 83493.1018580003
243898057.5936597884 68006.8623220171
244268122.3683620393 88072.7961822175
244421174.4797078967 92055.2508439892
244202737.2745558023 85694.9549435326
245588907.9721224904 114063.1374454577
247014674.7159659266 127294.0611607879
243900028.2202098370 68199.6741391863
244644876.5289449692 97457.0442386586
243903738.9965664446 68255.7431998136
244345964.3416116834 90215.8611802929
247460221.6809225976 129473.7217423767
252194315.8211866319 144263.4507917416
244480697.5483221412 93780.0506751547
244561059.4194135070 95477.5031835977
244636269.5575096309 97316.8928472940
244461157.9534263909 93390.1665745694
261507854.7292880118 148375.3358501345
244359832.3178162575 90390.1950883740
247063460.9841743410 127735.1236455292
247719658.0306210816 130336.7495554936
244430541.4047226310 93069.4413069803
243897752.6367369890 67993.5199805191
243900028.6744655073 68242.6486273697
244147401.4541161060 83553.0131515963
244311258.6723379195 88557.4240469807
245563870.5220019817 114012.0665620421
296321598.6793930531 224883.3774719238
246364695.9985244572 123478.6967647821
243880045.9699875414 64047.3230829206
246105318.9047203660 121115.3148674276
243882322.0077160597 64296.4517297712
243933808.6205649674 70744.5161074726
243905763.3944157660 68354.1060695532
243918498.3081647456 70227.4551796047
247236984.3076019287 128348.4140238762
245546352.4806573093 113814.0087986072
248655075.7374367714 133158.2077870723
245461001.8284129500 112391.7491792222
243885017.7229880095 66120.1708704676
245518086.0219075978 113700.6043186267
273630743.9510589242 173784.5614502802
246761190.1505299211 126344.4384819791
245543362.3548898697 113810.8849186976
246550764.2485884726 124742.3911563754
246983118.2716553807 127102.8165230304
293016619.6390237212 217216.6034770012
272755148.5489563346 173500.9184102428
272469711.8646755815 172604.6251493108
288552421.5670896769 210531.4284105301
278634693.3503779173 185708.6431922913
251390964.9134558141 140518.1713092682
262076371.2190099061 149857.3921536457
245231759.4141572416 108896.1352571030
245467539.9784564376 112523.1121437033
244890975.6573014259 102726.2404012019
245248284.3789937496 109118.9214728102
244990587.9993970096 104510.3831166560
244920564.9463022053 102923.2767185504
244889224.8169255257 102682.7544984156
251780855.2303975523 141253.6554402554
251265326.2089706361 139771.8593808005
244836068.8348831236 101197.3968021364
268773803.2660244107 159554.4807383072
273950825.4704885483 177931.4839017093
245165829.2740571499 107804.8934621150
261180562.7946973443 147284.5283285629
246544016.6904765368 124039.1997882649
269128565.4351443052 162089.6244177696
