115752431.2640866935 878895.7407226562
116018204.4726312160 896877.5786132812
115820297.1687604189 886692.4121093750
117655373.3957547545 970561.3613281250
124019896.9729237854 1009268.5214843750
115749187.4417699575 878882.5434570312
113849445.9992477596 647835.6052246094
114203488.8246944845 710365.9619140625
122406303.2627950460 1006105.9404296875
117640414.4666993022 969476.1542968750
113950482.5771864057 671195.5515136719
113930794.0152951479 667504.8449707031
114108959.6064160615 696755.6467285156
115317080.2408134341 845947.8876953125
114151735.7771164328 704153.3623046875
115246475.2842850834 840887.6928710938
114233017.0430252701 714868.9020996094
118924524.1599888951 993692.1796875000
114325357.4314886481 727746.7741699219
117332567.2134869099 958569.2197265625
113933093.0252847672 669787.5156250000
115279513.7368956506 840967.4384765625
113768048.0918056965 625529.9493408203
114899421.1324385554 801670.0512695312
114398211.4554744959 737551.0297851562
117732723.6624686271 971340.4101562500
117365434.7702971101 960011.6337890625
115090233.1079355627 821274.3913574219
114316944.8890442401 727430.4938964844
115230983.2627750486 839510.9282226562
114170979.4538932741 708093.0769042969
115325913.1021558940 847540.5834960938
121923150.7760299295 1005127.6845703125
116631136.4876799732 928984.7910156250
115087411.8102266192 820637.1030273438
115985753.8653660715 896410.6206054688
114902664.9547553062 801683.2485351562
113866211.4097077698 661371.6179199219
116138193.5973343551 902310.3256835938
114047281.5711562932 687196.2553710938
114296822.0513530225 721994.9521484375
119845251.7022790164 1000632.9277343750
114139929.3949836046 703733.7297363281
117675988.3140935153 970806.6308593750
114064599.6778042167 690509.9395751953
116507914.3843985945 921003.9326171875
122939770.1769882292 1007291.6904296875
113794578.1142904609 629996.5521240234
123910427.4699587524 1009215.9687500000
116466239.1065522730 920867.2016601562
124023140.7952404916 1009273.8212890625
123104654.4961569011 1007777.3173828125
113974360.4662211835 675736.1533203125
113981903.9540982544 677468.2617187500
117679232.1364101917 970820.6455078125
123251223.7166340649 1008942.6523437500
116969992.2531809211 946373.5390625000
114010712.6078814119 681999.1901855469
114110406.1017385423 700711.8444824219
122679023.9819329232 1006597.8203125000
114029892.0192546695 685665.5476074219
114050525.3934730291 687199.5454101562
123107898.3184735775 1007784.7382812500
115040213.5783332586 819065.1787109375
113909395.2099608332 667344.8144531250
116214892.4792628139 907710.2075195312
113986708.2190015614 679692.3510742188
114342720.5691875517 731064.3696289062
115698455.0999593288 874923.8950195312
117847117.8845024109 975364.7529296875
115346710.2482921928 850752.4018554688
115158649.9843960106 829600.5878906250
117480674.6885109097 963469.5664062500
115280960.2322181314 844923.6362304688
113803905.9571219087 634338.5805664062
115217459.8151816130 837793.3149414062
116062452.7472946048 901810.5024414062
122954533.7772332281 1007557.7412109375
116536671.9952079654 922512.2441406250
115713646.3651268929 874951.8583984375
114401530.3999730498 739494.7070312500
113819631.3125540018 642954.5463867188
113732804.5459276289 621658.4565429688
121947004.5775723755 1005850.4892578125
122675780.1596162319 1006590.3994140625
113782230.3615100533 626040.3543701172
114834660.8643028289 795906.9836425781
114418770.6738720536 740787.8671875000
119212006.4843606800 997410.6484375000
123205626.8598624021 1007848.1005859375
115716624.8357118964 877191.3320312500
118416607.3565493673 988880.6542968750
118285122.8004240990 985222.5791015625
118333244.3098038286 985555.7695312500
121803142.9442824125 1004511.4667968750
115554058.2290917039 867402.0644531250
113848661.9694642127 644649.7611083984
116275422.1521277130 911651.6479492188
118627899.2378724217 990703.5478515625
118664128.0181466192 991234.3251953125
118639081.4871142060 990832.0507812500
119018848.5023949295 995232.2958984375
115808840.5781038105 885044.8759765625
116207673.8921229541 906700.7866210938
114602488.3130443692 765024.5317382812
113951604.9069006145 671350.9428710938
118556186.2053874433 990484.3183593750
119005366.7284428179 995184.9121093750
116913450.9216166884 941759.2148437500
113809648.9261026680 635457.3148193359
113955480.3402254879 671592.8149414062
114346596.0025124848 731306.2416992188
119098176.5606617481 996420.0712890625
115416832.9301194400 854986.3720703125
121890868.8718436211 1004932.9384765625
117797936.6974309087 972760.8076171875
113786105.7948349863 626282.2264404297
121971706.4305835813 1005906.2148437500
113798860.3363565058 632734.4061279297
121974950.2529002726 1005913.7539062500
115441640.0876729637 858782.0571289062
114424417.4389868379 744035.5690917969
114442317.8674191684 746872.1096191406
114446193.3007441014 747113.9816894531
115885539.4600322843 890444.7578125000
118031947.7209571898 979150.4619140625
114622573.1730685234 769161.5966796875
114654065.9992946088 775102.7578125000
114535442.7848099917 759359.6606445312
114648519.4040936232 773519.5751953125
118750852.6955491602 992615.5654296875
117229889.0944246352 955606.1640625000
115975161.2375417501 895094.4770507812
115971917.4152249843 895081.2797851562
114361732.1748764217 735363.3596191406
115428156.6839952171 856126.6230468750
117988907.1703683138 976350.3945312500
115880137.9819957018 889502.6513671875
114357561.8056085259 734473.5756835938
115388142.4633241296 854350.4404296875
117985663.3480516225 976336.6582031250
118177410.7104621530 982561.2480468750
119482192.9909256846 1000218.1513671875
115529614.5554146022 864711.7670898438
119462385.0920431018 999126.0126953125
115865570.4058032036 888658.8691406250
115956788.6958614439 894790.6318359375
114738934.9307484925 781985.0869140625
117460143.5786969513 963003.9492187500
121877387.0978914946 1004908.9521484375
113793772.6826571822 628953.3488769531
119206075.5583575666 996994.9658203125
117558922.3667194694 965979.7109375000
115623258.8536896259 871961.9580078125
116107011.5515341312 902125.1547851562
118171739.7249795943 981299.2617187500
119405408.8493668586 998592.3837890625
115349954.0706088841 850765.5991210938
117266351.3992658108 957871.9541015625
119166920.8896964341 996601.5908203125
115868814.2281198800 888672.0664062500
114697236.5441007018 779124.5356445312
117358118.2782120854 959847.1894531250
123861774.9013145566 1008965.8896484375
118214070.5158459544 983147.2050781250
119485436.8132423759 1000232.5185546875
116559338.2759637088 927499.7275390625
116549486.5326598287 927147.0898437500
116992694.1305503398 947817.6601562500
116651499.2031278610 932108.8999023438
114312419.6889590025 727220.4895019531
114869485.7610018402 798601.2497558594
117826271.8796746880 975081.8310546875
119468172.5584340543 999363.5693359375
117146427.0790415853 953318.9560546875
117561349.5298852772 967349.7656250000
117420266.6343459040 961862.2060546875
116592738.4285911471 928178.3081054688
117592539.0275298357 967463.5156250000
117404293.7622836977 961526.0859375000
117564593.3522019833 967363.5019531250
116696096.3927170038 933729.0151367188
122233794.6141622812 1005913.7861328125
115668504.4408310503 874539.2949218750
120065760.2431346476 1002282.0693359375
118210826.6935292184 983132.7929687500
115671748.2631478012 874552.4921875000
118277747.5184167922 984597.5664062500
116562582.0982803851 927513.4638671875
119163677.0673797429 996587.2236328125
117200500.6056587100 954963.1513671875
116780947.4105090946 939136.9277343750
123833829.2259866893 1008951.9511718750
121880630.9202082008 1004916.3564453125
118462991.3872400522 989282.9287109375
117191800.5592394322 953829.4980468750
116940821.1361174881 945260.8291015625
116937577.3138008416 945247.0927734375
118396070.5623524785 987818.1552734375
118408103.1518141180 987867.2558593750
117155215.8461865485 953343.4414062500
117143183.2567248940 953305.2197265625
119804252.6427699327 1000295.9902343750
119375403.4260809273 997748.6757812500
116932706.4901335984 942992.8945312500
116791279.7376434058 939834.2041015625
116046853.4498509914 899931.7543945312
115102966.4769849479 825219.5463867188
120187787.3392504752 1003576.7294921875
114077766.2049541324 692002.3098144531
116320911.3001822382 914105.0664062500
116324155.1224989295 914118.2636718750
114475819.3754679710 750288.9196777344
115650832.5894372612 872906.5908203125
114029071.5711775124 682827.4792480469
115605118.1932252496 869777.8378906250
114941300.3440878242 807158.3935546875
114981922.7368156761 810004.1469726562
120199819.9287120402 1003616.6259765625
114215029.2958062142 713259.1462402344
114982930.6750790924 813015.5517578125
114026330.6351245344 682466.2236328125
120227765.6040399373 1003712.1005859375
117265178.1274940968 956056.9619140625
123858531.0789978802 1008960.6464843750
123830585.4036699831 1008946.6513671875
114743977.5198809803 784623.2954101562
114258183.4235014319 717910.5054931641
114556860.5441943407 761845.0048828125
116868088.3724561185 941509.8525390625
116398193.7717291117 917741.3583984375
114757638.0268890262 786665.8964843750
116758449.1901372075 934753.9921875000
116757494.4014730006 934670.7285156250
116435038.7981235832 920800.2773437500
114941953.1656149626 807730.9802246094
114716587.3457677364 781156.3068847656
114540837.4034030586 760686.5666503906
116730503.5148093402 934653.9746093750
116853626.8818881065 940944.4443359375
114779953.1373786181 788756.8615722656
119349979.7378650457 997511.1953125000
114199048.8320475221 709821.7600097656
116226277.3917532861 910560.0034179688
116693371.5517652184 933491.9804687500
116665425.8764373213 933391.9628906250
114605251.4798801690 768147.3535156250
114326700.4341845065 730246.8354492188
115730976.1573639065 878432.2075195312
114664380.3631446660 775384.7731933594
115205440.4287883192 834358.4057617188
115467125.9750266671 861001.4804687500
116289359.0443403572 912540.9570312500
114787865.6724255085 789682.6662597656
114247851.7126193196 715997.7694091797
116138302.9240116626 904334.8676757812
114154259.3741368800 704173.5607910156
116286115.2220236361 912527.7597656250
114511135.8671073467 754452.6159667969
114880757.9124142528 800908.3332519531
116017562.8975306600 896602.2885742188
115788155.7070688307 882042.2568359375
115192058.7993120998 834134.8266601562
115124377.8147465140 828581.3999023438
114564773.0792412311 762770.8095703125
115788609.8983010501 882634.5234375000
114516734.7296257466 754839.0407714844
114999061.4641154855 814980.7446289062
115005368.7347846925 815493.0893554688
114618340.6788463891 768531.8984375000
115115699.6271751821 826154.5639648438
115100298.5741654783 823506.8217773438
114503538.2431913167 752996.0727539062
114270268.3523811102 721690.6149902344
114299482.3233650625 724895.4475097656
114905994.8053366244 803476.3002929688
114919920.0481729209 804157.1401367188
115177945.4143517464 833884.0307617188
120815848.3295420110 1003727.8427734375
115063480.9698126316 820586.3134765625
120826086.2811774015 1003763.7968750000
115238928.8654474616 839758.3232421875
114382725.6237033755 736735.5336914062
115440774.1995806098 856869.6621093750
115419612.1824554503 855139.4370117188
114860126.8272855580 796848.4472656250
114587608.4550616443 764526.6853027344
114806559.2276803702 791553.6826171875
114466557.8871828020 747602.2036132812
114409581.9777727872 740432.1293945312
118165004.4046222419 980943.0097656250
120994264.8123155236 1004301.2265625000
122682213.9896737486 1006771.1728515625
119888867.1725465059 1000902.5712890625
121723319.9196993113 1004323.4716796875
118894425.3206440806 992669.1748046875
120030255.8324347287 1001449.8779296875
119946833.3825872988 1000919.5771484375
119999663.7935379595 1000944.8955078125
119778124.8390158415 1000233.4609375000
