86487506.6495308280 202450.0628263950
87598128.2507869899 224721.2849426270
87523506.0044039041 223289.8530578613
85468543.9516455382 166035.4766981602
87052604.1479838192 215011.6985015869
85282038.8331948072 155353.9311621711
85693804.9630875140 175801.7561171055
85393054.0897649080 161584.6310523078
86383588.6927163601 200016.8395233154
85572848.0719578713 171185.5168898106
85213428.9949950576 151623.3867644072
87122656.1286966801 216465.0917053223
87171196.0544127226 217602.4332580566
87306807.8990542889 220025.4416809082
86555684.4320495725 204181.1717095375
86765249.9623564184 209398.0538368225
86870297.2184106708 211113.4306983948
86769670.3204349577 209434.1427040100
85450333.2937738597 163947.6507704258
85862086.0340214521 183496.4470007420
88337362.2442797422 230367.8686523438
89331074.2288990319 230992.2395019531
87730026.0746613145 226505.2183837891
85139002.0353183299 147173.7291068360
87681651.7032853067 225403.9656982422
87021694.2504605055 214851.6523628235
85724338.6463353187 177789.8931372166
86031971.9302415550 190234.7322447300
85077116.7390784472 143380.8020926714
86817106.8749258816 209841.5980262756
84874877.1358227134 130074.1912406161
87501752.9715343863 223045.5023193359
86755805.2490163445 208544.6572608948
85355344.0033023506 159411.0470732450
85760342.6076620221 179058.3419706821
85973840.5369695127 187671.8340513706
87216625.1552839875 217896.5235900879
87132995.9518388063 217119.0923004150
87015010.1119868904 213870.7096138000
85950851.1414806247 186778.0161802769
87108766.1693861187 216210.8509368896
85794272.2140743732 181553.2123816013
85865801.5352792740 183584.3718054295
86026287.1361514330 189747.6164000034
87017273.8923819661 214815.5634956360
85643217.8575743884 174333.1770727634
85699993.9702807516 176937.3471930027
85775112.8336951584 179457.6460516453
85690216.1365326792 175369.7256262302
86973154.3247444928 213714.3108100891
85638726.5782205462 173963.7134954929
85902311.2157646120 185640.6746275425
86097816.4573563337 191778.7758238316
85560902.6059561968 170190.3031103611
86272938.2628949881 197326.6434996128
86835622.3641132414 210865.5745887756
86107407.9249123633 193204.3324644566
86721130.3947189152 208296.8011512756
85479880.1478208005 166056.0904371738
87479386.4367663860 222188.6003723145
85645188.1975195706 174642.2329542637
86027551.5721630156 190198.6433775425
85442573.9656525105 163901.7358993888
85891073.3502149135 185058.5897428989
87400776.9256415665 221456.8735656738
87396356.5675630271 221420.7846984863
85214491.8971989453 151624.5747526884
85288691.6916209310 155608.9064001441
87229165.8942826092 218572.4855041504
85983432.0045255423 189097.3906919956
85482120.9793967903 167042.6429274082
85548816.8792287856 169726.7530767918
86413248.2518005818 200032.2087860107
85746033.1274012625 178615.6641180515
85838391.7817118764 182654.4650671482
85501249.2494717985 167634.8189527988
86357728.2117588818 198540.3721129894
85550859.2032637596 170178.3506605625
86885974.8781422079 211636.2870368958
85652303.6059717983 174970.8797247410
86686335.7665539384 206964.4124507904
87981104.5561361909 229092.9912109375
85701913.5597637594 177514.4114325047
85825783.0490433723 182466.3967382908
85550145.1097509861 169769.5802252293
87870192.1002137363 227589.7993164062
85822614.7074418366 181838.6298620701
86047908.8489381671 190254.2117712498
85394382.3202871680 161627.4582007453
85946430.7834020853 186741.9273130894
85348198.4730283469 159373.9397146702
86715526.0591438413 207502.1863594055
86080444.7185611725 190764.0939543247
86604224.3577655852 205318.5132622719
86949793.9124636203 213420.2204780579
86599803.9996870458 205282.4243950844
85842812.1397904009 182690.5539343357
85418933.9978535771 163491.9449903965
86590359.2863469720 204431.7278804779
86881554.5200637281 211600.1981697083
87085405.7571052015 215916.7606048584
86929596.4801150709 212568.2964057922
85919512.5704727620 186111.1811316013
85377844.0655272901 161017.3237135932
85400984.2311339229 161917.4714224339
86750055.3863368630 208452.6669640541
85343444.1359729469 159041.0993445441
87080985.3990266919 215880.6717376709
87282841.6437072903 219450.2717132568
85999368.9232221544 189116.8702185154
86262467.6820225418 197325.9603729248
87519897.4555417895 223081.5911865234
86021842.2668715864 189180.9007780552
85733424.3947327137 178427.5957891941
85783034.3485246897 180971.1274969578
86245098.4112382680 195896.1190643311
86831202.0060347021 210829.4857215881
86549715.6063909829 203716.7361168861
86512045.5975816101 202630.3871147633
84977734.4736271799 135338.4255482554
85731085.2325311899 178002.5144445896
86787082.4383971989 209728.2330360413
86945373.5543850660 213384.1316108704
86759863.6349483132 208916.0006127357
87061095.6138418615 215687.6604156494
86656081.2703350484 206749.9451470375
85057315.3600616604 142481.8423721120
86901253.9867475927 212282.8789253235
85589116.6244286001 171420.1817877293
85335064.0951028168 158441.8417447135
85311367.4145082533 156892.7443175837
86651660.9122565091 206713.8562798500
86361234.2528537363 198817.1241669059
85875393.0028353035 185009.9284460545
87405183.2857944071 221457.6716308594
86635883.8379864991 205898.0210747719
85624535.5318872184 173729.0485975742
86607541.3446190357 205612.6035943031
85155816.6133796573 147891.4916992784
87016976.0462043881 214586.4077301025
85002689.7794017196 138931.1444351003
86360058.9132775962 198680.8909057975
86024773.6785678566 189290.4020140171
85923932.9285513163 186147.2699987888
88110414.1772063673 230265.6496582031
87982743.1438838840 229305.4980468750
86149910.8847202361 193593.5604462028
86821757.2926946580 209976.0891456604
85456241.0713081360 165135.3289893195
85019504.3574630469 139648.9070275426
86463505.6718655825 201493.0455620289
86507625.2395030558 202594.2982475758
86312681.0702519268 198463.3019256592
86152270.2660257965 194356.3601531982
88002940.5762324333 230157.4221191406
86704766.8804280311 207000.5013179779
84957265.0734001100 134298.9321045429
84960919.8955658525 134620.6629558131
85054628.1152277440 140235.7470169663
87998520.2181538939 230121.3332519531
87883911.5203117132 228405.6345214844
84939194.3935482055 134242.6710161567
87611162.5730806589 224867.7813720703
87108223.1644054502 216017.8396148682
89157430.2993297279 230831.7993164062
87954400.6505164206 229020.0805664062
86139167.7652657330 193251.5754817724
87641503.4760875851 225230.1853027344
84908870.3834242374 130540.4069619849
86595508.6365418136 204817.9888024330
86253358.3726069480 196061.0728473663
87536540.3266974688 223436.3494873047
85076096.4319112748 143292.5034325719
88182394.2968698144 230268.3527832031
86525181.2379385680 202667.4881851077
85322318.5649396777 157466.6257765815
86097152.0265650302 190995.3739685416
85859519.4477942586 182921.8339485526
85406631.1175161898 162591.7972815558
85134127.2582394630 147172.5411185548
85067203.6082891822 143054.5358428285
87156763.0901214480 217155.1811676025
86070054.5319708884 190587.8713592887
85209506.1555278301 151348.2310221717
85197097.2189645618 151157.4671134278
86074474.8900494576 190623.9602264762
88537508.2443979532 230597.6911621094
85050712.2656199485 139792.0354455113
89179948.4037815630 230847.9230957031
86863280.8627199829 210949.6955490112
86867701.2207984924 210985.7844161987
85139543.6869381368 147322.9963722825
84925414.1834245473 134241.4830278754
84984829.4901890010 136785.0147356391
85090008.4776725322 143823.4089428782
85018441.4552591592 139647.7190392613
85267485.6648609638 154968.7875366807
85056246.6304817498 141953.2831572816
85793612.4884935766 181394.5812873840
85289507.7151323706 155616.6915516257
85084018.1863505244 143772.2984352708
87418815.9377438128 221650.1593017578
88704657.8846562505 230645.5571289062
87414395.5796652585 221614.0704345703
85768507.1264323741 179205.2802681327
87888331.8783902526 228441.7233886719
85565129.9341536462 170362.0861113593
85073067.0359191149 143198.4169762731
85548599.7256187797 169290.1554015204
85127819.4802711606 146656.3442874476
85133216.9093984514 147134.2221618220
85610244.0972333997 171514.9224647880
85723913.1203175783 177662.1813606620
87251123.6377169490 218616.6954650879
85683122.7558421493 175202.1597389579
88419724.4356593788 230427.0808105469
85614739.8879456222 172905.6178191230
85122729.1088768095 146605.2337798402
88413198.7128348351 230371.2832031250
86025934.9643334150 189486.6186737418
87707762.5338430405 225487.2777099609
85001626.8771978468 138929.9564468190
85172106.2420288771 148627.6733962819
88967060.3381462991 230794.9201660156
85056252.4578577727 142480.6543838307
86532018.7829196751 202814.3760990202
84969522.5845229626 135161.8681541011
89197601.7450437248 230878.8342285156
87843374.3784846514 227387.6938476562
86294143.1470626295 197372.2305622101
86342683.0727786422 198509.5721149445
87767903.0268583298 226974.2026367188
86625134.5262249708 205695.9156060219
85547690.8720753044 169004.0038359687
86527598.4248411357 202778.2872318327
87839791.9526742697 227304.3818359375
86998159.5900994539 213797.6228218079
87413552.9119948894 221493.7604980469
86448804.0029062629 201449.2538072169
87377193.9313503504 220917.7924652100
87381448.7350888848 221141.2589416504
86492923.5705437511 202550.5064927638
86497343.9286222756 202586.5953599513
85343254.0954193324 159013.5385954902
85392864.0492112935 161557.0703032538
85544108.4462649226 168920.6918242499
86477873.5576772690 201649.5475112796
86369603.8790541589 198853.2130340934
88729077.0983262658 230650.6037597656
87837173.0822700262 227133.6379394531
85244905.2110970765 153142.1616629884
85252950.2339572161 154243.4143485352
85261093.5650354028 154747.1364529654
84973942.9426014870 135191.9785056636
85302560.1877491772 156786.9460562989
85001086.9264961779 138204.2742324397
87350798.3214827478 220243.6282043457
84906167.8405069858 130470.5309443995
85308888.5155104250 156870.2580680177
87459766.9393425435 221944.2496337891
87584513.2924740314 223972.5338134766
87367860.0379819572 220803.4418792725
87620700.5917334557 225073.7864990234
87347215.8956723511 220160.3161926270
85151435.9607841522 147404.0568526313
87494674.2131091356 222889.1035156250
85323429.1129335910 157510.7262785956
85174169.6862718165 149024.1563872620
85182214.7091319561 150125.4090728089
87481174.5426747352 222491.4956054688
87552791.4857241362 223673.7023925781
85056243.2589064837 141348.8790542409
87915075.6830572486 228689.9013671875
87391335.4633098245 221261.5688781738
87866946.0951999128 227588.6486816406
85116637.9780406058 146000.8296767995
85185662.6338246018 150230.9745673463
85355625.6503528357 159525.6745055243
88226941.8574545085 230301.7385253906
88470896.5540286601 230561.6022949219
88302163.9182831347 230354.8139648438
87537322.0586178601 223550.5754394531
86429189.5321705043 200088.2794055939
86187979.3745010793 194402.6303424835
85177617.6109644771 149129.7218817994
86142185.3507359326 193265.2887897491
87557211.8438026607 223709.7912597656
85330276.8457107097 158228.3403434083
87652619.0042389035 225266.2741699219
86186304.9183734357 194366.5414752960
85102950.4567024410 145024.1860915944
85238855.0134269446 152857.8182868287
85235272.5876165628 152774.5062751099
85313486.5809189230 157409.6447257325
85263876.6271269768 154866.1130179688
87944913.3179554194 228787.2863769531
87940492.9598768651 228751.1975097656
85290201.0202423036 155658.4710829780
87675866.3350343406 225291.4814453125
87802265.8858050704 227035.4987792969
