372952391.5629886389 44801.3664047612
373378325.4041481614 50512.1023547503
373447916.2719683647 51327.9867783490
373879094.5507165790 53884.6156725067
461652352.0028461814 142320.0659637451
372885159.7922117114 43664.9367721422
372936212.0340137482 44676.8842728032
373071794.1368199587 47163.6752990677
373565839.9831221700 51435.1222551617
461429430.9891615510 142166.3216400146
372852377.9354731441 42983.1148307665
372836198.4064985514 42858.6326988085
372818994.3752894402 42109.6757910593
372913601.3573828340 43912.0044181688
372860187.3046519160 43000.0748527391
373326747.6601759791 49761.5370502475
372872408.4280204773 43021.6053564890
373264178.9711110592 49721.7062427330
375651291.4425576329 59218.2410203131
372942489.5952441096 44690.1169059618
373143010.3593187332 48155.2565146315
373594402.5807247162 51438.0249569422
461682400.4001997113 142336.7668914795
373685078.6067845225 51628.8231142448
372905791.9882041216 43895.0443961962
372918975.4256944060 44541.1461761339
372889075.5425130129 43778.1873405321
372881040.8027997017 43629.7414129718
373055486.9472954869 46453.0380239490
373613598.4691033363 51499.1653763953
372795005.4771361351 41968.2336371286
373012021.8403573036 44924.2040639821
373680877.8653349876 51596.2498064621
461258859.3336626291 141249.8600311279
373044813.8922266960 46351.7392677261
373082467.1918886900 47264.9740552905
373199402.3090774417 48960.4000082838
379667095.3628851175 64022.5080132054
372848419.5298671126 42880.1632025583
374356653.7878597379 55074.6193193408
375287104.1597802639 57889.0132903667
373116030.1147255301 47343.3204832900
373814405.4656336308 52422.5503545689
389287132.1968679428 71313.5169898417
372864599.0588415265 43004.6453345163
372811185.0061105490 42092.7157690866
373802203.9362574816 52395.5463103509
377242728.3568198681 61448.6968975415
376022484.9686664343 59616.3211157374
374257983.9686657786 54334.9960134408
407734049.9298521876 90093.4233341304
408285091.7500917315 90515.6555728999
377011765.2795678377 61408.1380510085
395139473.5932085514 75608.2145031015
394531592.3825510740 74920.6937459032
373812230.7804582119 52416.2705477165
373638784.8184039593 51531.8457437089
374384219.0371546745 55176.1657379778
373727339.8069300652 52338.2228532365
445573489.7974582314 125591.5826037899
374874051.5365493298 56309.5358232470
376696322.1837456822 60541.3419084303
374628707.6605501175 56064.2535814258
426057856.7275198698 102154.8846960813
375245426.3239048719 57815.2021114739
373876080.8871909976 52537.3033680379
373837391.1346946359 52435.5650153985
392428487.4987956285 74381.1125868725
374344278.2969658375 54401.6283232482
376947102.1901304126 60896.0355328501
378662013.5783638954 63062.4483211782
374432833.2854918838 55208.0054327758
375955260.7867144346 59570.2254821552
374952266.6033021808 56788.9122155870
375326227.2071285844 58698.2966534594
375859919.9849255085 59567.5747548534
375850826.2158463597 59513.8935713886
404317270.4806531668 86775.9360318531
379869235.2797482014 64662.3875480819
414901871.0830275416 95994.8988288647
384266864.8624758124 65959.8235891616
374188344.6620963812 54319.9175893279
430936863.4694977403 105153.4706939114
374245107.3579558730 54328.2433339568
374090778.1957495213 54153.0779522272
432028830.0273612738 110940.0244123265
395431619.2847785354 76451.0444439780
375181288.5361562371 57716.5811634232
375009609.8270248771 56993.9717111458
374620847.0035229921 55267.0845835941
459749332.9531476498 140877.4636535645
461383905.3297442198 141768.0668945312
374082407.5736979842 53960.9859230729
448944900.5031327605 130961.5372461155
449189655.0272721648 131297.6333612278
436668532.2626700401 115077.3994917753
380574887.8539596796 65627.2777356906
380406654.3347117901 65459.9438207224
411341607.9482980371 94730.9662898785
376553397.8325970173 59925.0138501264
461323217.0442820787 141534.7393798828
385196893.7347257137 68495.1549312969
458763686.5166158676 138771.0681762695
455619351.9375948906 135624.2709410340
438411993.7009704113 116457.4996942505
411082991.3455448151 90528.1546634441
444088882.2506245375 121816.3223182261
443678668.9837224483 121387.8433143198
387824756.9455870390 69537.3864844677
397188334.4511240125 79466.7355645786
457670634.2292674184 137043.1484530419
423522518.2562916875 101434.4684378731
380548549.3076382875 65521.6368960392
401643087.5127167106 86307.4908886622
400959945.5964717865 84626.6916661300
460784827.1817613840 140884.1753616333
380802277.7409022450 65827.9844943437
375006307.8376759887 56894.1733464189
379453349.7652308941 63678.7678909756
374603765.9087508321 55221.3155205107
435206407.4282155037 111906.6280542836
380183283.4833788872 64876.6473768775
380923118.8292536139 65901.1790836130
400694650.4352437854 83051.9772016892
378535722.2412923574 62844.1176373338
378024405.0256938934 62249.0002972459
406519473.6879397631 87195.1597121769
380700541.4793959856 65775.1451469132
389738638.9890047908 72169.7166944382
455423644.8077380657 134633.3651049733
438713394.5758145452 118607.9503633454
422246047.8101855516 98774.4211436811
422362458.3780047894 99474.5560351911
418393713.2566276193 98097.4591531244
448698814.2278739214 127504.6185095757
459597798.6214990616 140220.6151046753
407385541.0602067113 87494.8176335433
459731461.2366139293 140380.1801223755
443878221.0942016244 121796.3467591181
427697395.4321364164 103320.6171080145
397145808.0531638861 77195.0651071817
459485358.8708308935 139458.9008636475
455085224.1676346660 134409.7499294281
427083877.6589866877 102934.8776477703
391582616.7466181517 74258.4843276078
437976561.5365771055 115960.5995880663
437441642.5136114359 115925.2377778962
384989826.5403032303 67263.9446383649
417968822.8972823620 97606.4293786270
384487918.5915031433 66562.7293063337
417904167.4515060186 96694.4998131973
389257342.5847598314 70492.5878561686
391098162.5290188193 72531.5705418569
442187478.8185482621 121160.8357945210
441465840.8463426232 120521.5053820512
394022909.1743292212 74415.4606736369
444598507.6796033382 123675.3939745873
400528796.7221192718 81439.8361615059
396615112.1792642474 76583.5138746326
