244771321.3466644883 334386.3033000527
245126087.3351022899 362781.7680642148
251734073.1445581615 588099.6193785667
256575099.8652852476 679201.7514637160
248774821.9208121002 522393.6785395509
243884101.7640228868 206323.7986814082
247839441.0100542605 489275.0708985925
249701871.6438827813 540660.7023174763
247879810.2407876253 492253.5700419312
249828858.6502265036 547140.9824697599
256991410.2900812626 687234.9328877315
249387803.0614748299 532736.0144414357
249921064.7764240503 547850.9482662678
247992159.3193081617 494978.9317339426
245573183.5888492465 393384.9813682432
249808412.8122450411 546651.6093824133
244618571.3370922804 319932.0884563027
243854647.0690678954 198336.6041183062
245699742.5359811187 398922.1060657045
244810614.3694465756 339413.9221145211
244920265.4510629475 347349.0278039537
245015094.3941318095 356129.2600038387
243916283.4827129543 214555.2171136439
247515941.2271807492 481864.6434075600
254035034.6515522301 630475.1831338257
244345656.7579561174 288809.3685798476
244993643.6001516879 354294.3898529406
254143966.6444485784 631065.7461984009
254515079.2840344310 639142.4687745422
244246368.7591162622 272797.8788027893
243934608.1812137365 220313.2399488986
244527470.8234208524 311702.9165641366
262075941.8233951628 734405.6961636543
262270131.8324254453 735751.6971402168
263908207.1365074217 756367.9369350597
244340584.9416457415 288714.9410365055
245225012.2877535522 371510.0560538312
245939215.6391955018 416829.1741971956
253359237.4614365399 622847.0558981001
243952133.5161351860 222312.7678948939
252701556.5262663066 607672.1541149616
244340584.9416457415 288502.9283411930
246074283.0182673931 424066.0569369555
244135570.5088774562 256878.2439672053
244238242.9161621034 272650.2248059809
244582161.1665836573 316570.6430732307
257166407.0673641860 687607.2520678043
245364869.6560629606 379997.2527350162
302264973.9184046984 948718.5314941406
245337133.7661130428 378665.8940510880
249273701.5534083843 531646.7057522242
244306928.4148508906 282129.6959724257
253056094.1966665387 611854.1490474110
247515941.2271807492 481892.4549309975
252561757.0838384628 603572.3438122272
262470865.4395845532 739644.1734840553
249295596.9352772832 532066.2131326920
245249354.7298452258 371789.6144620155
243935399.9762222171 221043.8536228836
244891158.3136816323 345909.5530959664
245037736.9984220564 356597.6674951906
244028647.7310334146 237410.2576238215
261762299.6126771271 719965.3563008574
244074562.9081268311 244798.6840309501
245076165.2886964381 360891.8128265734
249242003.5180862546 530370.4977649753
243875072.8077501357 205283.6951128542
248304957.9147899747 507344.4501917725
251190993.6560346186 576387.1367942682
245407320.6199697554 385053.7952789804
262686101.2959586978 745076.7051815987
243899011.6806546748 212464.3897593915
250888784.7393050492 569437.1141960016
251190993.6560346186 576415.5865012994
287056473.0657486916 896145.7640457153
243871060.9086949527 199397.9093835838
244014271.5018218756 235909.0207025111
261237024.0294768810 716932.5777899688
250980990.8655025363 570119.6128330892
243907254.5264401734 213515.3731733859
245287581.5493406355 377378.4509512922
244018986.3194151521 235995.6434107423
262992713.7530052364 748675.2671933174
257287713.2429606915 687736.3180072951
243921146.2598752379 214994.7405263484
249295596.9352772832 532067.3419826929
254922379.1579521298 646853.1452496052
290049943.8441639543 904545.7273406982
263469488.9255571067 749773.8366932869
244110622.3143281043 252016.3754667938
256079154.0683422983 663986.0958469558
244217288.1049805582 266781.2626477778
244164928.3557992578 262824.0807524621
249346985.8076124191 532406.6746600037
244321782.3546095788 282940.4064216444
249295596.9352772832 532072.6740139429
249273701.5534083843 531619.2965725367
247515941.2271807790 482084.8403632408
244199514.5730569363 265970.5521985590
246642397.0991830230 448194.8784504896
244092789.9088683426 250153.9709502161
255500301.2162815630 654448.1349762130
244780089.3825347126 335166.4631892739
244063432.0619465113 244208.1341649592
244270145.7432595789 274579.2567724586
263494157.1400952637 752517.1252369881
244075837.9834149778 245218.2490629852
244176018.9418057501 263272.1209186316
254230549.4606149197 637712.0166299194
256899204.1638837159 687150.4986713576
260425611.4741751254 703867.7089252472
256355906.7327439189 672147.2528293777
244045599.6564867496 242345.7296483815
244144032.4181538224 258006.8126616180
245937237.8948857486 416806.6937284456
252007831.5735886097 594305.4971670210
302784293.0812010765 948730.9602050781
260436764.3715462089 705758.7121396065
249575827.6722762287 539473.2258521765
256236490.8208704591 668389.6862238097
253715630.3662313819 630075.8847161308
255889409.0429078341 662504.4035151649
244028647.7310334146 237410.2673894465
244057228.8364659548 243367.1697484553
244593152.3115553856 318029.0097896157
297633451.4639791250 926987.1804809570
244687359.5601573586 326433.6948195992
247210741.2303386033 470859.0498372084
256298347.2008835375 671626.5349109817
253298696.8196327090 618189.6853600517
282272866.0476152301 864989.9047546387
244735995.9842643142 332271.8957473336
251467552.0844483674 580126.5813839585
263213229.6261779368 749135.5427479744
248012434.3739247918 497086.0637476807
245094874.3205163181 361986.9755150815
245963566.8294108510 417705.6636993284
246078267.2369140983 424225.4102923269
262962048.5815720260 747951.2896542549
244607823.4902464747 319650.0671205351
245567172.5908599794 391957.1929797670
244701957.7581447661 328170.8377009926
244210605.1590634286 266420.5306822658
256665248.8155704141 679615.8012836623
255817154.5304233134 659785.2193444419
244995621.3444615006 354390.5226654406
250077759.6662431359 551927.8283912390
244417236.6252843440 297079.9008607695
301781620.2276725173 943484.3325195312
244361900.8048446476 289850.5824203322
246662842.9371646047 448846.0827756291
252074801.5428170562 595484.8379528522
244547065.4820609689 312733.0520009825
244455964.9683895409 303971.5861635039
246359396.8933386505 437278.4195894594
255591875.6906269193 657917.8537929702
244700553.3126238286 328170.8227948973
245249354.7298452258 371818.1994229530
258871964.3867935836 695826.4475467849
244477159.6212150156 304708.4863748381
256355906.7327439189 671881.4457004714
250814846.1603945196 567971.4250172293
253234853.5946426094 616103.7897912040
252887998.0547817349 608123.7924816608
244526066.3778999150 311702.9016580412
250993540.8258542717 573777.8905436760
248940277.9808182716 524637.6789272730
245705480.5416539609 399949.5424677725
244400629.1479498446 296530.2550277541
253828610.5173138380 630368.4848916382
260949743.7744781971 713560.6887924671
244502051.7978839874 309803.5561591683
261822874.3654454052 722709.9614424706
244539126.5262570381 311922.4847938119
245922939.8662746549 415868.9295429583
250396169.4129893482 556197.7285113353
250814846.1603945196 567971.2775410330
248176921.2806340754 503875.3971903687
256420334.1728417277 672404.7700412917
256448965.9180745482 672521.3559787917
249550910.8889073431 539202.2316659627
249495399.4001856744 538652.7355099916
263705335.8359280229 754954.2546963692
245594098.2679020464 394031.6281032548
255146081.9693131745 646897.8463879973
253203493.2695619166 614424.0844689384
251071058.4351801872 574834.9135426199
251965629.8846597672 593492.0105947554
257316058.6952303946 690871.3795402012
256865127.7124117911 682512.4011113032
277067654.9573857784 781686.1665577888
262942872.0102585554 745248.2472577095
248721228.5036210120 520948.3411577707
288072915.7667083144 900595.9260101318
246242697.5357969701 431453.4930448518
246566117.8144677877 446185.3027935987
256759266.1126583517 682069.8449543166
256096634.7567117810 668196.9186847854
249264926.6340764165 530618.5978599787
298563660.9427034855 927831.4569091797
293488353.7061367035 919018.6526489258
255778145.8886632323 659321.9003192830
260119932.0297429562 702410.7761020660
260053803.5001113415 699906.0537815094
246333872.8979116976 434040.8735676771
247575431.1059928834 482771.8735471135
301826821.0069219470 943747.2568359375
298997863.6527239084 934896.8288574219
249270016.1728565395 530810.0188491000
245320857.9931921065 377727.8779277345
249468226.3750821650 536005.5744224787
247851353.9002314806 490908.5969188577
302169325.7433219552 943820.5600585938
248301140.1693880260 507325.2202289468
248267992.5901784897 506841.2619593507
301019575.9035608172 942886.7978515625
277721169.5743855238 793903.9855809212
248453824.5495845973 511582.8863032227
301284412.0137326121 943003.1923828125
301375743.6398059726 943429.4443359375
252395882.6851031482 602292.9112654179
245376050.0579244196 380067.8058735868
301304319.9856382012 943099.7749023438
247778047.3062791824 488697.7430904275
247841885.1613332629 490154.4978645211
272187112.9311185479 767739.1570000648
272519415.7958855033 770420.9819512367
300291028.9488196969 941693.5283203125
250923945.7691873312 570054.6656407034
250283517.4488102496 555687.0480714515
246518719.9590227008 442104.7354568234
284790304.7229310274 882780.4963455200
247992733.1197328568 496303.4474833375
245720192.8839764893 402529.6686727400
249212381.4870305061 530197.7754064053
300761692.1144887805 941742.2895507812
275597569.2156897783 777929.5603814274
296924764.1059092283 926531.5925903320
300056780.0733458400 941571.8378906250
256018763.7704300284 662665.0685710907
295963164.0855639577 925195.2922973633
245988396.9317100346 418516.3066505184
246606280.6946801543 447517.3265973097
247130013.0977115035 466863.2546735173
250583353.7558283806 561057.5896230405
248519073.0696974397 514191.5942118531
298621309.0811175704 929623.5662231445
292609569.6703376174 913585.2515258789
294805620.8065969944 924524.5162353516
247672055.8511167169 484955.7395997411
247332742.3320597708 475129.4870953923
252981855.6716520190 610739.7218785873
247257059.4233073890 472001.4231076604
254894128.8679364622 639794.5728987412
246831625.9036289752 456776.5368771916
245720192.8839764893 402501.0837118025
246474621.4549721181 440285.8232520809
247054981.0069666505 464891.9563107854
246852251.7726183236 457135.1306271916
291556784.8793859482 910831.4060745239
290646382.1075280905 904802.1458816528
290274793.2358271480 904560.6492996216
245649277.4454469085 396749.7441121931
247034440.6173507273 463957.6020627385
245842214.8557610214 410345.4514046898
245596076.0122117996 394541.4415798173
253121689.6387905777 613541.2881902754
294693497.2098175883 919061.1013183594
299942458.2757727504 935945.0510253906
245665553.2183676958 397619.5829894529
247514377.0119196177 479465.6281388765
245634514.9808180034 395388.6900370107
245801015.6627941728 409330.3819396482
245730100.2242645323 403459.5374572263
245730100.2242645323 403991.8314025388
251318556.4790549278 578638.1470769942
245730100.2242645323 403482.0179259763
245801015.6627941728 409335.3951232419
276602153.2759813666 779128.3943214417
245498072.0297089815 387373.7751289741
245656359.2881976664 396819.4147765622
245801015.6627941728 409868.3736388669
274897419.2284380198 770713.8491234779
246347579.1083498001 434185.3505978948
246758901.5091186166 453673.5644436842
245771299.4172314405 404619.1855355492
253582673.3804216087 623249.6857338920
282007993.3845201731 842877.2861251831
252165687.2093599141 595688.2128586387
252216423.5307884514 598337.3028387129
281947570.6704040170 832220.0505436659
276067893.3527256250 779126.6292166710
252176351.8755101860 595986.5885442793
251901969.9625583291 590761.4580406910
253123005.5295450687 613549.5274480879
252142386.5303096473 595517.7598699629
260810353.9827688634 706912.6754141003
260371392.8921081126 703347.6597643048
278149996.0085739493 797167.6090040803
278478820.0219194889 830920.8031234741
