721610655.4216217995 1548023.6768466390
845131788.6438120604 3360920.4475097656
717535219.6781184673 1149589.3634721965
718276338.5514672995 1254948.7576133937
720947919.4823638201 1502751.5137874044
756292438.6596440077 2547021.8538920730
774019062.3266954422 2796418.1424865723
749305634.3702666759 2419097.7866824195
718138706.2300447226 1240355.8201353282
734214070.8738393784 2083385.7282789485
773679266.3372480869 2791007.9598693848
730475512.9507920742 1962937.7019462686
718111745.2079269886 1236545.2618410320
719425011.8347470760 1385279.1696185344
719067714.2091245651 1349964.5916119986
720334811.1146533489 1452554.9994670309
720321982.2167608738 1446682.4190498393
721750695.6917753220 1558078.5622493185
774260616.2436101437 2799963.3358459473
718231107.5666685104 1250639.2532646388
718634797.7230404615 1299384.3590250628
718545181.8206046820 1293864.0994873659
719684795.7325841188 1404956.8974932902
756691816.2077391148 2559253.2992045730
718742685.4404964447 1314716.9431152956
719485374.0605844259 1390632.3989733928
718368122.0138000250 1270679.9509125368
718692303.5389065742 1306448.2718104594
719511304.3928585052 1391444.5789126628
729011549.6413698196 1911834.4850962579
738819532.5999199152 2206859.4710234776
718282591.8169406652 1261292.7611992091
720518104.9637861252 1474189.1091274195
796460871.7900655270 3000757.7670288086
719951217.1993665695 1426574.4544032984
719813993.7793813944 1416965.6245440715
721475946.4688973427 1541982.1428157247
718037215.2990889549 1225496.5067922801
719622597.4805688858 1400294.8382076197
824070956.9765030146 3219671.8985595703
719580140.2138187885 1397898.5886782878
772627616.1084803343 2748058.8478088379
812306241.0523869991 3145761.9108886719
811872357.7766346931 3143387.8229980469
721440185.0442335606 1534090.7084895528
721475395.7578748465 1538393.4040461935
840446318.7885894775 3334894.1525878906
840488092.4523348808 3337452.0695800781
728800294.5398048162 1896366.4135020196
765131477.4699695110 2658464.7278367281
721207162.4767106771 1522875.1614924825
717488008.4064835310 1138204.5999834270
717458366.9656192064 1128180.3021547527
718715497.8191547394 1308332.6997767107
721709182.3893064260 1553883.7173739828
725601860.2282927036 1768524.4647674547
742805928.9784512520 2289502.5285764509
727067139.3056173325 1823057.1484675237
762766410.6998181343 2614531.4536954165
845278208.4873913527 3361028.8684082031
743489683.4954552650 2304898.7998685413
724435587.6337115765 1709551.0697522666
783886184.9331722260 2859190.4164428711
718836918.8523855209 1321078.0640040056
719640502.4396561384 1403269.5247134441
740059333.6344068050 2249706.1833037511
737703718.3230907917 2167994.3911600187
755450520.6453690529 2519001.2325179726
755440580.7811801434 2516286.8837478310
723522181.4386260509 1663904.8028967390
723191965.5931073427 1647662.5452063093
756260123.1208097935 2542370.6818435341
756563773.2307615280 2549305.3476150185
729308252.4325857162 1925984.5715830743
717870243.8401581049 1200072.5142900676
719906923.9064381123 1424887.0816234522
742710245.3142261505 2281679.8240384632
743076026.3453147411 2300031.5867708549
725781605.8304312229 1780456.8619078950
732625360.8432031870 2037340.8836807497
717607340.5932209492 1161005.1301958293
756971846.7446253300 2560876.5702380091
721472121.0722917318 1534173.7569008090
743027188.3825192451 2295587.9612146937
742718681.1875212193 2286178.9891995960
717759997.1325066090 1186101.1982463130
758769697.0376493931 2571555.6162917763
758995996.6494705677 2571734.5840652138
829562974.4110018015 3265740.6269531250
814272155.8819310665 3193422.5660400391
717488175.8849271536 1138678.2025987834
753053949.5366519690 2467997.7161610126
752593703.4908188581 2461035.1034901142
718785057.7390133142 1316062.8641520159
781730561.1513376236 2815623.2563219927
733696061.8078596592 2068388.3201392563
826235151.6220655441 3236552.8289184570
717602524.5909577608 1156228.1466905803
743875658.3178038597 2320363.4155966784
721140843.5676292181 1514860.2022639669
809861969.3533755541 3110197.4448242188
839269067.8329303265 3324248.4570312500
732653066.9022098780 2040564.5386566895
772941001.0967583656 2759937.9054260254
755307212.4777240753 2509855.5911452919
721511891.5362727642 1542732.5686683871
731360105.2877968550 1991921.1868784844
738518179.5619633198 2205101.3350371495
731422608.7947010994 2001414.2469370782
765691348.8892128468 2673131.3569085598
717724265.7714298964 1178330.1335432262
721350837.3190767765 1530993.3054237582
717890609.0011281967 1201958.5596754283
735821911.7011039257 2129498.2380199255
721662581.6786432266 1548903.1203583879
732842858.5201193094 2054377.0797661322
717724098.2929862738 1177856.8076612682
736815476.2229697704 2160870.1301699830
726667048.0494642258 1813507.2301935980
844573679.8695610762 3358353.0517578125
726251302.2514955997 1797411.9646906683
724958540.9523277283 1739597.1822654698
725355388.2720251083 1753680.8099011637
738286813.4253622293 2201675.5205840245
729578897.4295767546 1935187.3977549493
722380301.8339269161 1597017.2469548015
722986347.7370808125 1630111.7719564345
740463007.9082376957 2251379.9522246495
731733163.8359612226 2015614.1272797363
840203921.3990534544 3331108.3408203125
800602896.6973228455 3026707.9303436279
800813866.5655174255 3027323.5631561279
736401837.5453584194 2148474.5505888285
729088923.8767203093 1917331.0589487969
753232801.8665461540 2475201.7307550907
753412736.9310407639 2480085.7262384892
756021640.6222444773 2526920.6460769325
725969612.3905746937 1786853.9074795460
730413022.5553069115 1961926.4879649102
728283870.9182951450 1880896.4755250912
722598362.2188973427 1613019.7575483648
723930930.6146419048 1686092.7751919534
728466294.7451157570 1890004.3444167196
792149016.9604334831 2967004.0200805664
834884340.1510584354 3308487.4274902344
728283870.9182951450 1880861.2274782162
726443933.1375174522 1807743.8519663641
836514525.4159915447 3322287.6669921875
833870985.5416184664 3295544.9851074219
726610861.1540911198 1809038.6940607855
741193358.8127298355 2273260.8526603356
752439108.1813371181 2457981.9027810246
740703999.7123579979 2266980.0709220544
808850192.7304627895 3085487.9265441895
740668909.2825758457 2255245.3150565997
721794888.7184702158 1560417.3240766851
723645455.7415089607 1669400.8883450150
748481031.0922610760 2397483.0198039338
747048779.7154197693 2358283.6293010041
762806885.4227654934 2619229.5085135624
727349495.3835031986 1836612.4678644964
754739071.4476265907 2497373.5603736416
836328432.3000396490 3311065.3002929688
724810334.2875683308 1730054.3843831923
729443646.4153466225 1926544.2089274346
747538353.0364828110 2372650.7822551057
724100209.2379972935 1694720.9492642190
729164336.3674731255 1920661.6380503594
733040168.5061454773 2057580.4743327128
720685170.9148895741 1480166.6263127190
773287776.0119445324 2770263.5149230957
729175697.3932008743 1920878.6283457696
739085938.0597918034 2221806.9281767979
729175697.3932008743 1920836.0931895196
748515355.8402895927 2403386.7864054963
720823764.1084606647 1491521.7420353752
730248661.6141929626 1957604.5211070001
725198155.5416450500 1746603.0298910048
730689083.8704156876 1977059.5117075860
730261106.9175255299 1960106.4495312392
732277649.0172832012 2027409.7087426411
748326501.6286308765 2394417.7315959260
722766723.8735244274 1619094.7191616800
729187043.3082730770 1921529.8764536798
723167634.5445827246 1640437.2319569895
723152048.2285606861 1639973.3244466688
834333347.6999180317 3307309.4174804688
748126600.8730329275 2388802.9859904572
770172412.6936752796 2738407.2569885254
739164727.8557469845 2230063.8534853281
767509684.3190526962 2699409.8475837708
729456253.3235312700 1929421.4639780938
767995372.4318023920 2709032.5884284973
767613448.9252136946 2702684.8535652161
721818701.9144990444 1563481.1155771418
720416449.5903697014 1458479.4173469760
733174033.3469122648 2059051.2043297749
756080553.4567989111 2532627.2124831825
724323917.3884003162 1704624.8315884378
720201164.4396321774 1443265.6109886386
721975081.6412924528 1571575.0699433489
720928099.3659070730 1498352.0969886996
810380883.1239068508 3138234.4055786133
731708659.6387416124 2006280.2757948488
732718071.2735053301 2046918.7286401021
732105732.7016481161 2025041.4818139302
741376649.1240427494 2278459.7389708236
745712313.7485631704 2335316.3030383736
720883598.9386594296 1495916.1971473910
722776191.8543188572 1619098.9104362004
737947904.3676421642 2184051.7248076573
772368527.4587335587 2739314.6831359863
807098300.2668455839 3070712.4807128906
806876851.5738188028 3066264.4943847656
748717293.5570642948 2408251.5993937775
823697470.4747071266 3219448.2055053711
831910390.6267236471 3286790.5140380859
809767597.3212854862 3105474.2557373047
736646817.9512457848 2155041.6937858881
826409028.4007625580 3254168.2667236328
747854439.4923484325 2383641.3513469025
739487644.9390413761 2232022.6735104695
748907557.4327051640 2411702.6011027619
754874544.7602219582 2503404.8616057336
843853574.6913611889 3339832.9936523438
740872221.5044674873 2268575.2542219535
725216566.1967436075 1747049.6100363545
734741650.6948486567 2100485.5971817626
746090696.8244216442 2356996.4605688490
735110320.4233199358 2117069.7607132876
840036106.5493763685 3329721.4658203125
727862834.7015367746 1860280.1730064647
754106439.8072772026 2495668.5091612190
747071779.9893398285 2361237.2833503559
734434515.1359802485 2093748.6651866909
727914027.0360062122 1864923.7896000938
743647642.3295333385 2309837.4825141700
734000721.8335764408 2079740.9692239414
735919887.9583892822 2133391.7495634379
805879964.1385298967 3060681.4594726562
734792040.2348780632 2109389.6503873877
831098715.2517036200 3280154.5111083984
831359291.8560498953 3282826.7908935547
729943199.8886716366 1946302.5066822940
734785098.2976722717 2104201.9124230398
770061329.0003381968 2732184.2638702393
733933883.6749520302 2077134.4087419459
824686373.1516039371 3228186.8719482422
742099680.2631239891 2278488.4963304261
828638799.8424382210 3255248.8222656250
844415828.0565699339 3351482.1679687500
737232389.1498684883 2166368.2806011662
738037384.6305813789 2196189.8576309280
788044122.1107871532 2908747.5434083939
787808911.1626057625 2904015.6621828079
765489112.0798537731 2664875.8662908077
830759683.6130905151 3270661.9802246094
749235082.7876620293 2414611.7581439540
727687916.5492236614 1856958.5451174402
767259051.4951462746 2680964.7533435822
744786003.6505436897 2328064.3729392588
728245268.8557711840 1880195.6594887571
764632140.2350604534 2645837.5977981091
762457975.3147988319 2599745.5936300457
762109998.4139113426 2593180.4753439128
737915754.7373238802 2182803.5481881970
821153768.2327992916 3215693.0587158203
733598524.0026060343 2068170.6065985162
777744770.9633035660 2800756.8202209473
764324720.7309792042 2627823.7144331634
769565079.5568683147 2714732.0861511230
772995101.5450484753 2762091.7456970215
809015115.1534512043 3092519.7376098633
773413433.4787802696 2776404.0218200684
729852675.8975104094 1938995.8896811979
734592967.7575747967 2098188.3095744001
773222526.6783931255 2768256.3460388184
785996117.5339040756 2878560.6492919922
786006683.0467071533 2888279.8212890625
773613505.7032735348 2779728.9001159668
730579194.5516753197 1971328.5037409442
782703084.4634668827 2834208.8193359375
782618596.7607560158 2834016.9492187500
728133986.4114788771 1877330.7982828596
733333729.2131134272 2061743.4667697737
796691163.6088283062 3003274.5800170898
781218074.5597966909 2810923.1121520996
773339608.3281546831 2773532.3770446777
761928242.3656189442 2582393.9556189477
761791581.3944807053 2580510.6743730009
820806702.3613277674 3196705.8365478516
779681317.7117627859 2804592.3699645996
763934550.5727465153 2625941.1908206940
750898441.6213552952 2436064.8144044727
750483077.5914762020 2426295.8982667774
751879073.6500065327 2443644.9172000885
797651749.6020538807 3023344.6940917969
801583357.6671086550 3049428.8142700195
750666966.8408666849 2428487.8098878711
751346897.1853485107 2441532.5532848500
