106919962.6507544518 220261.0165557861
105821805.3935611844 205123.9466190338
104427755.2109254450 183514.0724784136
107401286.3018081784 226307.1682739258
106172239.4614941776 210285.8098450154
103093864.2059198916 138503.8166931742
107413161.3063319474 226503.0597839355
108082790.9187402874 233851.8348999023
104260197.8682977408 179555.2175933123
104467032.1740129441 183547.4427543879
103294387.2211091518 152493.7722350233
110891977.7974403352 247930.2385253906
103469398.0305465013 160107.6989089125
104746005.3592699766 189277.7357627153
110129166.3392555863 245924.8789062500
106184114.4660179317 210481.7013550252
104347766.1221210659 181299.1780081987
110538205.7103756368 246724.9526367188
108822376.2731449604 239931.2156982422
111411997.0887010098 249194.7526855469
111112709.5837422162 248421.4035644531
106260638.9773176759 211195.2708740681
107223594.4999750555 224172.1381225586
105239432.5088317245 198112.0198001862
107253623.0704063773 224578.5787963867
105408379.8047923595 200165.0779543519
108417609.2448401451 237270.6414794922
107783467.7995171398 230433.0283203125
107224740.9380002618 224368.0296325684
105429641.6001020223 200331.8482913971
103860151.8988863379 170781.4785138243
104918596.7913967669 192631.7149753571
107897530.2524603158 231720.3107910156
108554503.0520645082 237470.5405883789
105011830.9742477089 194005.0067234039
106644787.9905143529 216001.2058715820
104965183.0918388814 192789.3568973541
105058417.2746898085 194162.6486454010
105130438.8543379456 196209.5372562408
105146198.3259808272 196738.7280521393
104556483.8995154500 185930.3167848885
108353503.6284905076 235672.0961608887
107707492.3336523026 229921.8663635254
105379231.8364133537 198682.9200687408
103684519.4234227687 166674.4654370421
104518647.8925231546 185401.1259889901
109948220.9539055526 245433.7138671875
108178919.0812944621 234627.9554138184
108042310.6597521156 233340.6729431152
106017611.5756497085 209039.5560913533
105517069.0433043689 201705.1400394440
103836977.8021414578 170128.2078466415
105221088.2963809818 197386.9374942780
104391228.1370163709 182510.1364260018
103759126.5721613318 168437.9955884092
106895496.4051977396 219830.1386871338
105686678.5816897303 203750.6548709869
110622494.2710492313 247130.1647949219
104018544.1356832832 173652.4570531845
110730537.3404709250 247216.1176757812
104381765.5003182292 182342.1568657160
107844100.7551946491 231209.1488342285
103297835.2392630130 153287.1485649222
106851009.5412755907 219661.9405822754
104177866.0401040614 177655.4012823105
109144841.8650088757 241330.9943847656
109298383.0032319427 242618.2768554688
110682041.7282525897 247162.4230957031
106930409.9106799215 220949.2230529785
103715859.9403699040 167211.1827001572
103418860.0002249181 157403.8885556334
103440656.3999342322 157716.9593940848
110849441.7120960504 247876.5439453125
106701874.6818969697 217081.4133830070
106662329.5192392617 216867.3341636658
109791928.4694040865 244195.9492187500
104028920.8486477733 174339.2897710800
104002233.5646405071 173548.3882055283
111099898.6153091341 248367.7089843750
108738092.4772943556 239602.0646972656
103217539.8897427022 142227.8370255106
106553838.3660965413 215535.3888511658
103239026.9446324408 146823.5663276785
107602285.7253821790 228105.6127014160
109092470.3369052410 241150.9082031250
111668716.3201627731 249658.9477539062
106656662.9950381368 216197.0973815918
103909654.7967559099 172145.9223004454
108191385.8067655861 234834.9985351562
106821918.7575371861 219617.2777404785
107183036.0790486336 223291.2963256836
108820578.8977672607 239803.5252685547
108877619.0975160450 240692.8032226562
108064067.6489390880 233547.7160644531
104848014.4665722698 190878.7446800470
107437919.6999538392 226738.8116455078
105570844.7501839548 201707.0926109552
103571373.7327551544 162691.9630561941
103868030.9691806436 170915.7161236876
109527457.0481896549 243508.2402343750
111362722.9076060951 249141.0581054688
106592847.8994280994 215852.0956115723
107434918.2955189049 226710.1029052734
104859889.4710960239 191074.6361900568
107728102.8848140687 229933.0179748535
104547021.2628173083 185762.3372246027
104753047.5691903532 190035.3772901595
107856567.4806657434 231416.1919555664
104587791.8066912591 186615.1969312727
103555224.7277210951 161693.0474682921
104482404.7755098641 184058.5898366147
104478225.9784866422 184005.0136862993
103995119.7245578319 173451.0090551376
103850540.4161334336 170131.5042554014
103769503.2851258218 169124.8283063048
104353148.0621868819 181750.5423270464
104829346.4165807068 190612.9076786041
104484848.5995323956 184200.9051963091
103495942.0498888940 161304.9010972381
105938962.4278818369 206931.9603882283
103752012.7320786566 168340.6164380186
108580440.6467790604 238557.9239501953
103563494.6624608636 162557.7254463308
103853288.3731842339 170232.2766942978
104655356.7455094755 187621.0855551958
108891633.6155174226 240889.3471679688
106296877.4948266745 211898.6475989223
103593870.8096622676 165017.8152295225
105223673.0371888727 197582.8290042877
108234019.8196102679 235139.1173706055
104518403.8246859610 185170.7226859331
108382543.4588806629 236277.1437988281
104194176.6111468375 177759.4701299667
103535408.9340768307 161305.0908337706
105393282.5755742341 199628.3438358307
103472846.0487003475 160901.0752388113
106074799.1031400114 209108.4096069783
103542522.7741595358 161402.4699841612
106344882.1500179619 212558.9632926285
110944866.0205495805 247935.7722167969
110461502.1494156271 246698.2280273438
104262499.4484263808 180093.8921195269
106881511.7537164837 219757.5820922852
103382851.9312564433 153960.9622322195
107604870.4661900848 228301.5042114258
106973931.8297221363 221035.2323303223
103934759.0476249009 172545.0086651915
104492345.4305454493 184673.5800834894
104815751.5703685433 190569.5284061432
108724077.9592929631 239405.5207519531
103692398.4937170744 166808.7030469053
107590855.9481887072 228104.9602661133
104719946.9651294649 188780.5931602716
103748801.8244185299 168337.3200292587
104420641.3708427548 183416.6933280230
107423043.2909951657 226514.2113952637
109456046.1074545383 242626.1135253906
108413399.7779880464 236976.7183837891
109165276.7385185510 242037.5693359375
104885202.7276285291 192200.7735191584
107729249.3228392750 230128.9094848633
104811505.1933608949 190373.6368961334
104981007.3328675926 193989.7087650299
104969132.3283438385 193793.8172550201
110321567.0317315906 245978.0402832031
109549100.1937071830 243704.7841796875
107486842.5720794648 227014.2217407227
103293119.3450010270 148357.2628314288
104643996.5284191519 187327.8148947954
111331494.4971958548 248893.6096191406
107569599.0961683095 228101.4542236328
103234845.7002363205 143273.0903755301
104665229.8205606341 188093.7604423761
109815914.4637376815 244713.5261230469
107553288.5251255482 227997.3853759766
106130692.4421912879 209347.4096180797
108288555.2247342765 235293.9801635742
106401813.3287058026 212613.2254639119
105144471.6251822561 196223.7528324127
103428811.1878384501 157652.0901008719
104082539.1867711097 175566.1026593321
104110440.1519997418 176314.9463887289
110373706.4684782475 246638.9997558594
103979616.9058782160 173051.2478314512
108078581.4518881887 233557.9118041992
108323015.8687342107 235299.2919921875
103402145.8886684179 155204.0812518389
103666673.5118608475 165510.1302167051
103906906.7113075554 171459.0895825499
109834693.0454031229 244910.0700683594
109294249.9691316634 242262.6389160156
105894220.3780733943 206514.7672729939
104173187.8005315959 177222.7528668516
107894992.0266583264 231426.3876953125
110566914.5623499304 246900.5607910156
108574054.7562938035 238361.3800048828
111662759.7099454552 249541.4936523438
107346426.6197964400 225351.0267333984
108566940.9162110984 238264.0008544922
107353540.4598791301 225448.4058837891
104790278.1896520853 190342.5886478424
107975575.9732166380 232188.6398925781
107296574.0116972178 224733.4415893555
110879359.0364721566 247903.5139160156
104964108.1333683431 192696.5423423052
103718226.5376830250 167837.4612256163
107546174.6850428432 227900.0062255859
105119158.3686497658 195097.6155033112
104650619.1494648904 187523.7064048052
103163903.2414822131 138812.1119094961
105965285.3763987124 207679.0851440877
105605674.9300788641 202062.6378943324
107173077.6214909852 223149.2543334961
107180191.4615736604 223246.6334838867
105327935.1276604980 198643.8313147426
105598561.0899961740 201965.2587439418
105320821.2875778079 198546.4521643519
106439659.2431467175 213469.7206532359
106449232.5886089504 213554.5461327136
111626201.8994448781 249422.8188476562
111055042.4971479326 248138.1049804688
109791227.8015189320 244071.1442871094
111946874.1908751130 250432.2968750000
105660178.1783202589 203024.8348636627
103173699.4532811940 142120.3767906302
109716696.5417762101 243981.1159667969
105606996.8497986794 202141.5249751210
107393433.0705603361 225712.7957458496
106997724.7301799804 221059.4230041504
109713031.6711670309 243854.1423339844
107653565.7849860042 228830.9769592285
107099102.0432399958 222293.9891662598
107106215.8833227009 222391.3683166504
107376225.4882744998 225525.3403930664
104218326.5482162684 177766.0873746872
104149042.6280138642 176435.0925168991
106407115.0424486250 213206.2885599136
104336210.7967887819 180651.1642295122
107048027.4626433849 221199.7273559570
104329096.9567060769 180553.7850791216
104254684.1521513462 178323.3594846725
110606855.2935323864 247005.3598632812
107014670.4327151030 221104.0858459473
107211019.8280832320 223395.3651733398
108019373.8572103381 232470.5284423828
104151765.7068295926 176437.0450884104
105069181.0175401866 194523.4728510976
108177423.3534958661 233902.4779663086
104158879.5469122827 176534.4242388010
104173050.5314406753 177066.2357533574
109035257.5947429985 240975.3564453125
109258142.1900743693 242180.6423339844
107345295.3024664819 225270.1283874512
108549078.8169423044 237360.0059204102
107352409.1425491869 225367.5075378418
105822648.8312072754 205733.2068030238
105867379.1851819903 205985.4487463832
107645652.6576730460 228688.9349670410
108354192.1833101660 235889.3350219727
105666813.1664087474 203499.1627356410
108361306.0233928710 235986.7141723633
105772722.4715412110 204941.3079993129
108008209.7289487720 232415.6698608398
108378806.4422197938 236183.2581176758
105918695.3828790337 206931.5082435608
105952533.5566735864 207524.2223511189
107050964.2751461416 221851.3218078613
105571008.5611696839 201710.2274897695
109135474.5672804415 241171.1643066406
105358972.9925696403 198645.7838862538
108026487.6972930431 232567.9075927734
106789522.1718011796 218143.2467613220
110776673.2126281261 247274.2717285156
106523506.0362236202 214941.5510120392
106583076.9807849824 215779.5180527568
106485617.7222835571 214492.2355820537
106496217.4631917775 214589.6147324443
106282939.9173632860 211779.5363731384
106275826.0772805959 211682.1572227478
106218802.9359530956 210956.5678590387
106133561.6686429232 209866.4987522513
106090004.6063021570 209177.1472816467
105073753.3141810745 194535.0678218007
106097118.4463848323 209274.5264320374
106225916.7760358006 211053.9470094293
105890850.5793933123 206359.2625891566
105752368.9442224354 204843.9288489223
106096032.0505694896 209262.9314613342
105647462.5579445064 202824.4951667786
105805982.8107413054 205071.9801184535
106476227.2963742912 213795.6695213318
106767430.7968217880 217884.2481079102
106774544.6369045079 217981.6272583008
106751120.2257790267 217780.1792602539
106758234.0658617169 217877.5584106445
110354699.3121666312 246004.7648925781
105114857.4579540789 194933.7066462636
105391689.6767133623 199151.4442602992
105506340.1912586093 200816.6155512929
106728503.8983963728 217185.7932739258
