145264727.4350641072 59770.3378416918
144731420.5027926266 49184.8973611628
147533672.7788871825 81499.6412772834
152039542.2688757181 97431.7735285447
144918471.2447516024 53468.2967283612
144601894.2622400522 43574.8715858234
144891323.5518782139 53201.5269772441
144841957.3867079318 51574.3663134520
144958687.5674018264 53980.6852414788
144684700.7785127163 47312.6990080213
144788066.1241260767 50690.2510293757
144933707.0228542387 53719.4010305215
144806240.8105141222 51212.5622137820
144911870.5737875700 53246.2094871217
145000901.9190377295 55275.2500663430
144826142.4569078684 51555.2587775027
174350455.7082897425 166407.9868164062
144643753.3990781009 45513.5376974081
145061613.5605646372 56018.0622137485
144869487.1028115749 52728.1302946841
144650354.0700420737 45557.2281742429
151850077.4545549452 96807.7458574250
174704347.5474296510 166558.2261962891
147008360.0096394718 77806.9225222468
151488988.9053799212 95183.8598253205
147599860.3485910892 81505.1175410151
148806943.8122201860 87247.7344758511
144678100.1075486839 47269.0085311865
144947453.2986017466 53941.4805652593
146230311.2816061080 71814.0568962640
145164186.4777884185 58050.3028438122
145430432.6018685400 62333.6346763668
145274384.5478892624 60099.6069514782
151730316.6996776164 96800.6003005356
144736180.9010263979 49429.4517144596
151465447.7887860239 95149.6890676692
145020887.5890308321 55309.2193871681
147684204.2759603262 82168.4391562641
146582254.2275388837 74466.9187642634
144495197.4634718597 33614.5224699929
144549395.5256001949 39892.1896003573
144979205.6248188913 54760.3665751797
144564930.2892676294 41573.3338329949
144638414.3783702552 45435.8156362509
146537733.5626017153 74408.0124490506
144745983.1284785569 49449.8718637263
144593363.6171152890 43377.4125273353
146245936.8314939439 71846.7650214678
146550089.6584865749 74408.8067417480
146482348.4178610742 74229.3250849284
147465619.9204382598 81459.1169880331
144591773.2262047231 43331.9087054520
144614667.2808729112 43740.0539974009
144653626.4758388102 45586.9874431228
147477540.6950320303 81484.7585665584
147177960.4746265113 79392.8866871297
144609328.2601650953 43662.3319362437
144517557.1455430090 37761.4510448232
144530330.1641758680 37939.6769774213
144503835.8777962625 37290.7487280361
144599712.1969943345 43411.6841713577
146217960.4338641167 71559.8936440426
147383970.3564327061 80832.1726978719
144511397.9123528898 37556.0866339199
144524991.1434680223 37861.9549162641
144578523.5203827918 41920.6210441082
144663428.7032908201 45607.2162319159
150755684.0488068461 89716.2123091891
144583862.5410906076 41998.3431052654
144535802.2944850326 39544.9023892440
173953714.9864106178 165918.9992065430
144570269.3099754453 41651.0558941521
144571089.5224577487 41820.1054691761
151908408.7301450670 97368.7608894110
150466646.9027403593 89462.4231920876
151506830.3122314215 95183.9747240022
144541961.5276751518 39791.6740254252
146760870.7031707466 76565.4543367028
149179830.9384358525 88875.2618734539
151711696.8592469990 96020.5691453889
146398628.4342184067 73861.5677757806
148653446.7680957019 86715.3932572603
147331362.4119697809 79900.3019930720
152256637.1341264546 97803.2967927046
144633653.9801363945 45191.2612829542
151552860.4116141796 95951.8998949006
145944913.9216268063 69152.2499505526
171630370.2762168348 157084.9344749451
148785554.3868682384 87200.1186600924
146616822.3605352640 74566.1431995928
172603637.1089819968 160040.0482482910
145123460.5062547028 57341.4600172318
153356449.9622590542 100048.6778789237
149189661.6343433261 89271.2380893081
148772597.8780770898 87179.7748651394
144794666.7950899899 50700.4654420649
151207505.1564694941 92198.4503071718
145454756.8895999491 63119.0107386304
144560169.8910337687 41328.7794796981
144587012.8279708624 43087.3543521552
147177411.3988627791 79229.5103685325
174367927.9273101091 166543.1301879883
151286651.3428663313 93192.8462454230
148536423.1242721081 86397.3957024813
147173968.3996355236 79199.4682047432
145960539.4715147614 69216.2961193996
144566329.1242238879 41575.5511158793
167502261.6322866380 141702.4983776729
145558806.9685949087 64131.6655709392
147418739.1931604743 81222.0985300606
145609961.1536104679 64688.2745512068
145943754.3863266408 69067.9215366489
148418781.1689508855 85166.9768143892
173735959.6574960053 165808.8638916016
147883989.7944777608 82275.1678262651
146756584.4643023312 76395.0114565268
151463962.0132222176 93976.3293687776
148312971.8558743000 85058.2766190767
153021102.3808115721 98793.4884257987
172733477.7335564792 161633.9940185547
145791266.4065436125 67079.7024686872
145366778.0408678949 61682.6534038228
145370976.2657841146 61790.4559775037
147118803.3169600666 77831.3146783954
147325601.7999419570 79497.7897989219
145144791.9969257414 57997.0672751740
173499900.1287334859 165253.5086669922
146055799.8176323175 69653.9380647617
146054127.6683559716 69516.3769337069
172691373.9568062723 161023.1610107422
144668767.7239986658 45684.9382930731
146075375.4011226594 70152.1138130671
173978977.1057098806 166258.5834960938
147164797.2959444821 79189.1018908983
173694511.1214865148 165347.9572753906
145460296.6979739070 63124.2478319002
146288721.0872098505 72111.6440955645
173318276.0527120531 164932.0264892578
146003323.7272304595 69481.2014996487
146043758.0639681220 69481.2058945110
161323572.6558596492 123093.9820664078
163063053.2327249050 129448.5885149837
145344762.3964571953 61360.2150217835
146081721.5692457557 71352.2247245181
167651005.6497133076 142876.5108288448
151156801.8602589667 91234.2981762998
150818056.9930023551 90038.4640639499
159836961.3507588804 117654.9094727193
146525850.9904281199 74286.4975340477
146722120.0792824030 76245.3375887981
145782196.5572953820 66732.7444635874
146522425.8055202365 74251.6994383781
144861074.8560296297 51737.0303273742
146564608.6568504572 74410.4180236802
167044651.4296312034 139411.0165367927
159575152.9162660837 114322.6159393941
146347251.3664478958 73137.8517840444
150955812.8214954734 90937.2582837231
144848558.0576718450 51618.0567902867
145864905.9610684812 68062.4404861576
147172870.2734695077 79191.1952510289
145474716.6509572864 63223.7855068611
146690207.8282544315 74597.2709410636
146434161.3878500760 74021.9578313379
145518698.3595436215 64108.0755973554
146504584.3986687958 74251.6415503471
146229151.7463059425 71609.0991607320
145490565.8023243845 63838.4936824537
145931884.0599378049 68592.6003593289
146385465.2555362880 73656.5908446920
145834290.6729822457 67620.1732419974
146699668.7636324763 75184.7050841301
145662892.0398173332 65281.6715741148
163148554.8570859432 130734.2453753352
162593693.0128880441 129249.2741152644
150975520.5773061216 91031.3739044687
145598237.8653084934 64496.6833201093
145558558.2054315805 64123.4363967425
147912791.0573379993 82926.9895176291
172302730.6965622008 159818.9154357910
151209632.6725504398 92886.1447866634
144980671.2663805187 54795.9459695745
167351209.3331486583 141628.7580194473
144757922.8201502562 49537.8083375728
151361077.9947739840 93370.8701894954
145056708.3346730173 55974.6173028988
144910248.3592812717 53230.4946408812
170429909.1057336032 153855.4286873450
170688240.3564808965 155268.4469978919
144766592.1451668441 49608.2409065528
169712582.8158859909 152828.5759852594
157014678.9237383008 109589.4316494167
145270385.0719985366 59976.4983745260
145791266.4065436721 67079.7024686872
146825419.2645373642 77106.3983589079
172953625.4485628605 162658.9858245850
167591495.6929959655 142478.9635104362
151094395.9363459349 91230.1508984677
171826043.0271376967 158551.2559814453
148263470.2527250946 84298.9610123038
145357171.1645526290 61447.5475607557
167098228.6079893708 139711.8345745723
162035969.4596247971 126809.4265145407
145043425.5448615253 55751.6373110171
144729985.3306482732 48529.5959778165
146670481.7689487934 74584.9493813001
146996187.5050449371 77195.4850804255
169507141.3385615945 148513.5071528619
145560945.4422745407 64203.7463593065
145321992.1238439977 61050.2895438267
153962377.9393554926 100279.0249736980
145100690.2336414754 57031.7941523120
169150903.1677731872 148466.3436189250
144726062.0765403807 47768.7953097685
145383874.9432344437 62040.4628331755
145129801.3966908455 57487.4195246072
145512249.3099607229 63838.4937277479
145898632.5027848482 68416.0536333107
145105080.6326710284 57302.2585919477
147188214.4019705951 79493.1567217753
146997863.9366398752 77470.5354763911
145898431.6563563943 68241.9201682889
144994441.4029214978 55223.5522019840
145090834.3717908561 56929.7072312809
145260778.1956832111 59741.3925314588
145557806.5257333815 64115.0443198276
145693622.8612407148 66003.4166271335
154541717.7426606119 101077.7022301555
145254505.4127129912 59478.8083348317
145849936.3704710603 68050.7236644870
144624469.5083249509 43760.1056621706
145308187.0226125419 60707.5896231724
145383874.9432344437 62040.4628331755
145357171.1645525694 61447.5475607557
145308187.0226125121 60707.5896231724
144759991.4742028713 49564.5504297180
144854474.1850656569 51726.8221707885
157715482.2695728838 112302.2744753063
144751322.1491862833 49527.5939248835
144772508.2725606859 49717.0062870546
145211794.0537432134 59001.4345938755
165487743.7930788696 137631.5159127116
145583249.3672930002 64235.8827705562
148056887.1015233994 83452.7798591600
165307114.6340474784 134259.7502877116
144718237.0909718275 47704.6154426372
144711636.4200078547 47694.4010299479
163797551.2290920019 133317.0203387141
159667693.6778081954 115483.2414426063
159216482.4385978878 114294.7662839149
144522896.1662508249 37839.1731059804
165534747.5370519757 138642.7439400554
154291116.7081313431 100606.0282674804
168391233.8508255184 144988.2045556505
145027540.2940267622 55408.2049055526
148618814.7321627140 86586.9021429420
144554734.5463080108 39969.9116615145
168334712.3445684612 143843.1620283127
167258473.1286038756 139949.6290101926
154647783.2179844677 101552.7854874507
154308216.0079731345 100902.1832357422
144547300.5483829975 39869.3960865824
161956970.8443875015 126534.5543232342
162336342.8281826377 127418.9407978436
144500456.3500107229 34252.0224077240
144541141.3151928782 39622.6244504012
144516736.9330607057 37633.8086950771
148238512.0178960264 84191.9406616688
148250364.1648655832 84291.8716800213
148646195.8193337321 86591.0865301490
163731152.8531475365 131811.7364339828
156841787.8888660669 105573.6838928014
144534537.6515190601 38050.5570604340
148207588.6740524769 84036.8863218944
164488819.1317603886 133876.0577079965
154868792.6078057587 104643.1098885536
168683530.1728440225 146759.3785615186
161783761.0285416842 126427.7530304841
169123606.1115556955 147668.3781953077
160690199.9307679832 122738.6270174980
160636939.7159253061 121033.4766699560
148163223.6657839715 83460.4511408727
148480242.7499441803 85845.5810052156
148459356.8199310601 85843.3572503328
148519310.9938431084 86168.6687432528
148511729.0496779680 85948.5530205965
159835327.8221128285 117249.3685449711
151201006.2427794039 91783.5642528683
144720305.7450244427 47731.3575347824
144726906.4159884155 47775.0480116172
156997381.0782940686 108920.8058665991
148182736.7683096528 83812.4444108526
158414167.0316526890 112475.5857058316
158596095.7444538474 113561.9157193205
165453986.7802776396 136152.6625156403
154420678.9802940190 100928.6794974059
158418200.9382521212 112545.6930549196
159870592.2743143141 120630.3201806596
157588928.1547276974 111452.0071454048
158635050.9218592644 113940.8686279408
