217058481.5904849768 2230.2714483732
225731536.4616877735 2822.0406383928
220429924.7158813775 2484.6979815410
231778735.6322516799 3074.7938070297
226293390.4372005165 2848.5261125024
217009853.2745211720 2225.6629268546
220097517.3092301190 2454.1360050905
224559300.0546810627 2756.2190984841
215046503.6563319862 2022.3350033914
226461452.1027863324 2855.3458235264
216006132.1610192657 2135.4697078621
226614382.3728011549 2867.2267019749
217099579.6393825710 2231.1557156462
222793440.7021081746 2639.4056185447
217291198.4231180251 2253.4538308972
226084384.7453123331 2841.8451017793
215067223.7085101604 2036.8419604456
231429324.0420532823 3065.0315346718
214141302.9205863476 1892.7539533252
242943730.4257732928 3216.5956773758
226309254.0828821361 2851.1223137379
227375904.3093946278 2904.5818183422
219977753.6916432977 2449.4034107106
214089943.7674007416 1875.6196886598
215511458.3696499765 2072.1086812173
226227411.2342457771 2843.7719006538
216217248.1266452670 2146.7224778091
225779256.4553932548 2825.7407135423
220164118.9505735934 2474.1163962702
214994607.6729458570 2002.0955352937
216369680.8746050000 2168.1605653162
225929570.4612816870 2836.0943121370
217457934.9665540159 2257.8106686976
217343401.8606949151 2254.1705963034
213525934.5037764609 1768.5388877807
225976260.6011720896 2837.7192305978
224444567.7937659025 2747.2109226342
216098006.7916918695 2145.5862292205
227241313.8526458740 2898.2422481775
227271179.6773592830 2898.2820268869
214368865.2684156597 1916.1149670537
220319369.8669722974 2477.9080673922
228428668.3721250892 2944.8367323279
219314443.1626545489 2409.4840391543
220556439.5244009495 2494.1836396772
221055121.0561152697 2534.9002024401
217688841.6863121986 2269.8666680131
220891642.3169915974 2520.1028577555
226947818.3107261956 2876.0076691210
227710897.1015673280 2914.2185522318
218994650.7321040034 2397.1591909792
213300710.6831280291 1700.8990307269
216439866.9668302238 2174.1327895080
224460581.6283481419 2748.5868515130
215783899.1090141833 2107.3938559448
215844235.5357499123 2122.8008302604
217766572.7915480137 2278.6208649898
220647508.9079060555 2502.7686230410
216365568.1264908612 2167.0804948085
216223487.0738696754 2159.7755116378
222348281.0282506347 2619.5414243212
220346695.7911557257 2480.6633459646
226010493.2889484465 2839.7943872865
216046528.3695761263 2143.4713119423
225926501.3299680948 2829.9906076845
220722515.2933199704 2509.2482534964
215760862.1175496280 2105.2320531761
226987848.0820073187 2877.6315866709
220537341.5420841873 2490.2419233639
224692344.8724870384 2763.6271885987
224413388.0452263057 2745.8734397050
214311786.2938097715 1899.3350779115
227071840.0409877300 2887.4353662729
216106318.3806564212 2145.6251200592
223004623.9579705298 2649.0076955520
242478729.8556247056 3216.0904779434
220837590.0980150402 2511.9722086508
222438322.6859636605 2625.9649485501
214285538.4363702536 1894.6490092749
216799423.4092591703 2206.3848983664
218000279.5529569685 2296.6622507859
222080234.8315339386 2604.1656974705
218049341.9348385930 2298.7798211861
217958700.3758182228 2288.3133944008
225565712.0644487441 2811.3996042665
221472316.6874473393 2563.0172256399
217820572.7315628827 2280.9130998984
216889254.4410492182 2214.9568189962
217211242.7253938913 2239.0906326193
228247245.8059670329 2930.3968229294
226783631.8397254050 2867.3457240518
241061739.0731673241 3210.9219074249
216527883.5270598829 2176.0216588362
221944549.4458101094 2596.9660310021
221496675.0847795308 2565.3124846388
222892462.5474078655 2649.0036424361
216361840.4042235911 2160.6384271537
216693395.7927053869 2200.9561066015
221893760.3207910061 2589.0732287636
216660780.7286670208 2193.9125632627
214568653.4023396075 1931.7672405067
222212425.2561423481 2607.0089922212
222719606.5643995404 2638.3945602141
227930857.7798335254 2914.8501313925
221333904.2915961742 2558.2108191720
213415898.1821671426 1714.6316140113
214018009.5242045820 1873.1425345415
221005001.0405607820 2525.8907174040
216988916.0771498382 2216.1064859225
216611718.3467853367 2191.7949928625
221226853.5983029902 2549.6627797056
221547464.2097986937 2573.2052868772
217026944.3788791299 2229.4637760504
215769173.7065142393 2105.2709440147
213479368.6668473482 1762.8799585370
215721759.7757741809 2095.9283860962
224557753.0132434666 2751.5842385292
226820379.3801505268 2873.9704730511
219776230.6284820437 2443.7251861956
223652971.3693740368 2695.3769793510
228137173.1368940473 2928.5970637798
213756636.1564061344 1844.8834252322
221697942.3180917203 2575.8077658582
238379155.7884531319 3207.5928945541
221100685.1053767204 2536.6187070776
220491854.4010082185 2488.1213522721
225518635.2412115335 2803.7380061746
218915037.2157073617 2378.3260930817
236880979.3728223145 3197.1143226624
220585065.9272901118 2498.5093394089
213421040.0212527215 1731.2721970497
221854140.7397215068 2583.7005680967
232679132.5693967938 3093.0127501488
213345580.8706694841 1711.8465297637
218182226.2426059544 2309.2691687386
221690789.7239522040 2573.4281290937
221749101.2998689413 2576.4072178770
243391695.5424600840 3217.6109428406
237815897.6961174607 3205.8817138672
216989199.9530390799 2217.9116637984
219435140.7982657254 2415.9504063437
222556715.0625923872 2628.3266943509
217913537.5733922124 2286.6198319833
235272285.8401098251 3164.0229461193
234587102.9243604541 3158.2574501038
235554968.8142662644 3180.7507343292
222518589.4992080927 2626.9792866968
219553143.7953833342 2423.6588080790
217749736.2615747452 2274.6413149278
215384073.6805938184 2055.7658431545
215417539.8903811574 2065.4007566884
214547728.6018330157 1918.9765171424
234753207.9689461887 3159.7831206322
231999941.5911925137 3081.7019438744
237567525.7264963388 3203.5812568665
222712432.3525588810 2633.3255529664
214572330.0466772020 1945.0272528524
222811232.8662927449 2641.4862437509
214572330.0466771722 1945.0272528524
214776120.3477291763 1962.2940128866
237484620.5092958212 3200.0096015930
242306867.3915612102 3215.3333950043
217607821.4173608422 2262.9301232736
213577254.2788809538 1793.3200799818
219744733.5010243356 2439.2064936985
221840275.8479030430 2582.9386587404
218026998.3493125439 2298.2884825062
219640109.2765960097 2434.6360667576
235130818.9282594919 3163.6003847122
235396517.1759350300 3169.5405864716
213903937.8602114916 1861.2469012397
234783459.8850252628 3160.9974756241
214904820.7689310610 1979.1406721468
219895821.9458621740 2444.5933788683
220099446.5577251613 2458.3227294315
220023677.4268783033 2452.8479927410
215357715.4428813457 2047.2127369466
215803953.7175121605 2113.3090180313
217720812.9378063083 2271.2193997922
236090971.3075498939 3189.3702239990
215821722.5375393033 2113.9555877855
214922278.8591013849 1983.8682339202
214655969.2930348814 1948.8220375651
218447978.5897880793 2338.1308701876
220867277.7284066081 2516.7340855263
214919534.0642651320 1982.9663666311
215699794.7389942706 2085.7581990781
214564826.1994144917 1919.6622561091
218374590.1358331144 2334.0609838770
214730550.5387615860 1960.0230654302
221792053.1615979075 2581.7427840494
218530302.7559917867 2345.2968476656
237793630.3965085149 3204.8266716003
219293358.0996426940 2406.0730642941
218859691.8578767180 2373.4521025087
215302357.4780271947 2044.2477520528
218870216.4271057248 2374.6560384872
232181318.1060022414 3085.5418858528
234740733.4400821030 3158.5203866959
237507052.5916588604 3200.6186447144
218697981.4107021093 2362.6443516853
218604141.1504588723 2347.0599651988
214295274.2792099714 1897.1466072178
219196583.7509967983 2401.7454079058
223744622.7605558932 2700.8146328926
214276389.9089117646 1893.3158486956
218945985.5579525530 2380.1307751778
227640226.7565366924 2906.6755942106
219605308.4361934066 2424.5308068659
233434061.1079323590 3131.4141178131
237233459.4709346592 3197.4200963974
218282764.9872345924 2327.9313794429
227931319.5366906822 2919.4987884760
218642026.7079738379 2347.5985615220
218266869.3028262258 2323.3650699313
228231981.4435823262 2928.9612685442
219638150.0277648568 2427.9181452231
219611792.8908232152 2427.0138354735
236585371.4316538274 3191.2360820770
224911923.3713909686 2771.1856515706
242112057.1925496161 3211.8224525452
242144223.7111680210 3213.3511180878
235630823.2372890711 3180.8826293945
237299085.6098896265 3199.6573772430
241961480.8159843683 3211.2057838440
229207314.7819770873 2980.0077910423
236082360.1909717619 3185.3875246048
229986806.8594245613 3016.4668207169
225075611.2911842465 2780.5688298941
225031547.6840476692 2778.2220430374
222678159.3806647658 2632.9832082354
229389533.7134007215 2988.2390894890
224931087.6233972907 2776.4427419901
234218160.6026657224 3147.4699563980
225586599.0659748316 2813.5449734926
233723018.1627471447 3137.7869548798
229700066.3828480542 3004.3789048195
229734299.0706245005 3006.4540615082
229454101.5393581390 2994.3246235847
229488334.2271345556 2996.3997802734
225322120.1456089318 2799.0380164385
225492222.3579441905 2801.4531911612
225206038.8274970055 2790.7595745325
225367976.7553126514 2799.2281409502
225457989.6701677442 2799.3780344725
231105303.5714305937 3056.1850342751
231614341.9372630417 3071.4974203110
231525239.0716508031 3068.5960922241
233894251.3157713711 3146.2857418060
234249982.2950606644 3155.9444036484
233307267.4204607010 3127.3490395546
234235820.5981425941 3151.2713713646
223345728.2291047871 2679.7566928864
231265180.4936827421 3062.2613420486
230312323.2768121660 3024.1569228172
233257351.9022883177 3121.4597811699
223631165.1033092141 2693.4595825486
223903365.2367630899 2717.8767006211
230939853.5879563987 3048.1691713333
223826418.8260988891 2706.5716101937
223836468.7282043993 2711.7250125222
223496166.2502511740 2684.8226529397
233477542.5560171306 3132.8834648132
230508301.9889005125 3034.4148149490
230461632.4911780357 3033.3621988297
230514634.0877713859 3036.0827403069
224233569.4914737344 2736.3954436593
233095178.5708962977 3120.5130629539
224655696.9984496832 2757.6254076771
232228580.5057332516 3086.8984642029
232294758.8380236328 3092.0128693581
230787930.4839448333 3046.7627811432
232233584.9579550326 3088.8136744499
230365937.8125371635 3030.4811625481
233708872.2966961265 3134.7000074387
224502140.0055605173 2748.9690472893
224199336.8036972880 2734.3202869706
224526212.8585582972 2750.9024007134
230383688.0435599983 3031.4825978279
232679650.4823604524 3107.0286464691
232963879.7697727978 3116.7201213837
232875466.7771120965 3110.9548683167
223524504.4947741926 2688.5328277480
223834831.2127988636 2707.9259802215
223160833.0321868956 2665.1554505062
229613844.7942658961 3000.8568582535
233260737.4934439063 3122.1183700562
231645661.2872916758 3073.5520181656
223021968.3914761245 2650.9747380018
235041765.9176210463 3161.2569637299
231582513.1602950096 3069.4046659470
229399352.7792642713 2991.9629125595
227981925.5074795187 2919.5309782028
228504254.0200504661 2952.7885964513
228949681.9849956632 2972.9326758385
228961739.4460496604 2973.1161608696
228461987.2547913194 2946.8450074196
228290700.2399405837 2941.3735466003
228783492.6470360756 2962.2144560814
228635465.5971643925 2959.5885186195
