361307534.1728771925 16576.1807986051
360836408.3371792436 16496.2706256756
361396136.4794930220 16608.9009142667
359992412.5469915867 16244.9662428796
369575353.3770105243 18176.3094425201
362198163.7870327234 16860.3999838382
362851451.1471135616 16991.0080942661
362755605.5520121455 16898.5195860416
360398540.4311010838 16347.1326577761
360353835.9796527028 16323.6736997464
363050946.5455992222 17047.1549677402
361673244.8368690014 16706.4276594669
363005131.7594849467 17035.7998442203
364240322.1796365976 17213.2811809052
353674253.8552529216 13690.0350206465
358272805.9434128404 15766.9407159508
357183435.5279082060 15446.6951912888
360353835.9796527028 16325.2505048611
357942488.8746082783 15694.1985449851
364403624.1824619174 17232.1858611573
360100612.7211087942 16257.6830688366
358538747.5454776287 15861.1731797875
359279679.4398183823 16042.0669394284
353929379.5508707762 13974.4761856169
358125583.6805344224 15750.4571980336
369808717.4534639716 18232.7841491699
359213186.9078397155 16016.0605003932
357135047.2498255968 15426.9216336259
361562597.1475805640 16686.6351484805
356937986.8030725121 15330.0938576707
364552246.9534475803 17301.0888972748
359783758.8182561398 16184.4108199533
357679911.9179962873 15582.8616191716
362046258.3265354037 16775.7086920291
359715194.9761562943 16139.1977973827
364062861.3211954832 17180.7567658890
362088258.1916341186 16797.4162039310
369806511.9675185680 18225.3510265350
365895584.7173338532 17565.4801503420
359732137.5298125148 16153.8909436882
374809339.6991157532 18543.3842544556
360961558.2838584185 16540.5977297574
366889029.0291720033 17784.2127515078
360817098.1071857810 16482.4711604961
354837962.7600312233 14490.3822525934
364257026.4535740614 17218.3550410736
360554330.5009592772 16413.6205130517
374307683.6936836243 18515.6898288727
357006302.2838781476 15340.6093675741
358812573.7307751179 15941.1647180566
376644095.7638619542 18639.1716842651
358635147.9811284542 15889.4400350273
360713331.2242327929 16474.7703467309
359033594.0279597044 15973.1342287036
359397009.7882815599 16095.4336919906
357683858.9579357505 15632.2131108292
359312296.7823148370 16081.7007020959
360184179.8209354877 16284.7382409670
357996766.8707347512 15728.6514880308
366870732.0901498795 17784.2095700502
357092406.3699900508 15400.0552344024
358699978.3175221086 15891.7265512169
369286403.1100974679 18130.2314853668
370175290.4765664339 18286.2487010956
376644095.7638620734 18639.3063583374
376492705.1597872376 18625.0448532104
367954786.0076599121 17901.3931403160
371158073.4032865167 18344.7829856873
361478734.3594904542 16650.9713415653
362608367.0490556359 16894.0243467838
362608367.0490555167 16892.5357450992
360398540.4311011434 16348.6212594607
357274217.3476784229 15481.9197606095
357077156.9009252191 15385.8998011597
356909901.8482274413 15312.3425123342
360583850.0319042206 16417.0784445703
353821053.0628260970 13943.3807037444
353957676.3576925993 13990.1279419036
371825146.4301105142 18396.4430122375
372216087.8271305561 18440.3822345734
356768620.2557961941 15175.4518725098
358521065.1956984997 15825.8924473622
356781879.2528477907 15262.1511390456
360528582.1496676207 16397.7063857019
358953119.0558708906 15941.9717266657
366700347.2038408518 17734.3439599276
362836223.2950621247 16924.2437357455
374468109.4057148695 18519.4184055328
374892399.9761364460 18587.7058868408
362372911.8207201362 16870.2634005100
359213186.9078396559 16014.4077370265
375103778.7364347577 18588.0051422119
358708996.4887828827 15918.5980931939
361776070.7607775331 16740.9308851957
364963800.3085122705 17414.8979850281
354339580.6453270912 14287.9899856065
369253418.7249519229 18111.8221225739
369976000.0243812203 18235.0384044647
360009746.4086495638 16247.3397176364
361726054.6179487705 16710.4941023588
357943926.8099046350 15704.6491211900
365674451.3562612534 17512.9685021639
354912194.0042335391 14511.8642855258
357409981.8912376165 15569.0030411729
366082061.0567193627 17607.9158192873
357500924.6164639592 15576.6937207230
362372911.8207201362 16871.8402056247
361240416.1613166928 16555.7669085264
362756988.9610837698 16900.3768706396
366180238.3464196324 17639.2244187593
353957676.3576925993 13991.8413742156
354071106.2901785374 14060.5784887643
356345219.3439142108 15079.3051595339
366868526.6042041779 17776.7764474154
362457172.0986855030 16885.0460066348
356769600.3215134144 15191.0214256295
367563295.4927566051 17829.3724904899
369255624.2108976245 18119.2552452087
355608873.7355030775 14909.0959538435
358977306.1037377715 15943.0841724970
355038659.6066111326 14606.1719685168
354731544.7582712770 14428.0095528559
361882888.8259330988 16741.3513540775
362798988.8261827826 16920.7364134863
371328458.2895954847 18396.2410182953
361736289.1802579761 16738.5865286589
366437756.6380131841 17660.8434373140
355319064.1955667138 14766.4850377058
370806143.9462286830 18294.1378173828
364666328.9322931767 17316.9732890595
363720213.3222155571 17119.5096087921
363720213.3222156167 17121.0108371247
354609759.6700986624 14355.3349303667
352947661.7833208442 13271.8874532636
368356812.3219053149 17964.2826266289
353345598.8833936453 13273.3895861321
357272286.7659931183 15480.8341626176
358380257.8694730401 15793.9163578996
375753647.2941856980 18600.6557445526
362836223.2950620651 16923.9753107578
364834508.3326566219 17357.7987742890
353632258.6137843132 13490.6338745411
366496595.0597529411 17713.2033752203
366496104.6398326755 17696.9453338385
355896259.9504922032 14990.9842043118
353761418.5608645082 13810.2699983687
362004963.6369414926 16761.5547384769
360483587.0094314814 16379.6710412600
363888392.7225787044 17160.5941272248
369533384.9293522835 18146.3318634033
356857061.7873972058 15288.3401454934
362004963.6369414926 16761.6848196536
354940712.5579681396 14577.4475498767
360269226.3992660046 16315.5631921389
359054929.2514118552 15988.1345838555
355371573.7590337992 14777.7700787158
355060637.2454212308 14659.5059815020
354731544.7582713366 14429.7853783564
356140198.9494565129 15008.5506064267
360087779.3852846622 16253.4099843600
355138626.1037508249 14683.5066986651
361415361.7978256345 16633.9085863829
360087779.3852847815 16257.4182088473
369420905.4817257524 18132.4857406616
360269226.3992659450 16314.2152230837
366479213.8427683115 17680.9352399111
370053493.7867733836 18241.4514045715
355435907.2973126173 14783.4468556018
365281755.4586530328 17418.7781909704
356363874.7377399802 15095.2931323619
357368687.2016438246 15509.1010178574
359555710.3844702244 16122.9988166937
375753647.2941856384 18597.6491603851
356147535.0243237019 15028.2783669297
363732680.4552152753 17133.0752749909
356493130.7287670374 15133.2340609402
361990191.7276034951 16749.6709395275
376492705.1597872376 18625.0449600220
354282665.7875803709 14157.4147134394
368444375.2255454659 17978.2252097130
353412832.2271901369 13413.0810164269
363461846.6033917665 17051.6305174902
365544239.1372510195 17507.1247619390
373708336.1879074574 18490.9993419647
365420301.0380151272 17456.1885455847
355525240.9707611203 14811.8015536283
363598456.3469550014 17089.5992465485
355158584.2940644026 14688.2304001422
355214557.2694374919 14707.1257304166
354884858.4267575145 14508.0891643138
363494634.2936179638 17069.1180758551
356264206.2962395549 15048.7059879870
364408501.5800001025 17255.8483424652
354573656.5817703605 14312.8241658778
363732680.4552153945 17134.4232440460
365288960.3155289292 17445.1640723944
370958558.2069212794 18325.9628067017
371155849.5500213504 18341.0587882996
365473685.1493692994 17458.1192020178
376492705.1597872376 18624.9101791382
368404227.1941095591 17972.2811274529
368404227.1941095591 17972.4158015251
376004324.4375929236 18620.7714900970
353509732.7492661476 13432.4744983967
365481688.1663520932 17491.1341460943
364123847.9509143233 17185.8730559815
364524716.0553447604 17266.8323741425
371263261.5733709335 18377.0027580261
368404227.1941096783 17973.8579325676
367884118.3366882205 17877.1615862846
364408501.5799999833 17255.7136683930
365504521.9198310971 17495.4062789679
366356190.0147683620 17652.2027686834
363720213.3222154975 17118.1616397370
355873329.1183304787 14953.9214401440
366232527.3950355649 17644.6767905951
370895566.9766422510 18315.6154174805
370806143.9462286234 18291.2886199951
353535025.5890968442 13458.4196335133
363665495.1837924123 17114.2800555695
354920863.5340391994 14546.0915403561
356815109.8456072807 15283.1159049840
353355787.0532467961 13287.9368959721
367452019.1609749794 17796.0717697982
356658336.7644233704 15170.1132514895
356095995.2952605486 15005.9251840533
356653042.4085320234 15149.6400069044
371263261.5733708143 18376.8680839539
353605508.1623692513 13489.7687622365
368572406.5944728255 18014.7136149406
369198007.9429394007 18083.3224716187
364185604.0412135720 17206.6850734223
365481303.1595652103 17466.5597687960
354162890.3587146997 14104.8541079778
369206333.4023962617 18104.2744274139
365836081.1573473215 17559.9324249029
367884118.3366882801 17878.5095553398
365959104.9853469729 17585.8156987429
356379306.1445693970 15125.6079040867
365281755.4586527944 17417.1857684851
353605508.1623692513 13489.7890974339
367460054.9208775163 17820.0293973330
372213882.3411850929 18435.9556961060
356780928.8016932607 15223.4892705724
367303682.0592185259 17794.5619576816
353659452.7688254118 13575.0332018193
365281755.4586530328 17418.9615939856
365765956.7886508703 17539.4069653749
376374256.7503672838 18622.4916439056
369557844.5466408730 18149.6886653900
367523917.5540513396 17820.8837521914
356589226.3317068815 15137.5439451010
373923959.5640268922 18504.5610809326
369790522.7132085562 18189.5867195129
356656792.4897793531 15151.3367068590
368514639.0872557163 17978.7835059166
369634594.0308319926 18189.5605411530
364043031.6070901155 17173.1774534881
372457747.0766811371 18459.2536544800
368952721.8445575237 18076.9128832817
368952721.8445575237 18078.5198855400
368285441.8035661578 17949.5831538439
368822383.6400772333 18051.3351855278
372213882.3411849141 18432.9491119385
368523104.8654217720 17994.8952288628
368822383.6400773525 18052.9119906425
367788396.9220296144 17873.4957575798
368201134.7683166265 17946.0548932254
373536982.0770815015 18480.3739776611
366475036.7619268894 17664.5081959963
373923959.5640268922 18501.5544967651
374513505.5601856709 18521.5966644287
369507262.4565315843 18138.9990482330
367726213.4754627943 17846.0356230736
374189529.4683081508 18514.7985363007
374513505.5601856709 18520.0477218628
368010867.1045485139 17919.6803278923
374661071.3530353904 18522.6609668732
367975803.5622179508 17902.5921416283
371867977.2361311316 18419.1458854675
374757845.8851937652 18529.9484138489
373561931.2114554048 18487.6764144897
371124119.9221804738 18334.4075927734
367458012.6876861453 17811.1163495425
367757908.6559925675 17850.2812279463
372820118.7832630873 18475.3948020935
367458012.6876860857 17810.9816754702
373561931.2114554644 18490.5483245850
370827476.2533596754 18296.8702239990
373561931.2114552855 18487.5417404175
368115917.7992385626 17923.6596560478
373806773.7825194597 18493.2950744629
