64005198.8067391291 885155.1374511719
64415083.6360703856 966432.2666015625
64024933.4849967435 891215.6540527344
65565040.2211143449 1037689.0664062500
63962569.2103825659 874174.5612792969
64043858.5348596051 898098.5310058594
64095033.4769077599 911041.9245605469
64656374.5363079160 997296.1821289062
64057055.0029729009 900251.7524414062
64081187.8781874552 908400.4721679688
64129660.4102596492 919467.4182128906
64078485.4682114944 906524.0246582031
64350894.6644484550 957123.3945312500
63942973.0229354873 869035.3488769531
63858094.1416962445 842324.9785156250
64606117.7571157292 988994.1074218750
64519987.9254020602 978848.9833984375
63847505.4908122197 838575.8391113281
64420559.8739946187 967575.6923828125
64576448.4705045298 987274.8437500000
64480342.3226985186 977253.0620117188
64485077.6118787304 977253.2104492188
64894265.8763565719 1018938.3627929688
63975365.3285683915 877445.2456054688
63873691.1917277649 846833.8786621094
65390619.0651591867 1034684.3427734375
63862478.2958346978 844359.1491699219
64144328.2547888979 922942.0654296875
64560662.4668521881 986475.0917968750
64062744.9874631763 900848.7773437500
65008066.3937383220 1024603.1005859375
63897521.7031292394 856091.9553222656
64921193.7111200690 1019738.1147460938
64778883.4950234741 1008117.2724609375
64973017.8385071680 1023061.2460937500
63924757.7079161331 864501.8520507812
64115814.8115393445 916825.9658203125
64739491.4295874760 1004895.0166015625
64732046.3006395325 1003349.9121093750
68897516.1910549402 1050052.8144531250
64701829.8265714645 999815.1977539062
64791799.7509356514 1008916.7294921875
64399644.3583499268 966431.9716796875
64514400.1725580320 978173.0170898438
64371334.5315290615 962410.4072265625
64344806.8838505894 956741.7631835938
64561009.1927840710 987274.5488281250
63825750.9809421971 829017.2258300781
63992759.1365276426 883198.9865722656
63865089.4692827538 846241.8369140625
64358735.1230713129 958126.2993164062
63850116.6642602757 840458.5268554688
63954213.2556306496 872607.2968750000
64723984.6673473418 1001419.0654296875
63938612.9445119128 868926.4145507812
63884336.1224601343 851036.3908691406
63977158.8254089132 879518.1042480469
63840723.7859646752 834800.5358886719
63843334.9594127312 836683.2236328125
64612486.5942392945 989798.2231445312
64737004.0299801305 1003888.5141601562
63880689.7804014832 850473.4211425781
64189528.9795506075 933308.9565429688
68200488.6450418830 1049225.8466796875
64257439.6036511138 943980.1606445312
64339192.9112711251 956208.4785156250
64708198.6636950001 1000619.3134765625
64395287.3192446306 965632.3681640625
64581753.2113250121 988074.3007812500
64013175.2059886530 887959.8786621094
64469291.6082263738 976453.4584960938
64244372.1203600988 941522.5307617188
64829577.4626591206 1012116.3842773438
68614292.0361257792 1049882.3613281250
64102618.3434260637 914672.7443847656
63790956.4058220834 811001.0612792969
64529444.8899768367 984052.5878906250
64934109.9670322165 1020537.5717773438
65229009.3346154615 1034076.4218750000
64043124.1564290598 897394.2360839844
64985318.4445285797 1023737.2265625000
65454144.2399407700 1035742.0478515625
64881801.6456840187 1016515.8588867188
64292402.1376221552 949829.3496093750
64166989.7535874918 929769.3593750000
65931132.8221488968 1038683.1982421875
64411073.3228969872 966432.1201171875
64132362.8202356026 921343.8657226562
64445338.8205108047 973231.4975585938
63926620.4601151049 866101.8872070312
64188127.9543938041 931382.3691406250
64390872.6277136877 965425.6176757812
64020258.0270513967 889554.3813476562
64656721.2622397840 998095.6391601562
64287226.3095367849 949824.6054687500
63965166.3410121053 876693.5769042969
66431628.8224866837 1039122.6328125000
64031928.8125832453 895822.8728027344
64375691.5706343651 963210.0107421875
64085058.9446164295 908766.2663574219
64647760.5377506241 996122.4790039062
64146797.9578877017 922969.3332519531
64993617.8059738427 1024547.0859375000
65014987.7311397865 1025852.8779296875
65032125.2787678614 1027357.7373046875
64316868.3387319520 954604.5273437500
65050351.2286305279 1029755.7363281250
64993370.4985253960 1023741.8222656250
64928608.4799233079 1020283.3940429688
64752988.4985780790 1005694.7685546875
64685076.7958723977 998895.3911132812
64261796.6427563950 944779.7641601562
64842350.8452562839 1015716.1069335938
64321225.3778372332 955404.1308593750
64632768.4745242000 994873.6782226562
64616982.4708718732 994073.9262695312
63795805.2540728599 814776.1933593750
64805296.8199262545 1009716.4814453125
63924023.3294855729 863582.8715820312
64720499.2697164118 1001295.2939453125
64271325.5758180246 946607.2402343750
64056305.0987672284 900119.6101074219
63808634.6096177921 820663.4753417969
64222754.8877456859 939807.8627929688
64894659.1666044891 1019737.8198242188
63907866.8535204977 858884.8803710938
64369796.0659095719 962203.5083007812
64945867.6441008300 1022937.4746093750
63898548.3046922013 856360.7031250000
65643250.2713787332 1037872.2617187500
63890571.9054426923 854019.0966796875
64544980.4254235327 985554.9042968750
66780301.8393789306 1042486.0566406250
66444239.3003571332 1040459.0771484375
64310367.3308287486 951579.1416015625
64735612.9864934385 1003523.4570312500
65733455.4950219914 1038426.5957031250
63961243.8740180656 873427.0449218750
63809782.3055313751 821022.6613769531
63808312.3277365342 819653.0520019531
63801905.7800524756 818084.7214355469
67099906.1753797159 1048534.4794921875
64236363.0418469980 940758.0512695312
64060191.6909712926 900344.5534667969
63796952.9499864429 815135.3793945312
63810909.2575216144 822384.0825195312
63802800.5816593692 818693.0517578125
64466804.2086190283 975446.9560546875
63811224.3288807645 822627.3996582031
64041688.4922900200 895826.6535644531
63818219.6564672738 826544.2580566406
63826328.3323295191 830235.2888183594
64007061.5589381084 887401.1599121094
63799564.1234344989 817018.0671386719
63814983.1982424036 824869.2734375000
64065821.3675045744 903329.3859863281
63871818.2988480777 846802.0898437500
63931707.5056026652 866574.7106933594
63807672.7992967516 819276.5046386719
64521270.4014161453 983252.8359375000
63798908.1399714872 815423.9433593750
64270376.6418301687 945807.6367187500
63857422.8452129215 842236.8427734375
64029331.6819537282 893303.8571777344
64004464.4283085912 884450.8425292969
63835668.3353428915 832678.2294921875
63812393.4789794236 822905.3491210938
63808986.6540780440 820734.9553222656
64066036.2200891599 906247.2507324219
63984056.1257766783 880722.8894042969
64344380.9308119118 956628.7270507812
64144191.1548031196 922842.7563476562
64094299.0984771773 910337.6296386719
64286277.3755489290 949025.0019531250
64024199.1065661833 890903.0749511719
64178595.0872031525 930578.0214843750
64063958.6153056175 901729.3508300781
64252263.7755657509 943975.4165039062
64197321.2868362889 935786.1499023438
64031194.4341526851 894903.8923339844
64295791.7769278362 951382.4179687500
64213222.0205550417 939003.5151367188
64235990.3397706226 939855.3344726562
64153793.2854742035 927616.1379394531
64119166.3521223143 919190.6442871094
64218397.8486404046 939008.2592773438
64164080.5456935465 928485.6342773438
64183770.9152885154 930582.7656250000
64368847.1319217160 961403.9047851562
63835803.6349378079 833975.9023437500
63828362.1543902531 830899.9135742188
63813835.5023288205 824510.0874023438
63820830.8299153298 828426.9458007812
63828939.5057775751 832117.9765625000
64442851.4209034592 972224.9951171875
64360281.6645306721 959846.0922851562
63851903.8886136487 840509.7363281250
64005112.6209498346 885030.6655273438
63874408.0181110501 848766.0141601562
63914334.4920684546 860477.8488769531
63878188.8196831867 850199.7109375000
63901138.0239551738 858324.6274414062
63893161.6247056648 855983.0209960938
63886165.2189326957 852541.3173828125
63860012.5644758940 844200.7670898438
63859435.2130885720 842982.7041015625
63838258.0546058714 834642.1538085938
63946832.0617952198 869778.3801269531
63959369.5564766377 873157.9987792969
63997915.4373736382 883749.6884765625
63949429.1924247667 872297.3957519531
63962625.6605380550 874450.6171875000
63987975.0733217672 882889.0854492188
63908761.9358243868 860214.6052246094
63947307.8167213872 870806.2949218750
63955284.2159709036 873147.9013671875
63890008.3292297795 852997.5983886719
63916738.3350739032 862556.2116699219
63914875.5828749165 860956.1765136719
