392902801.5292093158 3072714.8496093750
384906112.8196725249 2783442.9199218750
384617483.0355651379 2769704.6494140625
384667627.7316229939 2774092.8789062500
392694322.5059158206 3068934.9296875000
438016423.7721145749 3609663.2470703125
442419787.5068383217 3620601.3916015625
442554933.8980420828 3622577.3779296875
387251625.4347801208 2875236.8486328125
392491227.7641803622 3066991.0908203125
392450088.8723162413 3064697.7167968750
384783105.3528794646 2777728.2890625000
435912105.4544918537 3603031.2744140625
435877575.7609771490 3602179.5537109375
392406782.9063149691 3061836.4316406250
435886485.4116281271 3602179.9873046875
433916510.6057086587 3597095.5810546875
398643575.2071953416 3234707.3183593750
390052841.0614915490 2978573.5283203125
436461992.5917629600 3605249.9169921875
433907776.9111822844 3596061.7412109375
392522114.4411790371 3067120.5214843750
434001696.6371402740 3598978.7744140625
387189345.6944240928 2868405.0991210938
392740445.8091105819 3072181.9863281250
392172543.2162045836 3058384.0722656250
387059995.8149389625 2864905.2368164062
386685177.2696290016 2854056.0034179688
386428814.3766239285 2847195.0190429688
399071782.6483018994 3237152.3535156250
398632361.7568188906 3233365.2558593750
392932306.0858603716 3077353.9765625000
386564372.1579480767 2848061.2612304688
386423316.5615912676 2846488.4624023438
386371988.8877319694 2838840.4667968750
393987761.3546122909 3115713.5136718750
398263722.3708006144 3223697.2646484375
433608725.1888376474 3595782.2685546875
398914389.7234215140 3235146.3476562500
398296327.9010175467 3224840.3115234375
430929006.9632595778 3583638.2421875000
390187897.2827960253 2983735.5371093750
431289583.7195931673 3585365.7871093750
393711297.8823356628 3110661.2021484375
435719111.7581075430 3602006.1806640625
386955690.3736914396 2860261.7871093750
390019201.7822130322 2978144.2148437500
386759150.5376468301 2858190.6762695312
396101071.9479573369 3172886.6357421875
388137830.0388149619 2907124.2275390625
391901609.4815204740 3043003.0068359375
389129531.4623088837 2940726.8828125000
388163450.4363486767 2909720.4951171875
388820209.8107954860 2933729.0117187500
391727309.0824098587 3039083.6025390625
399482686.9336246252 3248487.0986328125
386569806.0406157374 2849619.7270507812
385819041.7311201096 2821546.1376953125
434106312.9536648393 3599160.3642578125
388428783.5414618850 2927408.3886718750
388388389.0581960678 2924602.2978515625
385684687.9979842901 2817857.8017578125
434370961.9888565540 3600967.0400390625
385915731.6486246586 2836262.9038085938
434383710.5891262293 3601551.2587890625
388680123.2638042569 2930017.6171875000
430492319.6066221595 3583497.4394531250
387845183.1540361047 2897284.7568359375
395246092.0895439386 3158674.5585937500
385296670.2805531025 2808386.9257812500
385436179.0013380051 2811674.5244140625
385515049.7383263707 2815233.1357421875
388352325.3336997032 2922219.5371093750
399324386.2265750170 3243800.4814453125
400552414.9020851851 3271153.8730468750
429564630.5312821269 3579327.4882812500
395500006.9384624362 3164415.5781250000
430265465.6633379459 3582547.0878906250
395842138.4843879342 3167699.4316406250
395587341.3584247231 3166157.6757812500
385108023.9577135444 2804466.6591796875
384950531.5740132928 2798153.1757812500
391210322.9869816899 3017835.1757812500
396710962.4984730482 3189079.1884765625
429942092.9779817462 3581138.7500000000
402398785.7549744248 3310334.5937500000
387740885.3405702710 2890284.2050781250
399833085.4332187772 3255910.8837890625
387995795.7587947249 2899343.6552734375
399552348.1692349315 3254553.2041015625
399428104.2516591549 3248109.2705078125
396192988.1606687903 3180856.6796875000
417674689.1308816671 3508647.0253906250
393509450.7147467136 3101144.6103515625
395914613.5587744713 3169829.0898437500
418692887.4870427847 3514086.7011718750
429991470.1843580008 3581708.0097656250
390697823.6275412440 3006633.0039062500
437649865.0052323937 3606356.6894531250
432739648.2849537134 3594281.6728515625
390401805.7009385824 2996303.1992187500
390386492.2964354753 2994061.8857421875
394141287.7510632873 3124240.1718750000
393771799.5762588382 3111206.7490234375
393122411.7903230786 3089781.1044921875
390239972.3867438436 2992209.6699218750
431412422.5480791330 3586306.2343750000
393308886.1702839732 3091938.8291015625
388125354.6059079170 2902289.3095703125
393289205.2937548161 3091250.7294921875
394857701.5698845387 3149176.6884765625
387658231.2535987496 2887844.3027343750
431735457.0267447233 3587594.1044921875
394001999.3049385548 3120223.9257812500
399876836.5306716561 3260507.0019531250
387412236.3208264709 2881271.3632812500
386957555.4679327011 2861376.6181640625
393918939.0080618262 3115698.6728515625
389774878.4749642015 2971922.9785156250
389611746.0045105815 2965497.8720703125
393085346.9179629087 3087745.5292968750
389200013.3456565142 2943335.6210937500
389175821.3534292579 2941698.4921875000
430462151.6859232783 3582638.4931640625
394285641.1316066980 3129989.8906250000
394514711.5049963593 3134408.4794921875
394392605.7934932709 3132044.9111328125
394586977.4021966457 3136148.5000000000
400212009.3295720220 3262815.0019531250
394190910.6075533628 3125758.2529296875
432154635.0019394159 3588348.7822265625
405131090.3028955460 3366439.9033203125
405077273.0820365548 3366213.0732421875
404402259.5123358369 3350066.5400390625
389626628.4698684216 2968865.7021484375
404421013.1227224469 3352253.7246093750
404785122.5394430757 3363852.4814453125
397060204.2647218108 3198064.4716796875
389489189.2034018040 2962442.8457031250
389260637.8880347013 2958813.6806640625
388949677.6621823311 2936384.9658203125
405660355.6872765422 3375318.8388671875
406027203.2449023128 3380465.6708984375
397582304.2745377421 3211578.6611328125
387803375.4046587944 2892508.8378906250
396709582.3685325980 3187157.7812500000
398456411.2070589066 3226785.6621093750
387323680.3616453409 2877425.6142578125
396601114.8494920731 3185717.8388671875
441415165.7205983996 3617244.9697265625
441960100.3625814915 3619751.7158203125
441534545.2899066806 3617394.5732421875
389989037.4249122143 2977396.2705078125
389928906.9792501926 2976014.6933593750
394697789.5238544941 3139801.8876953125
396956091.4754458070 3194790.8925781250
391945441.9585232139 3049962.8437500000
394681949.5613886714 3139604.0458984375
398224706.0839363337 3219654.4697265625
392281677.1276933551 3060773.4062500000
397209512.1429759860 3203693.9736328125
392233249.3608552814 3058647.8466796875
395692130.9732261896 3167536.0410156250
391228817.2005833387 3027442.8457031250
395986901.5899666548 3170688.5683593750
395279194.5500453115 3160109.7812500000
402130231.5779641867 3303259.6787109375
393856785.0300925374 3112070.2470703125
393536426.1746049523 3102482.0292968750
391507510.3994559646 3038036.9316406250
391378846.2020513415 3034572.4433593750
390535904.8956484199 2998060.0732421875
391801145.6555068493 3041139.7207031250
390618450.4631261826 2999859.0380859375
391282578.9949162602 3031825.0058593750
390749166.1088946462 3008272.1845703125
390939232.9115232229 3015274.4990234375
391039180.0766749978 3016030.5947265625
390930471.8735478520 3010661.5341796875
406616523.2944796085 3387935.5283203125
406719125.6320171952 3391228.0039062500
441293434.1225495338 3616472.1611328125
407810168.6746820807 3409442.5644531250
407768625.1936185360 3407411.9755859375
406331736.3741534948 3381851.1455078125
440403459.4063117504 3613763.9384765625
415071511.7174457908 3482491.1533203125
440613870.3596585989 3614964.9541015625
413975392.0823653936 3477201.5244140625
413737959.8030737042 3476751.2089843750
413481235.1629875302 3474858.6054687500
413676639.8771018386 3475905.8701171875
402668594.9388729930 3319990.5820312500
413414264.0026996136 3472646.9970703125
440786284.9552803040 3615418.1083984375
409977210.9246263504 3435867.0869140625
410159302.0337324739 3437679.0585937500
411171748.7259526253 3453766.3750000000
411280995.2350271940 3454663.9296875000
412418558.9508213401 3463853.5585937500
410665032.9155598283 3444247.1308593750
410240308.1087682843 3439603.1630859375
412419773.4440573454 3464077.4921875000
412261225.1244981289 3461025.5449218750
410755015.1960535645 3446199.6621093750
439733603.1233892441 3613240.5244140625
401342515.3656232953 3294363.6914062500
401403676.1867484450 3296761.9902343750
439231367.6919291019 3611607.7509765625
436916570.2851240039 3605607.8212890625
415949693.4127547741 3493523.9121093750
415532328.8426414132 3489187.7744140625
414635100.1879841089 3481886.0751953125
411798173.5222046971 3456181.2539062500
399761972.1950847507 3254927.3017578125
401323092.5646840930 3292606.1142578125
414312461.2260932326 3479165.0644531250
403699881.1219725013 3342639.4316406250
401638776.1929888129 3302848.5966796875
404036000.0386498570 3349858.4726562500
439543912.5908505917 3612266.5576171875
402145742.0071072578 3308184.2207031250
403844283.4739046097 3345100.5283203125
407394365.5592586994 3401933.7324218750
400066015.7701724172 3262043.2988281250
404526921.9679905176 3353020.1455078125
403489681.6973940730 3339743.1093750000
400327249.7840772867 3267935.7949218750
403209723.5354891419 3333475.0761718750
402978606.2739622593 3325763.9531250000
403073583.6012522578 3329423.2421875000
401064141.7405868769 3287253.0175781250
407188406.8753808141 3400497.9843750000
428451594.8471436501 3574117.5732421875
401139709.5886074305 3289842.2119140625
408513370.0677511096 3419152.8808593750
408680860.2963004708 3419648.7011718750
400899696.4844689369 3282330.8505859375
429095259.4295996428 3577406.9189453125
408282818.7955999374 3414189.1035156250
400553622.9621681571 3277682.8183593750
408187968.1957860589 3414048.1230468750
409883363.1191645265 3434664.4033203125
427719994.5955094099 3571398.3603515625
428695439.4500198364 3575954.1337890625
408302466.2223846912 3416495.0000000000
409319061.3820804954 3427058.8925781250
406560024.3468676805 3387173.8593750000
402591514.8867884278 3319691.9882812500
402827618.9745629430 3324208.0556640625
428167504.4098328352 3573089.0615234375
425167036.0434038639 3559621.8125000000
426956791.7390361428 3567362.7392578125
426932530.7944966555 3566716.5537109375
426294074.0398809910 3565079.6650390625
426055589.7449873090 3563905.6591796875
425375673.8574916720 3560775.6181640625
427916786.1568109393 3572754.0654296875
428421150.7552710176 3573243.2773437500
427079112.0779954195 3570558.7734375000
426734004.2914866209 3566525.3085937500
423631451.6971669197 3552135.7587890625
423976444.1047717333 3553651.4912109375
423807674.4281870723 3552599.2958984375
423550705.7275149822 3551240.8857421875
425354126.0474256277 3559859.0605468750
423166307.4087181091 3549992.5185546875
425974460.0761263967 3562449.4550781250
419800138.9745475054 3523084.5878906250
417862792.9051045775 3510199.2568359375
418268082.7770896554 3512953.3808593750
419016729.1250361800 3516390.8417968750
416844838.6734517217 3501875.9804687500
418783620.1563255191 3515265.5419921875
421668509.4942896366 3537876.5390625000
425665614.7914065719 3561185.4042968750
420230000.4534092546 3527599.9130859375
424520194.3882398009 3555401.4804687500
416778793.0744993091 3500490.2714843750
419353938.6887025833 3518508.9384765625
421987269.8799054623 3540375.8955078125
422362485.3318602443 3542335.0322265625
422959072.1556539536 3546094.4062500000
420623959.6956969500 3529413.3369140625
420710553.7048358917 3531078.9160156250
421941530.9534132481 3538757.5791015625
416470978.9533196092 3497872.7304687500
416060349.7188464999 3495937.2890625000
422755188.4337897897 3543382.6191406250
422592828.3613073826 3543376.0039062500
420773362.4157893062 3531973.8398437500
416541026.9053148627 3498737.0292968750
415334857.0536164641 3487268.7236328125
420644354.9746522903 3530137.0683593750
417523174.7800067067 3506533.3203125000
415078089.5398274660 3484847.6894531250
