304158801.5909408927 504432.5249956846
302206822.2682088614 448501.5281071663
327506002.9666431546 810988.8913373463
301988122.9250779152 447613.9769897654
301324681.9611935019 416580.3591799736
312108039.5231947899 642503.7393153459
311389992.8929180503 634738.2832606584
300596333.2705664635 387806.2068389654
360044324.0191305280 1097240.9389648438
318386333.7200238109 725692.0166486222
301785747.7724470496 435570.1493354887
299000100.2827205658 303281.9382052161
299153813.1082314849 312283.0910801627
301944907.7587522864 442016.5928169340
319426571.5009617209 736846.8379376847
318793130.8186771274 731659.5327619035
311293618.4902020097 629339.2062089443
310960835.5054691434 627443.7835710049
328291147.4063647985 825674.2301825993
327936752.3428906202 823907.2692059986
299023140.9918713570 304167.8473447561
301588359.5006077886 427811.2360054106
299351950.3455057740 327372.8035660833
300744875.8621900082 395703.5073151588
299775261.1682363749 349689.9864541143
300763367.9225215316 395762.9204010963
318111062.2821995020 721424.7642072160
309658770.6044636965 605782.9957500994
299707276.3338046670 344686.2043987513
335673644.6515172720 877697.8617077917
318513162.2995566130 726653.6387065370
305248362.7364174128 533629.6009234190
301673533.3851038814 434314.7573677152
317855618.8937971592 719048.4495099504
342969623.2958442569 940449.3610440195
302200660.3561125398 447890.3365163803
305347101.6497667432 537712.5057085752
299625951.7291543484 341921.0657998174
305485817.7231765389 541362.8440874815
299467917.8013213277 334035.5933331437
304491908.7721058130 511870.6426714659
307183254.3160041571 570980.6744627333
299264578.0408282876 320797.5955582708
327919936.7285117507 814488.5111493580
304343246.2142561674 511797.0142534971
299222037.4003453851 318557.6606670208
354673419.3702343106 1055592.5404720306
304866201.0217982531 527233.1641558409
302202302.2241601944 448209.5403738022
303000140.0184490681 471319.5666085868
300905067.7058631778 401050.6975588799
306027647.6526747942 550896.4164065123
302912143.1457601190 471276.2350181192
306182428.3073160052 553649.5106447935
362241518.8373528123 1114222.5075683594
303362193.0831549168 480641.2522022724
298775487.4156243205 273032.0571967214
306593762.1823734641 563523.9786215069
299545154.6328155994 336607.5087929815
302615586.5689558983 459909.3652592748
299954548.7181898355 358134.8783105463
317503570.8670015931 694801.2802807819
317686668.4156167507 717681.0067609269
318025897.8197979331 719883.4725717027
318238100.2338964939 724815.5806134660
312186810.1250523925 644263.4198904163
305873615.6136147380 548012.6131304502
317923035.2755354643 719859.5464337785
360651168.8935239911 1105150.1763916016
307624917.7101389766 578767.7758917920
304611900.6056915522 519856.2193316221
298922220.3069192171 295704.7408699840
299127292.1875159144 311052.3661837317
361626782.7664071321 1114033.5424804688
300989516.9767595530 403419.0627350807
304643975.9596581459 519867.5057085752
361895585.9720578790 1114114.0742187500
360902691.9889488816 1112379.2602539062
318142683.3233105540 724197.2842448670
303996831.6120477319 502072.8427174091
302399112.4290136695 456514.0028120205
345169454.4039227366 965373.7772207260
312373806.1174330711 646075.9214998037
361223892.9476842880 1113653.8818359375
360864666.1841012836 1107844.8463134766
340771364.8353549242 923924.0355504099
358340439.9465856552 1093433.9281005859
319187307.6190525293 735703.9285138566
317651144.1988928914 703616.7226422746
299258098.0561211109 320482.0096474737
317674493.6845743656 709753.6033185441
299946967.7987954021 357409.7716103643
303705767.1221984029 493348.8906359673
313765134.3431537151 663793.8930923045
304110106.9474717975 504098.9478472471
304181583.9350767136 508411.1399035454
344786619.2811227441 960382.2925768495
302566284.4706984162 458758.6356428713
352187295.3340103626 1030886.4561724663
307412089.7578053474 577189.6693357802
360082886.7931443453 1102543.4602050781
299221267.9612687230 318550.2492900677
321674375.6036598682 752478.6413722038
343948060.1075617075 946902.8756535593
300801324.0684514046 396180.6083540916
306260533.0885118842 555695.4994143248
319871780.8576956987 739075.2528932113
307168187.5072911382 570941.7657713271
301482196.7813161016 425049.9193577766
304536135.2399161458 517062.1802308559
298836796.3991912007 287553.2808295339
298888711.4906378984 294717.6030526012
313528935.8857023716 662685.7047856408
301386519.0041276813 418103.3668885231
304628609.0910304189 519862.9165972471
304728678.3829176426 520818.8238238096
304850597.0885310173 525446.4655871391
306890394.6808371544 567075.9321645498
306635546.6135248542 565167.4854983091
316793452.8482311964 689120.8585316017
299049611.2050354481 305245.4798126221
315411285.1196006536 684648.5406968892
314783556.6164017916 676754.8282373250
305529479.9343401790 543887.7940386534
358776811.6949508190 1093803.9118652344
305066464.3984087706 529801.6172808409
339973959.2983781099 917629.7271316503
304094740.0788440108 504094.5369585752
356424425.1249685884 1075473.7935791016
298856778.8550649285 288156.2915291637
314752680.0021899939 672821.6142477989
343936271.8311027288 942053.9997912049
301210119.5792484283 410965.7007327080
301927165.9403502941 441150.0623788610
351470210.9269873500 1027236.8087115288
300125686.5746275783 365164.3866005987
321130988.5390639305 747757.2432665825
310450746.7982946038 620983.8431992531
357547691.8562206626 1084222.1180419922
307742214.5686244965 580761.7411131239
299678522.8757045269 343705.0527382940
302692680.9046888947 463599.5634534806
357662616.1676269174 1089171.0433349609
347245895.0935866833 994982.5288180113
359186012.2514539957 1096959.6466064453
302319729.0406469703 455414.9533164278
300940725.4734055996 402541.2852053642
302585101.6551042795 459832.0507732630
301057327.8253371119 408769.3406252861
358062064.0859770775 1090735.9385986328
332798771.4817006588 828706.0031216585
302595615.3077300191 459835.0539470911
301417211.7081559300 419435.5365452766
311450878.1581848264 634743.7858235836
345604532.9212988615 986527.3776969307
345782142.1419370174 988372.7136293941
303792426.3022528887 497682.3182824233
300926836.2999147773 402453.8199611604
301278154.1269898415 416534.0891604424
350771627.7251575589 1015922.4103938947
315867945.2756661177 687144.5183458589
315267488.2836592793 678684.0199941993
334588894.7449509501 864712.1156181917
302610454.7915094495 459836.1191326380
325314991.2438873053 777755.3478272178
357428852.1095902324 1080906.8981933594
310530145.6411574483 621126.7173315287
309083017.5473088026 599764.4235044434
350903958.3765583038 1016244.4649590147
357644715.2617707253 1085989.5762939453
344397320.7722615600 951181.6504767481
344447167.3812653422 957319.9493048731
310546520.6459285617 621229.8056941251
324161541.1585997939 770356.3890660249
323617028.4272328019 766948.3033116304
302489824.3608185053 457513.7540934086
310497989.8786762953 621125.7000826462
307198841.1514354348 574155.1967747654
304300184.4983433485 509490.8273365498
304508873.4415359497 516654.5293519497
355394689.7593082190 1059815.6654052734
353448710.0762680173 1046726.2293946887
310713798.8616559505 625885.8830696335
300878785.3033502102 401004.4275393486
314491479.6189491749 668739.6002097130
304767951.4280218482 521271.2243394256
325373677.8123052716 780942.6226664030
298875846.5602324009 288741.5208197683
309866514.9531207681 613566.6653542975
360827301.0765779018 1105619.6984863281
308753589.6480022669 596096.3883073330
304816980.8069238663 523540.3611390591
317135691.1778751612 693126.9431851350
298943709.9652435184 296282.8532172292
303744945.6751484275 494143.0685857460
310610037.2321040034 624055.9968965054
304942849.0003611445 527277.8270297656
323461507.2018584013 763946.2831509553
316427196.1678808331 688690.9247075245
300091665.7387378216 364731.1219024658
308251593.8073460460 589609.7688603011
300741261.5953334570 394776.3721194267
338620478.3119852543 915489.8926708698
353372490.0955938101 1035490.8597106934
326836530.5917285681 782002.6802473813
304551269.7321529984 517257.3564208746
304541631.9872471094 517256.5751708746
324688835.0420009494 771267.9026883089
356214444.5529018044 1069796.3817138672
306548401.2879699469 560985.5428330898
310220537.8930677176 616002.2094592435
310672983.4948325157 624433.0952014310
299542831.6210539937 336507.1914101690
299405903.3264958858 328741.0468789190
310303217.4355512857 619228.8458636999
299344700.9217219353 327049.8292275518
299872537.5373117924 353517.5340615362
335397288.3898387551 875641.4732676744
350299663.4908992052 1006093.2944605094
350397805.4805862904 1008934.9358693254
338186606.9853814244 895306.6066644643
337871588.0082783103 891669.7721918081
300340902.2478399277 378862.5210107416
300468627.0516899824 382210.6511721611
300736222.0665693879 394717.6328616142
357081174.3709199429 1075868.7396240234
301026826.1007431149 405470.2920413017
313005673.4618526697 654331.0100145638
300670120.0639386773 393178.2134280205
350961565.9137582779 1016800.0445488584
333601379.3336318135 838373.1416927723
332807423.4327351451 835210.9078561810
300170067.8216579556 368085.6502430290
298850468.0712282062 287948.1942391247
300184766.2816377282 368267.4629715681
357253247.4675449729 1080478.4427490234
313328826.8595892787 660285.4915089905
324608532.9855585694 770602.6014633179
327464764.3893296123 802578.6135747880
313441040.3965258002 660670.5109525025
310960150.2839666605 626271.2587512732
327486142.2745401859 802988.9239672571
311257572.3045812249 627565.5160249267
298916470.3130025864 295198.2832493633
300178319.4783137441 368231.9493080080
308464194.4901601076 590656.5577780008
326920579.5495080352 785807.1384829432
356168383.1295759082 1061386.4445800781
300833591.5322569609 397699.7139163017
306983552.6657133102 568748.4711560011
312377677.8959674239 646796.0329423547
309719056.3150410056 608047.7633790351
357225693.7526418567 1076074.8043212891
300647399.4765364528 389945.3911623955
305871081.5135371685 545036.5019351244
300628418.5707651377 389815.9371011108
327456260.3135903478 802479.7996081263
298799730.4179880619 280780.3557807058
300441600.8591016531 380847.4934975952
313202144.9202639461 658901.1500035822
327439201.2244577408 799529.5602282435
308688806.8824458718 592653.4048585272
313168357.3486115932 655448.2467447817
327293930.2349308133 797802.3394030482
303609925.9834008217 488623.0018349588
312690975.3428570628 649345.3774462044
340069163.4760584831 923225.1108993441
310340682.5955258012 620025.1359016449
327407962.7742792368 797990.3539623693
299897354.9394730926 354129.3912392706
327008764.4894804358 790065.1387404203
327038083.5346349478 791849.8300856352
301017087.6887031794 403734.9670404047
302659844.9457417727 460502.9508101940
301670546.9447492361 430366.2534140883
306139701.9393213987 551512.9476182461
303593058.7020546794 488618.5909462869
327251696.4854619503 792594.7747912854
322545548.9975264072 755989.3367430568
310182860.0859059095 614070.9731819184
304331394.2199040651 510428.6458391556
311326798.0958400369 630743.3910166770
309293037.2052513361 605432.1288264189
308977098.2468019128 598889.0018732939
312861322.9961917996 652420.7360887825
309832782.5744780302 609514.9437289089
299211327.2422515750 313515.8373565674
313133714.4679772258 654987.1630907357
310086017.3460972309 614010.1880256684
302782743.6154713631 465852.2251174301
303077212.3359202147 473647.9445944875
303131375.9100015759 473694.7768698782
302764543.2039276361 465852.2231643051
303020445.9614035487 472508.1521193832
302843287.0792379379 465912.3144728988
308118297.8232702613 582682.7179342508
308152439.1656126380 582694.7049947977
303202437.7612771988 477602.3303633779
333806719.2510536313 860438.5098757744
336607731.2953639030 879114.3700651899
