228355081.2756089568 4791.1691603467
236748683.8837555051 11165.8689483404
230906725.2808049619 8014.2459207577
231741828.2345959544 8489.1441987096
231401206.9883315265 8204.8254133161
230035210.0433578789 7129.9850431376
234103501.8795361221 10034.0506995916
234261229.6355527937 10124.6704372168
234741820.9088000953 10376.9385989904
230561778.6723767519 7667.9021212849
230205074.3267992139 7371.6645715953
228616144.5900027752 5324.9984572094
230464504.5838225782 7564.8188881668
231648392.6066260040 8442.5611094413
235235767.7269029319 10478.7787150145
231579662.4200011790 8391.0510987220
231279309.5941509008 8203.7493918062
230906725.2808049619 8014.2304248334
231648392.6066260040 8443.4593409477
230361142.7116014659 7474.1237707264
231215916.6832913160 8202.8489554048
230477238.8032982647 7569.4396538861
231053420.8413321376 8124.8652102471
230464504.5838226080 7565.9860177166
230029639.7159445286 7122.4120409703
232188064.6999913752 8757.4456352768
228257623.4981398880 4567.1987104446
230794742.1313094199 7925.6519486428
230906725.2808049619 8014.4212853433
230553370.5134242773 7662.3945498261
231026549.5084501505 8104.3047543586
231691645.5694966912 8478.9255598960
228449684.8339740336 5064.1259310355
232774636.6220076680 9165.0772032489
228365223.5680638254 4963.4927314225
237940173.0234124959 11514.5383491516
237237176.6575861871 11319.7507305145
230255904.5151407123 7381.6448532585
228855038.0452865660 5597.2124207386
229730429.9325502217 6903.3234122939
228297061.4764482379 4676.1374897987
232191996.3497672081 8759.1025283961
232731383.6591369808 9128.7127527942
232774636.6220076084 9163.9590487232
229483757.2860831320 6538.9655337120
234043508.0997596681 10007.8309468031
232232877.0956163108 8834.1638192711
228485523.4447337091 5070.4158685546
230571364.1228709519 7693.2403314429
229827270.3288286030 6944.6229029463
229818662.2566920519 6937.5026617265
231462860.8181777894 8310.2821845532
229903041.0248940289 7047.0926572970
230571364.1228709817 7694.2430589515
229817023.6104119718 6913.6293363801
233309453.3629742563 9514.2787500896
237012800.5449456871 11259.6346282959
238240528.9184633195 11581.4605293274
233903960.0101528466 9898.5700324774
232326143.8279386163 8836.9075801826
230676278.5257988572 7796.5844959485
229002105.8028140366 5927.3585983763
228464933.7116633356 5065.5942399393
230981517.9543179274 8018.4542061807
230894047.5453643203 8010.5009052277
230632716.1199210882 7791.3735916418
246664842.2934611440 11910.8386917114
229176705.5683403015 6251.7060517455
229119231.1581591964 6228.4837743873
228524016.5601032376 5237.7517778504
229184888.9674103260 6283.9901036454
230893991.0613293052 8009.6251550716
245867697.4582475722 11907.8619689941
231012473.5913945735 8018.5764896394
232214312.4015471041 8806.8318736656
235746945.5129389167 10790.0992851257
246255488.8460917175 11909.3924026489
231509563.6674950719 8335.6913699089
229488386.2938357294 6558.9955923913
229500293.7371827662 6559.4450566394
235220174.2817375362 10450.2178428173
230889739.7936910391 7983.3801967622
233740544.9444480836 9792.4767040014
230562543.0898356140 7669.7212337944
230530868.0632088482 7604.6459324816
236258249.6601953804 10998.3597049713
230790252.9580462575 7901.9972111703
228621161.9203549623 5412.1583653198
230676839.6444055438 7807.7959254066
229290165.5434241593 6386.1500501097
229244280.2861867249 6372.7167561410
228491931.6553002298 5218.1735904276
229424573.2214119434 6506.9514776701
229338787.7229723632 6485.2635696439
229898207.0506141186 6990.3352523363
237009139.1564063430 11255.1864013672
231203182.4638156295 8196.7602408052
236980006.1388171613 11229.8332824707
230530868.0632088184 7604.6312292228
232364011.9752249718 8845.6888748308
228520365.2299615443 5225.5441776946
230074214.5624675453 7163.1550861290
236137700.1857954860 10961.8997402191
229244280.2861867249 6373.5197588859
230074131.2475742102 7152.8482352188
230074214.5624675155 7162.3544813088
230565839.0753780305 7672.1927656921
229239189.7448276877 6301.1095621819
228942892.0521878898 5780.3023501166
234236265.7871187329 10063.1003926992
233061471.9954770505 9350.2555118551
229818217.0707401335 6915.6985674417
232816983.7535111606 9205.5260605564
229071834.7253066897 6059.3878758338
234253369.1095994711 10079.4639481306
229238116.2435430884 6297.1703204448
228609963.0720708072 5270.6754400221
234232905.3094073832 10062.2445091009
228809713.1232860386 5557.5768448653
228874977.6168243587 5671.9493510963
228511261.0983026624 5225.4075629770
239841867.1476398110 11811.2652969360
229100507.8082332909 6128.9246623443
228831624.6262000203 5565.8137337385
228842135.1649247408 5567.9526088821
228998309.4114817977 5805.3752639309
228876394.8243001997 5711.9044762251
232908580.3569879830 9273.5140232285
230005769.5239854157 7055.0786761618
230005769.5239853859 7053.9402131996
230005769.5239854157 7054.8835995830
228695685.8179171979 5455.0110150097
232934259.2963475287 9315.2384906889
228718722.8718362153 5486.1471670875
236272265.3212332129 10999.5381774902
236047212.3665795922 10920.9111785889
232915238.4728781581 9293.5434394957
231503522.4403665066 8334.0835575908
234001543.4815094769 9993.6951251030
231865093.1076005697 8600.7646525204
230125543.7229284644 7174.1692925617
228780201.5485286713 5507.4174562856
232898838.5565454960 9273.1789010555
234046742.7884711027 10014.7572945356
228755635.5704347491 5501.8649172648
229541218.4607259035 6690.7996044880
230332091.6339448094 7386.4413943454
231877316.3807018101 8605.3741168678
230332091.6339448392 7388.2567899688
231888660.2151350975 8609.8371616900
230191836.0780725777 7282.2585086003
230424860.3951980174 7493.2678927495
229541218.4607259035 6690.8022486916
232015538.4556768537 8693.7988373339
236515609.5594201386 11105.2610740662
246695926.4053049684 11911.7694473267
230343790.4016776681 7393.2787991925
233991234.0129083097 9966.6108352337
246613261.8134767115 11910.8331756592
239489954.2993034720 11783.1146774292
232075916.3645756245 8708.8356445134
234993336.2895039916 10405.8768720627
230098326.9774096012 7167.9954856980
233936277.6560780108 9961.1646749172
236515609.5594201088 11103.2872962952
232198212.4803712964 8803.7734873742
237256126.6737952232 11361.8822536469
229619606.1938270330 6738.8888026435
229518828.1201403141 6631.0686900985
229433515.0693382621 6524.0953177173
233406135.3210234940 9620.3784961477
233559290.4811775684 9733.9010586515
232405732.0507144630 8910.3259366468
234152879.2491816580 10044.9322902355
229518828.1201403439 6631.8679958839
246129618.6291637719 11908.7857513428
246301941.2169063389 11910.5579986572
233482583.7871220708 9682.9793247953
232996616.8014821708 9329.2885626272
232996616.8014821410 9328.3108328298
231754152.6368939877 8498.1540526003
232228238.0295749605 8807.9148522466
233152921.1767950952 9437.8228773847
233369868.4007177949 9586.5488108788
232841988.2594242394 9232.3971537069
233559290.4811775982 9739.2670254484
233014289.9022828639 9340.0566281990
232479948.6073091328 8971.1211696522
232366855.9262868464 8903.8551223533
229303463.3078837097 6403.9183571969
232781147.4664131999 9187.5774143652
233673082.7032493055 9761.7910944615
233982023.9646954536 9963.9373237286
229538684.6204618216 6637.5316058729
232617439.6103406847 9066.8638371484
229320320.7884575725 6416.9533051212
233915196.4132376909 9910.4203540478
232617439.6103406847 9066.8626428501
232617439.6103406549 9066.8474813358
232516859.7853576839 8995.9343388990
240104300.2979625463 11814.7952957153
246489273.4017072916 11910.6977005005
232506246.6492883563 8985.7306593272
233326127.9848722219 9561.7825858369
234316090.7658269107 10134.1334191412
233766133.7539638281 9848.8683805242
238599309.0176174939 11677.3952140808
236898800.6527540684 11213.2913360596
233616537.1531037986 9741.2121028677
235250564.2839971185 10570.5544595718
235620005.0119101405 10742.8760137558
235390264.1670066714 10595.6809711456
233231639.6832141578 9499.7835268692
233559290.4811775684 9736.2228207365
233067455.0765584409 9393.5685577110
231797261.6457402706 8559.9581447570
233067455.0765584409 9392.5960683540
233757816.4201101065 9821.9504854456
232804646.8325752318 9199.3026161805
231797261.6457402706 8559.9285786478
237650366.9633973241 11439.6915721893
235845057.9665637910 10839.5520601273
233279553.3777324855 9510.0577540174
235885701.9555776715 10840.8953022957
235535654.5169935822 10673.5198488235
236424586.2639170289 11071.5108366013
235620005.0119101405 10739.2348928452
236424586.2639170289 11070.5862417221
235714706.4158769846 10757.0048418045
237038126.2230270207 11267.1407775879
237093077.8914542794 11293.1742267609
235937308.0892745554 10864.3954515457
235805502.4284903109 10838.1476106644
235976489.3146114051 10891.6955499649
236691424.3002106547 11144.5502624512
237882297.2156711221 11511.3244209290
238017897.3713282645 11560.2158546448
234553449.0039650202 10239.0566823483
236401243.6296958029 11033.5991668701
236314010.0268301368 11011.7219219208
234506300.8791368306 10226.5680167675
234423382.7421656251 10226.0750768185
235405752.4684503078 10619.8125505447
245617185.8512699008 11899.6872482300
234377434.1031423509 10155.6666949019
242591816.3385186195 11878.7515869141
242403419.7861573696 11878.6319046021
237684592.3516581357 11458.8317680359
237684592.3516581655 11459.7611389160
237771351.2034223676 11486.7433662415
245658042.1813156307 11900.1289443970
245820248.6179092824 11902.6078033447
243364261.4879414141 11881.7719879150
244310387.7576424479 11884.2998275757
243114654.9596019685 11880.3664474487
243099538.9396181107 11879.9051971436
243126786.4826149344 11880.9172286987
241497549.9285278916 11872.8112106323
241448672.9322336912 11870.8976974487
245681885.3504826427 11901.2445831299
245443651.1537317634 11898.9572753906
240865080.5180855393 11857.8724822998
244839042.3132781684 11895.4072570801
237992391.1927055717 11525.0313606262
241280905.7081293464 11867.6947479248
239665137.8856535852 11786.2588882446
238582064.7964371443 11648.3908767700
239829000.4614005983 11790.3046493530
238067611.3720764518 11561.2384605408
241280905.7081293464 11869.1590270996
239220386.9059865475 11776.1168060303
239037578.0939275026 11744.1807479858
239037578.0939274728 11742.4337005615
239153994.8191873431 11770.4899368286
238269626.1749604940 11605.6098594666
239037578.0939274728 11743.4171066284
238913484.7667078674 11717.0644645691
239153994.8191873729 11773.7247009277
237531824.1048988104 11430.4556236267
237531824.1048988104 11429.6606216431
237531824.1048988104 11428.7718620300
238584215.8051427007 11653.6726951599
237488531.3177809417 11406.7686195374
241145081.0929241776 11863.4307632446
244215661.0919665694 11882.7878494263
238347586.7987128496 11616.3183403015
241145081.0929241776 11864.0414810181
244677786.9927814007 11889.0381164551
240353126.7428146899 11833.4040679932
240379884.1133813262 11835.7154312134
236956917.5157965124 11216.4150733948
240475806.0733239055 11851.5559768677
240247621.3583919704 11830.0524826050
241068381.1896348894 11862.5069198608
240247621.3583920300 11832.0319671631
244803557.7927267253 11890.3973770142
240448884.0522186160 11837.0718841553
244328655.7192240059 11884.4003219604
244504021.1979715824 11886.9964065552
244491461.9838061631 11885.3617858887
