497290208.2696626186 83870.1590320934
491386573.1068986654 60362.6015142977
491477375.2403157353 61190.2006792847
491683339.2608339190 63636.0743331734
491008948.8276351094 54908.1137795236
491216321.6436917186 58442.0681142613
491578726.2919968367 62069.2473450349
492266273.7453177571 67683.9703112048
491166651.6194816232 58164.8765554234
493779261.8202456832 75325.5755261723
491610283.4662638903 62820.9014310419
491780164.0395663381 64547.5384869698
490946626.6893237233 53963.5903223969
490915772.7850844264 53148.7146958660
491240229.4602039456 58538.7423834383
491314412.2848235965 59450.6719488680
491142138.8190721273 57530.1385488316
491375234.0621615648 60117.5929998934
492087571.0634477735 66591.2006909539
491192401.6768361926 58261.5508246004
491409958.8772585988 60913.0091204468
504233679.0258728862 96987.8564615161
503550651.9411202669 96075.9268960864
491696796.3167687058 63715.1385130763
490926084.7133120894 53166.2913834702
497627802.4124337435 84972.5535149034
490938232.2261205912 53889.1400501087
491484141.7018780708 61824.9386858765
491651782.0865667462 62896.8465100219
491507910.6860407591 61908.8036746859
494042473.1764922142 75409.9902702570
491336903.0826886892 60085.4099554598
491769852.1113387346 64530.3114152077
602001575.9521261454 217245.0298385620
493951189.9176818728 75405.4781319965
491580966.4806106687 62736.4028396729
493837852.1289880276 75378.7635056917
491256451.1474083662 59109.0995513566
491497598.7578131557 61891.5766029239
491303073.2400864363 59205.6634344637
491264742.2606135607 59173.4803900301
491114524.7110558748 57252.9469899937
491411085.9073082209 60997.3395208895
491191583.7537080646 58253.2142553843
492953506.5603775382 71460.8991740113
491846877.0717836022 64676.6103650024
490989269.1526654363 54857.9432002224
491052030.3002659082 55755.4529194936
493571619.9260601997 74466.8339402620
491081617.4474433661 56543.7587111138
490988921.0130401850 54794.6254552707
491029268.6946875453 55706.5550207004
491020974.6981018186 55674.8340896658
490968727.1766538024 54060.6442612957
490999581.0808930993 54875.5198878266
491081717.9140605330 56586.4880523674
494951860.6434861422 79113.8475838173
495437339.2377660275 80731.1742069591
491090011.9106463790 56618.2089834019
494400628.0420884490 77289.9884529579
492754064.5877664685 70548.9696085816
494484430.1270837784 77896.2591203052
492957277.9709721804 71510.2866318907
491053781.4950972795 56341.2930272922
493738658.5637491345 74519.1916347742
529864826.9837086201 126589.7723113396
492928692.4528998137 71032.7148201849
497555774.0017464161 84768.1622528490
494979381.0733191371 79695.3976108897
494141907.2192943096 76247.1565857399
492616709.4817370176 69542.6799066578
491020056.3083563447 55623.7681791961
495159502.5376715064 79972.5891697276
494807711.9088848233 79060.6596042980
497726822.2188196778 85607.2915214952
493762343.7823309898 75058.0354614723
493227655.1394917369 72874.0625046540
494667162.9334226847 78960.5030556191
606052950.2172738314 220041.3087158203
499002859.0119183064 88445.1731193978
498411735.7719768286 87533.2435539681
492039553.4821053147 66378.5847635094
494600070.0146994591 78201.9180183876
497447680.9480813742 84695.3619560655
495159498.5328235626 79819.2446415294
492543443.9009020329 69389.5736511137
492655144.2988953590 69914.2316019898
606024092.2516678572 219943.8392944336
494119050.1353839636 76163.7367369998
493790116.5905075669 75335.2270203102
605484098.2531713247 219729.2909545898
495419750.6599189639 80658.7903278898
492157050.0095455050 66938.2434481037
497319665.3792561293 84000.6930984911
503970740.2930409312 96631.2759954245
503356596.6504922509 96022.7389165671
503482974.6196846962 96038.3235827996
539191179.2329815626 142286.2078776192
493372177.9534491897 73554.9043748323
605821237.7009317875 219933.0612792969
575366941.8043500185 182698.9756650617
491020874.2314844131 55632.1047484122
492518777.2451780438 69191.8418059435
492731250.0699447393 70103.7713713732
490978609.0848126411 54777.0487676665
491546539.8911705613 61932.5419158108
494286831.6279540062 76273.8712120447
496156411.8911201954 82277.8417789806
493746957.0439156890 75056.7307091225
491668243.3188230991 62945.9107857337
493352433.7484216094 73514.7019243743
564462314.9825775623 175223.7045015525
492170577.8827369809 67290.5143289391
555168095.8835473061 159259.5076539647
554874607.8206927776 158751.3598878514
491681700.3747581840 63012.5755515741
491883490.8682464361 64864.0982233928
502971067.4618345499 94384.7449437887
502138340.6402551532 91553.5739936852
495475023.4494277239 80950.6417667735
495235406.9967927933 80453.9826481212
501855130.7599954009 90626.7917299182
492454944.2051494122 68622.7399164801
492533964.6249641776 69293.9087622698
496961818.5505225658 83810.2281811107
491993076.8225547671 65737.4206343917
492134192.6598745584 66677.8433001367
503221071.9025700688 95264.1538793356
502872726.0783726573 94352.2243139059
502458886.1550965309 92660.5657677562
502345982.5344403982 92412.3155795955
492831266.5183815360 70633.3550261100
495918305.0479099154 81327.7592716794
492474011.8147562146 68907.9419000660
491956546.6628162861 65679.2711255242
492349280.5646072030 68383.2839491900
495158598.2326885462 79743.5241978038
494118280.4678041339 75983.5129728895
495106867.8833824992 79742.7353015263
529331615.5651528239 124888.9569664509
492206177.9130638242 67291.2881422724
491757349.1038606763 63868.1354782273
491896853.3463603854 64869.5863448409
492457300.0914089680 68624.0446688299
503150885.9937702417 94958.7444631369
492594074.7700307965 69535.9742342596
492130760.1270232201 66629.1410393631
491754756.1693280339 63840.1478677680
492029682.3273926377 65800.7517775697
497712945.3948557973 85444.1640064292
604852861.0031313896 219420.7554931641
493038314.6034190059 71723.7191777732
502012453.9156194925 90931.6016015918
492135249.3446863294 66772.0407457752
498315278.0990363955 86280.5967653565
491850979.6455224156 64707.9821573188
493074105.9050514102 71852.3044121160
598257392.3095132113 211258.9828649946
491860323.1866219640 64811.4368359735
491941986.8002306819 65597.0355742378
503459362.2427669764 96023.3262486369
501657056.7233503461 89716.4044116461
494387347.9550896883 76865.0855644699
502187260.6855022311 91692.1862306506
502055201.5587676167 91538.7212953479
491836419.7829366922 64625.7466060323
496891117.7020484209 83608.9219668865
496431287.5901619792 83040.3647405192
534011778.2647088766 133749.9150784258
494382486.3571453094 76802.3188205112
604473543.6886467934 218902.7669982910
501561514.8076333404 89377.8244199664
493310733.1989214420 73271.6915021446
546622539.9256738424 148795.7275753189
502426203.8140795827 92477.3654870824
605221414.0455033779 219478.7173461914
493569266.9692641497 74161.2155121397
503156525.8517198563 95110.8093511374
571477436.7928898335 181569.0884918701
496101041.3631464839 81438.7535487883
546887266.7265187502 151195.1012263242
557052567.7420156002 161733.0713559370
557157179.2258505821 162145.0923215132
493518375.0931068659 74130.4330880549
493096417.4139177203 71879.9505107156
573839727.8405312300 182543.8735794555
491940918.0526219010 65358.6274081815
503322800.0374031663 95934.6704349541
493454461.5350070000 73603.1210721447
493220092.7405847907 72832.2606595471
493206772.6864511371 72532.3123888317
536152465.8212866187 134194.7601275803
501839744.0215801001 90625.4869775684
493148215.1811423898 72051.2249021751
501693214.0234193206 89817.1870189332
536384132.1744036674 134846.3718681824
493296173.3363358974 73189.4559508581
502495071.9397765994 92835.3198404931
577236652.2979699373 185467.1227045469
577307414.5405808687 185823.0379877500
504877378.0710022449 98496.1813879353
504542214.9576594830 97769.1939396881
570280021.6990671158 180748.7857866697
504138367.7181758285 96857.2643742585
600664060.9256904125 214324.2708435059
503296527.3774651885 95324.8779721283
533676130.8781918287 130988.3850384247
533483409.2625269890 130566.6309185517
503054391.0606568456 94412.9484066986
592663292.2913236618 200376.3137481771
543035825.2060657740 148375.8718723413
531111196.6136949658 127180.9393919730
581585718.4173341990 189103.6374484990
601047613.3565405607 214836.2267990112
601720009.7130520344 215486.9868087769
604268007.0906865597 217984.8253479004
568821680.0036779642 175849.3333057892
502760609.8576866984 93487.4410266853
495814450.8026694655 80976.6596004240
501580747.2121148109 89527.0287726303
496143420.0464309454 82088.0429774992
584431769.4011431932 195903.2785282582
583955002.3346908092 195142.4158618320
570217197.7083874941 176811.0556104463
569429375.5353268385 175951.8836133759
542401459.1527490616 145954.9347156640
542442638.2927008867 146615.8583606835
603970804.3970491886 217941.9210662842
495817967.2494122386 81096.9017154448
505476909.2414177656 98614.5743577094
596696707.9215787649 211203.7809897698
529073325.7988146544 124587.3318557986
592865090.7765984535 200745.4197725914
593262780.7418363094 201837.3013033532
527024338.7490300536 123916.7899985560
547920986.1140794754 153430.0695787233
547639065.2388782501 153078.3988939691
559692766.4794089794 163442.6167642027
549336154.2512109280 155223.8412842629
549012317.5343748331 154417.4842295591
510473420.0217704177 102328.3977788808
510283709.2938918471 102085.1381170331
507459713.7804290056 99702.4873843850
507012243.0162093639 99693.9988637627
603792076.9576795101 217616.8306121826
533004839.6051900387 128805.2168553546
500881860.7261857986 89044.2199032512
500685532.4043354988 88868.0560649838
599639022.3259781599 211263.7093644245
553374382.2684895992 155338.4268135373
601503968.1971395016 215008.8372421265
577702634.1194190979 186571.9419603758
576866927.6696097851 183216.6963968687
538842399.3104852438 138853.6483125482
518470492.0935779214 111624.5933129569
560183195.6349329948 164654.7320327312
559815723.4523611069 164071.3557386678
532553385.5561171770 128036.3646362199
506038287.8375632763 98728.6377142465
506255399.3360560536 98920.3140945996
526077684.3202847838 118677.3150492986
523784365.5754852295 118378.4612392676
509796442.5129005909 100227.5913763144
509272674.2186348438 99879.0098346346
593355931.3699862957 204351.0268564224
517216150.5677652359 107608.5807465846
516864684.8661503196 107473.2919892604
540095298.2379543781 144292.2862531897
539794775.7012543678 143586.3719465490
562206515.9261143208 166920.3782784566
520821837.6554358006 113164.4212840204
520504954.7528108358 112983.8679850702
590625207.5925601721 200212.2475156784
590429935.1260066032 199799.0857572556
561443993.5262428522 166562.5277120899
526446673.7580978870 118927.6516786017
589172737.8620940447 199505.7140361071
588911238.8067140579 198064.6763368547
563034007.0272272825 169603.3071877118
562789968.9362069368 169364.5843395572
541773731.5827817917 145470.8575243387
537810967.8903388977 134994.6083242625
538594917.8232108355 136403.6094573326
516032225.3791458011 103980.0344232788
514965006.8755559325 103787.9024293395
514719069.1591507792 103175.2302402119
516605949.1249508858 104449.1349977120
