425829509.6449483633 3417371.2744140625
434004591.6906082630 3566521.3906250000
426383084.9465346932 3451074.2182617188
436218252.1371377110 3582694.5546875000
433811042.8915984035 3564983.0781250000
430882325.6673213243 3536891.7451171875
429826854.3445447087 3522566.9487304688
426287866.8074268699 3446549.7456054688
427534128.5129271746 3484701.4399414062
437046371.0070366263 3587543.5068359375
426073629.4203116894 3435258.0605468750
426619043.3464024663 3454858.0390625000
427993961.2806210518 3494741.3784179688
426051101.4764120579 3429408.2036132812
432128186.9734349251 3552218.1250000000
426998904.3465412855 3463941.1103515625
431503250.6048728228 3547400.2060546875
435859737.8105505109 3579297.3701171875
426537390.0875735283 3452685.5771484375
428892285.3209537268 3509099.2456054688
431458713.3492061496 3545443.8378906250
427160319.7403205037 3471150.6523437500
430156851.3335496783 3527835.0483398438
432045720.5181664228 3551875.3759765625
436668369.3669794202 3585065.3164062500
436107346.8599444032 3582497.2792968750
427081594.6915124059 3466583.4199218750
429332058.2477157712 3513477.7514648438
434431532.6496961713 3569795.0566406250
428190830.9844307303 3496718.2456054688
428389759.8705666065 3501744.5122070312
427299972.2990905046 3475341.9765625000
429699446.5951741934 3521066.3891601562
432447927.8804004788 3554973.4394531250
429003707.6099097133 3510760.0620117188
428497580.2960167527 3502358.2993164062
431625150.2489467859 3548180.0996093750
426267846.9908928871 3444682.8876953125
431101418.7121674418 3540517.1865234375
431800427.5665065050 3549604.1142578125
432721003.0609896183 3556115.3769531250
433930850.5827377439 3566092.1992187500
434516567.7718425393 3570695.9648437500
428678203.2508768439 3505094.5610351562
431479922.1244162917 3546099.4394531250
429413651.4753181934 3514660.0620117188
429610244.6750988364 3519406.7797851562
426820040.0432028174 3463173.0112304688
427720124.0149390101 3490861.5385742188
428038549.6373254061 3495371.7602539062
431254421.4586256146 3542944.3613281250
426153619.5167155266 3438237.9492187500
431182758.5885645747 3542500.5634765625
433460523.5446496010 3562545.1591796875
429812977.7671880126 3521805.1752929688
426716764.0425532460 3457598.0205078125
426291206.6098825336 3447399.1997070312
426801704.7541612983 3459877.5664062500
425837392.5630596280 3425032.8222656250
435535176.8782728314 3577150.2539062500
434744769.2233861685 3572947.3017578125
426509948.3425734639 3452523.6333007812
429533009.6954335570 3518330.1274414062
426247662.1800567508 3444353.4638671875
437010096.2433293462 3587404.4648437500
431399623.4815759659 3545117.0732421875
429693082.5526159406 3519553.7407226562
431291958.4041601419 3544002.5302734375
426357723.2634245753 3449215.4926757812
432873253.9056112170 3558851.6386718750
432776446.7208872437 3557154.8544921875
433110027.9314773679 3560177.0830078125
427882521.9778928161 3493426.3149414062
432759871.4330769181 3556203.0986328125
431157003.1721067429 3541301.2441406250
433110027.9314774275 3560602.8388671875
427455106.2363474369 3482779.8540039062
425732139.3772310615 3414822.4619140625
437992911.2548432350 3588770.4365234375
436001573.7001296282 3580556.7294921875
439156962.5487661958 3592969.7871093750
427397500.0030493140 3480009.3671875000
429821346.2392483950 3521922.3627929688
427392536.1305030584 3477171.0859375000
428816879.5468438268 3505780.9155273438
435356520.3431494832 3576409.1396484375
434396786.1025486588 3569260.1767578125
433722081.7205705643 3564967.2119140625
436748625.0595118403 3585945.9785156250
435209077.1351692080 3575082.4824218750
429502650.5670037866 3516834.4379882812
427245260.4519286156 3473430.1982421875
432602336.9522836208 3555926.4160156250
429355669.6974458694 3514375.3881835938
432769773.1951416731 3556414.6826171875
428300865.7943603992 3498993.0092773438
425956711.5552093983 3428499.8432617188
428389759.8705669045 3502170.2680664062
431910207.0460171103 3549982.4677734375
428704464.7352489233 3505413.3022460938
429218272.3861754537 3512204.2846679688
439883062.3596285582 3596138.3554687500
439410118.4881979227 3593762.4482421875
425688842.4485069513 3414097.8525390625
425926569.1253427267 3427416.7895507812
425376124.9043638706 3398031.6083984375
436213337.8252952695 3582600.3437500000
429488837.4572824836 3516406.3764648438
434707690.0434769392 3572684.9560546875
427656120.3545328975 3487773.1801757812
430667504.2036300898 3533156.4321289062
431741468.7984187603 3548927.2988281250
430726757.4878117442 3534912.6586914062
430705018.7392060757 3534429.0834960938
431149919.4187596440 3540927.7890625000
428144664.5443177223 3495677.6508789062
428886992.6582050323 3506056.2094726562
425608994.7106579542 3408999.4423828125
428889808.5607693791 3506071.2778320312
427330623.8683228493 3475389.4082031250
430841438.7313777804 3536448.2402343750
438322186.6889625192 3590039.0224609375
435829051.5595194101 3578684.8994140625
434583969.8680687547 3570922.6523437500
425434064.1128833294 3398954.8007812500
428383052.3345059156 3499548.9125976562
430306533.3908171058 3531247.8291015625
426120997.7013364434 3436935.0000000000
435938818.4915967584 3580386.2285156250
426036121.2274070978 3429222.0273437500
428296915.3889390826 3498413.9125976562
429353181.9424997568 3514302.9624023438
433325221.6556530595 3561635.8134765625
425325839.8491784334 3385417.9375000000
433399791.2514067888 3561679.8300781250
430907484.9958288074 3537835.7636718750
425335831.9704551101 3392092.2353515625
431960443.0763237476 3550121.2158203125
425580387.5648146868 3404739.0214843750
428867116.3561019301 3505835.4106445312
438755931.7750632167 3591691.9462890625
435636059.0535247326 3578101.5371093750
429409230.5569135547 3514413.4536132812
432670074.0632197857 3556011.9804687500
428661514.4023729563 3502658.5336914062
433203036.8218551874 3560730.1816406250
425325839.8491784334 3385372.1552734375
438316057.9084705114 3590038.0507812500
432811057.4720485210 3557545.4023437500
428260003.5368570685 3497116.3217773438
438776156.0794275403 3591895.6699218750
430938625.8422148824 3538878.2685546875
425541036.7303874493 3400488.4951171875
439681895.7871866226 3595103.9921875000
439824249.1861402392 3596079.9326171875
429343740.9741116166 3513778.7319335938
429458407.2922613621 3515406.1704101562
430840139.2200195789 3535707.8515625000
429845897.6436451674 3526334.9033203125
429230716.4806502461 3513387.4311523438
429472873.9754321575 3515406.6733398438
439702120.0915507078 3595286.0380859375
430443984.8340064287 3532905.5952148438
434293270.8222987652 3568910.3701171875
438898285.1740166545 3592667.8867187500
430781316.7714198232 3535559.2587890625
434164295.1624956727 3568681.4462890625
439889191.1401208639 3596139.3271484375
433444861.4003907442 3561795.6943359375
429177304.0743702650 3511042.4702148438
432339289.9454224110 3553218.7490234375
430577024.8808392286 3533055.3232421875
439597189.5367680192 3594615.7373046875
429426822.2506485581 3515001.6684570312
435257534.4869914651 3575533.1318359375
433651214.0563617945 3563796.8818359375
429117239.9344924688 3510905.4291992188
438776156.0794273019 3591873.9921875000
433257667.0044837594 3560912.2275390625
435020853.8746636510 3574480.1904296875
439532247.5827872753 3594556.3427734375
435113484.9471881390 3575028.3886718750
435837225.6259670258 3578710.1445312500
435513101.5784558058 3576939.1123046875
439517513.3850787878 3593901.2929687500
438957098.3475051522 3592740.4130859375
437945352.8263518810 3587937.1015625000
435346244.7531934381 3575653.6923828125
435246829.3128193617 3575250.1015625000
434972695.0684086084 3573757.6113281250
438551956.6285551786 3590205.3808593750
439070924.1372865438 3592854.8007812500
435676503.1810340881 3578283.5830078125
439591060.7562756538 3594614.7656250000
435476284.9788748026 3576892.4355468750
437823223.7317627668 3587568.9628906250
433825547.4237107038 3565205.8740234375
433547873.3834197521 3563686.8759765625
438131233.1982711554 3588873.2607421875
438710782.7746778131 3591185.7646484375
438784330.1458747983 3591899.2373046875
435730071.2133966088 3578376.0312500000
434428482.1154525876 3569276.4414062500
433670058.2172177434 3564609.7597656250
438603387.8777969480 3591046.9199218750
434906543.5145963430 3573182.3300781250
433825547.4237107038 3565631.6298828125
434906543.5145963430 3573608.0859375000
438315074.1512548923 3589843.6259765625
438891159.1115112901 3591981.6933593750
437925941.3191756010 3587615.8408203125
437954568.5298863053 3588201.6103515625
439146870.8022550941 3592893.2197265625
438910842.1806763411 3592694.6259765625
438230912.2380812168 3589140.2666015625
438584622.7077893615 3590819.6562500000
439259853.5762635469 3593251.8037109375
438957098.3475050330 3592726.3095703125
434699619.7762686014 3571442.8955078125
439259853.5762634873 3593230.1259765625
434128656.2567816377 3566874.5498046875
438547077.3613882661 3590086.1816406250
