650264285.4833728075 1029118.1725170463
655515051.3883763552 1052884.9488372803
650936709.1140899658 1032624.5781333297
654119514.9452635050 1047912.5039391518
652690368.1178638935 1042289.1186838150
656446274.5133177042 1057940.7593536377
654656827.8313575983 1049707.9363121986
648180623.5443249941 1010201.0980337709
650125561.1935650110 1027717.1625072807
652055109.5538014174 1038499.7055215836
651339106.2528325319 1033479.4632522464
655390770.1496138573 1051779.9520111084
651752288.5261689425 1036932.7611856461
650511029.7586758137 1030146.4540722221
650678843.3786480427 1031880.1490359157
649727687.6249274015 1025418.9549877495
650474046.7706637383 1029732.5859000534
655448885.2912644148 1051846.9334564209
653196042.1849106550 1045021.5896935463
648141818.2047728300 1009936.9969760478
647824987.0755997896 1005590.9281153530
647756766.5422753096 1004578.2464899868
650064779.3326802254 1025945.8396313041
649288549.9775452614 1020245.4469179958
649104716.1719597578 1018066.8193981498
651117386.0264091492 1032684.2792849392
648809869.8955371380 1015791.0732962936
654800741.3708877563 1049918.1210174561
647100589.2612394094 997760.9780906737
654892200.0438021421 1050500.7266082764
648477515.1062204838 1012777.7976559699
647903280.2204188108 1008098.7159701884
649586627.4302126169 1022535.6444480270
650228734.4191561937 1028155.1883861870
649385278.9029755592 1020746.2185391486
649723120.5779330730 1022637.1682925075
652512000.1014471054 1040315.1853799820
647285647.4671934843 997876.7166008055
652883366.6993803978 1043489.5871758461
647320684.1903159618 999898.5627464354
654338777.1234561205 1048631.9143395424
652303914.2356427908 1040277.4939737320
655145194.3867084980 1050609.6781463623
653717972.4786565304 1047390.9109673500
655452821.1623756886 1052638.3265533447
651582621.9993972778 1035245.1719009280
653150358.7654788494 1044100.4347558022
651885989.4919786453 1037239.6070108414
649333549.2795752287 1020478.4242331833
650897275.2532311678 1031983.1795127243
651950275.4691479206 1038248.0888223648
652674592.4553840160 1041723.8989434242
648941409.3323698044 1016161.4078991264
653365469.2303085327 1045885.5071587563
653284037.8792179823 1045242.6191735268
652616821.3582661152 1040972.6396799088
655619964.6112463474 1054549.3138885498
646859449.7829028368 993272.6201347411
653152680.5504387617 1044723.2164025307
654831192.7756470442 1050071.8531341553
650513073.9939851761 1030356.8034751266
655160342.2193298340 1050812.2977752686
648748377.0350809097 1015006.3452143520
650231285.6389739513 1028257.5128490776
647313184.0446068048 998923.7559227049
647668875.5829622746 1004358.4469474852
648441172.0861147642 1011099.7748080790
653465677.2441536188 1046444.3331017494
654444501.5688650608 1049172.2646813393
653422315.6096814871 1046145.9598107338
647774600.0283713341 1004898.7972892821
651293100.4974576235 1033386.1346694827
656952684.8103976250 1060219.1831512451
652614245.2545282841 1040625.7463555336
653617137.9426397085 1046730.0523247719
652256842.1659932137 1038798.2908029556
651475286.4823836088 1035109.9396468997
651242087.0798873901 1033044.1380569339
655205819.6976388693 1051621.2491912842
653036880.5649648905 1043906.0129570961
653210701.7869951725 1045197.6338067055
649288268.1755141020 1019620.9811413139
648656733.2767063379 1014217.4568681717
650115603.3864318132 1026605.7033927292
648631194.3033710718 1013301.4897050858
650408993.7635763884 1029198.1320884079
647414295.4461125135 1001629.4589866698
648468505.4877402782 1011275.9579795897
646821264.4525938034 978810.4763531983
656052124.1833634377 1055135.2401580811
649207826.1893641949 1019274.5842618048
649017567.4507693052 1017773.5944225639
647571623.6126350164 1002065.1560081542
647299613.8024675846 998161.8001121581
654815959.3808847666 1049929.3508758545
647083398.6293908358 995491.3235496581
646847978.5942949057 989111.0618684319
654795324.1081883907 1049840.1775665283
647256252.1679959297 997863.4268211424
656295464.2347264290 1056086.1920013428
656750490.5693353415 1058261.0970916748
649176508.9411264658 1018254.9037470669
655450630.6197502613 1051927.8491516113
652858819.0322711468 1043068.2246596813
654544596.3964146376 1049204.3271813393
654405156.3334143162 1048799.2425255775
