82451046.7573741972 1242951.1337890625
82803304.1263358295 1344572.5556640625
96867544.2114194483 1623806.3535156250
83069132.9656289071 1391200.3828125000
84177283.0597074330 1500105.1269531250
83233168.2809937298 1415302.8984375000
82340400.4809554219 1203496.0976562500
82844825.1317730248 1350758.9550781250
83134045.3430723399 1403023.6445312500
83523140.6159054041 1445279.0605468750
83618900.6496069431 1453833.3632812500
82933320.4148002565 1371544.0458984375
82540296.8734023869 1271206.3437500000
82555109.2436200678 1274736.7587890625
82664921.4143453091 1309125.0859375000
82279563.9818395227 1175180.6718750000
82711559.2252292335 1319839.5576171875
83149478.3767421544 1405822.8437500000
86834088.9298168570 1582108.0996093750
86731222.8462582976 1577893.5527343750
82237350.5424372852 1157984.4355468750
82781440.6557037234 1338267.2626953125
85195402.4371993840 1545710.5566406250
82328085.7830577046 1198426.2568359375
82313110.5755025446 1191641.5205078125
82162610.4441945851 1113970.8203125000
82475019.6425362527 1250551.1005859375
82240461.2978115380 1159577.2832031250
84156005.3273312002 1496900.5371093750
83031530.4028942436 1387589.6562500000
82613814.7457104474 1294965.1201171875
82221517.8979605883 1152420.1914062500
83071211.0801700056 1392867.7675781250
82159609.1598117650 1103401.7900390625
82299377.9879074842 1185511.4199218750
82214724.8869149089 1144136.4726562500
82411466.4210166782 1229002.4521484375
82400507.6833395660 1223910.0214843750
84060619.7930059433 1487769.3769531250
82995195.5967395306 1382507.0566406250
82632293.6857997775 1299164.0478515625
82819057.2414511591 1348047.1865234375
82376713.8907461017 1215441.8310546875
82847314.7312943488 1354112.4169921875
83018797.3171994239 1385907.1328125000
82157070.8287872672 1101758.6865234375
82285814.5923151523 1179991.3593750000
82173654.8270233870 1117780.0390625000
82242261.9179722369 1161657.1621093750
85824928.9814922810 1556378.0234375000
82647852.2344651520 1303978.1484375000
84224853.0294553190 1500850.3300781250
83097390.4554721117 1397265.6132812500
86652692.2015788853 1577051.6738281250
83064400.5251872987 1390324.2695312500
83665563.4407303929 1456940.9238281250
83330426.6312389523 1426664.5019531250
82367666.1194152236 1212284.1191406250
82321044.2029571086 1195623.9287109375
83261620.3514701724 1418107.2714843750
83997928.1988079101 1485542.0820312500
82372398.8386316299 1214221.1015625000
85238523.3503450900 1546464.1855468750
85624715.5588584393 1553126.5351562500
82435439.3061787486 1237236.9482421875
86734690.8887612671 1579985.8554687500
82160781.8125472665 1106648.5332031250
82231711.0568917543 1157229.4248046875
82605997.4602279067 1292209.4326171875
85910915.1680405289 1562386.7031250000
84770351.2087468654 1526586.6992187500
82281088.7101469338 1176080.8574218750
82360018.0189743638 1209114.7060546875
82271344.0748500675 1172275.6269531250
84775184.3011014760 1530214.5761718750
82827970.2728265524 1349994.7822265625
82301850.9903164357 1188515.5068359375
83341880.2989160269 1429161.8632812500
83065356.1480097771 1391032.8261718750
82944798.0017142743 1372252.6601562500
82151995.1279242188 1093419.7539062500
84172319.0372836292 1498130.0878906250
82352355.5888838172 1206842.6289062500
84990878.7011220455 1533322.1367187500
82974786.7122409195 1376367.2714843750
97255082.2284543216 1626402.7402343750
84885083.7857927680 1532092.5859375000
85102561.1735154837 1537595.8691406250
83893874.6208081692 1474098.0058593750
83263377.1872399449 1419162.4062500000
82180045.5102378875 1124584.2099609375
82916540.5118710697 1366187.4296875000
83453579.5431937128 1439522.5742187500
85003616.3696579933 1534058.2226562500
82224628.6533348411 1153398.2988281250
82571174.7197232991 1280186.9316406250
82624476.4003172964 1296408.3603515625
82384605.9504325390 1217193.3701171875
82190843.4699048251 1128359.8886718750
86992577.6667215973 1587348.7480468750
85179996.0207411051 1542549.1933593750
83044431.5301259607 1389066.6464843750
82160703.9921520650 1104922.2197265625
97156603.7385260612 1625503.8652343750
82873093.0895233303 1358044.9003906250
82656467.8434424400 1305202.1757812500
82360624.5393146127 1209481.7910156250
82317007.7815531790 1191810.3310546875
82397979.4074601084 1222481.8095703125
85168741.9885938466 1539433.7324218750
82927669.2138569057 1366738.2265625000
83336874.3045589477 1427598.4160156250
82960551.1168296039 1375727.2910156250
82422937.9126662612 1233262.2138671875
82768246.0035443753 1333169.2509765625
82482094.6900922358 1251733.7236328125
82153245.5314286202 1099042.5380859375
84833378.7234750986 1531069.3632812500
83113143.5705873966 1400740.2441406250
82888846.2046386898 1361519.5312500000
86093817.4347579330 1563337.2812500000
82695806.1101138890 1316364.9267578125
83214852.7783132643 1413421.3593750000
82184931.0709417611 1127965.8808593750
82521789.0961450338 1265258.6484375000
82250297.7491921335 1163729.9091796875
86401831.4175798744 1564245.8691406250
82182392.7399172932 1125312.1123046875
84751155.3353625983 1525221.9667968750
82749767.0634550452 1328970.3232421875
82707806.3474068493 1319115.0410156250
85737127.9131917804 1554441.2011718750
86346153.0179296583 1563940.9472656250
82394577.8066908270 1221952.5253906250
82863067.8464097083 1357587.0478515625
84915066.7546347678 1532955.6035156250
82249496.3965863734 1163580.1748046875
84727406.0204624683 1524876.4785156250
82465643.7467520982 1249024.9101562500
82490911.2498241216 1256278.0605468750
86452369.0218710452 1568049.3339843750
82512070.1802546531 1261517.6181640625
82913569.6619537175 1363932.5214843750
84074275.7576161623 1491773.1562500000
96883508.3744931817 1624013.2207031250
82336970.5798917860 1200331.1562500000
86458315.2010381222 1571435.0585937500
82327932.0437630564 1196279.5908203125
86781348.0215352327 1580005.7988281250
82816921.1187156141 1346744.6923828125
83103215.4425587803 1398359.9355468750
85393399.8973199874 1547290.3808593750
82263093.3783055097 1168986.0478515625
83655795.7469054908 1455942.6484375000
83078499.0906774551 1395038.2929687500
82204536.3857543170 1141684.6503906250
83548470.8356721997 1448483.6503906250
82530491.5861816406 1269592.2128906250
82585659.2406126857 1287417.1992187500
82725274.6608853638 1322892.2275390625
86682022.1991972923 1577385.6855468750
86093829.4440198839 1563583.8671875000
84328694.9141756445 1507110.2812500000
82631283.0591889769 1298870.9218750000
82444574.2121276259 1240082.3984375000
82247204.7531500012 1162064.7822265625
82537563.9527560472 1270922.5898437500
82629307.5070006996 1296776.4238281250
82169371.5347659886 1114383.0185546875
82210695.1346820295 1143173.7890625000
82175280.7363718897 1118442.5292968750
83094812.8006299138 1396267.8437500000
84414820.5283491910 1513830.2656250000
82797838.3695074767 1341391.4775390625
82759021.2098028362 1333146.3916015625
83666127.7177177221 1457732.6113281250
82505768.9425913543 1259639.9335937500
82194469.3010982126 1134713.1738281250
82407496.4543653578 1227259.3603515625
83128061.4363242537 1401851.9941406250
83108411.1301458329 1399864.1308593750
82783208.8184724152 1340386.2324218750
84657537.7328682244 1522961.4257812500
82771240.0181315541 1334370.4189453125
83592335.6234385371 1449028.6777343750
82633613.1162614226 1299585.2246093750
82283850.1159122437 1176755.3867187500
85016687.9870442301 1536947.4101562500
83588214.4088541865 1448684.4492187500
82681329.6852818578 1312396.0937500000
83189642.1314517409 1408777.0820312500
83696128.7892903537 1461131.0722656250
82674468.6077971458 1309499.3906250000
82438112.1115927696 1237545.9443359375
83678667.1616612524 1458914.3691406250
84583404.1054713726 1521083.4160156250
83211180.6372478902 1409688.9453125000
84533787.3107070327 1519596.9980468750
82771318.7717209458 1336187.3046875000
83646560.8626024574 1455776.7246093750
82172333.1821778119 1116401.3554687500
85863727.8324849159 1559460.1191406250
82662210.7553549409 1305897.1455078125
86923164.2888460010 1584472.9609375000
82723299.1086970866 1320797.7294921875
82229088.8962006420 1153657.3925781250
82191358.5457240045 1133317.4082031250
82645910.6781795323 1302626.1376953125
82231499.7678021193 1155651.4560546875
83261063.7216776460 1417268.9062500000
89305389.7031265795 1593689.8554687500
82443324.7840848565 1240026.5253906250
82291692.9216328263 1181510.2128906250
84531533.8679975718 1517220.0507812500
82291481.6325431913 1180122.9960937500
84348303.3092286885 1508130.2089843750
83300514.5917706043 1423459.9121093750
82199322.4125724286 1137074.7880859375
82449607.3487508297 1241650.5712890625
97672190.8966404349 1626550.9121093750
96465416.4595898539 1622034.5859375000
83325906.4672651291 1426538.3105468750
85554008.8703626394 1548169.3828125000
84516077.4928587675 1516978.2949218750
82405710.3538126945 1225566.0986328125
84138856.9818864167 1495902.7929687500
83794078.1684136987 1468784.6152343750
83668804.3870419711 1458844.3613281250
84130785.5208987743 1492705.6562500000
84327220.6070316136 1506805.1406250000
83752192.6999167651 1466097.5117187500
83717117.5909432918 1462764.4316406250
87227217.4570546001 1588176.3574218750
82207095.6145904213 1142926.1855468750
83255198.6360379606 1415380.7353515625
83965253.1826627403 1484145.4433593750
97098503.8868881613 1624748.9746093750
84393678.2947130352 1510864.4667968750
82591539.9809002131 1287713.6074218750
82558034.3349986821 1276549.2949218750
83613410.8951442987 1452650.0117187500
84473760.1090340465 1516927.3007812500
82739902.2798759043 1326647.4433593750
86535640.1399487555 1574190.2207031250
82487272.1322188973 1254192.1777343750
84352266.1178208590 1510465.8378906250
83416962.6419407129 1436147.9003906250
83528661.8862183839 1446508.6113281250
97155175.3142125458 1625050.9003906250
82482905.1204423755 1253340.6777343750
82642364.8782014400 1300219.4277343750
83517508.2028685212 1444729.1347656250
85534798.4065835178 1547612.2089843750
82709125.7778684497 1319407.6025390625
83394719.1175011545 1433080.2636718750
82498876.7503652126 1257426.7363281250
83405808.9585908502 1434368.4238281250
85838814.2862881124 1559314.0292968750
82582748.7323505729 1284546.2080078125
83483305.6179936975 1441413.1875000000
82565668.7526202202 1278247.7080078125
82594703.7877857089 1288628.3925781250
83915266.3558460027 1478131.7910156250
86589031.2892448902 1574205.2929687500
96778368.6427377760 1623628.5234375000
83506418.3617788404 1443440.9746093750
84081620.5525978953 1492455.2695312500
83595004.8622713834 1451773.8984375000
82529681.1558314711 1267985.2587890625
82615134.1761720777 1295386.2968750000
84070350.0520806611 1487962.5195312500
94279054.5576059222 1608321.1953125000
83832164.9813677520 1471787.2070312500
83859747.9510678947 1472054.3652343750
83817991.6505391151 1470397.0800781250
82599505.4814412743 1288924.8007812500
96681217.1951150149 1623548.7089843750
97032158.1991503835 1624463.8164062500
85114470.9391683042 1538927.1757812500
96810673.8274769932 1623785.6601562500
94503059.5223975033 1611591.7519531250
93662608.3032645434 1597814.7363281250
86423310.2309006751 1566601.4628906250
89373511.1645002067 1596367.6738281250
92969701.2990548611 1597448.1523437500
85870391.1634169519 1560012.3554687500
96315324.2276856303 1620408.2988281250
85592277.9539323300 1548595.2656250000
87522216.5872328281 1592725.3574218750
92859253.4199710935 1596885.9531250000
94389955.0629877150 1610376.0800781250
93691678.9823579788 1606157.5859375000
96297525.9379882067 1618476.8828125000
95831616.0660564005 1617823.5878906250
95540455.6841978431 1617121.1601562500
95429826.5650515109 1616552.7578125000
95262445.2479850948 1614961.6347656250
95265900.2038335800 1615494.8457031250
95177337.0098527521 1614085.8652343750
95181366.4253375977 1614843.4980468750
