158228625.3995490074 95697.5034609139
160802290.8678510189 113477.5031327177
154652898.3501392305 58984.1283864875
175093297.3928953111 166147.8495788574
160641292.0479228795 112001.4850815702
160623831.0740613043 111926.2964829374
157697180.6108779013 91508.9948592037
171663616.4398950934 158080.0308589935
155072762.8775461316 66894.3930966929
157793166.8876842260 93262.2742781490
154757085.9441920817 61559.0613427088
165027139.3456392288 133518.5330590177
157779667.9409150183 93254.8965926021
161595448.4093919396 117270.2299009133
161013113.6684710085 113912.9974335600
159655179.7865854204 105269.4448690712
159136188.1497902572 101770.1410284340
159151045.1815625131 101845.3296270669
161182761.6546254754 115425.6003235746
154893716.6425390542 65172.1507387757
154646853.1260022223 58860.8049001594
175208253.7690324485 166567.5579528809
174531415.3011434674 165455.6087341309
160632642.8816965818 111964.9002427030
155632706.0871594250 73439.0346246082
175194754.8222632110 166560.1802673340
162344475.2725898325 120754.3151348401
175079798.4461261034 166140.4718933105
178896742.2861869633 168983.5959472656
162357974.2193590403 120761.6928203870
162328627.8103185594 120710.3999355603
174544914.2479127347 165462.9864196777
162342126.7570877671 120717.7776211072
159328146.8903491795 103328.7253637612
161196260.6013946831 115432.9780091215
173100792.6760843396 161322.7191925049
178963700.8487411737 169135.3582763672
158620468.4954248667 99059.9296918064
158309502.2931060791 97026.8108021040
170988842.0159834325 156121.5047054291
157160856.0028115511 88734.9846020062
168558828.3725233674 147985.9440517426
155482072.7805403173 71752.1018790603
159541894.4011654258 104062.7221971303
159319814.5901524723 102980.6166612078
165474087.8305597305 135534.5694171186
159725041.3340891004 105582.7027726918
159285373.9781244993 102571.9946496803
157557750.4465514719 90988.9620109368
155306174.4459908307 69092.7175045311
154947705.0815852284 65273.3409287333
157270587.3338726461 89543.3101687171
159313407.4276582599 102745.2702991534
157115503.0570124984 87344.5995380320
158154530.1240012646 94945.0574935544
160367189.9924284816 110174.6829575468
174654064.5572499931 165691.9053955078
159981602.6694368720 107498.2295193393
157629495.8558637202 91361.5381734967
159443406.2518681586 103353.7331023812
160611008.7126650512 111881.2875718046
174324622.3784961998 164544.4242248535
159533082.5935301781 104024.1184373647
157210096.8613742292 89292.4199810047
155213188.5501014292 69020.4286105335
175114717.5277883410 166407.6911010742
159245886.7493689656 102104.6360996086
159059644.6031819880 101551.2580290139
158962567.3439103067 100043.2155498862
159097624.0816654265 101588.8892545998
159111123.0284346342 101596.2669401467
159048306.6296980977 101333.5773514360
173442566.8573471606 163264.1513061523
175773959.1009831131 167172.8127441406
171583540.0632829964 157978.0693416595
161103902.1047859192 114038.3388718534
157449944.1389664412 90331.5398147106
154888309.6548891962 65021.4832960591
160450225.1344359219 111111.5837979037
175071530.8261213601 165962.1338500977
155462644.3074787557 71048.6908416636
171597039.0100522041 157985.4470272064
158227025.7638733089 95387.3458281178
158301364.5270101130 96651.6974784285
161038243.6462175250 113959.4383286405
158209758.2479821742 95386.7134055085
155277523.2271404266 69090.9195797145
160722559.4993619621 112852.9826153684
157476693.5874646902 90512.0424246341
158040360.3251926005 93370.8265103251
158046933.8083387017 93471.1866588611
158076973.2031050026 94490.7857197411
158886701.3227815330 99836.6553813368
156957220.5657079220 87150.8638357669
156783845.7429595292 84691.1621246655
155028421.7697894573 65404.2729647160
158423005.0241143107 97526.2882590890
156862573.2676123083 86540.6541066784
158588097.0098192096 97609.9354334176
156742700.2433244884 84600.3582772464
172051762.5578252971 159036.1050167084
155316087.2952652276 69185.7919971645
161286848.7891758680 115831.0380982328
173114291.6228536367 161330.0968780518
172090234.8833882511 159115.0055599213
154736554.4719123244 59193.8746439815
155171235.0009736121 68518.2222405672
155385691.5821060538 70589.4741555452
177418422.0879509151 168017.3395385742
169318578.4444038868 150794.1348018646
160866478.8182676136 113522.5557598788
169342261.3289254904 151109.8824825287
155460254.0571649373 70656.7409015596
178722159.5378749073 168827.0960693359
174459900.4343437552 164884.4776916504
159941195.5173652768 106398.9723553378
163771579.0235314369 128118.8484851117
160852979.8714983761 113515.1780743320
171761299.2563059330 158133.0587520599
165866277.0446669459 136863.8659600187
163749428.3650283813 127908.0118493009
155347127.5139812529 70494.6017380953
173935762.7306832075 164393.7098388672
173823595.5748898983 164181.4587402344
154802777.7266979218 63379.4707466811
169479192.1511788368 151354.3490200043
171830884.8382404149 158200.5071468353
155814052.6601804495 74632.0261227041
173801903.8141001463 163268.5755920410
172019977.1909431815 158890.9871273041
160972542.6533417404 113826.2776837070
172001337.0473163426 158650.1130828857
166979117.3959314227 141563.3227918744
161445543.7415705025 116132.7398266513
162425485.2752309144 121025.9877810944
166992616.3427006304 141570.7004774213
168545944.8031077385 147921.0478224754
171014030.5031320453 156389.3531856537
171112385.4433782399 156651.2020626068
155134786.7759405077 67421.1424776465
167016743.1324664950 141613.5408339798
173143318.8088739514 162269.1932678223
170910167.7183238864 155615.0817565918
171284292.0148098171 156983.1113033295
162699120.9563811421 122726.3953361083
173129819.8621047437 162261.8155822754
170837588.8389901519 155446.7040863037
161109808.0420877635 114897.0852974821
161752954.5456099510 117548.2316846419
172326256.3973188996 159573.4194793701
172669185.1007108688 160690.9153747559
169452213.4917013049 151182.4193019867
172312757.4505496919 159566.0417938232
170824089.8922209144 155439.3264007568
172514820.8252829313 160141.1556091309
177744502.0806661844 168526.4158935547
177666715.8921990097 168486.9216308594
170792487.6062879264 154881.1763057709
162523495.7431735992 122039.7590364385
155834572.5066301525 76859.1606690455
157753052.8913522363 92043.4721887112
156825028.8487564027 84885.0841785241
162430602.1724011004 121731.9395173956
161980199.8866921067 119177.5563439298
155968765.2554698884 78429.4119553734
167891751.7811764777 145310.7184429169
156417596.3189225793 82047.3117490113
155012500.7672164440 65320.6106134802
177731003.1338969171 168519.0382080078
172825666.1751055717 160999.6683502197
156248138.8458487391 82042.7910091281
178393722.9916490316 168770.1687011719
170823601.8857689500 155257.8374538422
170452665.4182882309 153977.7523708344
170208719.9471419156 153416.7123622894
155867951.5803606510 76860.8498699237
170625932.4943706095 154628.5613765717
170539079.6893392205 154363.0616817474
162595070.6932352781 122321.3661316801
168889239.6078520715 149358.5292379684
162958652.8984409869 124105.4605378080
172814816.3622998595 160980.9433746338
172422153.3927024305 159939.2123260498
156832074.1212404668 85025.1315928865
158733520.3892107010 99448.2303901762
167733620.9636744261 144699.0426959991
159445647.5713126659 103413.3300157338
167327246.7752899230 143001.9025682025
168191520.8767052293 147074.8843135834
163490971.4909264147 126464.7096411288
168103784.2747809291 146445.0536785126
159036434.8537564874 101140.1914022565
169029023.8218032718 150127.2687206268
173325839.4166750312 162273.2021789551
167377058.7332639694 143125.3005504608
169431156.6851135194 151150.4466240406
161156153.8889013529 115120.6336468626
168598801.6875715852 148461.0859813690
155070625.5324071646 65689.6764246374
167789427.8765116930 145040.5931136608
168123586.0156286955 146676.9915752411
168983520.5663529038 149884.2237570114
168982853.2731938660 149880.0165481567
176430220.4793242514 167872.2124023438
167950077.7327663600 145867.9093967378
170415457.0647521615 153600.3414230347
170332199.1745139658 153436.3811762161
176069938.8237591684 167589.8782958984
167484425.3142425418 144410.3522220552
169139044.8673071563 150483.8805618286
163123441.6459659934 125297.1437259186
155593711.6504766643 72320.1672017872
155500505.8825473487 72117.2039212734
167668252.1353327036 144471.1502490938
169679227.7234802246 152013.5751705170
161533515.6652739644 117000.6028278638
169990812.1333434880 152509.7527160645
168791606.6615436375 148937.9881038666
168560242.8155474067 148419.9583263397
155567236.4102437496 72120.0857452899
155322731.4719139338 69567.9047892783
169286107.5293027461 150651.9125957489
168508679.9458534420 147901.0512424409
168608164.0095290840 148653.8482799530
163506158.6308029294 127081.2381320465
155666271.5326923728 73807.9789948016
178353468.5073890686 168699.9876708984
168077803.9232984781 146198.6133015454
165351595.8771894574 134642.6147975922
158608398.2286265194 98107.1435546465
155782925.2459195852 74143.8476128131
155746522.2256074846 73900.0082307905
173432305.9036446512 162461.8694763184
176013013.7955917716 167333.6702880859
163997734.7731538415 129239.1412615776
164439665.8358703256 130994.1033335328
164894803.4488795400 133037.6204191744
155812629.8216280937 74313.8154030591
164744497.9675301611 132125.4973711967
167082539.6743432283 142227.2049471736
165274495.9278007746 134487.5748767853
158840067.7506859303 99769.8759389222
161565931.6386453807 117044.5598291624
161918594.5352227390 118803.6992582250
161934052.0961518288 119012.7997947633
160922512.8420423269 113802.0411218870
160677610.1026072800 112068.5666040648
159895934.3731147051 106038.6722993851
160336800.7194316685 109660.8036602903
163545896.2995692492 127255.2295941282
162789054.2707232237 123594.3836773802
163190691.4163098931 125627.5255230833
162271722.1825028360 120399.9239591528
177505525.5639960766 168254.0515136719
166253634.5725502670 138678.9576621950
167167022.5892666280 142726.9329586029
164069322.7951792777 129457.4809007645
165755587.8664706945 136796.9008804262
164605292.7558697760 131733.7751973271
160038420.5141064227 107652.7589247990
162211896.9391655326 120169.7272601593
166558242.4330140650 140594.4652534425
159986942.0888537765 107607.7500136662
159770474.4796938300 105787.9403187502
160336121.5204513371 109477.6162821520
163612626.8272655904 127424.3390550613
166452985.0896109045 140101.7336444855
166105956.8357428014 138395.1290302277
165081193.1778859496 134085.9703496099
162085444.6176948249 119737.4620166291
166390458.1628223360 139523.7070064545
160073222.8543377519 108059.7340156902
166025877.9577537477 137974.4019222260
161803636.1800251603 118264.7473559845
163864069.4787278473 128282.7414525151
164840760.9126297832 132518.3049138188
164396550.8290830553 130692.3454484940
165625083.8527236879 136190.3075160980
165706911.4954169095 136434.6432634890
167037345.2369453013 142040.6856136322
164387879.8525543213 130485.1630681157
156425828.5326327980 82494.2730847318
175623541.2510482371 166809.3262634277
166937271.6307026744 141155.2178904414
164207527.4484084249 130041.3795442581
156060061.2953615487 79703.1054669563
155926202.2183468044 78016.4820386115
155988024.1534611881 78587.4152533654
163391604.1770414114 126288.5379276872
171889946.6236757338 158481.1246643066
156226001.7147086561 80565.7948314715
156469369.1243603826 82648.2608841527
174394791.0657834113 164650.5367736816
156420949.7489521205 82435.8303116430
156600743.5389427841 83906.1193734873
166339552.0302371085 139116.6164665222
156189700.7848241329 80402.6884659398
156644443.6018809378 84209.0218182597
166779451.8680096865 140987.2238655090
156567767.1855189502 82932.7539464030
