627711532.4623074532 226472.9019140232
629021904.6987862587 240548.0778088794
624821053.6234934330 179562.7461692413
624821053.6234935522 179567.1135398468
624853966.5257345438 181473.8319736855
624890833.8925817013 184989.4349399941
624890833.8925814629 184984.8768345253
625192463.6207927465 190572.0486979336
625238503.1706026793 190729.2190020118
625442686.8520988226 192750.0611010407
625430348.6186254025 192706.7637372938
625865276.7207527161 201159.5181312290
626130883.5538675785 205306.8759643552
626794257.4895089865 216721.1635010853
697544117.8089014292 436803.5921522052
675401995.1904162169 384280.7590484368
627774207.3239772320 226550.3082212437
624872504.6161657572 184606.0323020538
624903172.1260546446 185015.3524512593
624835637.2493184805 181101.9118796905
624890833.8925817013 184989.6868931191
624890833.8925813437 184977.9523960488
625256832.4470186234 191101.0871856064
625352537.6193373203 192436.8773987386
625474171.8045848608 194773.8000801323
625658890.7537163496 196807.9066168693
626632975.5866917372 213313.0410088199
626327412.5916672945 209077.8122131345
627938360.5194436312 229190.5475397326
627166282.7188364267 219688.4554898170
740057142.2843493223 534768.2339477539
637181122.5272716284 283997.3788210017
636857596.4776312113 283429.8288800461
625238503.1706027985 190736.1434404884
626973761.0824426413 218134.3023255482
626071926.6111421585 203595.0504943845
626077798.8266936541 205008.4320861814
626544643.7245352268 212657.9762452259
626438083.4240168333 209161.9695161698
626624332.2760592699 212909.5832508817
627329130.3248895407 220990.6433705310
628329378.7345242500 232646.4638770969
637672600.3458166122 287823.0903630123
625430348.6186252832 192702.9888349501
625646655.2783946991 196723.1915937391
625803382.3509471416 198963.5375212846
625954628.7406419516 202978.4888793943
626929476.7887346745 217223.6113465443
626130883.5538675785 205306.2501098631
626741172.7623348236 216428.9323304310
700720551.9372262955 442997.6806301773
627642647.5647006035 226038.8864106763
625389602.1249245405 192446.5655871247
625389602.1249245405 192450.3404894685
625803382.3509471416 198964.1633757768
626009768.3179835081 203315.1725952146
626505909.4927258492 209417.5514791948
625646655.2783943415 196715.2211347548
625469471.1650608778 193058.4440922534
625389602.1249247789 192454.3025256013
625791146.8756252527 198871.4778936622
626652680.9601005316 213314.4041720158
626009768.3179835081 203315.1490356443
627667022.0628383160 226305.5444883335
625389602.1249245405 192443.4160509919
626204242.5056157112 207044.7725708006
627329130.3248895407 220989.3425892810
627245368.8634533882 220485.7007270954
625593570.5512201786 196419.8736921278
626259382.0829572678 207382.0585815427
625832291.3849836588 199042.5377398254
741811091.0463820696 536221.3144531250
627561568.5115644932 224448.6577085484
626009768.3179835081 203315.7748901365
625442686.8520984650 192742.0906420564
625058538.9239718914 188829.8854978007
627602137.0681279898 224565.8458768358
638296834.3958996534 289443.2246400953
627561568.5115644932 224453.8594907749
625860012.3469494581 200780.3321429015
626488965.8293195963 209350.1127708377
637328296.1311961412 284281.0219872461
625725197.6667401791 196897.7509772302
627435220.2663785219 222720.2131852130
627376072.0180965662 222226.4205863379
624807416.6191039085 179107.4928127734
625774184.4232071638 197836.7995855340
628106591.2706063986 231993.2040189491
625767023.2634897232 197105.4941079141
627329130.3248895407 220986.9504994372
736476243.0610200167 533493.4529590607
637328296.1311961412 284306.3614571557
628375065.1918189526 234338.7617436276
630546855.2555354834 251002.6937147842
630546855.2555356026 251004.7293669449
629340933.9158269167 242095.1057368447
630723393.3106714487 253182.7616576420
628757908.3429150581 238295.3078811989
637328296.1311957836 284269.9526513086
627342917.2892116308 221471.9700856516
628222954.6087839603 232521.6848239527
627833398.7734968662 228220.3327925191
628949732.6828111410 240095.4689567910
638784062.2835934162 292234.7851762348
628923211.4560576677 238565.2919538395
630576110.5232619047 251146.5910033451
630370229.7964262962 248040.4641278788
704344150.9089559317 456466.7887445705
628471267.4833420515 234548.8817233668
628008064.9210255146 230297.5419048057
630723393.3106713295 253181.8849486576
628427296.6577721834 234408.5365239010
630531023.4569355249 250112.2407478706
701357405.5102280378 450056.4829372484
701023786.7301975489 449056.5579827247
632650033.4310834408 263060.9365137650
628596532.0926759243 236532.1501081364
632151461.8154038191 260571.0355277525
700861160.4690488577 446143.5054966211
630704918.7476682663 251422.1860055195
628512698.3273575306 235000.8552584426
725382689.6700211763 505807.1632396281
636486995.0253615379 281067.4172827116
630857492.9985142946 254479.6602405699
627500254.6562497616 223635.7341753626
711720746.1397380829 476640.8660622323
712016475.1232378483 477035.0386086190
627489410.3417853117 223578.2116305018
629564294.6811491251 243739.5164826360
636987309.8886245489 283556.7317140261
629219141.2786841393 242054.2614474032
633349245.0379346609 267876.6827986922
629532178.7905720472 243705.8461735967
629780199.1862711906 244652.8158604668
630078000.3748747110 247359.7152405401
629516261.2290307283 243459.9018192979
630464966.1398733854 249082.4010894630
637469606.4864550829 285089.0013321527
628596020.7802392244 235660.2272247855
637794403.1572954655 288821.8236232984
637485410.4444334507 287071.6944729078
635145391.3679988384 279304.7516272232
635045856.1995410919 279194.2339880630
630105349.5076786280 247410.9840224574
706715977.1291851997 463947.1772216647
628903953.7524596453 238519.9446298216
648660251.5313097239 328558.3489811248
648300009.2798894644 327905.2665531463
634520488.5606803894 277578.4717407089
629350838.4238803387 242696.0177269387
632972056.5163118839 266378.2594331165
629210807.3901662827 240667.4701580141
629532178.7905719280 243699.9596989873
632242185.6463644505 262416.9557369219
630480625.0758104324 249713.6053553597
629936017.4432289600 245636.7424976506
631915619.5489344597 260215.5370955931
630716926.4310936928 251523.0813855936
629645386.5773930550 243955.0974278111
630006700.0090224743 245896.8095986114
631255396.4753628969 255535.4235730625
631005224.4928501844 255179.7669440962
685983472.0331476927 416234.0207028890
685854656.2408961058 415390.9167047048
632218007.8786189556 261791.7497873869
631864090.9481476545 260036.7373352216
631864090.9481476545 260036.1722717450
631672596.9840865135 258657.9880220906
631557060.7204070091 258100.8756408857
629204279.3972259760 240629.3562129039
633391453.2338563204 268459.7446363612
741511461.6511633396 535280.9613037109
630288259.1855829954 247695.7893292342
628924553.1233062744 238784.0092360646
630248786.2779191732 247536.3519089852
631368718.2111777067 256446.5479643361
631589596.7775962353 258440.0316069142
652486992.2733107805 334876.0795843489
632961963.1650927067 265230.4035720974
632662364.5682951212 264467.7677955090
699248737.7920101881 439708.9008829072
733244717.1025236845 523052.8277454376
698626301.5093191862 439018.8754321740
642517845.3803442717 300720.9251382275
642019368.7476356030 300673.9330727978
735638919.9989675283 525293.8004150391
707078079.6944123507 465316.4555949753
645792906.9521085024 315401.7413802538
633110809.5257719755 267709.0893472295
645307031.1549001932 314387.0534273483
634227199.5033832788 274048.2705926757
634337306.9900430441 275869.6977624755
644051999.5113983154 311516.7249315279
668972226.4231454134 367924.3150106843
668489721.2861517668 367908.0394040520
722422841.5673730373 504911.2996260226
645274761.3951197863 312882.2693714155
730253212.8282455206 520734.5832571685
718127993.2942048311 488989.4313172214
633725221.2567381859 270001.0870448213
684736830.9183207750 412946.0949418182
635528472.1268917322 280952.6702074382
633886570.6152840853 273638.1159785662
634006673.2867093086 274035.1254720927
636516938.6744323969 281970.2366636237
711649401.8371604681 475793.0350365164
675445061.0366399288 395411.0680285492
644857030.2835350037 312500.7220346819
671098516.9499233961 373267.8364211820
671026732.7512735128 372076.3803994633
726899407.1951736212 507610.8029326797
658243223.6478042603 348407.7326900132
633730567.3704000711 271789.5887465008
638705321.2713915110 290253.6713069046
721735180.9043338299 502812.8606001437
643659952.1200809479 309972.1605696604
636822700.9343295097 282844.2720396111
639558027.2036540508 299305.5090883460
647191068.0235975981 324815.2386106616
720715745.4433004856 492936.6262689941
720412485.1742341518 492231.9668680541
643033501.6347453594 309516.2819574215
642912011.4869511127 309267.4870965816
647156457.7690435648 324183.3406277470
673771079.6767168045 375054.2903110342
673388181.6835807562 374821.9842984037
686992647.7276712656 419643.2533283662
684709121.0218800306 406473.0256489520
647392333.6150006056 325714.4100333027
645829187.6040652990 319925.2744700486
645829187.6040656567 320031.0971400315
646928905.9752715826 323928.8826086394
639382966.2863386869 292585.0854492052
646450084.6770606041 322141.4651376643
647455743.3963398933 326469.4257901349
647800671.2906279564 327483.5922207931
647482651.4904407263 326598.4260250144
646231851.9107892513 320918.1617836767
647237510.6300685406 325242.9985347801
646536000.0095230341 323266.8532446735
639508781.4312065840 292857.2173745823
716148401.7875589132 485753.3108342279
708978631.9207030535 466966.0579329473
692485649.8436422348 434495.2202054963
692447939.6259396076 434151.4394895539
689835253.0926392078 421872.3242555140
689458028.9720151424 421350.2680362727
642538419.7338504791 300829.6206771565
700426610.0351318121 442622.7389832173
691718621.8445433378 423575.2971047699
684573732.0561321974 399630.1361977912
667609086.1431746483 363174.5118081302
651675652.6545813084 329703.8204626756
651596752.0294119120 329202.0557522142
652020828.3266010284 331462.6245082977
651955826.2524677515 330611.1039640302
683072236.0859247446 397970.9720236571
683232597.5206013918 398910.5665371479
654833074.4422502518 337663.7164747953
654145082.9394918680 337474.0310712844
654008592.5813157558 335927.3460432082
654074996.5389217138 336101.0298027783
655061292.5690809488 339714.5757378862
653837298.7172083855 335209.1816863203
657043578.0444821119 342062.5801797413
656748777.9678155184 340094.4050251745
670101207.8096529245 370180.5011712561
669987361.3376235962 369786.3095170507
657052386.8161466122 343313.8110536613
656933383.9440850019 341576.5167230644
660936512.2339628935 348474.3626091002
662591941.0027747154 352263.8635432490
662328667.1981766224 350605.4794108638
662462272.1974062920 351108.9812800654
662145305.8779644966 349713.5049636879
662051327.5919393301 349428.5017746010
661921234.4100377560 348574.5036580400
666595551.9329565763 355016.8974173988
666862738.7588191032 362227.3496063674
667984828.2652201653 364629.9745487794
668339777.2372173071 366462.6309208497
668326706.3065919876 365387.9076847658
664994189.9451947212 354048.3162074983
665328193.8671493530 354947.3928266466
668229743.4901088476 364866.8492405526
664889826.5060917139 353607.2887693346
666641635.5181221962 355971.7976882756
