196954517.3576608300 1150956.2980346680
201113793.3103023767 1544170.2016601562
198058824.6292205751 1295973.3464965820
226971069.6941949427 2012030.9677734375
227298223.4237553775 2018174.0029296875
196961915.6146377623 1153246.8381042480
198212462.3010966480 1314976.9865722656
203878613.0767833292 1684123.8537597656
197780567.3109217882 1264630.3898315430
204719133.5750133693 1727414.7175292969
206041004.2223488390 1771790.4304199219
208472141.5966276228 1827291.8959960938
199847697.4110160470 1457768.8676757812
201892831.3699049056 1595629.5550537109
198243214.0436426401 1317330.4005126953
202932600.8793928623 1645366.4035644531
196434417.7499769926 1022811.5089721680
227520417.6259308755 2019764.8017578125
197193924.3884421587 1190354.2683105469
197061851.2666024864 1170066.0650024414
204414464.8629363179 1708680.6940917969
196457418.2721067667 1027785.3892211914
196624079.8041346669 1083233.7153930664
204972052.5758770108 1736133.9594726562
206050457.7256355584 1775715.2380371094
208347884.9535520375 1825437.5029296875
196611527.2769034505 1080757.8416137695
198518112.7655021250 1344257.2467041016
197039831.1048867702 1164838.2459716797
204427572.8787990510 1712131.8674316406
210991194.8376375139 1871301.6992187500
237345632.0242639184 2071924.6953125000
201304516.6117469370 1556504.9219970703
206573175.5987543166 1786295.3505859375
205576946.1341155171 1752914.7753906250
200944146.0278882682 1532488.8386230469
197947443.1440522373 1283942.6299438477
210008665.0002022684 1853482.5932617188
212622195.8781728446 1906384.3198242188
200295852.5397934914 1489771.0111083984
200652966.2776134014 1515540.8905029297
196902197.5665331483 1141803.3720092773
197105017.7567302883 1175624.9399719238
203019372.1294406652 1650126.8898925781
211019092.7523782551 1882895.4663085938
213273914.8389728069 1916050.4067382812
204261412.5152665377 1704106.5495605469
213168062.4078299999 1915733.8964843750
209098892.9081584215 1843386.8583984375
201680253.2386566699 1579771.8005371094
204350145.9258870780 1705696.5793457031
200254824.4214793742 1487156.5502929688
198114978.0583636463 1302602.9533691406
198568356.7578748167 1347440.2966918945
206487381.1471979618 1783519.4511718750
237065360.1286111772 2071182.5195312500
203315946.2672841549 1665318.2536621094
200059448.9947596192 1473202.7521972656
231048117.6895152628 2048727.1035156250
231172517.6521231234 2051761.4501953125
202926582.6969786286 1643174.4405517578
204133471.4261448085 1693123.9050292969
206213839.7918928266 1781751.9501953125
204006244.6059595346 1691322.0307617188
204328080.1479112208 1705527.1818847656
201553784.8847151697 1573510.1040039062
200723777.0062940121 1519193.0292358398
212380029.2401154041 1899514.1772460938
224602909.1026658714 1984605.4826660156
236813766.5070713460 2070034.5166015625
201871659.9960327148 1592132.2537231445
198554231.5471162200 1346707.9496459961
198956871.0839123726 1383607.3971557617
206681743.2737677693 1788003.3972167969
197132406.8286638856 1180748.7272949219
202693864.1389556825 1634223.0631103516
199590359.2599298954 1438754.6835937500
199308593.1184635162 1412335.4200439453
199001646.0578168929 1388743.3466796875
206479782.1919919252 1783466.7419433594
197697102.8061800301 1255651.5833129883
198977034.8644990325 1384312.0336914062
197113770.1585357487 1176990.7900695801
199661216.0404954255 1443222.7595825195
202949316.9503519535 1646122.3713378906
196773023.4751192033 1118495.5157470703
196951718.7623878419 1149889.6829223633
196678662.5270309746 1097125.6684570312
196969004.9799953699 1153873.8690185547
201845533.8032318652 1590494.5261840820
226308925.3975800872 2006959.4902343750
227269333.2668143511 2016664.5693359375
201422437.0184880793 1563855.3621826172
196815482.9833838344 1125791.9057617188
196905258.5494445562 1144246.8287658691
198836824.7447720170 1371687.9331054688
236268988.2116470933 2065872.6796875000
198968414.1499288678 1383921.0571289062
196833131.5192272663 1129581.3963012695
208173161.8501320183 1818198.1225585938
197096895.8583463728 1173297.3505249023
198328105.2151651084 1327177.5951538086
196699594.8845909238 1102164.1549682617
202628773.6651018262 1631508.2622070312
198181581.2167235017 1310950.3712158203
197408419.2097228169 1218434.9887695312
216354349.8782370985 1931989.0590820312
237316741.8673228920 2071899.1875000000
197160425.1066518426 1187421.3362426758
197160165.6500620842 1183738.5140380859
199647090.8297368288 1442490.4125366211
204239899.8675021231 1695792.1260986328
197455886.3981902897 1226960.8450012207
199536499.3977948129 1431046.6746215820
201790728.1353611648 1586009.5510864258
206245732.8817654550 1783166.2336425781
202355558.9987064898 1615833.1864013672
196832322.5683500767 1129159.2007751465
212849638.1119081676 1909797.6577148438
210644951.0804683268 1865311.5097656250
198937423.4238586128 1382640.6010131836
198523479.8045702279 1344354.5357055664
203865634.4043610394 1683105.1865234375
208540741.5296856463 1830507.7529296875
230527292.2806943655 2035556.9960937500
198394975.7393251359 1331981.7120361328
204647108.4265147448 1718010.4860839844
201092454.1289277375 1543771.5649414062
212301596.8374916017 1892973.6538085938
202247501.8605256677 1610384.8879394531
199174927.1214403808 1402881.6080932617
212421954.9163928032 1903026.9301757812
196627689.3605027497 1085173.2923278809
199155181.0752998590 1398958.7595825195
215428965.6091862917 1930503.0190429688
215202468.9322242141 1925128.7612304688
212866695.4811503589 1915072.4008789062
212689985.4314213395 1909458.3686523438
199090685.6572329998 1394303.6012573242
199802309.3709260225 1455232.4161376953
212863149.2761188745 1912328.9975585938
201630327.5963033438 1574646.2789306641
212376066.5300957561 1895993.6855468750
212685518.9080179930 1908654.9243164062
196691359.4193742573 1100466.2984619141
202083019.2858521342 1604356.0411376953
201027784.4720781147 1539206.1594238281
204630100.0177487433 1716489.1164550781
197694610.1908161342 1253792.0573120117
208728248.0907859206 1837112.1850585938
205569481.8577924669 1751061.5312500000
201104335.2604926527 1543989.3052978516
197513478.1987904310 1232944.1199340820
197695880.2612484396 1255275.1605224609
205127210.4358851016 1736762.1506347656
207363249.2781469822 1789888.5664062500
198961753.0658996999 1383654.5086669922
199857137.8509690166 1459479.5098876953
197845045.9184975028 1271430.4639282227
201673783.9205878675 1578070.6846923828
228598313.4977142513 2031980.2631835938
228009007.9964766800 2029093.9467773438
199457494.8844895661 1427657.7507324219
229826638.4706723690 2034939.9882812500
197657874.1741638482 1251583.2017822266
199496759.8334834278 1430041.3468017578
219582944.0604195297 1942176.4648437500
197686439.8212955296 1252998.8972167969
201448030.9702051580 1566930.1031494141
219154430.1266904771 1936899.5537109375
203759827.9710616171 1676798.8426513672
196716665.0349420607 1104829.8202209473
198715890.9103952348 1360006.9494018555
197550445.0725382566 1237676.9780273438
200045378.6193208992 1472172.0703125000
225359673.2735715210 1996881.5517578125
197657643.3170683384 1249059.1992187500
196435116.0072104037 1022824.7853698730
200240257.9447614253 1483811.4293212891
198985249.2397368252 1385515.0278930664
196743026.1286324859 1111664.8381042480
196760257.4527556896 1114935.6559753418
197426273.1499215364 1221679.5548400879
197573780.8856801391 1238664.8331298828
198876089.6937659085 1374203.9531250000
196512257.6341561079 1051943.7947082520
205306424.9182642400 1743787.7854003906
196514119.3605111837 1052278.9886169434
196585406.0690789521 1074574.2202453613
196640386.2528460920 1088513.9223327637
209998262.0614135265 1849802.7231445312
196509268.5834941268 1050749.2664489746
207868891.5329023302 1804492.1064453125
205422679.0839956105 1743942.9926757812
208160038.3921552002 1816017.4160156250
207452635.8869966269 1792698.1230468750
208156425.3731688559 1806412.3061523438
197283129.9566578567 1202933.5851440430
210059602.7597268522 1856148.7255859375
197131104.0969330072 1179081.2731018066
199682317.5180723369 1444762.6091308594
197756076.8151218891 1261237.1392822266
197295716.5639905930 1204850.4848937988
197309216.2968606055 1206290.4240722656
205687788.4283268452 1756820.2629394531
224494553.0189189315 1976587.8359375000
224201002.4810412526 1971298.0332031250
230545878.9918038249 2037546.3740234375
201319559.7101063132 1558254.5114746094
200507195.3657516241 1504239.0526123047
205452346.3664796352 1746009.0292968750
206204697.7522576451 1780956.2114257812
210388720.3401701450 1856713.9399414062
205843339.1127954423 1764813.5615234375
202942370.6743114293 1645374.3615722656
203926643.6401146352 1684719.4832763672
197382257.2908574343 1215962.6280212402
222279285.7488151491 1958479.8666992188
200333553.7938795388 1491150.6394042969
209566856.4273940325 1847560.0249023438
205501620.2444687486 1749992.4511718750
207208830.0877361894 1789113.9956054688
197797855.2540620565 1265648.8150634766
202945845.4800554812 1646097.5129394531
199160463.0466550887 1401139.3897705078
201387716.7841074765 1561816.9990234375
211617774.6228167713 1883235.8779296875
198299122.7430469096 1323847.1645507812
197985978.9662063718 1289023.6050415039
201663136.2139070630 1577424.9538574219
200505703.7106998265 1503961.0996093750
206176012.6373890638 1777874.9287109375
202588889.3783766627 1628191.7222900391
202877280.2004575431 1642585.8306884766
197271265.6288329661 1199410.0182800293
207500414.0951618850 1795793.9541015625
196557760.6263355315 1065018.7975769043
219327210.1657337844 1937068.0161132812
234910027.7822842002 2053644.9628906250
212028726.6598232985 1888150.7734375000
197836720.7400648594 1271259.9967041016
198147472.6024172604 1305295.5862426758
200009810.8895083666 1470434.1851806641
196461019.6766519547 1035935.9048156738
235799175.7364944220 2058004.1708984375
200477762.2688673735 1503562.4628906250
200334141.9462285638 1494718.4411621094
202339309.4649200439 1613735.2332763672
197871567.7308785617 1273843.2396850586
201301617.6551025808 1556236.6000976562
201689131.3847237527 1580411.5047607422
235777828.8159446120 2055690.1083984375
200253432.7696515322 1486001.8099975586
209298678.0604007542 1845450.7211914062
200746328.1246730685 1520445.5462646484
200529006.5409214795 1506524.2122802734
202381144.8435337543 1619439.8472900391
218681326.0696603060 1936021.6787109375
200597861.4987406433 1513074.4348144531
200044395.9761527181 1470798.0447998047
203582719.2139153481 1669368.6768798828
200148584.2616396844 1480284.2414550781
223072337.1255072057 1964357.8393554688
223142612.4214489758 1966185.1518554688
201362672.2809968591 1560869.4177246094
199407313.8790677190 1420403.2232055664
221050971.7036726177 1954577.4135742188
221024960.5590241849 1948656.5820312500
202883223.7761009634 1642964.0443115234
209078492.6451780796 1838698.5019531250
201992798.2260941565 1597101.0074462891
198903370.6395590305 1376481.1463012695
201434697.9764300585 1565219.7097167969
236193672.5935604870 2059676.4921875000
199001610.9863059223 1386311.7550048828
197954262.2663883269 1284314.2359008789
203853722.3261779249 1682100.1968994141
220171821.4582853913 1948320.3237304688
202777426.1007026136 1640442.9599609375
198861335.6836822331 1373036.2687377930
203803980.2882305980 1679602.0701904297
202587619.4612071812 1627004.2203369141
198425849.9141198993 1333535.3792724609
196478803.6396054626 1039752.0433959961
196599554.6294648945 1075945.8909912109
198692264.1579298079 1358325.6960449219
199057728.4944266975 1391126.4752807617
198203902.6528142393 1312665.5620727539
198645295.8203475773 1355482.1173706055
196529673.8668571413 1058396.3650207520
196526152.8298055828 1058204.7043762207
203691577.8571434319 1675241.9539794922
226605150.1484643817 2007132.0595703125
225077245.9264959395 1986295.4833984375
219583871.4847693443 1944998.9228515625
203517377.6071692705 1665815.1352539062
207900099.4495493174 1805106.4741210938
223006952.9221048951 1964087.0585937500
224386394.3680760264 1976265.8125000000
224677441.9912311733 1985619.1992187500
