654299514.2330468893 93870.7883289158
654060160.9029260874 93633.9379298985
653274241.3753415346 92848.4540164769
647170109.3017210960 85528.3425866514
650271264.4729720354 89721.3160198387
655402592.4875707626 94698.9830435216
656620257.6161247492 95620.8467149138
655242734.9894772768 94636.7949102819
646041009.9411699772 83957.4784010109
647986687.3346830606 86411.4147443380
650380108.0600749254 89865.5566967186
657164381.1787163019 96095.8604413979
652233206.7651003599 91862.6189192738
660679730.1711051464 98717.0930213928
669932148.1568720341 102074.3673782349
650133433.1422290802 89478.8569038566
651940458.1225426197 91450.2165430989
652901648.1643007994 92401.5485133138
650993883.0404779911 90594.3453492727
658539248.8671613932 97421.6176657677
644179994.1026096344 76108.9298384842
651962795.9819437265 91581.0396310240
663485103.9795908928 100423.6837387085
663521979.9427566528 100450.3475265503
667663441.7839553356 101624.6499176025
663385953.6393775940 100262.9422225952
653160333.1324446201 92822.3430316746
644162315.9437770844 75402.5485747512
645376334.7776714563 82718.8840406593
659468856.6973530054 98008.6127757430
648372107.8080626726 86924.0970752891
644548760.4289600849 78173.5797544699
672128778.2335165739 102475.5683441162
671823197.2165682316 102453.6156768799
654029240.4782568216 93618.8928859532
654267518.9532005787 93822.7518108189
663946734.7123857737 100469.5617713928
655481013.4644206762 94840.6538351476
661063160.5934574604 99110.4595642090
654868554.2141612768 94203.7298413962
648229407.8125768900 86923.8846319374
649841472.8688244820 89138.5692658033
657650438.4230521917 96566.9338011742
650069347.0707616806 89257.0948951896
650150712.3167614937 89503.0275581535
645024032.5358237028 82095.8059728798
649832645.4311540127 88864.9693375975
650261022.0594894886 89561.8685265929
655661817.8937937021 94951.5031546056
661180196.6398404837 99294.2230224609
660823768.2827330828 98957.0343170166
660566893.0891547203 98682.9107604027
660824754.0422312021 98966.7994232178
653057403.1695704460 92585.2206839528
645552976.8535265923 83236.8203495201
645676443.9294059277 83392.6307132896
671605806.8580483198 102440.2689971924
660478059.2402487993 98674.8809585571
647896943.1970955133 85926.6318711247
660386775.0493463278 98559.2313632369
652506307.8226432800 92031.5173322111
652116020.7928037643 91687.1489333119
662524006.1587798595 99952.2834281921
653575057.0073744059 93054.1417358220
646778125.2573255301 84809.0745730009
646670221.9315613508 84762.7067751493
650442466.2507792711 89978.8025673088
651212134.6788015366 90886.6830374300
654481874.9027222395 93952.5598933995
655482747.2792513371 94896.2173918188
652539846.9794760942 92048.9198912587
645842886.4858144522 83853.0951212104
648548915.3761638403 87342.8148639854
652986716.4854820967 92440.9812411275
650936687.1594861746 90384.8885404672
650901698.2654193640 90156.7885884698
651479530.7791144848 90938.9862336125
651137113.6188261509 90815.2188149840
649338301.5843572617 88517.4668923765
648157169.7519145012 86576.4495762046
647756356.1564973593 85807.4487198796
651746768.6576223373 91262.2997464146
661169126.8808127642 99150.1173706055
644599977.2380648851 80848.9908407386
652878438.1397349834 92179.5922461897
648507317.6205734015 87296.1490467247
650539357.8715837002 90046.0211189445
661345390.4537726641 99365.2592773438
649784726.2437076569 88853.4627992064
647571755.0857733488 85764.6155979931
657665343.2673010826 96617.5428137779
648570794.0388827324 87457.3885486778
648442421.3236697912 87189.3139401581
654806535.7585302591 94186.2353809178
653398611.6073879004 93026.2019565403
660402219.3827080727 98564.6150149703
646709655.9972550869 84779.1161357313
654987626.8676133156 94321.1435698830
656418235.2322068214 95534.6580907814
645080784.3143962622 82670.5757520851
657745906.8665481806 96629.2200865746
658486955.2205742598 97370.9226851463
665709703.3174721003 101124.8414268494
652404420.2310355902 92025.9400008023
658000445.1501345634 96890.3716893196
658879660.7892737389 97720.2980551720
650985266.4665323496 90411.5675383117
665055740.6751307249 100894.7337532043
657956654.4628438950 96825.5004744530
658802147.4372906685 97639.3763709068
650927850.0829792023 90266.2614811119
653589433.5920577049 93116.9077022374
646955171.2455725670 85180.6950875670
646998765.4011325836 85301.6821013838
658431996.6698392630 97341.9778609276
644607190.9260579348 81178.2834242042
663489491.7894692421 100425.5373764038
663000707.2454230785 100219.7782058716
655481999.2239189148 94850.4189413488
646838612.4349910021 84863.2337809950
660792847.8580636978 98941.9892730713
655755486.8642230034 95085.8222049773
652327557.8699373007 91883.7194310576
653894764.1215707064 93368.8343689740
647787973.4796813726 85812.0750501808
656366948.8064162731 95311.2231745720
653837678.8758382797 93228.6893985569
658092551.9542330503 96970.2858004570
648605207.8122032881 87527.3814860489
656920929.3790726662 95998.6188783646
646907208.0671010017 84876.5888760146
669783898.1119425297 102026.4049072266
657239280.3193233013 96337.2505640984
654933466.9776256084 94303.4751433693
654439187.9203565121 93940.8073195778
654585746.7606859207 94121.1789054833
658248676.7456313372 97167.0637602806
656657095.6762702465 95738.5170156471
656557082.9016402960 95577.0280580521
670188281.6597648859 102128.3281707764
670209116.3225150108 102276.4296417236
662235533.5681965351 99766.7977528572
657840209.2139976025 96632.4839148521
662487139.9262630939 99892.3131484985
657587833.3452727795 96423.2436194420
661820377.4082802534 99521.1764488220
648825717.0118563175 87870.1157389786
665453847.8439016342 100919.1069068909
661970471.9878432751 99631.4792289734
649330771.5867354870 88482.5786770042
649716152.2623193264 88843.5238592681
664136337.8148362637 100563.3317909241
656783566.9289772511 95832.1183596365
656378161.4697140455 95333.5178002715
655192444.2534400225 94481.0691069067
658143374.2583495378 97063.4440283775
658718335.7077147961 97515.8318037987
648881167.7268836498 88146.5139568504
654533705.9236783981 94017.0203932226
649073820.4036631584 88343.3569667991
646523871.5914478302 84391.3532542791
655461188.7571285963 94759.0231474340
652882062.3140918016 92343.9986251798
661157407.2197216749 99143.0970458984
649587219.2029461861 88720.8479470816
657592630.2650448084 96424.2035059929
645839558.8226329088 83850.8097608741
647896748.5496162176 85835.5731886085
659131301.7591356039 97735.9772009850
662006813.1592551470 99639.6203422546
645474748.0282664299 82873.5582273658
645493685.7555601597 83139.7074888404
669009362.0451815128 101657.1764755249
649411799.6658269167 88562.8487038221
648961552.9559117556 88159.5366008934
649121345.5018675327 88359.1811702903
652860710.8774538040 92160.7389057577
651689780.5571334362 91128.5800827947
651612654.7270581722 91096.7679031547
650228083.1212068796 89548.8842666801
651411288.7366050482 90924.7211579289
652096090.5514374971 91583.8036655392
662342873.4594094753 99840.5652732849
649594551.8441109657 88792.7631042656
649449571.4066474438 88612.7942989524
655169022.6417398453 94443.6352995336
649199831.4308552742 88363.3955257591
646306637.9712460041 84359.2835475355
647950868.8946422338 86049.3044698890
651878294.5663273335 91424.1243881192
664776467.6575660706 100824.1553840637
659836972.9187359810 98151.5663542747
662589685.2939907312 99996.7533798218
644945401.0433200598 81517.7933729347
662416606.9510557652 99844.9816551208
657891226.2656903267 96717.5687622428
645815809.8122894764 83556.0163496193
647544572.4212913513 85572.5210569557
662489321.2577232122 99922.7748069763
655338424.9821501970 94676.7393606603
652803430.5175299644 92133.3605660927
662331153.7983185053 99833.5449485779
659993641.5670605898 98360.5354556441
658079884.9158986807 96918.1448302269
647919671.9321736097 85939.6038950142
646066504.6814465523 83994.5826662239
662100355.2802981138 99688.6358299255
648671093.9674326181 87565.6525114235
661744201.0781375170 99380.2506561279
646096415.7321316004 84098.0145805534
660999762.8952519894 99107.8352203369
662256748.1657655239 99815.1272697449
660584121.4274379015 98688.8308868408
662898680.3452973366 100152.3379898071
660723014.5744615793 98865.5137786865
659336648.6608071327 98006.2002692223
646530334.5807346106 84446.8194978889
646900706.3040176630 84864.2251432594
646595468.0611757040 84483.3402803596
666654293.4368790388 101209.6474990845
662074531.8288567066 99653.9150657654
646243655.1063613892 84131.3032587226
659257704.1941806078 97829.2123503685
662143692.6470038891 99700.2828636169
644218773.0464628935 76449.8275798019
667061771.6715532541 101329.7919845581
646604889.3688021898 84608.6216524299
664411146.3664169312 100704.1384086609
648775896.4485094547 87619.3034971412
665478570.3677014112 100933.7384834290
664946514.3101757765 100839.5131111145
664994575.1426786184 100854.6745491028
659438825.3653155565 98008.1610842943
664003090.9491189718 100496.4547004700
652773128.2057512999 92080.5314979088
659335920.6337889433 97912.2849055529
659241390.7904030085 97790.8546229601
659552190.4392586946 98118.3423396349
656134929.5582139492 95237.8261281960
659210007.2615056038 97790.0429774523
656131724.7574427128 95206.9079097807
664062948.0728747845 100511.6161384583
656023120.6446527243 95104.2847713530
664546392.0017604828 100748.7028541565
664082801.7981821299 100519.2637519836
659543482.3089932203 98054.6401606798
664142993.1203767061 100595.5472831726
644353555.5356777906 77947.4871807676
664594452.8342636824 100763.8642921448
664233737.5952714682 100600.8459968567
649823288.3791843653 88861.3595433962
662855843.8724474907 100021.8451156616
644595276.6269181967 78531.0674969908
669770978.3579612970 101911.2594146729
659920664.6830683947 98233.4461871386
664112461.9077072144 100540.3997230530
660066856.2923824787 98406.9987231493
653836968.9661964178 93137.7215549648
669091086.1679545641 101895.9316101074
659972430.9752424955 98281.5062609911
660644101.1207075119 98712.4161654711
659902341.6349560022 98206.0331927538
660272654.4748260975 98493.2485934496
659924370.1427394152 98266.3448230028
669036518.7053415775 101702.5234985352
667635633.8069243431 101335.1696014404
