446903752.8040810227 10274371.2382812500
450064431.3307072520 10359514.8632812500
441335997.8729444742 10056572.6445312500
441383712.2977861762 10065092.0585937500
437445580.1255314946 9771021.4531250000
448963911.2976683378 10328210.4179687500
437869939.6520091295 9781251.0859375000
442606078.3456740379 10121742.6171875000
443036673.2628398538 10127347.9257812500
443078531.7208417058 10129232.8398437500
443739159.6185132861 10167168.4375000000
441625381.7816596627 10074891.3593750000
442333806.8129531145 10109803.3085937500
442895571.9675819278 10127117.5039062500
443645237.3664325476 10161103.1835937500
476494073.6366254091 10647185.6171875000
441832351.8803840280 10080112.6796875000
440861045.9565936327 10042453.6367187500
440032294.5285043120 9977776.4218750000
443242060.3989328146 10142092.3476562500
440074321.4038753510 9985863.2421875000
447006955.1017933488 10278644.6210937500
440248618.3674538732 10004050.2148437500
438863097.8442212939 9876990.9531250000
438708781.2506824732 9853870.4179687500
476683800.9081724882 10650096.9960937500
476961698.7288641930 10652589.3437500000
438171232.0768581033 9816020.2460937500
450951151.9875385165 10383137.7812500000
438271139.7576965094 9825011.5234375000
443242060.3989328146 10142112.4453125000
447212288.9241656661 10281863.7460937500
439956792.4267870188 9972106.6953125000
447010333.2701032758 10279645.3789062500
438221025.0435498953 9824369.0156250000
438736481.6469219923 9854720.6914062500
438306816.6593839526 9844044.4882812500
439659337.2830164433 9956040.9960937500
439956792.4267870188 9972129.8007812500
441705792.8300260901 10079807.1367187500
442047462.4832752943 10105182.3789062500
439629647.0806590319 9949108.0976562500
439211583.2312139869 9924911.6562500000
446723221.8601089716 10266809.1289062500
439586870.4575566649 9947042.4062500000
439168691.3091698289 9919570.4765625000
443336828.6629893184 10145022.7382812500
441286742.7763105035 10056004.4257812500
440560708.6207199097 10020177.4804687500
437531941.2504360080 9779036.5000000000
439799411.1636057496 9960831.5312500000
450136369.2307954431 10362160.5664062500
450777138.6775972843 10379196.0468750000
446649976.5000551343 10265141.2695312500
438110143.7114153504 9815070.6953125000
450911650.2181095481 10379923.3164062500
450138358.8032649159 10364666.1679687500
438082025.8600916266 9812222.7617187500
446584000.0409081578 10263343.1523437500
450768793.3414438367 10377877.8945312500
443935200.0040679574 10177267.1210937500
446661192.1131762862 10266357.0703125000
446411185.2084404826 10260756.0039062500
446411185.2084406018 10260772.6367187500
441884378.1514127254 10087899.8281250000
441836105.4902275205 10081687.9570312500
441927105.0044175982 10098217.2734375000
445890171.9271507263 10240873.5234375000
444855436.8779510856 10211399.6953125000
450288277.2471817136 10368352.4179687500
444241552.7124530077 10185159.7812500000
438611261.8478073478 9852778.3554687500
438485205.9617874026 9844560.9960937500
447220311.0142159462 10287678.6875000000
441350124.3009166121 10058413.3789062500
437952056.9696162343 9811386.5625000000
441196649.8228911161 10048254.9492187500
440856301.5087356567 10039506.3906250000
440128833.4393918514 9992370.7968750000
443847882.4287474751 10167653.3046875000
439278120.0340319276 9925715.7695312500
447298612.3453886509 10287892.3046875000
446002243.6395303011 10245667.9765625000
441097094.6127267480 10044733.0625000000
439111461.9202863574 9913075.8007812500
440168618.3232753277 9993342.4648437500
449786541.7241767645 10355237.4648437500
441110344.9617245197 10046709.7187500000
447498262.4296133518 10292101.4414062500
440605928.6639164686 10029256.3984375000
441206372.0091719031 10052899.0312500000
472599294.1443806291 10637044.9960937500
438888170.6673986912 9877727.1093750000
439161954.6682810783 9914121.2148437500
445625007.0803969502 10231655.8593750000
476676912.1186329722 10647426.5507812500
445351488.4672011137 10227339.7460937500
438888170.6673985124 9877657.8906250000
446203714.5394432545 10250707.0898437500
473421852.7341180444 10639901.0312500000
440240899.0321284533 9997099.4843750000
444786984.2872136831 10206760.0156250000
442462432.4403808713 10117254.4257812500
445670552.4677995443 10236315.0898437500
445647904.4096417427 10236305.0937500000
449215085.2884086967 10335446.4765625000
446068351.8371538520 10246664.5273437500
439825720.6610811353 9966989.7226562500
439049080.6301730275 9895888.2656250000
449415098.2632176876 10347021.6679687500
440490822.8428831100 10007741.8750000000
456099617.5191078782 10479023.7539062500
444854384.3604032993 10210194.2382812500
444996143.1930871010 10213639.0000000000
449305191.5177989006 10338954.8984375000
449729835.4847462177 10352822.2617187500
440121606.4930790067 9987788.7148437500
440558690.5738928318 10011216.1250000000
449862755.1435428858 10357858.2734375000
438748714.8164505959 9871503.8750000000
448492722.6722645760 10320129.6601562500
449090165.2782347202 10335217.1054687500
438942137.4108027816 9878761.9218750000
449539890.9377801418 10351896.0234375000
449980611.5796045661 10358381.2851562500
440146857.4689543843 9992614.8671875000
473430173.1641778350 10640472.9882812500
438943409.7019481063 9882443.8164062500
441574066.9010313749 10065586.0078125000
475181394.6706520915 10641612.3710937500
438564927.9135807157 9848881.2695312500
438290489.6650923491 9835651.2265625000
448694230.0663739443 10325964.0781250000
438971575.0584798455 9888858.3789062500
447391358.3431076407 10290326.8984375000
443148508.8718855977 10135010.6718750000
444195293.9725635648 10179103.3710937500
451093975.7805736661 10383587.2500000000
444702709.0560284853 10201831.0820312500
445212792.0732235312 10225530.7617187500
439585355.6174478531 9944610.3085937500
447611334.1113834381 10296994.4960937500
451627514.6812835336 10394178.3593750000
444722240.2496689558 10204581.8632812500
441608929.7530829310 10069736.8867187500
444446998.8789920211 10192162.0898437500
444514004.8412709236 10201447.9726562500
439422483.9998616576 9929941.6093750000
475266221.9217144847 10643158.7929687500
442417702.2522374988 10112828.6015625000
439422483.9998617172 9929981.4648437500
442821861.0161507726 10124470.7812500000
438092260.8429895043 9814825.0976562500
450711447.0975134969 10373917.3085937500
442831052.8271889091 10125414.6835937500
448097155.6175657511 10308615.1562500000
472801979.6800677776 10639430.4179687500
444152641.7788792849 10178307.0625000000
445493942.7481058240 10230975.0507812500
448224408.6983821988 10308985.6328125000
450500077.8955658674 10372714.4921875000
444051594.9700686932 10177679.0039062500
437886471.7705620527 9790957.8984375000
448062451.8981227279 10303853.2773437500
447953902.6639563441 10303355.6601562500
443932985.7818985581 10170412.6914062500
472517734.6231709719 10636990.7617187500
443421737.5520374775 10150893.1992187500
443304186.2829961777 10142456.0429687500
446300763.0761634707 10252578.7773437500
446372193.4641827941 10255469.0390625000
469593720.0777482986 10628217.0546875000
463900553.1861261129 10582146.2734375000
476347286.1120917797 10646232.8125000000
448517604.8327165246 10321407.0312500000
469593720.0777482390 10628201.6484375000
449041445.7007792592 10332669.5390625000
449374472.4476930499 10343675.8867187500
449374472.4476931691 10343677.6601562500
466737444.5424292088 10609146.5390625000
469079480.4563031197 10623088.2148437500
467202440.4745243788 10611877.9960937500
443631082.7825132608 10159057.0937500000
443568127.3131090999 10156859.5546875000
468838658.0737416148 10621385.9765625000
467504500.8481400013 10616370.5429687500
443720296.6658647656 10162582.9570312500
469115676.3775882125 10625753.6289062500
469119133.8474084735 10627578.8710937500
469119133.8474084139 10627545.8906250000
466338645.8566778898 10603596.8476562500
466657480.7834638953 10604325.2578125000
443187189.1066476703 10139286.8476562500
465358646.7237070203 10597001.1289062500
464925922.1406804323 10595506.5625000000
453076724.3168069720 10423143.9882812500
454697302.5414482355 10459884.3945312500
475960850.6452499032 10645426.1015625000
452965868.6495345831 10422302.0468750000
461528769.2238680720 10559431.2265625000
455385083.3013283610 10471759.9726562500
470546940.2577986121 10629574.2343750000
468209464.0841909647 10619092.1601562500
467891484.4335517883 10618912.8554687500
455824863.9009771347 10476976.7656250000
455551997.7575063109 10473932.1953125000
455568673.7300161719 10473952.7890625000
471388020.5249277353 10635052.6835937500
455260028.5337626934 10469747.6523437500
470572870.8287038207 10630907.3398437500
469771194.7995673418 10628795.4921875000
469629767.2605136633 10628245.2070312500
475766281.3653013706 10644008.7695312500
461857629.2739243507 10566440.6132812500
468655836.9235400558 10620771.3359375000
461026474.7714304924 10553191.7070312500
458301349.5599741936 10518661.2929687500
471836063.6438945532 10635540.9375000000
475219489.3107607961 10641687.5000000000
461852878.9688518047 10562747.5078125000
471942540.7625896931 10636232.7812500000
460747533.4123917222 10550993.6328125000
460604216.0138131976 10550825.9140625000
461313995.7427430749 10557718.8437500000
458314761.3969162703 10519436.3125000000
459612705.8390495777 10537015.2148437500
459465308.8856711984 10535166.1210937500
461021657.8545788527 10551261.6835937500
460604216.0138131976 10550811.1406250000
458188726.9928879142 10518130.2656250000
459386175.4656448364 10533883.2226562500
471099030.2609015107 10634630.0820312500
470743185.0215497613 10633186.4648437500
460207183.3948246241 10542386.1093750000
459836407.9592370987 10540010.7148437500
458973710.5196007490 10530560.3671875000
458879114.4453594685 10528076.6054687500
464268084.1364454031 10589898.5156250000
457042417.8024569750 10501059.0664062500
457627488.5871323943 10511122.1640625000
459790888.4712036252 10537998.8984375000
461731450.8085579872 10562738.1015625000
464031795.4793235064 10586001.6171875000
458498155.7376744151 10520484.5078125000
458503114.5578029752 10522883.7773437500
456350251.3263316154 10485949.5859375000
456813855.2819740772 10493029.7734375000
457348966.4222856164 10505915.0625000000
457699535.3586261868 10511381.1992187500
470813747.8437265754 10633238.0937500000
464129096.5904401541 10588096.9257812500
456781391.3835930228 10492676.3750000000
470743042.8247357607 10631598.0585937500
464129096.5904401541 10588009.1445312500
456789044.2272763848 10492760.9570312500
474667190.4666867852 10641328.8046875000
461506744.0024536252 10559311.9375000000
462937658.1261809468 10576057.6757812500
456506807.4934357405 10490951.5664062500
462974507.2112214565 10576788.0000000000
462974507.2112215161 10576807.2539062500
455098607.7782213688 10464336.0195312500
462656506.6116524339 10572938.1914062500
462656506.6116524339 10572994.9921875000
450722791.4305616617 10374021.1406250000
451298322.6712322235 10388738.3085937500
451237238.1236428618 10386102.0351562500
451369091.1066439152 10391879.4882812500
451712291.8587263227 10399710.6015625000
452679111.6118998528 10419291.3515625000
453236051.0434159636 10430536.7539062500
453404667.5272551775 10435688.7460937500
454424687.2549614310 10453021.1015625000
453574636.5621803999 10437126.8945312500
454048489.0223206878 10445036.9218750000
454818125.0152583122 10460870.7070312500
453404667.5272552967 10435745.4531250000
452576879.3157874346 10414062.1132812500
453570297.0399669409 10437028.8632812500
453591577.2542469501 10440158.2148437500
453762437.2772325277 10441973.4257812500
454603409.1667995453 10457311.7968750000
451984971.9072353840 10402184.7539062500
452092008.1491819620 10408152.1406250000
452248902.4863920212 10412851.8945312500
454205132.4089243412 10449455.0742187500
452394365.0030283928 10413857.9531250000
462852618.2288990617 10573865.1796875000
452394365.0030283332 10413846.1718750000
452394365.0030283928 10413987.3085937500
463655249.6127272248 10580672.0703125000
462880254.0744185448 10573865.7070312500
465742799.5134830475 10602639.4062500000
465419359.5349936485 10598525.9296875000
465270408.0945509672 10595873.5781250000
465619160.0646390915 10599265.4179687500
465631697.0467078686 10600076.6601562500
464881663.8331633806 10592703.8125000000
466450803.6740041971 10604268.5507812500
466468815.3230497837 10604273.7070312500
