114186318.6828646511 5247.3929748535
115734605.0380112976 5444.8243942261
98090514.1715351641 1617.8383046240
98217328.0207044333 2263.1787184798
98142773.2775970101 2003.3094785861
98150301.6268088222 2035.2701055729
103521804.3614078313 3515.6333869326
102932132.2887776345 3482.5780700075
98121081.0638081282 1911.6577200494
98117546.1275679469 1879.5010821125
98104088.8703492284 1871.5607516519
98102300.1610763520 1676.3101367461
98103030.5655872077 1770.0409380696
111067037.1332730204 4903.1061453223
98090575.0490315855 1676.3041687510
98401401.1150773913 2386.3798249932
109766992.5889979452 4636.7260402115
98489593.6631995887 2427.0850735577
98631450.3100431412 2511.2321600844
98331243.3644294739 2383.1888529709
98575173.8971484601 2477.7956842077
111024219.3459920287 4862.8243840635
111185268.0083233863 4907.7215627134
108146880.1897443831 4365.9117127927
100822087.8499490470 2762.3495149043
98288752.9412971884 2369.2423066222
108058400.9219262898 4362.7040573978
98275933.4764562547 2328.9688952588
115364367.1001367122 5255.2075386047
109778188.4272345155 4691.7507651371
101060507.7682319731 3033.9266959157
108598000.8741612285 4442.9012514702
98244813.8683452606 2278.5653731454
100682775.7337954342 2681.6653918650
99950745.4674928337 2674.0632810023
115430493.4242618233 5261.0696792603
98547514.8090806603 2462.2762365364
112020954.7698125094 5171.0792729855
98158560.7005280405 2065.4323405349
98143236.6313116848 2007.4908395163
113736951.8340659887 5195.9614715576
107282530.8571252823 4319.8663303824
98147364.8622914702 2012.0765259885
110503317.3131324202 4856.9356626868
113187428.5408123583 5181.1544446945
108850901.0028341115 4569.8832839055
98207406.6809436977 2169.7259355360
98138443.3194605410 1997.9495509765
115710441.5787814111 5276.7932052612
108974508.6746438295 4627.4296668095
109080741.6032717675 4631.7662909550
98160002.9804648757 2100.3627598905
98124986.0622418374 1990.0092205158
98171198.8187014312 2153.7185744368
110478638.6193404347 4749.5377019346
98199909.4395292550 2169.5494925701
98199538.6412982345 2169.0705671634
98211105.2777658105 2222.9053071164
102274312.1821076423 3149.3391651064
102129095.0581685752 3045.2281881422
102255881.7656750381 3051.6970320940
102801293.1852061301 3340.8617879003
102657732.7142577469 3304.0652278513
102488484.1394103169 3232.3639429063
102527655.7775530815 3263.2102599442
102359340.1934185624 3155.5294021517
103531827.3525195867 3549.0112707317
103612295.7634429932 3559.4356878102
104041541.8307500333 3784.9387604892
103732199.3198074251 3774.5322189033
103614508.3336311579 3672.6489817798
103929465.5269896239 3783.9965855777
104875464.2042412013 3830.0647855997
103704655.7397110760 3684.9999592006
105619641.1766943932 4060.8129869699
105823100.7220747173 4071.9390394688
104637991.2513293326 3807.9491743743
104771694.7412979454 3826.5011658370
105588883.3522578925 4012.1314582825
105193138.0538104475 3901.2177177668
105332840.9188175350 3972.0245538950
105179058.5401938111 3868.3471620083
105349164.9298232943 3989.1607263088
105430462.8434174210 4002.0113588572
106106001.6929263026 4087.7935967445
105104054.9912371039 3868.0693122149
106202279.3335048109 4137.0353853703
106115323.6465162635 4094.8764338493
106549525.4315972626 4214.6788802147
106146136.0465495884 4119.6533732414
107086482.0229305625 4263.7503352165
