993105046.9487516880 1282520.3120585307
994187261.7607986927 1290809.3669291362
995436731.0289521217 1304425.1332103014
1003772199.3158862591 1354134.6991596222
1003830537.6836299896 1354619.7614154816
998098952.3093823195 1323211.3898399770
998420500.0921629667 1326301.3052757680
993008562.1779426336 1279568.5077596903
1008156575.8450173140 1368166.3945770264
1000412696.6491565704 1337665.7650623322
1000585607.0698475838 1338849.8697528839
989386995.0543973446 1211963.2915293071
1000688397.3548008204 1338980.0277976990
1000727150.7972903252 1339986.9718903005
992291877.1868002415 1269346.1463622190
1001577436.5997751951 1344892.7960224152
996355708.9915893078 1312140.6811081171
1003689586.2749242783 1353378.6447162628
1001200155.0124385357 1341409.5769672394
1006173865.6953189373 1362117.7872610092
998108458.9134857655 1323507.2110792976
1001013318.8652139902 1340903.6855182648
1007598794.8033651114 1368042.7723712921
996466429.0203809738 1312502.8407083750
1005150708.9246889353 1358885.8575763702
993302431.1490656137 1283711.4485636577
991364016.6421098709 1252146.5503011942
991363634.9467854500 1250193.5144621227
994104094.2447736263 1290588.6737629175
996478985.8093649149 1312887.4728907347
1001491182.7973827124 1342913.4400014877
995323537.3268082142 1300890.4892993122
1006966604.8842656612 1367035.1013298035
995651473.4701699018 1305330.0949565172
997731891.6659445763 1321493.6985252798
992800411.6224272251 1277130.9967123270
996386390.8562426567 1312406.2609771490
996694418.8859348297 1315591.4013010263
990325028.9108409882 1223262.4931589458
1002019771.3974252939 1346054.9306297302
1006354996.2500905991 1364589.7390480042
993947273.5273849964 1289882.6442728862
1002606701.7454621792 1348339.6220779419
997773176.1601040363 1322538.6140333991
1006564788.7113856077 1365480.9785480499
999950805.5196253061 1334092.6059845388
1003405060.0188059807 1351716.4506034851
994631717.8155330420 1297145.3060412677
994339583.5140274763 1294682.7733264240
1002842013.7270674706 1349908.4192523956
1006242640.9361016750 1362639.0815849304
992482872.3793604374 1272123.0574645139
1004787303.6332439184 1355946.0625572205
990086289.9061502218 1216335.0393015239
998245702.3579487801 1326079.1819686890
991778130.8738042116 1263574.1612247694
1002352627.1603523493 1348271.8842792511
999406588.4859319925 1331617.4186981618
1000384857.4519846439 1336775.3225983083
999671748.2995457649 1333845.5406769216
990465317.1047968864 1224467.4103952739
1001535242.1177223921 1343708.6551504135
1006318973.4021712542 1364085.0898761749
995890926.3548121452 1312038.3667465448
999050386.1857433319 1328892.7227753103
990025943.9740689993 1215840.3848215435
989770995.4685947895 1215772.6832224224
1001851574.7804933786 1345298.7328605652
993825162.2663466930 1287629.8238377720
1005669154.6521863937 1360127.0582695007
991296397.8354808092 1245035.6209926698
990598354.5379105806 1242051.1066494081
999986888.7311580181 1334657.1355400085
991034786.2518813610 1242960.4537878130
990966930.5674085617 1242269.9597692583
996835228.2228565216 1316261.4664865732
996587903.5984028578 1313394.6898101568
998525941.2274863720 1326995.8081024587
993504119.4238868952 1287337.1894946247
1006242640.9361017942 1362645.1533622742
1005461238.0074180365 1359406.3147296906
995322340.3450970650 1299576.8635668904
1006917628.3830347061 1366112.9870929718
1006373876.8086962700 1365317.9110431671
991552550.0561630726 1256958.9084337642
995236286.7626383305 1299096.3969112709
1007358731.5672030449 1367598.3927650452
1003276160.0574526787 1350725.7350482941
1008813131.3345201015 1370643.6661224365
1000234978.5689308643 1335602.1233177185
1000105912.6372978687 1335130.4342308044
999244441.3177458048 1331259.0016144216
1002821023.2278149128 1348720.5143890381
991140232.4170397520 1243839.2849035356
1007078518.0435340405 1367341.2260856628
1004658210.1845684052 1355311.2660846710
995173108.4713478088 1298814.7396044880
994951542.4823768139 1297294.1849475056
992263735.8381028175 1265326.4219198488
1000234978.5689308643 1335601.8276634216
991342816.7707936764 1248061.8764005993
992146415.7705461979 1264997.4983434938
1006268528.0301721096 1364039.9499473572
990586963.6276626587 1226322.7000070903
1001052219.5609498024 1340931.6623973846
997244777.4278454781 1319854.0965744257
998855379.4770889282 1328676.7029999197
993008562.1779426336 1279569.6593710184
997232889.6550989151 1319654.6686569452
1005021032.8180905581 1356257.6174306870
1001408863.4363380671 1342352.8379840851
1003039766.3516082764 1350246.6419792175
1002476773.1342298985 1348306.4434928894
990288554.1889837980 1217045.9862619732
990320770.1387063265 1220445.4883982036
1002809032.9571448565 1348380.3299064636
1002197566.7006231546 1346592.0107107162
995839213.2306096554 1305371.3046778440
1006134795.6430987120 1362079.8696613312
1005709331.3249708414 1361088.8028526306
996975139.8022627831 1319412.0299240351
1006261008.2081310749 1363046.0581989288
1000385510.6392624378 1336850.7541189194
1005977524.9548987150 1361880.1220417023
999420118.6779345274 1332615.5058525503
1000105912.6372978687 1335130.1385765076
992914239.0982661247 1277939.0518270731
1003039766.3516079187 1350195.0272331238
991445685.7954177856 1252235.3668661211
