131335486.2933837175 7246.7334952354
131339324.6017980427 7545.5457223058
131367011.4527712613 8213.9932766259
131368527.1237048656 8483.0833454430
132802803.1287065446 14443.8714352846
132414365.4565926641 14089.0555859804
131345607.0234702528 7606.1910908818
131416309.4067411870 9210.2384441197
131458110.4342733175 10129.9645438492
131501258.3217338175 10780.5759707056
131349027.5141644776 7872.7748203576
131342767.8991258144 7561.2330427766
131437686.8161999583 9769.8407866061
132099349.2200037390 13328.7571909726
131981172.5063108206 12953.1539585888
131343217.3665686846 7588.9336625040
131353679.4548360705 7926.8846231103
131510560.3419955373 10864.9269267321
131338987.6308527440 7534.1948466897
131525523.4120451063 10870.5686677694
131638800.0120209605 11856.9696514867
131426060.7719454467 9446.0587294102
131429579.9587399513 9579.4981758893
131557508.1200274974 11184.6596995555
131526933.7741744369 10889.1313355267
131335945.7583447248 7508.3733354211
144951595.6440545917 23380.7149314880
149891412.5170046389 25336.6737785339
131583512.5207240582 11489.3666923307
131546794.5735530555 11156.1672753356
131384300.2677003592 8506.0796377678
131505930.0457968712 10806.2651601397
131548204.9356824309 11174.7299430929
131638058.5832757950 11593.4136661254
131404683.3624866605 8886.4563869238
131675766.3571839333 11903.7361220717
131744876.8061947376 11959.2249280177
131459563.5421524942 10134.8536058962
131436276.4540705681 9751.2781188488
131571972.0260995030 11211.7635381222
131793808.5202346593 12264.5256863795
131935615.6818973422 12593.5464527905
131701833.3932757378 11956.2804358862
131980431.0775656998 12689.5979732275
131624089.5461034030 11561.6573013030
132444943.4773222804 14097.9817837179
131441240.4233792424 9788.5665761530
131593243.1876074523 11497.3621456884
131481158.4149408787 10494.1806633472
131470824.9056176990 10216.3787124455
131451373.2778791934 9857.2147767842
131477291.4885627031 10407.6399299465
131335149.3224384338 7235.3826196194
131352870.1791868359 7888.2119774818
131460692.0511177480 10147.7305118144
131543533.2116193771 11149.0407536589
131394865.2727542967 8790.5301750898
131499168.2145151943 10772.6527492367
131815230.5723557770 12276.2551327907
132593298.6006122082 14421.9082096517
132009967.8638350964 13016.8043027781
131543266.9686088264 10896.1581053138
131538985.8489895761 10892.1195555031
131406609.1442069262 9086.8947937489
131424650.4098160565 9427.4960616529
131482568.7770702690 10512.7433311045
131465730.9765990078 10191.3248226941
131503839.9385782629 10798.3419386707
131412484.3334078491 9132.5308564901
131464973.1707369685 10151.7690616250
131443854.2506464720 9826.3120034039
131447115.6125801057 9834.2026388943
131468992.3385326266 10199.2154581845
149986350.5639773905 25391.4212913513
131454527.1373001933 9866.9074658155
131509306.2958124578 10808.3378721736
131399682.0001188815 8802.2497152090
131456020.3270546794 10122.0413223803
131935884.0196636766 12649.4746262133
131611675.5917188376 11499.5165010653
131477897.0530072004 10487.0541416705
131393323.9188778698 8568.9870046079
132215835.9912561774 13422.6160515845
131488940.0039081275 10524.7051023841
131403623.0073870271 8836.9473994672
131695600.5740582049 11907.7409906685
131827120.6144438982 12312.8881446421
131386839.4111211300 8523.7253659666
132316818.3737028092 13724.1535350084
131421389.0478823781 9420.3695399761
131409645.1764298081 9124.0049213171
131429496.5519266427 9492.2019574940
131966462.0403932929 12657.8416084051
149487352.8635022938 25259.8608055115
131636141.6209185421 11564.6455212794
132828270.7263283730 14481.0342475576
131917042.7067675292 12388.8625313640
132266245.1034665704 13485.6653825445
131838874.6735565364 12335.9836766422
131783183.9288379401 11963.5301254811
149253112.5981691778 25207.1809272766
148807067.3265179694 25177.8289070129
148591245.2471385896 25137.0604438782
143135134.7026472092 21796.2113957703
148346850.5217131376 24987.2992286682
144901436.7162258327 22138.2574021816
144421326.9694757164 21986.7555820942
147934255.7198438346 24940.5099220276
148292137.8658812642 24985.9479408264
147881219.7258806229 24933.7225074768
146171329.7065887451 23576.4950780869
145678474.4733861685 23513.5854754448
133620444.3244812191 14569.8317851229
132240889.8684518635 13424.7668496137
147651774.7893882990 24685.4771308899
133862575.3038509190 14924.9949568911
147565497.1360769868 23673.7593879700
147620144.2446711063 23723.5160484314
147355232.3951154053 23618.8904991150
134867786.2190577686 15133.4455938190
135436967.1192819178 16662.7645699628
134966995.5689323545 15211.6100075491
136985430.9759466946 17511.3617195733
134715851.1389533579 15014.0168573358
135172613.7738143802 16566.6037324317
134989219.8752186298 16176.7359444745
135766060.9736682773 16663.3208933757
136503732.1418658793 17035.0639212974
136217208.5587333441 16710.6150430091
136235415.4530413449 16783.8926335223
136819565.4419727921 17311.7847731956
136476479.3183746040 16944.2364447959
136864361.8538018167 17441.5228494056
136674206.8310277164 17257.1372726806
136843251.8113343120 17349.0300038703
137742087.7608073950 18320.4746361621
137554801.2381717861 18015.9701729663
138424147.3650775850 18890.8041638136
138186610.7431319356 18766.2701863050
137852627.4500658214 18532.9240494617
139283926.0438328385 19331.0233697891
139574032.6016685367 20008.7163858414
139364736.1569552422 19735.8504800797
139317837.1687291861 19701.9319772720
138280824.4338081479 18877.0708321333
137478109.2707019746 17633.8158895024
139018386.3649185300 19095.0288076401
138033583.8651498854 18567.6103808284
139024504.1172343493 19273.8651885986
141168024.0369662941 20340.6016931534
141564813.5714631677 21018.5202312469
140987673.7764958739 20279.9994935989
141575236.2859475613 21307.3885021210
141575236.2859475613 21295.0015392303
141675546.4352176487 21413.9909191132
140825230.8787600696 20118.7382898331
144040206.1787929535 21979.2603244781
