184180985.6946766675 13485.1009248979
184135212.4805091619 13054.6622572583
185683943.1622508466 18524.1714478292
185831797.8432571888 18925.4092330959
184065800.1070768833 11380.2332224652
184075048.9950004518 11742.8805856511
184123353.6859207749 12753.8045068159
184180985.6946766675 13485.0231661088
184271283.8645185530 14524.2744235087
184143720.1850955784 13098.8900741790
184168972.4842104316 13430.6087544658
184579714.8814706504 16257.1837700912
200732201.5114119351 26479.1646382511
224265506.6061671376 36334.4580688477
184135212.4805091918 13056.7649183911
184111463.5533001423 12722.4374987339
184271283.8645185530 14524.3514193583
184225628.5360484123 14147.9636442274
184242458.0753954053 14170.9828428317
184061421.1640003026 11362.4501178667
184180985.6946766675 13484.8766206987
184138634.6006169617 13098.7335190033
184196802.7469252646 13796.7571894735
209874424.4154939950 29710.6418980928
184191868.5323472321 13771.8336448227
184271283.8645185232 14522.1069735576
184401217.2404775321 15488.9989573964
184532610.4322595298 15947.8062163937
184124881.9725646675 12762.3455125440
184099604.7587118149 12423.6556072421
184458565.2536639571 15851.5777819165
201707892.3752712309 26812.7006149888
184061421.1640003026 11362.3052509233
184104845.3123082221 12436.6984945588
184111463.5533002019 12724.6662584995
184138634.6006169021 13096.5540146087
184579714.8814706206 16254.5942744323
184099604.7587118149 12423.5160198397
184127751.7629463971 12797.6627253480
184075048.9950004518 11742.8727435276
184949831.6334991455 17321.2943778914
184127751.7629463971 12797.9566096253
184726247.2905572355 16538.8546969005
184104845.3123082817 12438.9367147736
184080490.6682240367 12054.3572517440
184196802.7469252646 13796.8391301245
184211715.5441594720 13826.0831374680
184317477.0259558856 14862.4922952699
184172394.6043181419 13474.6286246091
184196802.7469252646 13796.6783926100
184111463.5533002019 12724.5911242221
184216649.7587375045 13851.1630246252
184104845.3123082817 12438.7158895783
184172394.6043181419 13474.8635184080
184075048.9950004518 11742.8765330121
184108041.4331924319 12682.6253922624
184138634.6006169617 13098.5191635345
184036527.3405579329 11011.0958835796
184172394.6043181121 13472.5005118162
184152159.9055535197 13119.6971644647
184059385.2103873789 11322.6396687345
184127751.7629463971 12797.7323054261
184211715.5441594720 13825.9431838547
184291130.8763307929 14576.4308680583
184196802.7469252646 13796.6038643927
184327766.6416413486 14893.5599764872
184401217.2404775321 15488.5888898381
184196802.7469252348 13796.5321623892
184401217.2404775023 15486.4094617376
184151183.9486356676 13117.6504081971
184127751.7629463971 12797.8788508362
184163042.7432240844 13420.4833311592
184061421.1640003026 11362.1723163530
184070400.1625552177 11680.5674388811
184126775.8060286045 12795.6962641663
184180985.6946766376 13482.8405794389
214635507.5096063316 33142.9991028234
213379071.1919685900 32468.9952247143
184108041.4331924319 12682.4211686295
184297630.0141436756 14808.1684007692
184344734.4633547664 15114.9564588079
184152159.9055535197 13119.8437141664
184354112.7912664115 15179.6214036989
224045984.6780388653 36274.9923706055
184080490.6682240367 12054.4987312361
184073185.3183308542 11696.6427729042
184225628.5360484123 14147.7287504286
207772031.2469607592 28159.2350860629
184667666.3353777230 16304.5989188657
184080490.6682240367 12054.5009895369
184061421.1640003026 11362.3061664507
184074254.8787540197 11733.0809972198
204117399.0939678848 27525.1882997155
184053354.1605714858 11051.6213851973
184077068.5481163263 12010.4578955166
184093991.7592452168 12422.1743014292
184108041.4331924021 12680.5457413835
184104845.3123082817 12438.5818563752
184111463.5533002019 12724.5171496128
184053354.1605714858 11051.6216387555
184090569.6391375065 12378.0432252311
184053354.1605714858 11051.6217074200
184093991.7592452168 12421.8864596323
184061421.1640002429 11360.2958515093
184053354.1605714858 11051.6213845417
184053354.1605714560 11051.6196060583
184111463.5533002019 12724.3129259800
184163042.7432240844 13420.8532938515
184118004.8054941893 12725.5166778420
184085924.7558164299 12109.3222995237
202644443.3758332729 27108.5463037286
184147225.6909754872 13109.0996835963
184093991.7592452168 12421.9554903940
184191868.5323472023 13769.6541404282
184058030.3693633378 11052.7036561772
184061421.1640003026 11362.1715839311
184061421.1640003026 11362.2378375932
184147225.6909754872 13109.0307749049
184931915.9034746289 17310.0240096292
184061421.1640003026 11362.1702106401
184168655.7426906824 13422.3837007493
184779121.7359174192 16880.1687724692
184093991.7592452168 12421.8212130503
184080490.6682240367 12054.2235847518
184158079.2440385520 13125.8600827806
184093991.7592451572 12419.9349825815
184147225.6909754872 13108.9655283228
185480820.5686979592 18390.2363331811
184163042.7432240546 13418.5078191315
184203698.0423281193 13802.4173341306
184196802.7469252348 13794.4650232405
184147225.6909754872 13109.3186167018
184203698.0423280895 13800.4554200681
184075048.9950004220 11742.8178796574
184872132.7622587383 17257.1146449197
184075048.9950004518 11742.8199860260
184080490.6682240367 12054.2228523299
184147225.6909754872 13108.9641855494
184075048.9950004518 11742.8727237984
184230869.0896449089 14148.3786522659
184080490.6682239771 12052.3496528670
184251974.6856734753 14429.3676592457
184257215.2392699718 14432.3057652413
184080490.6682240367 12054.2890144393
184218214.6819722950 14051.3790157734
184730160.9966329038 16634.0324642609
184118399.9018523395 12743.7750137583
184225628.5360483825 14145.6006376356
184230869.0896448791 14148.2162682327
184158079.2440385222 13123.8428098314
184192844.4892650545 13785.8778342758
224100671.3605107665 36312.2450103760
184251974.6856735051 14431.4347983944
224312578.8612785339 36334.4618530273
184251974.6856735051 14431.6606980907
184673790.9875305891 16307.2532252380
210131658.3413630128 29907.5755894575
209954559.9565525651 29871.0884755049
184216649.7587374747 13848.7889177412
184202043.3005217016 13797.2556731018
184632776.6278756261 16271.6490449376
223713867.3167781830 36268.4616088867
201039228.3221915066 26559.4039097223
184801719.4396741986 16973.3309540853
184727364.1886706054 16614.8523427949
184245475.5478606224 14199.9245321364
184667666.3353776932 16302.1814126477
184245475.5478606522 14202.2875387282
184245475.5478606522 14202.0526449293
193976284.9971335530 23358.3435480547
184667666.3353777230 16304.4332570538
184525878.8613200784 15852.1432569036
185356478.5398690701 17838.5743712169
186388983.8471952677 18961.1841266328
185746258.8073117137 18716.6378811029
184446586.9094813168 15503.4642322428
184383979.7139768004 15441.9736662554
184262828.2387365699 14448.1503845202
192515852.2705089748 22352.1293131065
216658874.2255585492 34527.1431417465
223921423.7230486870 36273.3850402832
195394855.3534671962 24395.6623283927
184632776.6278756261 16271.2364677853
184446586.9094812870 15500.8731725580
222937858.2531984746 36167.4267120361
184897026.1959725320 17276.9106678171
223340725.7764479220 36243.2973175049
213105392.7928893864 31309.3292037640
222809603.4410031438 36042.6144409180
222725637.4993630052 35975.6953887939
184632776.6278755963 16269.0579852528
184632776.6278756261 16271.3098296589
222981239.5029782355 36179.5953521729
185075622.0919235945 17649.9542272296
184262828.2387365699 14448.5401631343
184147225.6909754574 13107.0792978541
208613310.9037598968 29268.6871215673
222737594.7976791561 36031.1272430420
223207412.4006856084 36223.5329284668
184262828.2387365699 14448.3762532222
184157400.4591499865 13119.9480489247
184219190.6388901174 14065.4232052265
184192844.4892650545 13785.6634788071
184262828.2387365401 14446.0868774402
184691254.4697642922 16523.1919974248
184897026.1959725022 17276.9005822343
184236482.0891114771 14164.4745961715
184236482.0891114473 14162.3502675582
204780752.4186811745 27936.1041113436
204486099.5685244501 27763.5957270265
184897026.1959725320 17279.4981955690
184207656.2999883294 13811.2142573882
184118399.9018523395 12743.9100125567
184118399.9018523097 12741.8784340159
184192844.4892650247 13783.6983298813
184212691.5010772943 13839.9873733078
184224803.6383567452 14068.8426106321
184212691.5010772943 13840.2017287766
184219190.6388901472 14065.4350498616
184224803.6383567154 14066.8764388906
184285272.7888330817 14536.0806447554
184212691.5010772645 13838.0222243820
210327751.9623180330 30871.5571441016
184574390.5940115154 15993.6967867921
184285272.7888330817 14536.2463246871
184211715.5441594422 13823.9780349289
184250716.1014571190 14202.5403153213
222253798.7579525113 35803.1036987305
198772243.9875749946 25291.7310192382
187394696.8363669217 19201.8224038992
198180069.2025634050 25073.4411893582
184311618.9384581447 14817.5398803698
203666396.3675299883 27392.8908403516
215718650.6229839623 34383.5555956364
222618854.9873643517 35956.2618713379
184356877.0470838547 15182.7200799930
184866582.5692356527 17027.3753593517
184285272.7888330817 14535.9275991012
197969881.5613543689 24479.1204405029
185006548.6801699996 17644.9632496042
184285272.7888330519 14533.8032704879
184967297.8838584125 17638.6369361085
222269813.6732669473 35841.6996002197
188225623.8270516396 19623.4094027195
220932180.1305776536 34801.9880714417
222171117.3092741966 35751.7987060547
217371038.9318259060 34563.0334246159
203527594.1312270463 27181.0402652025
204930195.7253768146 28128.0697154999
193563594.9080783725 22359.0677361418
200046035.9284803271 25425.6835977435
221617226.3818607628 35623.3647460938
221147701.0941051245 35618.4124298096
221121811.1469743550 35517.9759368896
221663431.9893697798 35739.1465606689
198129989.3871283531 24558.8240402454
188460115.3292881846 19845.7345697347
193692924.4305811524 22670.6437318113
213225417.7964397669 31490.0439939052
184966882.9496559203 17364.6309797257
191029308.6430204511 20747.6658525595
190921371.3975040615 20701.7146196493
185077543.5782333612 17732.8466269464
184966882.9496558905 17361.3936240167
189364245.6344698966 19858.5189036743
185419863.7234176099 18036.0804791579
185081641.7043626606 17749.8478267413
207799220.0806885064 28552.0203059763
185329070.6980815828 17830.7312504218
184857213.9798283577 17018.3328220636
213377559.2022067010 31493.4545380957
212757511.9324937761 31270.7862320580
184857213.9798283577 17021.4268505365
185240040.2075291276 17820.5150593088
192409220.2243140340 21263.7601915399
184677496.3091430068 16365.7468621835
184954858.8071989119 17356.4639663947
184758022.1234189570 16722.1506728483
184831888.3589487374 17013.1836515022
190439662.7399972677 19907.3021097013
