429924589.1754195094 32.2993033232
425605592.9643470049 28.8438382407
428720869.2408220768 31.5635643054
437668731.8326706290 35.5569172688
422057868.0675449967 24.3113516494
428362339.8886671066 31.2257893057
422062355.3575319052 24.4699679230
442135254.6214039326 36.1715324968
437405524.0683846474 35.5328165852
421935857.2294849753 24.0087078593
422514400.0254427195 25.2940954074
428900490.0816631913 31.5891449677
423847477.2326502204 27.3897121448
423816355.2677860856 27.3327694066
421868108.2813594341 23.7741596022
423227024.8961518407 26.6931628650
434256949.7745606899 34.4701178349
428941182.4022796750 31.7135388818
430470193.8996292353 32.5892535956
443038359.3428698182 36.1821921617
430726841.6146228909 32.7647600250
422765602.6126694083 25.7926720791
436359621.3981451392 35.2527113669
445740126.4860050678 36.2664397806
428949769.0046777129 31.7158259120
437881904.3659986258 35.6182674952
441874464.7246065140 36.0666068271
433352585.5300512314 34.1839951971
431451246.0957886577 33.1953259552
435709897.0146157742 35.1295536906
424517748.6920350790 27.9743278895
428862723.6253251433 31.5831495330
442351652.0691356659 36.1719348729
423810046.0627751350 27.3022248127
435109097.4645252824 34.6927813715
435414679.8580368161 34.8821333852
441874464.7246065140 36.0687027648
423685325.9392545819 27.1454308756
438996650.3987791538 35.8374164402
422908905.6162861586 26.0587488554
424179680.6577427983 27.6348697517
440140441.2312625051 35.9200467430
441658067.2768748403 36.0652948841
445131337.3255663514 36.1919889301
422168837.3568403125 24.6448817316
421931679.8725022674 23.8810280548
422596272.1374743581 25.6161200534
422735243.2122581005 25.7806216471
425685338.5311948657 28.9652432759
434954797.1612728834 34.6909852601
422265417.2610539198 24.7807411059
424916566.5680898428 28.1957889968
422353242.4918061495 25.1505053874
438431219.3140012622 35.6606929265
437328905.6231573224 35.5115186684
435609874.9394735098 35.0393456351
422711026.2217160463 25.6976799957
422709949.5796396136 25.6940379472
433686037.2723557949 34.3459008834
438229077.0303990841 35.6591104083
422597130.0393224359 25.6466646473
422024834.4807550907 24.1802275710
433273520.6937537193 34.0988415475
433431222.8158176541 34.2181121311
425723837.7555090785 28.9946821813
431749303.8233612776 33.3560749957
425721017.5685889125 28.9937245433
422865967.4443790317 26.0277584832
431575611.3327559829 33.2242125991
422647086.0403134823 25.6745163493
424923756.4622028470 28.2360469733
427566078.9788399339 30.5480124423
423227619.0341892838 26.7695397215
422767398.0375773907 25.9022097554
437881904.3659985065 35.6142189987
427557633.7071850896 30.5455409953
432870921.2545464635 33.9016454793
427926912.7071207762 30.9104322483
422020416.9246708155 24.0239482038
436928336.7238553762 35.4274885394
428158002.8631885052 31.1294227647
427741171.3832531571 30.7211916623
428104396.2914605737 31.0710290404
432855486.1389862299 33.8994352645
428566116.9981073141 31.4276283654
424967971.1785398722 28.3406711542
429654580.5376572609 32.1507338136
428682071.6249066591 31.5243883347
423184205.0321141481 26.6799275195
430037971.0554092526 32.4396289328
430128676.9733015895 32.4666652930
428682071.6249066591 31.5211556172
428735678.1966344118 31.5785922399
423370362.1587936282 26.9072951117
423311904.2449719906 26.7799953104
423322687.1805875301 26.8073333120
429984364.4836814404 32.3834454232
429258949.3675951362 31.8690196616
423594529.9104034901 27.1283044197
436848562.7521666884 35.4039122984
423046413.9776330590 26.6339081219
431695697.2516334057 33.2976812715
431974704.5044038296 33.4294548205
431444019.6766914725 33.1375301614
431444019.6766914725 33.1409630164
431444019.6766914129 33.1365730599
433182936.4387888908 34.0613409509
433611806.1012654901 34.2272589854
422210372.2922467589 24.7715714414
430224621.4194281697 32.4842085984
422548198.8269917369 25.5400477515
433698758.1059114933 34.3468104503
439859895.6818390489 35.8584760725
428294563.0864387155 31.1899252726
423032510.4185211062 26.2695814790
430865146.1182637215 32.8512156526
422917311.7058463097 26.2322331893
423588278.1581127644 27.1154111663
429654580.5376573205 32.1551237702
423935000.3462663293 27.4566859800
423696769.2518689632 27.2216457992
423823045.6745195985 27.3529316226
423960861.3230967522 27.4965891128
429348960.5889754891 32.0121346861
430781511.7891497016 32.8385711702
429474943.3686884046 32.0465794229
442056934.6752274036 36.1426542699
428092472.1896610856 31.0469898613
424779945.3976595402 28.1554300034
423696769.2518688440 27.2185945034
437210719.3714993596 35.4483143575
433587747.9852252603 34.2202781006
437210719.3714991808 35.4463993199
438974383.8145411611 35.8372289091
423522450.2536900640 27.0789035002
422029773.5149812698 24.1803132340
435475281.5001098514 34.9553081170
430655804.2628913522 32.7024997565
423436462.9313558936 26.9579001537
431360385.3475774527 33.1239285775
422347161.7267062068 25.0471897578
422340457.6562490463 24.8152188984
422286723.8706016541 24.8054621998
427477517.6063777804 30.3759261236
436982514.9769738913 35.4402124695
423530583.0112534165 27.0875749409
435122288.6656715274 34.7210383527
422810245.8635572791 25.9163968167
422847328.0480702519 25.9186102128
438744193.2494134903 35.7496425956
437509465.3241397738 35.5391591303
437065411.5394273400 35.4457026981
438455757.3271216750 35.7391345650
427539264.4300801158 30.4709811750
423971512.1246947646 27.6327430198
438546977.7493210435 35.7443815470
435122288.6656717062 34.7254283093
435272344.4195069671 34.8816269152
439551963.3630288243 35.8424010575
427549905.5989950895 30.4928288068
442135254.6214038730 36.1706229299
439123600.4501706958 35.8422475010
438891487.2520876527 35.8317386806
424191229.7088990211 27.7364886910
423898564.2354137301 27.4459840708
438168966.5859053731 35.6318316869
422461079.6106627584 25.1806958640
437754611.3745325804 35.5572823621
435513069.4231431484 34.9970002621
437609371.4420566559 35.5498863049
427385961.7473439574 30.3641996875
428092472.1896609664 31.0429631057
425046355.6180602908 28.4289219820
425811098.8595977426 29.2124176144
426236294.9962079525 29.5496294403
426052873.5083922148 29.3929166262
426247561.5886164308 29.5620188170
425075119.5419954658 28.4308359318
426746738.6643331647 29.9736267500
426556955.8134894967 29.8026147040
426159292.2917901278 29.4244075639
426540711.3941521645 29.7294692769
425724165.0236151218 29.1208755269
428505673.9418597817 31.2990804171
425881914.0340133905 29.2403409685
426729410.1025537252 29.9393696448
443965477.4909986854 36.1892387345
436513374.0403114557 35.3149238229
428426953.9375416040 31.2676434759
425887028.1493702531 29.2413837071
430678317.6310505271 32.7026082868
426807216.6448602080 30.0005010718
424943178.2682046294 28.2747509542
428092472.1896610260 31.0448781433
429511977.7094725966 32.0960486030
440319016.3475015163 35.9819260165
436081572.3647565842 35.2293351144
439570702.7979376912 35.8576761633
426788196.0838960409 29.9830391057
426746738.6643331647 29.9717124723
426108172.9269440770 29.4107383198
428282638.9846391082 31.1637743755
426111598.7720191479 29.4141156530
429735648.6640305519 32.2374781167
436375462.7671836019 35.2564226761
427593913.0123518109 30.6094955924
437609371.4420565367 35.5479720272
425909804.4195330143 29.2425072646
436700071.3923503757 35.3329095915
426988270.3256978989 30.1052038449
436081572.3647566438 35.2337250710
435996161.5250804424 35.2003197074
425665177.8056952953 28.9554769795
428282638.9846390486 31.1618593378
430678317.6310505867 32.7045225644
425608291.7229409218 28.9535519587
441487824.2074068189 36.0300895534
424315701.1155299544 27.8084501239
427048616.4662511945 30.1403570124
424253333.9079061151 27.7874980854
424665782.7138551474 28.0650299775
439976601.9737001061 35.8868414946
426175703.7564311624 29.4436025657
424377473.3985998631 27.9230704742
425483340.8850663304 28.7867870527
424693874.7924967408 28.0955745714
439919662.9391485453 35.8845333643
424418930.8181627989 27.9343971076
426622599.1736394167 29.8361400835
436554831.4598743320 35.3276477531
426548325.8355337977 29.7714827893
441472053.1819134355 36.0299129896
425588385.4830552340 28.8223432148
441354074.5755746365 35.9947147109
442049599.6347618103 36.0878386162
441360592.9370194077 35.9952901341
425572836.1783874035 28.7980578909
441459911.0053423643 36.0029395632
439919662.9391484857 35.8804848678
441459911.0053423643 36.0073295198
435185030.5319540501 34.7272728644
425281864.5961020589 28.6069536000
425240407.1765392423 28.5956269666
429511977.7094725370 32.0938383883
427391768.9961222410 30.3737871790
432161154.9500309229 33.5256277975
427171880.4393728971 30.2896800855
427484974.6374581456 30.4332218537
429843065.0832540989 32.2796731183
429721985.3863927722 32.2091996411
427171880.4393728971 30.2874706307
425013746.2800186276 28.3875998005
432170497.8463717699 33.5665488220
429127061.9843229055 31.7983356408
427331047.3841159344 30.3355394084
425013746.2800186276 28.3844322011
427239558.8079894781 30.3146372580
425347610.4985776544 28.6939184857
427078775.9153484702 30.2509588519
425134825.9768799543 28.4517380789
425417316.6448150873 28.7128793660
429168519.4038858414 31.8137107707
429168519.4038857818 31.8115765519
429168519.4038857222 31.8096622742
433856676.4287229776 34.3860687218
433670062.5098342896 34.2923853206
430556747.1097593307 32.6240509839
427872506.8823497891 30.8014286357
434540785.5336480141 34.5805235258
434067760.4199394584 34.4466656162
430579296.8710107207 32.6521633628
430545825.6338144541 32.6163292468
432039749.1633784175 33.5001150723
431074616.2071812153 32.9883820636
434582242.9532110691 34.5931367254
434026303.0003765821 34.4353389828
431614215.6171001196 33.2363725340
434614771.1284255385 34.6028198055
433868600.5305225253 34.4097011438
434697115.3306147456 34.6274526319
430994425.4330283403 32.9397359770
433786256.3283334970 34.3850683174
432562421.1461273432 33.7759314067
434424540.4833569527 34.5674988865
431165787.5611038208 33.0806730126
430895497.7014101148 32.8866528941
432383086.7287508249 33.6686699688
434860270.4083231688 34.6599917351
431298826.7303187847 33.1060516869
432826528.6595013738 33.8549638279
432846911.0281136632 33.8636265583
433052025.1322883368 33.9351182675
433087253.5816890597 33.9599483776
433098718.7494477034 33.9686495530
432444033.7606379986 33.7050894758
432685967.5550163388 33.8483793529
432685967.5550162792 33.8440739604
432012527.2017589211 33.4377699363
431824328.0179329515 33.3805930759
432523126.9322336912 33.7172523797
