357482323.5708802938 2533374.3193359375
355712036.2590930462 2410423.4829101562
359523215.9578487873 2657271.4353027344
363172630.8273161650 2830384.3745117188
368030202.4766361117 2988062.0317382812
353032332.6204636693 2190064.8712158203
352888061.7183791399 2176529.3201904297
353528954.8109197617 2237650.9487304688
364149049.0774085522 2861804.2619628906
363403177.9690654278 2837137.3374023438
349593196.2140341997 1690366.1942138672
350644877.4004334211 1903525.5651855469
350495845.2343376875 1879445.1164550781
350594598.4163603187 1894035.2718505859
352916304.2874332666 2176949.7906494141
352813394.5925920010 2169855.1043701172
355094650.9328106046 2366958.6384277344
357260696.1786566377 2519530.7187500000
384541443.6008760333 3249601.0507812500
363576281.3464279175 2848227.4956054688
367216168.5180242658 2967163.6005859375
349529936.2346600294 1684889.0379638672
350117317.9260455370 1814312.3261718750
350422902.0686581135 1872015.9152832031
351423697.4579434395 2012420.6629638672
351354746.5241038203 2005149.7799072266
382807745.6095858812 3243422.3056640625
353178923.8814179301 2207981.4749755859
353734902.9367083907 2254942.3541259766
353482880.4077947736 2235161.0729980469
357130790.3055172563 2501028.1872558594
411620117.3331207037 3485996.2998046875
350047813.5161024928 1800164.4997558594
355197807.3268793225 2376500.4943847656
364944330.5813969374 2897353.8232421875
350298224.2463435531 1849205.5346679688
350242238.2954055071 1835031.0170898438
351402196.2042894363 2011765.3543701172
352101746.2976664305 2088887.2874755859
351607255.1995745897 2037413.8812255859
352944203.0037550926 2181858.6551513672
349627293.7521325350 1704478.0697021484
352955403.3957036138 2186134.0799560547
355151895.3823114038 2372533.1599121094
363415516.9293755293 2838881.4931640625
377751792.3953147531 3185386.8730468750
349696994.0539692640 1726991.5874023438
364072949.9656587839 2857199.2893066406
357710358.0664719343 2549385.8720703125
351224394.4932768941 1985044.5245361328
355779660.2352558374 2420723.6323242188
349599641.2939221859 1693598.2772216797
350566306.1591258049 1891586.3488769531
350604439.9836386442 1898672.8831787109
350768649.4419349432 1921832.5224609375
351058578.2450931668 1964057.4594726562
351603655.1899426579 2036539.3079833984
352548021.1777163148 2140773.4246826172
364612065.1823159456 2880879.1909179688
414792983.7582158446 3510820.7197265625
364412481.0604249835 2871853.9462890625
352261339.1685438156 2110418.7237548828
382586279.1675930619 3236979.5351562500
364538635.9999645948 2879844.6411132812
350027731.9513673782 1797199.8989257812
367441380.9769513011 2977900.4013671875
350776510.4204993844 1927036.3231201172
350487909.0680102110 1878950.3654785156
414809585.1710786223 3512315.0996093750
349974823.3400225043 1788105.1442871094
350862668.1356959343 1940827.1782226562
354706637.3152193427 2334106.9941406250
353728194.5229960680 2253838.4777832031
349685964.3416597843 1725041.7109375000
357720211.6066020131 2552258.5463867188
354781631.1432002187 2346548.5229492188
351247251.7684141397 1992660.4124755859
352456947.9958519340 2132974.4642333984
403959323.9205038548 3400401.0292968750
354835278.7766907811 2347276.4147949219
351511037.7610532045 2024301.4993896484
353943737.1192919016 2273326.9938964844
388120484.7842952013 3282124.1933593750
358644160.1708747745 2614133.4511718750
349679393.6068646908 1717585.8963623047
358686999.5858916640 2617017.6691894531
351677850.3453804851 2042569.9715576172
410634073.6097374558 3477067.6396484375
366267481.3872164488 2941261.9697265625
350986397.6009163260 1955797.1840820312
360449374.8341062665 2699933.4804687500
351582810.8304486871 2031941.8822021484
354760810.6447200179 2338022.3955078125
355786161.6339502931 2420725.1479492188
375001329.9784546494 3145884.8925781250
363808199.2325338721 2855921.4091796875
359638023.3611208200 2666241.4299316406
353765970.3583344221 2258562.1721191406
358942976.7091922760 2625446.6357421875
415195710.9476552010 3514548.7509765625
414845762.4191995859 3513788.8037109375
350350031.8856073618 1853954.2143554688
357558799.2484808564 2539046.1672363281
365864584.1313927770 2922351.0419921875
408015950.5290434957 3439384.3066406250
353805019.4483206272 2262111.9750976562
357592009.2185471058 2543594.2937011719
349790447.4026541114 1745030.2285156250
358072326.7454882860 2573749.2585449219
352209241.6010335684 2105100.0367431641
354019842.9100237489 2280297.0986328125
353172611.4256383181 2201839.6053466797
353627252.6873629093 2247394.1430664062
359782213.8941109180 2674649.7780761719
399942390.9753203392 3384821.4462890625
354014884.5272191763 2279770.0429687500
385777205.9706990123 3273538.8466796875
349825749.7192984819 1759416.1634521484
351329049.2903184891 2000680.9053955078
350079662.1446473598 1805859.2148437500
410393771.9381350875 3470374.9726562500
350334593.1229751110 1851779.5424804688
352546990.9592436552 2138161.8225097656
385906010.2595511079 3276188.3027343750
385660827.8331524134 3272862.4931640625
402778890.4673650861 3389989.9667968750
399140373.3507645130 3374372.5693359375
350715616.5583143234 1916139.1953125000
358148802.4230887890 2579442.9511718750
355468591.2675680518 2399262.6733398438
351728107.6712878346 2050891.0447998047
357623083.0838575363 2543735.4709472656
365272016.5807128549 2897778.6166992188
350010064.4472121000 1790781.3088378906
353177802.1611646414 2202420.6385498047
413547852.6500069499 3496310.2753906250
361375447.4664372802 2754465.3996582031
354367516.7936552763 2310738.9484863281
355491371.4415084124 2400015.2377929688
353039084.4901931286 2191277.6912841797
414560269.8216676116 3509934.5996093750
357924169.3658255935 2565707.9077148438
355749071.8372986913 2415942.5881347656
390119221.7593252659 3310807.7294921875
399400683.1852265000 3382450.2929687500
349776759.9687138200 1742747.1247558594
350893213.2035778165 1942733.2990722656
361434883.1798129082 2758012.5192871094
353578826.4827548862 2241355.6082763672
357780401.5975763202 2557957.2416992188
366097168.3311855197 2934620.9404296875
367243546.6883199215 2968604.9345703125
371146425.3934252858 3082863.4570312500
399942647.2185752988 3386773.1933593750
355600001.4874873161 2408403.5964355469
410853817.1863652468 3479616.6542968750
357310508.9427779317 2523836.4069824219
360303676.2468055487 2690862.8833007812
394224555.5827617049 3332817.2480468750
394036966.0605803132 3326547.6787109375
370242080.6586462259 3060383.2724609375
379434144.0170845985 3224116.2304687500
355837046.5716786981 2423588.9663085938
370775549.9530869722 3069076.1699218750
371051245.1302569509 3077697.2675781250
356133271.9933540225 2446267.5083007812
366119948.5051255822 2934937.4687500000
371591753.9591816068 3089902.0693359375
410010154.9925047755 3465481.9091796875
403461598.1163076758 3395689.0507812500
363670699.9629380703 2850670.8403320312
356563581.6349125504 2474228.9616699219
349865360.3506712914 1762307.7869873047
367220766.5143796206 2968307.7343750000
352062089.8311325908 2087932.0985107422
356050579.8862879276 2438465.6086425781
366261633.0339967608 2937532.7597656250
368744933.2202437520 3004838.1132812500
351830699.4165564179 2060312.2742919922
366000472.0311192274 2930673.1464843750
409580558.3567662239 3461977.1621093750
412773604.6966750026 3493178.7910156250
413071010.1832867861 3494835.0585937500
374701994.4304459095 3141127.5302734375
365968382.5649333596 2927747.9912109375
362120706.4426264763 2783439.5678710938
372727806.4401588440 3111785.7714843750
375625249.0512410998 3152506.0693359375
367060574.8189713359 2961847.4707031250
409105399.8890066743 3450803.1894531250
370706610.1331854463 3065885.3261718750
368066171.5893790126 2998777.5786132812
367298907.2893294096 2972889.0468750000
366797536.9253153205 2958138.1889648438
356192303.6636505723 2447709.3559570312
355631439.5013494492 2410058.6528320312
355935119.2729721069 2432245.7988281250
355721202.4848424792 2415009.8422851562
355306438.8485977650 2381538.5056152344
398932112.0249156952 3368336.7646484375
361391290.9671742320 2756636.3605957031
356440663.2215520740 2465727.6662597656
368869701.1287997365 3014621.7612304688
381405410.9979428649 3231495.7597656250
356463846.3217669129 2468193.2529296875
405300891.3696137071 3407246.8388671875
365391467.2387076616 2908862.4663085938
372383053.5590556264 3105677.8916015625
372290172.3764969110 3100214.5751953125
355808941.8078906536 2421477.7124023438
359790115.2642698884 2678848.7917480469
361177921.3640288115 2746499.1599121094
370637725.4311010838 3060617.8671875000
354583362.5227509141 2326294.2924804688
359061467.8658000231 2635873.0686035156
369217337.3340375423 3025560.0156250000
369414840.0001246333 3034235.4316406250
354935552.7725048065 2354860.9895019531
356921306.7471028566 2494553.6535644531
405752307.5625345111 3418436.3964843750
405919433.8641850352 3419722.4531250000
359356847.9389978051 2650506.9069824219
368559185.6938373446 3003541.5561523438
359668403.4456756115 2670350.7346191406
393005092.4581559300 3324298.7792968750
351754720.8349965215 2053556.9014892578
395552681.2610605955 3336584.8115234375
358086532.7181006074 2574441.9433593750
358012413.1280333996 2572343.9267578125
357764053.5701320767 2554302.6157226562
378522477.2832993269 3208340.5957031250
359680828.0394457579 2673372.2141113281
357406410.7767978907 2530161.2421875000
368536405.5198969841 3003217.7329101562
388479913.8084815741 3288376.1191406250
381107787.2210030556 3230835.6337890625
360870184.3717110157 2724736.3364257812
357457811.7912402153 2531863.9208984375
360360247.8861533999 2697635.5402832031
360483990.4429997802 2703816.6787109375
362049787.3897986412 2777595.9458007812
362035304.5040217638 2776916.4755859375
360461210.2690592408 2703079.3183593750
361319124.1637547612 2751186.6557617188
364769046.4623910785 2881769.8149414062
398896872.3794651628 3366469.6533203125
360259433.4066961408 2688943.7465820312
361555652.9147073627 2768609.7895507812
378892222.1303834319 3217952.3808593750
362879952.9395878315 2816536.8603515625
362238041.8215271235 2786195.3913574219
366054990.9143976569 2932932.7578125000
373634292.7906351089 3111841.5800781250
365842243.1619578600 2920676.8740234375
363220231.0954319239 2832217.8256835938
365804237.3996057510 2920401.6269531250
378867310.1883555651 3217699.5478515625
387258585.1584559679 3279561.4697265625
359443748.3188118935 2653844.7272949219
378682423.6017889380 3213357.6806640625
376792386.5038939714 3163410.4589843750
360621179.7324907780 2713255.6899414062
387281365.3323962688 3279740.2587890625
374373559.9233719707 3114090.8437500000
378378081.7588628531 3204012.3925781250
359249525.0240087509 2643478.1320800781
408507577.1737155914 3447868.6718750000
408342309.7958254814 3447507.0742187500
409555081.9130526185 3451586.2802734375
362281639.0839132667 2786915.6977539062
384792368.5740631223 3252888.0937500000
413975774.3276801705 3498517.6152343750
377353033.3658124208 3172881.6435546875
377432572.2662510872 3176721.3320312500
362495538.8583659530 2795189.6928710938
374535465.7138239741 3124583.3886718750
406695622.3776797056 3435326.5488281250
407121056.6782739162 3437545.8027343750
374529473.6799299121 3115072.0234375000
376923914.5700855255 3163497.2314453125
405024078.6135907173 3405308.6406250000
358225399.7088109851 2584751.9228515625
408643292.5598285198 3448190.4931640625
378609882.7349307537 3208748.0927734375
377494854.0849141479 3182634.5546875000
377825344.7464286685 3194142.5332031250
389307099.1985911727 3297479.9619140625
389072873.2331525087 3296232.6494140625
392611820.7679463029 3317274.3447265625
405728294.6972059608 3412024.7167968750
398389511.4685515761 3361005.8378906250
397513182.4606974721 3357973.9218750000
396959326.3489121795 3355888.2148437500
396795582.8741088510 3354119.7949218750
376378348.4036480188 3156921.5263671875
376172756.5759571791 3154689.6132812500
377769085.7396639585 3188469.4394531250
377222969.6168321371 3171029.7099609375
377088503.1899620295 3167168.4765625000
398131614.0643345714 3360142.3261718750
