136506085.2268868089 519320.9077846408
136989547.3374024034 559363.6833197819
137049698.5684155524 565866.2216498600
136237835.4678354859 485032.1549969912
139470773.5356940031 659655.4802780151
148995611.5602532327 756558.7636718750
137081956.1306546032 567509.3069770085
136090852.1465241313 460573.1412026882
140227014.1492164433 678329.2133507729
135924051.6726079881 408046.7109650373
136088282.4535646439 460316.9244363308
138404654.6560125947 631045.3791532516
139897718.6570343077 673138.1604332924
138439365.0837564170 632897.3620634079
141442833.5283045471 696392.3336486816
136003880.0667978525 433293.9487264156
136071514.2778555453 454959.9960916042
136728653.1583866179 541858.8989955783
136083522.8505565822 455298.1861499920
136660100.4503310323 535391.4209300876
140865047.5883941054 685194.5590820312
135982395.7906829417 425498.7905679122
138627801.0082354248 636921.8217220306
141448251.8216184080 698014.7897033691
145992936.8700942695 733229.9599609375
136559359.1731843948 527045.7202464938
136594909.0712157190 531336.5349437594
136009728.0448069274 438711.4859654903
136318943.8148061931 494384.3538113832
141108091.4651745856 687953.0575866699
140203762.2414211035 678230.2690658569
141445265.1263315678 696685.5461730957
136565013.4362878799 527078.4585658908
135888074.6916016936 393603.6366792917
136887792.6298387349 552459.5721656084
138612088.6930157840 636533.7488460541
136442387.4884628057 511563.3570033908
139486587.1521851122 666781.9440231323
148848863.3690247834 753512.5283203125
141223275.8744975626 692679.8765258789
136297061.0747862756 493131.1064053774
136355404.6970899701 501262.1498624086
136576845.2802657187 527666.6084682345
137144384.9063706100 572075.1360785710
140303744.7268657982 679286.3491210938
138329207.0871273577 627050.7722196579
136265022.2658175230 487069.8593350649
138355570.8436361253 627485.7537746429
135918344.4252737761 407677.8887015581
136864311.5756676197 551606.1325385319
142071584.8592745066 704309.4324035645
135882952.7804502249 386906.5290599242
136773316.6414635181 544097.1579533815
139481744.8919579685 660167.4214138985
137974914.7732358575 613992.0791044235
136683381.2189647257 539126.8240444064
137002402.9588018060 564480.4134833561
137066152.4489359558 567244.8048702134
141540884.8159874082 701672.8048400879
136275365.2333693802 487897.3195706606
138388189.9807277918 629599.3054227829
135908507.9785339236 400603.9077423811
135982401.0145186186 430953.9351842403
135877013.9198496044 386591.7815013304
137014234.8027796447 565068.5633856999
144457367.7273184061 732931.7714843750
144252413.3206039667 732472.3691406250
136720195.3148652315 541269.8798305392
135948678.1076114476 417124.1029928923
139765967.2496846914 669417.0170922279
136409348.9912340939 508652.8062161803
138403868.3286643326 630778.9657040834
139931756.9025500715 673903.4046349525
136300001.5578430593 493504.5990811586
135974953.1520417333 425129.9268529415
140127834.3810929954 678014.9908165932
138043816.7334527373 616816.6040067673
136328298.5014518499 495647.6548672915
136520467.9425637722 523611.7224819064
136446499.6254293323 515854.1717006564
139689226.1900730133 668197.3132658005
135926750.8123558462 408358.4887350798
135867719.2368051410 384873.2217319012
136255789.4438924193 486626.8030301332
136730789.6018770635 542560.8218089938
137816365.7184361517 605073.1383314133
135873658.0974057317 385187.9692904949
139227759.7034381330 658216.1612262726
137565255.1498731375 595552.6669013249
135920725.5801460147 408043.7411764860
136246927.9388074279 485501.2352162600
135942294.5064299107 415801.2919577360
135956331.7122732699 417375.3458602428
137898955.4243799746 612136.2784681320
136159370.6705754697 470298.6536506787
136474796.5690381229 517997.2274867892
144119958.8907256126 730526.3397216797
135858209.0231558383 378416.1224579513
137243756.5346527994 576730.1974642277
148573222.6849200428 751302.8291015625
138442257.1880114973 634012.1462620634
135902569.1179333031 400289.1601837873
136548764.8861725628 525754.7782680392
136182711.7812511623 476148.4322755337
136860827.4942206442 551204.5597144365
137398054.1376260817 586697.2519618869
138718981.6990408897 641769.6970433134
136189628.7237414122 476733.3933967724
138230660.8362585306 626254.5939970016
136306496.6636785269 493508.4467496276
136784080.0267002583 547972.4951869845
143847616.6308715940 717621.5349731445
135952232.5310969055 417372.3760716915
137997706.8452050090 615314.8901395798
137503077.5201636851 591184.3289405107
136000627.6885960996 433234.8810403347
137170689.7558428347 573560.7752997624
138208232.2389611900 624931.7829618454
135933989.6972750127 409617.7950789928
136872659.3381984830 551792.7096167803
135853224.8104735017 378187.6982274055
136648376.7973200381 534836.0093471408
137887245.1449188888 611712.8736219406
135885962.0706270337 392627.8027245998
136246454.3696517944 485391.9220563173
140058115.8068836331 677483.6638183594
143179862.1104109883 706494.5263366699
136223136.5870235562 479653.2199383974
135964152.9568610191 417958.2209824622
137958682.0510762930 613491.8278226852
137749203.7844730318 603055.9166517258
135909751.1800031066 401031.8859985247
148912143.5062754452 754745.3676757812
137804655.4389750957 604649.7334852219
135988339.8751192689 432236.2621114254
141738650.4330003560 702902.3320617676
135857323.9916498959 378190.6747310162
135931351.2233874798 409614.8252904415
137428796.4685600698 587325.7447119951
138190672.7446461022 623205.2578172684
136031471.3473670483 445878.2822301388
136218614.9471859932 478942.2304666042
135859163.6710741222 378502.4457859993
135911725.1554135680 401609.0728312805
136106479.5596330166 461691.6411111355
135871234.1730238199 385184.9995019436
136060445.9310799837 452742.1137139797
139399968.6900622845 659618.9199771881
136640692.1219058335 534100.4789516330
137943271.3424300551 612701.7697782516
136031309.2240643203 444789.1724307537
136277691.7963173985 488125.6640225649
135995993.4797810614 432526.0676867962
136041840.7740381062 447202.4453103542
136403142.2375065684 508592.6167058349
136417679.1200450957 509023.5483121276
137945832.7777396142 612963.2992744446
136545820.8871565461 524160.4245069027
137350796.5650084615 582759.9156104326
139898338.0335750282 673699.9006066322
139840433.6970561445 672199.0192589760
136660208.6412979066 535424.1592494845
136013080.8577228487 438942.2174127102
136445976.0636538863 512119.5423001647
136951641.8954759240 558633.8236396061
139950717.9884824455 676961.0078454018
141182829.7307370901 692536.0804138184
135915737.9649806917 401612.0426198319
136177093.9289299846 475812.8061501980
136226419.6906759441 483388.9769200683
140964642.3001054227 685201.9344787598
136628860.2779279947 533512.3290492892
136946124.3615080416 558108.6708686100
136376774.0553223491 502213.2729329467
136961917.1382490695 558696.8207709538
147704439.5038643777 742180.1021728516
136692339.9096745253 540182.2060863376
141895963.3681393564 703801.8585510254
136600563.3343192041 531369.2732631564
136678086.9288765192 538891.2641078830
148147871.2227509022 744249.1072387695
141329638.5317249000 693082.5635986328
135901088.8987057805 394815.4321275055
148706126.8604802191 752857.3027343750
136390196.7465342283 504361.9915189147
138873254.7536411583 645650.1396808624
136896818.8809220195 555730.0459682345
136849178.2840273380 550939.2699897038
136334491.4523955584 496544.2512273192
136051184.2602603137 452313.0219762325
138886358.2785893381 645893.2381305695
136185606.9934178591 476457.9567817822
135986500.1956949532 430956.9049727917
136609927.1051175296 532457.3936244845
139824721.3818364739 671810.9463829994
136821179.7075361609 549027.4306117892
135988891.0223536789 432276.7462193966
138150347.8348046243 620768.1207304001
136735628.2638630271 542593.5601283908
136837346.4400495291 550351.1200873600
136424223.2436310351 509600.0816182494
136697178.5716604888 540214.9444057345
141161889.0794037282 689321.6537780762
137308634.5930730104 580689.6598890172
137860559.1816900671 607557.3393583298
137327315.5108373463 581906.4759833561
136107166.9075214863 461895.9522378445
141004496.8360933959 685622.7878112793
136027956.4111483395 444558.4409835339
136727943.5884488225 541858.0297328830
136747460.1078408360 543181.7100307345
136350872.3935664892 500526.6696843505
137498634.5046275258 590954.0994803654
137523003.6744840443 592245.2990267277
136369202.8694494367 501890.8706120849
136067208.0069759488 453893.4018228054
137451072.5683267713 588414.4723508703
136037917.0020725429 445881.2520186901
138053414.8019619286 617950.3454618454
136054537.0731762648 452543.7534234524
136207377.8027977943 478056.2044319287
136361899.8029254377 501265.9975308776
136047318.8015263677 447447.4449441433
136347323.2521796823 500180.3621320128
135905997.6825427413 400600.9379538298
137767524.2707382739 604378.7276868820
138437498.9999358356 631654.9487333298
139307142.4653882980 659068.5733971596
139308700.6315212846 659216.3085250854
138820704.2140081823 644447.1012568818
138181557.2547982931 621488.5006742477
137608939.6480285525 596196.5103167610
137805004.1038674712 604766.8005628586
137251675.3210848868 577118.2703402042
136325127.6815972328 495456.1308659911
136353643.6970954239 500835.0659245849
137798742.3155921698 604411.4660062790
136152291.9241465628 469653.5030190945
139024498.3274745047 651393.3486042023
136380832.9757359326 503273.8711575866
146324709.6561135948 738133.6689453125
137555774.8507115841 592633.3719027042
137333729.4695663452 582272.2493441105
136113318.8954366446 461965.5158669949
136097297.8012295663 460576.1109912395
136202366.4949961901 477851.8933052197
137712839.4728974104 598789.4381711828
137628132.6760531962 596621.1769056320
136143055.9095780551 468975.8426155224
136291617.9580409825 492362.6218404174
135930170.6245531738 409369.5220001936
137471738.3140369058 588510.2078016149
136165522.6584905982 470368.2172798291
137460523.0952711701 588447.2106702672
139031488.1405579150 651655.9441852570
135998152.6931733787 432705.8379571438
136126458.0401979089 463131.8573860303
136169757.1086532176 470741.7099556103
137613888.6790781617 596204.7614515172
136040733.0181867182 446307.3739678860
137723981.6805897057 602509.1303358078
137644220.6493267119 598275.0079952134
138076183.5364691615 619226.0974378586
136069601.4073790908 454138.4014565945
136210106.1168074608 478068.8745010197
137202310.7798823714 575021.9505765783
135970412.1431060135 424853.6399363279
137194655.2299863696 575002.3556514634
135964187.9740392566 417986.2348202765
135946964.1656576097 415957.0022038817
135928011.3494076133 409366.5522116423
136176803.2165193856 471152.3640115261
137763686.8744871318 603710.9958753586
136437645.9348429143 510795.8620023131
138855443.3682680726 644982.4078693390
138761996.8718493879 643534.3698115693
137205870.4487521052 575065.3527828110
138802892.8286350965 643779.3694453584
138967243.7790828347 649199.3269367218
139021600.7650737166 650385.5112018585
139278373.5581771731 658891.1818237305
138820223.9128741622 643898.2392749786
137182224.8292312622 573711.4228507280
137273306.8613419831 578244.5136328936
138972958.3504770100 649500.3381061554
148212854.9583953321 746524.7810058594
138710581.5666956306 641456.9653577805
139136423.9343712926 653815.5580768585
139149054.9101612568 657257.5343952179
146074664.7033836544 733702.2951660156
148207308.1214781404 745977.9602050781
138978913.0750960112 650018.8580036163
146237254.5726207197 735070.4841308594
148009551.2788606286 744093.4733886719
148005022.9545631707 743952.2722167969
139097709.1533111632 652105.3526325226
139117827.2839614451 652711.7488727570
143749868.5459471941 707620.5548095703
147662078.6308182478 741294.7912597656
147902734.8850534558 742703.6740722656
