158887466.2290666103 691864.5680252314
156398453.1141061187 567608.4287521839
160962036.7592948973 749968.0543806553
156486934.2068246007 574494.9697678089
160722935.5427663326 744572.9574363232
159819460.9676626325 718008.3182799816
163753769.6993845701 808470.2034912109
163858192.1452576518 813240.6766357422
157282459.8736852407 628233.8480312824
162334684.9246049523 783115.9978103638
156221266.4005408287 552746.5350823961
161252939.3515025079 757015.7459051609
163440042.3861558437 804536.5566635132
157696267.7299689353 647803.6737873554
163077334.2441780567 798081.2431411743
156915407.3988093138 612384.0878419131
160645114.5114741325 741881.5936667919
159675828.9743272662 714548.9833934307
156611390.1565524936 587220.7035934925
159923883.4135357440 722365.6786315441
159819460.9676626325 718187.8944518566
156807857.9539852738 604560.8798747063
160931714.1391183138 747934.4780485630
157774088.7612610459 650865.3310139179
156378619.8453608751 560599.4350841604
167008061.2206946015 830117.1230468750
156545987.7632892728 582359.2875781059
156391444.3079725504 566609.1222405992
156616745.0731198788 594702.6746098995
157814145.4607480764 652904.6650412083
163050732.8295969665 796822.4325942993
156714749.0438205600 599456.9314987659
158510025.8714617789 678577.0267889500
164422699.1929610372 819617.6279296875
164225461.2932088077 816206.5493164062
158873744.4353150725 690869.0045486689
156714749.0438205600 599848.7134282589
165563916.6461173296 826158.8154296875
158900345.8498960733 692163.9562088251
164303282.3245009780 819268.2065429688
156579310.7061038911 586535.3622238636
158918226.3185744286 694329.2711502314
164991587.0541645586 823408.9106445312
157774088.7612610459 650936.0697834492
156545987.7632892728 582331.3021159172
159632753.0003786087 713236.7085586786
162172617.0171595514 778695.9066060334
161154504.7400476933 755065.2270720005
163077334.2441780269 797689.7817153931
165204883.0922483206 823544.1621093750
163531808.2334849238 806973.6237792969
156589110.9225693941 586883.0944015980
157477526.4601607323 636457.1417973042
158978166.8811882138 695445.4427047968
157814145.4607480764 652882.2927877903
165292836.1206236780 824734.6596679688
164276680.9099199772 818309.5322265625
164715932.7238140404 822769.0791015625
160843668.6042385995 747181.8707869053
157509472.1797872782 636737.9462521076
158032527.6006159186 661869.4208319187
157514680.8847514987 640222.0743610859
161279540.7660836577 758297.7903387547
158219245.8415642977 669345.2969305515
157554737.5842385292 642151.3422720432
162472716.1584426463 786699.4154043198
157514680.8847515583 640664.2110798359
161644598.8108235300 766208.8733453751
165563916.6461172998 825600.9638671875
161279540.7660836577 758279.1038153172
162402618.1076406240 784849.4663076401
158557086.8132461309 679110.4628241062
161722419.8421156108 769220.3215875626
161279540.7660836577 758555.5076239109
158538503.7658531666 679074.5913527012
161644598.8108235002 766183.1338434219
159686462.4979605079 714697.8806214184
157554737.5842385292 642261.4083883762
161279540.7660836577 758340.2454168797
157814145.4607480764 652823.9080221653
160843668.6042385697 746738.5740339756
156303792.7888606191 558661.0051286779
156475951.8188359141 574299.1343185902
156818840.3419740796 604890.0252487659
161357361.7973757386 761845.3816473484
162637841.0633042455 787632.4565973282
163338119.3350975513 802256.0304031372
161617997.3962424994 764979.2849664688
157554737.5842385292 642203.9074118137
163175592.3160254955 799410.4520492554
161357361.7973756790 761762.2419989109
159824377.2771384716 718776.3325145245
160581949.0515037179 740067.4803583622
160856389.7751855254 747550.6843049526
157741455.8251868784 649734.8709127903
159466732.3812472820 708972.1040207148
162159763.6695482135 777984.5878982544
161357361.7973756790 761516.5032293797
164574889.8388696313 822493.0292968750
161864891.3184143901 770830.8238348961
159458957.2968352735 708439.4760692120
157357457.0352218449 633094.4454548359
161644598.8108236194 766579.4187555313
167116875.7034175992 830957.9091796875
161221519.5745406151 755600.0062811375
156378619.8453608751 560629.9122796617
160485029.8142721653 738576.9271490574
159852855.1715299189 719420.0108416080
157397513.7347089052 635218.6012594700
160843668.6042385995 746845.2863142490
160158022.7329182029 728051.7274596691
166431148.9579382837 828560.1088867188
162228024.3495252430 779173.3311758041
161864891.3184143901 770826.3326239586
159458957.2968353033 708507.6845653057
161891286.7675468028 771060.4319715500
156611390.1565524936 587087.4312663078
160536624.5630400777 739594.5290644169
166921643.9156255722 829109.0087890625
159877374.1408520937 720504.3920671940
164103198.2450453043 814536.0740966797
158261175.3876177073 669910.7905828953
163185667.1208601296 800016.5112533569
160698111.3751877248 742938.5843718052
161891286.7675468028 771840.0068006516
157887807.8171133995 654715.8137838840
166062588.3451981843 827217.4384765625
163531808.2334849536 807535.6666259766
164123597.2148366570 815031.0159912109
163427385.7876118124 802557.7868652344
160749536.9573473930 745803.4027488232
163185667.1208600700 799936.3032455444
156661135.8267769217 594954.5457036495
163803415.7478535771 810051.0262451172
160129774.4440708756 727149.4729430676
161066459.2051681280 754324.6632673740
166181646.1188849509 828093.1674804688
159960997.3554204702 725307.2084385157
160262239.2133427858 731978.9807379246
160671715.9260552526 742747.2704246044
156410549.4255726933 569543.0051681995
160458428.3996911049 737641.7108404636
163780371.1139655709 809765.1551513672
161489900.3141322434 762266.3559185632
158713891.0353070199 687224.2685104609
163851989.7004681230 811873.7166748047
164255359.2967916727 816376.9827880859
161321137.1955162287 759136.4553816319
156829852.3860504627 605085.9341313839
156437150.8401537538 570837.9568283558
161489900.3141321838 762244.7057606347
158079588.5424002111 662928.5512030125
163505206.8189039528 806005.7272949219
162071329.7050280571 777774.3521572717
165654697.0633114278 826396.9873046875
162649346.3761824369 787712.4865808487
161489900.3141323328 762803.0425526269
157160710.1974787116 621941.2989017963
163185667.1208601594 800054.2054672241
163525605.7886953354 806347.5832519531
157427864.7316517234 635922.4367878437
160162722.9395112991 729153.7637145519
161617997.3962424695 764867.9282770157
159896303.1801833510 720923.4051463604
160138438.6959543824 727696.7587096691
159163045.8712068796 699771.6630809307
168264458.4080749452 831126.9404296875
157806058.4456666708 651436.5731832981
158854160.3983512223 690610.8476349115
157676259.8264355063 646001.6937887669
163505206.8189039230 805619.4440917969
164265698.5219311118 818271.7226562500
164767896.4217121899 823143.2392578125
163976898.4127282500 814302.4052734375
164150198.6294177771 816172.8817138672
158338996.4189097881 673553.3408758640
156493858.1192719936 575018.3519780636
156989780.2560218275 614077.9164025784
161066459.2051680088 753768.0794050694
161086858.1749594510 754419.1462996006
161868938.0738901496 770846.7169033654
160218474.5064925253 731117.2897741795
161993508.6737359762 774944.0761562951
157020013.4112502337 616769.1025416851
162957131.8514743745 793807.9699487686
160485029.8142721653 739155.8983404636
157160710.1974787712 622080.7843754292
161577435.9935938120 763089.3974132538
162990252.2819285989 795127.2734155655
161039857.7905869782 752473.1277449131
161039857.7905869782 752673.8958113194
157223476.7001403570 628083.2681791782
161039857.7905870676 753029.7116072178
157090311.0904885530 620806.7134487629
157985402.6861523092 657504.5182440281
162449739.6143863797 785397.8025724590
161134571.1964462996 754612.0866034031
160380813.3338475823 735404.0944030285
156907673.4173425436 607775.1552653313
161848539.1040986478 770397.8409268029
160266939.4199358821 732412.9194586277
160485029.8142721653 738815.2086431980
156527348.7277740240 581497.4071557522
162449739.6143863797 785545.0413419902
159116860.4196619987 697120.2618358135
168656331.5175690949 831886.6347656250
160380813.3338476419 735710.6184508801
156552836.5822139978 585632.0114977360
162990252.2819285989 794946.4931421280
158143036.8381054997 665275.8221991062
160642893.9921695590 740512.8828375340
160485029.8142721653 739121.7326910496
162684267.3399473429 789917.3777856827
156907673.4173425436 607908.4275925159
160452431.9203500450 737274.3744323254
166231600.4601211250 828375.8535156250
157090311.0904885232 620672.9183437824
157346093.3497914672 631219.0025837421
160186940.5425725281 730299.7176940441
156410549.4255727232 570128.8634526730
166062588.3451981843 827119.9106445312
157160710.1974787712 621971.7891361713
156405216.0174190402 568709.0881760120
156410549.4255726933 569573.1091721058
162612648.7534447908 787501.2273950577
163149896.9684149027 799215.5525131226
156893967.3254151940 606436.7744059563
162044728.2904469967 776910.2857510217
160865684.5930990577 747635.8984625340
163531808.2334849238 806914.3957519531
156864065.2537434697 605435.5849528313
161679670.2457070649 767996.4472637177
157082889.1661866307 619315.1371057034
156953090.5469554365 613821.3661096096
164537306.0362997353 821060.3486328125
159054329.2803729475 696404.7154709101
162659079.4904166162 788369.3934106827
164548288.4242884815 821116.9887695312
157598794.6731086373 644769.6618855000
156942192.3799581528 613554.8271510601
157082889.1661866307 618756.9490692616
157110314.3964850903 620987.1378910542
157990827.0716418624 658245.7764068842
164568687.3940799832 821458.8447265625
163312967.9074977338 801079.9841537476
157917552.1447330713 655144.7403433323
158312380.5022873282 671453.5051590204
158390201.5335794687 674435.7580353022
158261175.3876177073 669960.3838446140
158338996.4189097881 673085.5591375828
158418679.4279708564 675281.3005844355
158761952.9666622877 688653.8468185663
159728451.9339822531 716676.0355869532
157995958.4673727453 658302.6914459467
158131376.7683864534 664530.1309149265
158636070.0040149689 683918.3069168329
162659079.4904166460 788515.5623559952
158011973.7088281810 658388.6385742426
158584092.4160758853 681516.0281082392
159708867.8970183432 715733.4403721094
162328725.4654690623 781876.6719572246
165499327.0613947511 825147.7167968750
159631046.8657262623 712671.7831455469
158589223.8118067682 681641.2663894892
162660367.0144439340 789575.5218286514
159847938.8620540202 718908.2710211277
159749108.1679004133 716796.7243763208
162660367.0144439042 789406.1785669327
157968825.5415009856 655971.2737852335
162680765.9842354655 789906.3495874405
159360978.8834508657 704151.2476230860
159473651.8836366534 709070.3731266260
159519255.3970735073 710169.4873691797
158719022.4310379326 687354.8666549921
157317934.0470083952 629691.8852665424
159421622.9790385962 708005.8775211573
159125711.5534102321 698632.0114322901
159412771.8452903926 706794.0906932354
159412771.8452903926 706556.6005809307
159203532.5847022831 701819.1159244776
159116860.4196619987 697644.2705028057
162660367.0144439340 789435.4246606827
157929463.8013849854 655376.7786680460
161963667.4207291603 773407.8951396942
162660367.0144439340 789878.5267114639
159334950.8139982522 703694.4755809307
162295308.9697040319 781729.8038311005
157317934.0470083952 629077.0332157612
157317934.0470083952 629078.3218364716
159708867.8970184326 716226.7221103907
163755632.6717032790 809498.6865234375
163755632.6717033386 809685.0180664062
158612570.3104672730 682132.2400223017
158589223.8118067682 681691.0079513788
165957991.7382245064 826672.5849609375
158284669.1536250412 670131.2291427851
162416322.7074887156 785096.5537099838
165437656.0077080131 824899.4931640625
165236154.6196556985 823741.5590820312
165983548.2168563604 826988.3012695312
