181761413.4505698085 400109.7217854206
187647686.9072988033 462431.3227923214
168579338.9281043708 115626.6643708944
169922904.4827956259 183066.1292405217
211364177.4205427766 597358.5604248047
168772340.7366011739 125288.3898500204
168819395.3706792891 132645.0336679220
169554934.9163713753 168551.2069888711
169080000.0860005021 146093.2152459621
169613781.0785520077 173867.6686027139
171697472.0963269472 243503.0866485238
172007979.7604279518 250482.7981976867
181694785.1309214830 399978.4502472822
168877922.8202895820 133993.4384950399
168843815.5333411694 132740.2626718283
169189997.1630625725 150813.2066186172
168644785.7595606148 116435.9682705402
171464639.0433847010 236240.3224158883
169287563.7996343970 153395.1927850246
169841324.3202618659 181575.1990740537
169942208.9782350957 183996.7786752819
169712975.4802183509 176289.2482039421
169404367.7283973098 166961.0517693720
172867564.2408691943 275029.1398125887
176636340.6434801817 345414.8194232285
173479920.1567594707 292936.9359017611
171656032.8846271038 243484.0832008570
174349658.1049987674 307893.5611956120
217917975.7958948314 640197.6137695312
168665793.2898203731 117454.3713487387
169563658.2064157426 169948.4134901255
168811052.1443897486 125324.7941621542
168851424.2739013731 132869.3437150717
169883317.9463917911 182203.2778691611
176089743.2269787192 337942.1525683701
169782324.2744439840 176918.3171204886
176162758.8300928473 341486.4366259873
168711083.7117129564 125099.5297425985
171230008.7182979882 227258.6841733307
187293571.6207445264 457274.3144915402
210317158.3398216367 597201.8980712891
169254239.5517885685 152965.1968350410
170913574.2303577363 220052.9670983097
168635921.5955106020 116193.8685646057
169164877.7026057243 147079.4810941219
212187686.2223188877 611692.7690429688
174380903.7420976758 308210.1446382999
169582400.1841224432 170612.1245728097
174787255.2104003131 319187.3223842680
180792507.6304518878 386900.0884115640
186120247.2731579244 439839.1456411965
187123263.1165906489 451266.8391902447
218062910.6877955794 641315.4580078125
187205585.7306671143 456820.3926165402
175292341.5803965330 326944.8731655180
169082078.2426444888 146651.0386548042
180817633.6604636908 391367.1260285322
169830658.7174032927 177844.9946096517
174279108.0562000871 307758.2071382999
171883837.0802468359 249358.8656647800
181347498.5755071640 399802.3184113447
186628417.6838961542 451128.4774859250
168928732.8497312367 138872.5545501709
171928643.7530774772 249875.4173073024
213770552.0801535249 618335.6317749023
200127961.0586250722 481001.1195064522
168934755.5290823281 139186.8904385567
171573329.4161458313 242412.3411354274
172186762.4577062428 252106.8705337644
168987640.5760991275 145207.6460537910
211969853.7880417705 609367.2479248047
172904766.2275655270 275065.0331078768
168959175.6917442083 139282.1194424629
175771550.4003972411 329312.2911804914
174236412.0713865161 307630.1360957623
174209346.5379944146 307109.3176100254
180692415.3222490251 385552.8669953290
168695100.4476446807 124081.1266644001
169533421.6502000391 168285.5013543329
174949576.3856637478 319572.2042490095
176319991.2495493591 343824.6053271592
213009307.2429249287 613985.6614990234
169497798.4783430398 168002.4564780555
169216500.9045336246 152657.3870979811
169667052.5300821960 174005.7283709287
171377736.1739663184 234921.7791237086
173888350.6171659231 300496.4483492374
181729115.5033993125 399987.3237824384
180850252.4707183838 392351.4097199384
182316871.4367712140 411324.0621997360
169401069.4369186759 161914.9082307904
172271928.3709746599 257635.7894073129
175870443.8012827933 336234.3841357529
170245048.8796656430 197017.0259471824
172125849.6895754039 251666.6927772164
180864729.6725413501 394815.4185090009
169394103.8501109481 161107.7867531143
172084410.4778756201 251647.6893295497
172347240.3489052951 257681.4418006539
180579534.3768353164 385417.0060944501
171893707.0198656321 249654.4159759730
181762633.1098888218 407774.3238900253
171171427.8701161444 227175.7468831390
172669195.8955686390 267337.8865745515
181031351.8633114696 399050.9372716491
173887624.0897158980 298738.2665055096
172253271.6407907009 256581.6766973436
170375942.3493655026 199167.7186566018
169071675.1878337860 145219.9836812019
170256892.4704690278 198258.8502045413
170826761.6359650791 214211.2070885440
169706979.2594496906 175952.8004682749
218429611.7312059402 642401.5239257812
175142106.8539356589 326569.0572475493
171811834.1088102162 248824.1259160936
171321342.7572197616 230490.9610014698
171495905.7532957792 236855.5592293879
169213859.1364431977 151551.5147603874
169512251.2068587542 168247.5221223920
170627980.3296746314 206949.0873310589
171331207.8496699333 230493.0386381885
170876346.7088930309 214405.0492474097
169264112.6728524566 153340.6422936916
170434800.7711747587 204992.7982965251
171105302.9814661741 226607.3717799485
170480628.3987546563 205003.2209608248
170331775.9156206548 198886.9679863476
200339948.6214513481 511357.5772394240
216694557.0196325183 621105.1018829346
213446478.0460152030 615671.1826782227
174403229.5569564700 311534.9904379845
171246507.6982391179 229603.6684271833
175069710.2029028535 320411.0301479399
170623092.8995108902 206647.4984661597
170688776.0810176432 212295.4163170597
169334470.6539544463 158754.3103915542
175110320.1198758483 320670.2818569243
217231059.8089791536 631615.3388671875
170556621.7407758236 206084.8436715617
170129780.6252309382 191175.2659374168
170566683.3151823580 206631.4873715789
170497334.5209567249 206003.3475778117
170819673.6768217385 214078.4822350284
173062407.9362288117 278782.6771364948
171810053.3224502206 248136.4668508470
169883150.3864091933 181607.9881823301
169362456.3933099210 159560.5533713064
169712439.2804727852 175954.9894331186
169997062.3046001792 184727.9820992961
170288111.1920870543 198704.3105102791
170561795.8850186169 206329.9145901930
174937609.4047210813 319522.4438395076
170663843.7672676742 207302.8874223246
170773774.8634079993 213778.2479450246
169367725.2272835672 160260.0396922950
171245450.6197106838 228000.5609867424
175116786.8470844626 321516.1718668514
173184537.0984897017 285179.3851205111
173101482.6040676534 283748.4215689003
170112330.5590348542 190569.7421090617
170162296.5192959309 191917.6643877500
169678506.4259065092 175653.4169785503
171026053.5576784015 222468.8124972126
185307291.6876483262 432838.1869917512
175423122.9574548006 327509.1227060407
175542762.5123716593 328954.4087533057
170250831.1915738285 198221.9345414652
174026109.5271706581 305326.1809070408
171243082.6224938333 227474.0052338382
180391742.1187078655 382699.1077063237
180372202.4791498184 377572.3712718786
180448003.1915064156 384289.5282543005
172404320.9092364609 259895.7693183720
172012860.4244986176 250890.5611307509
170430103.4574935734 199872.9131558668
170117504.7032776475 190814.8130276930
170053043.3392157555 190488.2460153117
174842034.5749263465 319374.5787319243
170191296.3107726276 196935.4481049320
200901122.2590806782 537241.8374018080
170537521.3604404628 206016.4009857913
170822838.0263912976 214087.4653714430
170482653.6874974370 205086.6088115713
170890651.5419659317 216253.6994028827
173702221.6064224839 297843.3591296971
171798269.3316610157 243515.7179614045
211385078.7266979516 598000.8834228516
170817663.8821485043 213842.3944528117
172702887.5712829530 267646.0551799536
170424638.0212627649 199583.2997895023
169944161.6671639085 184207.4261186137
174981578.6154097319 319751.5719247907
184988550.4004698992 430680.0427515507
173300994.3960028291 290355.8415515721
169382534.8114392459 160339.8376137918
170758376.6623294055 213760.8983590617
169473921.3713673353 167945.9494982186
185344981.8264614642 436135.8767260611
174444991.9571081996 312829.9489427656
187859566.2997988760 467184.7709199265
169301697.1591642499 155414.3393149626
170141081.6189573705 191825.7490082523
172980440.3116219938 277690.8987923861
170015292.4777864814 185530.8282182231
172360599.3671029508 258949.0564487278
172409030.1313282251 260193.0947992802
172522076.0368414521 265173.9444284290
172638134.0002784729 267271.5890313387
169995909.0674859285 184231.2883737101
175404586.7926558852 327273.2911630720
174626025.1952333152 313160.8396272510
177515940.0986880958 348479.2001859211
173168287.2591209412 284338.7380039543
205388702.0247283876 562545.8163452148
205028249.9707700908 559661.5169067383
173426483.3043766022 290946.1579866260
183686756.9945712686 412231.0933974978
170243043.7110944986 196959.3103600284
172615407.3077193499 266933.7942819446
178436214.2100044489 363325.9359886414
172748361.4595102668 269958.6826448292
173863210.0881579816 298151.0451936573
209022116.3212150335 578720.9726257324
211389584.1519859731 601275.3928222656
172463129.6231091321 264906.9556588978
177577698.3874276876 348926.7837721109
172738074.7323078215 269676.6299104542
209490373.0119895637 588813.7718505859
209927021.9426764846 591537.3089599609
172785492.1488682628 270901.0720795840
212452987.4858115017 612050.1672363281
178237309.4159043729 361759.4307997083
177806939.3765115440 355681.5795433289
177374677.9593233466 347026.5186140393
178543072.2370939255 367195.8188001966
178145131.7404200733 359591.4560072278
179192170.0851699114 369451.0734096026
177764345.8336126804 354882.8930189466
198374250.8956421912 471359.8213269040
206124103.4660435915 571398.8747024536
180220341.3562508225 370410.7096402645
