176814295.8258034885 112609.4026443250
181130184.8193498850 171391.9662503449
202050535.4889058173 226927.5872192383
203478507.7814650238 231501.4043579102
182057400.6629188359 176016.2203244416
177814970.7613001466 140894.6365690921
177562573.6601273417 137242.5054304600
177363377.8972210884 132988.2110457420
177403401.8685160875 133781.4090548158
176840925.0637484491 114247.4220878814
177459281.9435118139 135050.7742290497
177047350.0927366912 122321.0342884236
177626751.3464117050 138606.0493436977
182152020.0836718380 177929.2557381837
203693349.2697335482 232087.4257202148
181366974.3070023656 173142.2236444352
194725820.8148335218 204188.1958733797
197477994.7285713255 214484.4360548258
177660868.5561003983 138853.5135116279
182137185.1394654512 176286.9451474397
182074399.3614789844 176022.5875806062
177036910.7736663520 122171.3057055175
180556493.7941363156 169717.9480311720
178293988.7003702819 149205.4857796431
203006945.6678484976 230599.9028930664
199196511.1506817043 221392.2107925415
198771989.9422131777 218801.9062696695
199018153.6887148023 218839.1296583414
177317020.1638303101 131734.8733492494
178203423.6419712901 148284.9599467516
198422358.4549904168 217440.8326512575
178373826.1870406866 149898.8683765605
178405221.8375192285 150341.5163329840
194562542.8981878459 203128.4889640808
201955489.0263720155 226504.4623565674
178232933.4857889712 149077.9197323993
178823830.6162973046 156263.8345299326
176990434.1222365201 120373.5239353650
179973740.6396874189 165991.2828665078
178232933.4857889712 149078.9926083758
181970222.9717352390 175844.8054990022
178232933.4857889414 149049.7983945087
202336502.5437906682 227917.7574462891
202998181.4343646765 229898.3728637695
178378416.3684051335 149925.4063962176
178020440.2133922279 145660.8582793474
199668687.1119737625 221424.1491246223
178193372.9996145070 147878.6762479022
179950034.3622705340 165878.3198650032
177919835.5954830647 144146.1913072951
203098460.0685008764 231354.4400634766
177508464.1249962151 135743.2025740147
177870615.8089451790 144095.3707531206
178153860.4791594744 147716.6254548021
178153860.4791594744 147687.4312409349
177753218.7544412315 140701.6806809641
199114767.5765599906 219668.6136671305
178336877.9587021768 149709.9597443528
177636808.1523759365 138810.5173029713
177759672.7776353061 140758.6593646202
177211952.7504357696 128211.7365309000
178153860.4791595042 147808.8278473802
199144467.2380840480 220885.1699600220
177660868.5561003983 138824.4841766059
176869858.3373095393 115818.7695390321
176897603.9915783703 116341.7765322040
176984852.4994784892 120143.1613223613
177171520.7442452610 127175.6404682868
178314527.6472956836 149619.5118927062
176625907.4540052712 96088.6406521201
178115616.7507705986 147512.2101906538
177815006.8694359958 142695.4268087149
178115616.7507705986 147484.0888527632
178632350.0849260390 154416.5615595579
178012408.5865981281 145339.2584861368
178115616.7507705986 147605.4854592085
202190684.7010679245 227136.5315856934
180069186.9870952368 167427.7171199471
198406413.3830419481 215453.9089552164
176715428.5316131413 106695.6114601083
202721246.4193384647 228724.2542266846
177350648.9603298008 132126.2979719639
203402897.7553888261 231480.8397216797
176899765.9052774012 116506.0203255277
177435927.7839829028 134650.4727694392
179501426.4312458336 161950.0716249943
181044497.9669902623 171221.0722531526
177444653.2344995141 135050.0834822655
202983789.9249574840 228982.9429321289
176872020.2510086298 115984.2085227855
194869733.9235260785 206522.8164831400
190720137.3934907913 196532.3898641008
176738441.6328383386 108349.3489019607
179891809.6656773686 164163.3644731231
177055185.6591053009 122510.0850652927
195615008.5276355147 211535.1121085882
195174977.3440406919 210920.2495074978
183717638.4243919253 178390.1934842317
180260680.8808152974 168110.2304116933
176837737.6957165301 114215.5636490021
178690887.0800326467 154578.1345747709
185219064.3218631446 179665.6320128290
176641830.5435705483 99372.2051436924
180361781.7525355816 169381.8319782650
178023454.2636605799 145883.4200060256
177038227.3233996034 122265.7391798669
179496386.7001610994 161942.0602724552
181790226.6561582685 174421.9446585735
176629594.2271933258 96281.4909438477
179642829.8335837126 162520.2952580776
192130313.9052403569 200640.6300531626
191596071.5314762294 200258.0457886921
176921667.5444793999 117919.0074464865
178973689.6729174554 156830.7955347623
181282605.4312368333 171996.8830594270
177183399.2900425494 127776.4930557609
182086473.8758661449 176131.8601988539
178973689.6729174256 156709.3989283170
178819620.7825039923 155938.6673983335
189106000.4721137285 187143.8263140731
176924160.0513854623 118021.9499635161
181970222.9717353582 175866.0968808381
177933070.0682224035 144270.9344686270
179405917.7848024666 160502.3032689418
180867328.5368803442 170558.5387079267
177380296.6098255515 133416.7913777232
178683392.1963309050 154523.6744002104
181930943.2336030304 175814.1792223005
177431924.2976082563 134159.9824202061
177158791.8073540032 126409.1340107196
178805279.1919176280 154950.4611209631
178881819.0193054974 156582.7453769445
177171520.7442453206 127298.1850239509
178522866.6003521085 152413.9965904951
177546423.9569378197 136962.2588087246
181955374.8659428656 175815.6592027692
177947026.5550149679 144483.2148802765
177460134.5053698719 135130.8679460809
179543464.2962700725 162320.5732557774
177530942.6860674620 136910.2049357295
183702790.3185995817 178134.2248613386
177444653.2344995141 135021.3528914452
177405255.9608237743 133796.7457857728
178881819.0193054974 156704.1419833899
189036012.3439805210 185240.8712442406
176851943.9985806644 114607.9031545408
178606992.7907750607 154313.6090172529
199685127.2619352341 221925.3368606567
178665529.7858816981 154475.1820324659
177444653.2344995141 135049.0334334373
189980868.2947794795 189756.8646389840
177236144.9259712696 129822.7682022452
177350648.9603298008 132099.1600325108
177373127.5214010477 133118.4768854976
179493196.7682076395 160849.0820982456
177546423.9569378197 137084.8033643886
178603462.4223692417 153693.9192780256
197157824.2759696543 212376.4715805054
179550959.1799717844 162375.0334303379
180936272.8797855079 170728.6996690778
179104093.6948012114 158553.0962527990
177933070.0682224035 144299.2574666739
178552420.3109643161 153585.7676247358
177933070.0682224333 144390.8993123770
177460134.5053698719 135102.1373552606
177078748.6466484666 123894.3602902652
178606992.7907750309 154279.5836266279
177460134.5053698719 135224.6819109246
177095143.2938997746 124364.5246794098
177660868.5561003983 138824.3192977607
177132123.4705695212 125922.3027717941
190090802.2446987629 194374.7545797376
176786421.0794080496 111777.7413094975
177149042.1831740141 126350.8831037753
186737874.4077253640 184275.0357267408
178855016.0170803368 156421.1723617315
181955374.8659429252 175817.1400377302
177660868.5561004281 138946.8638534248
200269514.4796402156 225381.1108779907
185897417.7865671217 181988.8924727289
178665529.7858816981 154441.1566418409
176629594.2271933258 96306.7343520508
179392667.7097224891 160289.0107750967
193302320.5477879047 201139.5232601427
176950206.2165099084 118516.9980642088
179081388.7759188414 158470.3784812689
177616481.3001994491 138481.4880752265
176779075.6531448960 110806.3025648330
180028517.6099168360 166111.8948673084
180994288.9939137697 171068.5708798615
177460134.5053698719 135102.3022341058
177405255.9608237743 133795.6957369447
176997640.5006127357 120429.8608684004
181711660.2799563706 173912.7507867066
177933070.0682224035 144269.5027059317
181011207.7065182626 171180.1703976838
176645525.3938744366 99540.7451752485
176731367.8307377994 108067.9212440439
176905416.8302495778 116601.4623917551
182088712.8490878940 176148.2363601633
176928988.2721009552 118136.7699555815
177616481.3001994789 138576.3520888984
177508464.1249962151 135770.8831160069
176788582.9931071401 111895.4486037977
177491545.4123917222 135655.8171904087
177132123.4705695212 126044.8473274582
177110713.9424173236 124640.2682981663
177059977.7382521331 123788.6512543918
179722645.2186036110 162529.0190814808
177262813.2627557218 130064.5103298426
177107931.2950340211 124556.3602117770
177361831.6512150466 132813.6827965379
193410371.0844716728 202489.0779495239
177048683.3684609234 122461.5841945880
177195034.0378312767 128031.2231085002
176876569.6002984643 116021.5119583766
197969616.5508545041 215246.7251434326
177107931.2950340211 124433.8156561130
179943055.2983649373 164569.6169208363
177092345.8581537604 124334.4167141193
177195034.0378312767 127908.6785528362
177442409.3138742447 134659.7334395051
177490847.7377725542 135468.7259876728
179035518.7282543480 158347.5362464786
177530245.0114483237 136722.0636841655
177199164.7493015230 128142.4455541968
178068345.6339498460 146535.0345183611
177546423.9569378197 136989.9393507168
176638143.7703825235 99156.0653011836
176628965.2500990331 96218.7919849479
179291508.8318744600 160124.8210635260
178844744.6733900011 156271.5163863897
177615783.6255803108 138405.3370532691
178443677.7143687606 151852.2536531687
176799115.0812381506 112192.9671566222
179903039.8004305959 164501.8633121327
177615783.6255802810 138282.7924976051
179193760.9708381295 159740.4867115319
177615783.6255802810 138310.4730395973
176650032.6757283211 100917.4962873012
176663357.6144589484 101445.4143450134
176674428.9689011276 103068.8372060816
176720248.4083843529 106825.5500303664
177949988.7808269262 144505.1278585196
176748186.5632383823 108863.6195739691
194433044.5270141065 202804.1798667908
176749948.6439158618 108868.3998533644
176976705.7820014656 119971.2252957434
176914882.8082602918 117657.8037700962
176622212.6037014127 95896.4620097242
176768783.7113079727 110391.9466466938
176731367.8307377994 108091.7870887704
176701994.2351779342 105189.6005345793
176718486.3277069032 106797.7470458929
176759547.9955083728 109992.8116944768
176932106.8635497689 118191.7501895488
176795656.7952076793 112176.8762617145
176864237.4099587202 114894.4989859820
176938392.5740396380 118335.0848512114
176980721.7880082428 120126.8028903366
176834311.2828762233 114069.9009620432
176791640.7892009020 111997.5841895823
176907899.8996515572 116767.3315055133
176927976.1520795226 118080.5277438522
178985023.3614853621 157088.8208712339
176827285.3257509172 113771.6740600776
178419133.2447733581 151335.9205952883
176655252.3855211735 101161.2050120854
176670905.0739441514 102888.8841193654
176622212.6037014127 95920.7974589430
176636610.8337777257 99128.4964189082
176636610.8337777257 99104.6305741817
176670905.0739441514 102914.1275275685
176676124.7837369740 103159.7793675871
176627432.3134942353 96167.3572579459
176649935.7725083530 99632.5486318939
176756079.0009384155 109735.1435647644
176791640.7892009020 112024.7707130198
176663357.6144589484 101421.5485002869
176764767.7053011954 110239.8410979990
176734425.6268315613 108170.0568298284
176711891.4965753853 106388.3296080381
176741591.7321068943 108405.0928831846
176727830.7957000434 107735.3959837705
184467432.8806937933 178425.5973620264
176727830.7957000434 107760.6393919736
186225886.5431540012 182136.8036610482
176676124.7837369740 103132.5928441496
176687784.1258119047 104335.2300122503
176687784.1258119047 104357.7473386053
176711891.4965753853 106363.0861998349
176670891.9338633716 102737.5972241286
176670891.9338633716 102736.7540844801
179828066.4417094886 164128.3438375369
185461532.5719780624 179902.6596484034
179805336.7072513998 164042.7902683988
179733640.1877961457 163612.0585166216
179749957.3774293959 163903.2232651487
179826664.9530964494 164107.4734558836
189566037.8693692088 187943.4703853242
