162519543.2843658030 1475310.6403808594
162908330.0366020501 1515992.6372070312
163857064.6637941897 1604669.5415039062
166882487.2684431672 1776096.8007812500
162414114.8887087405 1459628.1135253906
162753641.2715781331 1499550.5380859375
164120678.0718783140 1626279.7724609375
165058359.4659648836 1692102.2426757812
165489144.9533569217 1720361.6440429688
163867934.0499331057 1605675.9355468750
161276714.2429861128 1218581.3273925781
165049318.0538147390 1691464.8857421875
162598579.5632708371 1483283.9968261719
163039642.6913151741 1532158.4235839844
163346664.8890541196 1561890.1010742188
163692009.7176425159 1593361.6020507812
165907604.8592298329 1738900.5927734375
165021847.9469285607 1689831.7592773438
163730519.7226864100 1598633.0981445312
161372749.4323372543 1254731.6262207031
162453514.1795519590 1464995.9660644531
165348836.7576630414 1715664.3408203125
161828879.8189336360 1368338.4050292969
163471289.5586613417 1572277.8417968750
161357066.9785305560 1249054.5812988281
165157423.1925900280 1699190.2915039062
161509526.2280007601 1293029.4650878906
163878445.9872258902 1607729.8515625000
161385085.5890530348 1256494.9104003906
162482127.4292593598 1470179.5090332031
163155251.3213590682 1544037.2275390625
161360565.0237393975 1251952.9777832031
164871615.1649583578 1679727.3754882812
161616572.1613238454 1320023.7941894531
162253929.0455440879 1436242.8122558594
162652038.6002029777 1491189.3278808594
163561389.9958027005 1583748.7788085938
163926078.0786609650 1614751.1289062500
162515348.4712135494 1474270.4289550781
161932881.1486599743 1384643.3767089844
162757836.0847304165 1500590.7495117188
164043396.4610551000 1620000.0478515625
161678801.8818650544 1334879.4621582031
161868614.2171013057 1372263.7399902344
163249943.0921531618 1554419.6733398438
161955351.0819360614 1389790.6384277344
163605795.6094835699 1586014.9560546875
162713889.2619926631 1496531.6787109375
162161102.1152441204 1421170.9665527344
162880892.4676332474 1515302.8142089844
163087889.2607197165 1535952.0754394531
165955131.6235527098 1740489.1176757812
162820646.4715330899 1506276.6203613281
165863651.3117443025 1737369.2768554688
162690666.6612977982 1493237.2817382812
162068511.4873321354 1407458.4006347656
162694861.4744501710 1494277.4931640625
163405581.4663247764 1569175.3901367188
163799201.6892080009 1599521.0058593750
163644817.1618852615 1590836.8276367188
168482559.6893073320 1815427.7563476562
169749077.0539287925 1847930.4931640625
167221860.1807283163 1785686.8901367188
162420180.4848807752 1459877.7927246094
164257371.3706867099 1636940.1069335938
165474231.9288333654 1718770.9062500000
165259121.4863754213 1708167.3886718750
169250027.1029351950 1833430.2392578125
161862043.6693851948 1371407.0778808594
169832994.2186308205 1849550.3154296875
163510797.8230447471 1577420.6103515625
164865072.4960067868 1679360.1406250000
163450837.0028590262 1571503.0493164062
163059475.7079574764 1533494.8745117188
162767647.2302468717 1503068.1318359375
165380950.1009700000 1717852.1669921875
168703669.8424986303 1823110.7978515625
168494583.6085207462 1822377.6108398438
161930195.2508832514 1383332.0388183594
161452208.2483187318 1277605.7062988281
163067970.2677764595 1534269.6669921875
162073902.1363447607 1409347.5466308594
167247516.3631725311 1788292.4311523438
196238751.5882818997 1939922.1591796875
162386959.4429264367 1455786.8728027344
161854226.7920808494 1371317.8552246094
162324045.8999381065 1446627.2111816406
162181026.3132351339 1425181.1569824219
161580040.9575835168 1312979.5651855469
161370337.7053813636 1253111.2214355469
196655808.2313130796 1940309.4658203125
161647939.6961228549 1327146.7346191406
161778876.0756910145 1356924.3015136719
167135028.6816055477 1783615.1440429688
162929139.0370377898 1519096.4660644531
161407364.5244005322 1264204.8474121094
167954322.1160120368 1804972.9301757812
166200029.9564186037 1757598.8930664062
161331517.5486514866 1241046.5656738281
164829047.3244956732 1675600.1196289062
161450449.3044100702 1276761.1813964844
161785485.3491496742 1357208.3513183594
161518343.8048496544 1295823.8088378906
166600791.7206196189 1766410.3261718750
166110314.6851309538 1750101.9409179688
162019874.4158648551 1399119.2141113281
163109340.0617973208 1540359.4541015625
164730194.7876620293 1672600.2695312500
161762063.4208298624 1352809.0817871094
161755719.1067665219 1351442.8532714844
161626708.8353854716 1324638.3317871094
163393867.2155435383 1567051.4809570312
167005301.8578556478 1780422.1557617188
166725394.7214570343 1772436.4594726562
167641334.0420280397 1796296.1362304688
167528846.3604609966 1791618.8491210938
161595723.4113901556 1315398.4445800781
161390098.3883911967 1260260.4860839844
163330892.6052632332 1560738.2246093750
162458904.8285644948 1466885.1120605469
163014134.8805770576 1527763.0776367188
167438235.8938440084 1791155.9379882812
170047125.7787001133 1851820.7988281250
163289695.1017386019 1557438.5327148438
164446731.6744885147 1651869.1582031250
163342961.2344645262 1561018.5703125000
161424930.4600051641 1270671.5915527344
162014659.4264441729 1397112.2360839844
162228377.4852805436 1432269.2058105469
162037129.3597202599 1402259.4978027344
161466131.7582167387 1281899.4113769531
164116032.8016326427 1625841.8676757812
161262353.5767964423 1210365.3239746094
163205115.6751989126 1550887.0952148438
161611087.5670405924 1318130.2551269531
165333811.3143973053 1712435.3002929688
166144741.7908696532 1752781.3276367188
164141130.6276805699 1627046.8129882812
164705759.8487933576 1672600.1962890625
161989857.1307530403 1394132.8791503906
164674906.6221131384 1667782.7041015625
161552671.4708590806 1303499.1730957031
162111317.9914511740 1414478.6779785156
162920644.4772188067 1518343.7536621094
161343838.9338016510 1243614.6271972656
162192779.4685929716 1426551.7770996094
162479890.0449212193 1466965.8415527344
164436136.5015693605 1650569.1796875000
162296681.6772815883 1443318.0134277344
163178588.0900481641 1544481.0444335938
167550723.5754109919 1795833.2250976562
162551835.4305591881 1478064.0808105469
163835782.1817329228 1604425.1743164062
161294934.5785565376 1224779.3039550781
161545999.5014529824 1302040.0969238281
162985365.0308133364 1524127.4904785156
161752125.7715956867 1351059.1462402344
162316842.5885327160 1445402.4738769531
162291291.0282690823 1441428.8674316406
163384244.1315031648 1565189.7929687500
162857669.8669385016 1512008.4172363281
184681971.9088441730 1897961.4140625000
166025024.0450515747 1743474.2177734375
161823388.7100480199 1363734.3068847656
187904638.8892467022 1920034.2607421875
162556030.2437114418 1479104.2922363281
161985447.3101260960 1393738.4035644531
164203560.9323440790 1632852.6376953125
162201158.8669732809 1428191.2438964844
165254723.3106459975 1708084.7314453125
162271183.9893996716 1439289.4831542969
166063895.2059522867 1745518.8955078125
192020419.7147561312 1931185.0576171875
161739593.4875538051 1347661.8200683594
161898605.5142217875 1380412.8820800781
162492125.8705187142 1470976.0319824219
162749177.3014338017 1499188.5715332031
167699234.6754854023 1799823.2026367188
163447133.3482694030 1570631.5185546875
161805525.9591577053 1363191.1433105469
161884180.3157368004 1376516.6647949219
162092543.1295036376 1410591.2531738281
178628354.3676143289 1883841.7285156250
178296304.9943752885 1879997.3173828125
161906650.2490128577 1381663.9265136719
162334097.5323880911 1448449.1447753906
162163743.0118668675 1423060.1125488281
168917672.0105093718 1823610.2900390625
162686482.0760698617 1492638.0263671875
163550614.5049049854 1581949.0278320312
162225481.7949185967 1430849.1540527344
162046041.5540561676 1402311.1389160156
163226720.4914582968 1551125.2763671875
163378357.1474971771 1564173.2680664062
162325718.1340078413 1446809.6779785156
162628815.9995082021 1487894.9309082031
161236852.3302677870 1200852.3044433594
162145313.3080746233 1418549.2087402344
162625238.2495532334 1486951.2631835938
169645931.5416334867 1841312.1904296875
162996501.0976772308 1527181.6181640625
161583314.3656015098 1313508.2780761719
166532998.0697267950 1764077.6308593750
164973006.2119938433 1685831.0649414062
164481812.8988006413 1655573.1513671875
166020326.1983306706 1742680.4482421875
161745618.2799687386 1350408.7854003906
190593197.7067867219 1925690.6152343750
168400195.3632435501 1813960.4487304688
161672375.6768964529 1333044.0144042969
161699909.4868630171 1339310.8562011719
168031352.8453184068 1805696.8940429688
161214140.3152595460 1188213.3781738281
167810388.8555186391 1800426.3530273438
161801917.0329847038 1359171.7673339844
169306636.2470239997 1834693.8876953125
170589791.5520223677 1859358.9873046875
161340196.5080950260 1241441.5881347656
161639117.8811741471 1326528.4982910156
161474949.3350656629 1284693.7551269531
163471628.6367422342 1572439.1503906250
168075565.1075049937 1806996.6801757812
183036059.8230294287 1891166.3056640625
165285666.8603891134 1710846.7753906250
161320435.8250851929 1234292.3234863281
182111016.7511272728 1883987.3203125000
161480124.4862080216 1285315.0598144531
161508051.6215172410 1291534.2268066406
169083640.6036789119 1829719.8774414062
170782874.6934724450 1860175.0644531250
164160971.0062730312 1631780.1582031250
165184981.0209151208 1700792.9223632812
168196319.6609377265 1813935.2172851562
167938053.3854279518 1804322.2690429688
164417905.5186457336 1649698.9921875000
167917810.5969756544 1802702.4467773438
161228500.9814491272 1196429.3815917969
164349973.3885420263 1647019.6054687500
161706698.3215571642 1341008.5988769531
170206357.3395289183 1857756.3476562500
161437339.5057937503 1272561.7580566406
164983377.5213556290 1687596.6025390625
161267047.4124059677 1211519.0729980469
163996448.9724089503 1615771.3750000000
161352370.3130066991 1246238.3225097656
163491032.9637310207 1575348.0078125000
164087497.3952888846 1625359.3632812500
165742650.6221460104 1731414.8173828125
162351379.6086975634 1449381.7434082031
161251212.9964573979 1209068.3078613281
169015584.2806988955 1825496.7324218750
161442514.6569360793 1273183.0627441406
161240866.2492248416 1203377.4382324219
161218154.2342165411 1190738.5119628906
165536106.8691577613 1728250.8105468750
165515551.8005263209 1724258.4775390625
185293015.8880343139 1902305.8056640625
161299578.2201362252 1227993.9738769531
161285217.5539466143 1219777.9704589844
161279252.1247499287 1219102.2590332031
161274076.9736075401 1218480.9543457031
161259716.3074179888 1210264.9509277344
161254863.0038082302 1209689.6125488281
162850751.8931111991 1511473.9501953125
161295429.8591300249 1226405.1535644531
161567838.1290728450 1307341.1281738281
162109929.3627199829 1412948.5231933594
161311112.3129368126 1231543.3835449219
161326869.0664781034 1236725.3029785156
161320365.6932822168 1234175.7229003906
161315190.5421398580 1233554.4182128906
163726806.3310880065 1594461.0795898438
164260398.4734361470 1638110.9477539062
169419213.4450913668 1835664.1152343750
196069197.6272533536 1939698.6884765625
163826247.4835222065 1602689.0957031250
170331108.3226442337 1858892.1748046875
164129130.5649228990 1626559.1289062500
161654482.0368244648 1329260.3088378906
166494654.9707829952 1758827.1093750000
161471306.9093590975 1282520.7160644531
163643379.1650054157 1587373.0307617188
164907402.9657008946 1683271.3515625000
173020328.9697244465 1866141.6728515625
164250565.5299937427 1635790.2236328125
161448565.8226121366 1275432.6672363281
161760817.9578399062 1351477.5378417969
161537181.9246040583 1299245.7531738281
161491642.6984539330 1286947.1447753906
161418014.6262804866 1267969.8395996094
161579257.2971753180 1308555.6130371094
164827921.9567446709 1675120.9223632812
164704330.4070973992 1667876.9912109375
164629226.0256130099 1665610.7348632812
184396136.4397611916 1892303.8964843750
165084396.4578465819 1694087.6411132812
165767726.2263124585 1731640.3862304688
164519804.4606957138 1656534.4155273438
164316950.4049371481 1641030.2749023438
164760221.1380554140 1672885.6645507812
