419701596.4578015208 2680157.1341552734
419990266.1000491381 2696256.3306884766
419481434.6906569600 2668846.2884521484
419706621.9554533362 2689552.3756103516
418431556.3996866345 2598627.1677246094
423554417.7060747743 2897666.5921630859
424266196.4601427317 2925076.4849853516
418773000.2569672465 2639417.8566894531
420103385.0649558902 2713231.5555419922
420348469.9630799890 2725797.4678955078
424280588.5734342933 2931874.4371337891
418750505.2013401985 2613045.8194580078
418603073.7163045406 2610332.4547119141
434686877.8278018832 3282195.4116210938
420131409.5330202579 2720113.6671142578
422886454.5914573669 2865996.1175537109
418557000.0019856095 2605444.7366943359
422975315.5922022462 2867429.6722412109
419320260.2593907714 2658436.2020263672
419443664.9025868177 2661130.1204833984
419464661.7927334905 2661144.3035888672
482958274.7003791928 3834848.2294921875
420749131.6991552114 2750488.4774169922
420502406.6946689487 2733566.7117919922
419389321.4315355420 2658437.7025146484
419433826.5571768880 2659130.0745849609
420054355.5761076808 2701070.1663818359
424727111.9171525240 2958781.0130615234
423037004.1628825068 2869680.1673583984
419653694.4453274608 2674338.2374267578
423301321.0824533701 2889644.1656494141
482398391.5224857926 3832479.8603515625
420091410.7292577624 2703831.2955322266
461761806.2635787725 3748889.4589843750
461485847.0580629706 3746879.8408203125
421323177.0452916026 2777610.1053466797
421619140.9687431455 2793068.4642333984
421407413.7374221087 2786180.6234130859
482445079.5023256540 3833064.7099609375
460896767.5170862675 3746155.8574218750
451081619.7297147512 3637444.5727539062
449891770.8077048659 3622570.6411132812
449449213.2156523466 3617967.5390625000
451609669.2446106076 3638429.7973632812
420905223.2787245512 2752730.3873291016
424941813.5045191646 2967315.2713623047
422053797.0455383658 2805235.0822753906
423670261.4997512698 2918223.4389648438
457533064.0097642541 3715976.7128906250
423822646.3545857668 2923074.5258789062
423945500.4822402000 2923780.3198242188
423663405.9277687073 2916593.3813476562
423049776.3169700503 2872769.1596679688
423121675.8565012217 2877469.9990234375
422014393.2876821756 2802212.6918945312
423627662.3128520846 2903749.6577148438
451677109.5654708147 3641583.0922851562
422022166.0681370497 2804594.9169921875
421808634.6262695193 2798601.8139648438
423306611.5391744971 2896525.1608886719
461664126.9055427313 3748058.1894531250
420361400.6972636580 2731585.0759277344
420588244.2772139311 2741535.8388671875
431520775.3940323591 3203090.8717041016
431667361.8513014913 3209592.8995361328
427291208.8748530746 3060343.7377929688
455240037.1976700425 3695746.7480468750
455558722.1561470628 3700377.1074218750
431715292.9679626822 3210799.5430908203
437838017.6090797186 3376572.9450683594
432129163.4842585921 3216900.7365722656
455299598.8006961942 3696912.3330078125
423417228.7697845697 2897219.4006347656
429004055.4420564771 3123169.3175048828
423602125.6532031298 2898884.8063964844
427438851.4474864602 3072966.0976562500
420921823.8364413977 2755549.3593750000
421689596.8107039928 2797602.6763916016
421240217.7911212444 2773459.4924316406
427844461.1425454021 3080858.6484375000
427322576.3946184516 3065128.7441406250
421094118.4253737926 2761743.1345214844
427568105.4538312554 3079552.8979492188
424545120.6853057146 2945737.1055908203
425612720.5421767831 2986343.2320556641
425241008.4890067577 2977874.3218994141
433259823.8109393120 3250665.1259765625
427150750.5222158432 3051911.6997070312
463617037.1417681575 3768964.5019531250
427152133.9365214109 3052090.7827148438
427939683.9462422729 3089301.1845703125
425674941.0877251029 2996636.6839599609
456238272.4908859730 3703418.4497070312
427167810.9069821239 3052501.0039062500
424358879.1108483076 2934847.8437500000
422662685.2184016705 2858727.8967285156
428269997.7257033587 3096057.1423339844
422465717.4777135253 2842699.7348632812
422220337.5928550959 2842045.3735351562
461982592.7114563584 3756042.0859375000
465164082.1334590316 3776834.0556640625
465556396.5619716048 3782594.5781250000
426692188.9968099594 3036485.1199951172
465338512.8829016685 3777498.8466796875
462371815.5385938287 3763471.9306640625
426017543.2618154883 3011668.4208984375
426454283.7248822451 3025631.9477539062
426479535.7206501961 3030491.1096191406
462911100.5289271474 3764520.8994140625
462043859.7497847080 3762789.1328125000
425872364.6098043919 2999966.5991210938
424410165.3393116593 2941368.2602539062
426752738.6687247753 3038040.4694824219
426598768.8835365772 3035962.7097167969
461811427.7259966731 3755999.8906250000
425854476.6336040497 2997178.4565429688
425817089.7832125425 2996891.7729492188
422080526.4853675961 2811470.1232910156
430534056.5627714992 3170243.6441650391
429936925.3101979494 3155799.6499023438
425931907.2032610774 3010036.7287597656
424718638.1986901164 2951826.6586914062
463005341.6195905805 3767521.4199218750
434726268.5656969547 3287117.5705566406
425644717.5278506279 2993436.3179931641
465958442.8439116478 3783096.3437500000
442224998.6797142625 3489066.2641601562
458024557.8581451774 3723672.1318359375
432311652.2817084789 3224836.6223144531
459074365.1096855998 3736763.0361328125
459216411.2989195585 3738251.1152343750
459137127.3570350409 3737867.0087890625
458262005.1234486103 3726329.9042968750
432431924.7384371161 3233395.8608398438
437687003.2120620012 3374077.7600097656
465109540.5998096466 3775021.1181640625
459431713.2575733066 3741023.9423828125
437502933.3268495202 3368833.8166503906
459621084.4430325627 3742870.2158203125
433644806.9935710430 3261213.1992187500
458104047.1328932643 3724148.1396484375
458665644.5492999554 3731773.5576171875
458474544.7905606031 3730579.3574218750
458144269.3642038703 3725378.0468750000
457820556.1538108587 3721205.3505859375
432858336.1301533580 3241558.8569335938
431390930.8868144751 3197148.5231933594
459413094.8399584293 3739367.1015625000
444380627.0680462122 3532186.0981445312
428936197.3766152263 3116290.1939697266
429735902.8690802455 3154921.3331298828
428537987.3439204097 3104659.4615478516
428483133.2067918181 3099665.3643798828
428718542.0351788998 3114392.5836181641
439049795.8002156615 3407939.8935546875
438675641.4880712628 3400617.6113281250
429533505.1685075164 3145928.6939697266
429428574.5366681218 3137915.6070556641
429313787.1717438102 3136953.5416259766
433044558.5059788823 3246412.3183593750
436784039.2282164097 3345740.2778320312
436225671.3971847892 3334158.2460937500
436373785.4524089098 3334362.0458984375
450028391.7680700421 3632716.4360351562
456353170.0148819685 3704135.5458984375
450003148.2223982811 3630780.7153320312
435429066.6462942362 3314246.2800292969
448673216.8824681640 3602338.1977539062
448709950.9872040153 3607995.6108398438
450819477.5086661577 3635205.6396484375
435342311.1926487088 3308183.0300292969
435592815.1456965208 3319693.0478515625
449089519.9539029598 3615387.7246093750
433205654.3578276038 3247385.4152832031
433518785.7824686766 3260669.0234375000
433768419.5330760479 3262451.0000000000
446521186.6940079927 3573187.3862304688
435511030.0943381190 3315057.6103515625
436028201.7921554446 3329986.3056640625
447259853.7374876142 3582791.7045898438
435118433.4948480725 3300434.6848144531
446854709.1882528663 3578319.4750976562
434889508.5663122535 3294135.5207519531
448423601.5473069549 3596720.2783203125
443938951.4261415601 3524251.9106445312
444586166.7005619407 3538043.2221679688
431130966.4713851810 3186082.5284423828
443911523.4184921980 3519733.0561523438
430584958.8313928246 3171242.2381591797
432279768.8369477987 3223657.2868652344
445066501.4328877926 3546636.4565429688
430984551.4743519425 3185281.1915283203
431193285.4528812170 3192753.4593505859
430742906.7686630487 3178864.0350341797
443694561.9642768502 3518556.3032226562
434788184.2824312449 3293194.1354980469
447906307.4434525371 3592310.8408203125
435165226.3643821478 3301934.1726074219
447872551.1434234381 3592246.9282226562
430233945.2198860049 3168891.9134521484
433910620.0626391768 3265233.8437500000
439018993.3450537920 3407389.3789062500
438143917.1599968076 3392258.6313476562
445022598.3056051731 3544131.1630859375
432242359.3356090188 3219366.3642578125
469765832.2666265368 3798727.2822265625
447152301.5023415089 3579499.5942382812
448359822.2532597780 3596255.7817382812
441517728.6006907821 3475478.7490234375
441329570.8583226204 3471142.0175781250
443252398.3893260360 3507296.0693359375
442653493.1961288452 3490588.2988281250
442742122.6314412355 3497602.5986328125
444419705.2253485918 3535155.1079101562
471148258.8289836049 3813870.3300781250
467640836.8497135639 3789116.1738281250
445623349.9260907769 3554652.9609375000
445532365.2393628955 3551949.0883789062
451087914.9463436604 3637749.8354492188
445912318.6872432232 3562284.1391601562
441031954.8212583065 3463747.7080078125
463771527.3781620860 3770174.7880859375
467338945.6398222446 3786710.1621093750
440346935.9481940269 3449437.9943847656
439277576.3816320300 3419807.3693847656
440087170.0756168365 3437641.3176269531
454124976.0826691985 3683037.8481445312
463723829.5113837719 3769051.4443359375
440351346.3110373616 3453026.6535644531
439473853.0380227566 3426805.9953613281
440566679.5995938182 3453029.7600097656
439440514.4653024673 3420014.7766113281
439956741.2011075020 3437301.0803222656
439570846.3698567152 3427105.9396972656
453822534.9621850252 3676287.1127929688
453422027.2422079444 3670290.0278320312
438715399.9125456214 3407163.4194335938
453998012.5514478087 3678505.6215820312
472088601.3116539121 3815279.0654296875
481839362.2235303521 3832256.1708984375
457854485.3643574119 3722374.6279296875
471446116.8197501898 3815081.0458984375
463930340.5803943872 3770638.0712890625
452738707.0901973844 3657741.1704101562
456863166.5223386288 3711628.7065429688
455033873.1001572609 3690554.5434570312
453614449.0694272518 3673114.7861328125
464673250.4896739721 3774795.5234375000
434472814.5593790412 3279019.8803710938
470750452.2829158902 3810184.2607421875
464518569.1603628397 3772626.8359375000
434257285.2499648333 3275442.9624023438
459575081.3919498920 3741892.2705078125
443584255.4057177901 3516088.2629394531
470212812.0014859438 3806511.7636718750
436676834.6789718270 3345090.9858398438
443162916.9314299822 3504289.5449218750
473404690.5727995634 3815642.6347656250
469384121.2387036085 3795721.2021484375
469909198.3133013248 3803586.0761718750
473879894.9370599389 3817409.0341796875
469969307.5864880681 3803848.0058593750
453775707.7165638208 3673832.1191406250
457200184.2425533533 3714494.1372070312
470063440.2422423959 3804604.2929687500
457168116.2014192939 3714100.6000976562
473518507.5198672414 3816100.3876953125
442125204.5608010292 3483041.5651855469
481512057.2558088899 3832096.7792968750
438037006.3473805785 3386312.6411132812
437509906.2995139956 3372745.1684570312
437835869.3408212066 3376356.5288085938
441260736.7587414980 3465051.0080566406
436807026.4301932454 3356036.1425781250
437061883.5690046549 3359945.5524902344
481696383.1838469505 3832128.7011718750
480678340.1017903090 3831182.5244140625
469497032.8531588912 3797139.0361328125
469896874.4208732843 3801102.4980468750
476571972.5784323215 3821563.0390625000
467172317.4077550173 3786044.4785156250
468186995.9937026501 3793930.9062500000
467784135.8201327920 3790636.9267578125
467464836.4740225077 3787051.4384765625
477288389.0824351311 3826595.7060546875
476862355.8110850453 3823866.7041015625
481413237.3926848173 3831578.8525390625
477210525.3907728195 3826086.6601562500
481218292.1649179459 3831562.3408203125
451755650.5150208473 3645525.2329101562
452422533.2218288183 3655927.4702148438
480112030.4796818495 3828894.1894531250
452215332.3300784826 3654920.5649414062
476307995.7280182242 3819587.0966796875
452123529.9161484838 3650996.2719726562
452142562.0810077190 3652050.0834960938
451863719.6290258765 3647709.6831054688
452785270.9306012392 3659728.9106445312
453213006.0805895925 3663347.6191406250
478620293.7448255420 3827693.2763671875
