668073516.8476045132 932516.4604492188
628049396.8333770037 678474.1146792658
626354216.7377243042 656117.1996695399
622098860.2653552294 570406.4945052923
625941335.8804469109 651837.5848013759
625948458.9475933313 652611.3365103602
622431494.9912650585 572683.4830306829
628700911.1968505383 693955.5452377587
622710646.6112734079 579495.7946214519
623935321.7226457596 614851.3956586779
622795752.4517042637 587686.9106122912
621964753.9049360752 569262.7795108617
649035729.8710255623 840518.6248119129
625789064.4250113964 648313.8361462466
669673944.1199729443 937441.0464172363
655685851.1644411087 874595.8785301819
641553171.6391093731 795953.9129825635
628896393.5948183537 700066.9607149959
668067551.5261671543 931821.6688842773
690950459.3880147934 974993.1166381836
621610557.3033175468 566569.7750326456
691137636.6205327511 975743.0607299805
691321599.1212475300 976808.9387207031
626262872.0483500957 654845.2305870326
627728113.7158751488 673788.5631523402
628700911.1968505383 693960.9944565087
623790637.8848510981 607085.6957685412
623702947.3670543432 606042.8518354357
628624915.4442139864 691665.2354843407
634890927.9873175621 750977.0250288695
624458761.0608816147 626916.1799909533
655228077.8146643639 873759.2681786194
676489022.3906413317 956205.9945678711
642034980.6784301996 801267.3066564389
628714155.0054209232 694314.3736068993
625321964.8476046324 640635.9497865012
642045648.4896926880 802320.5361486264
639361909.1392555237 782439.3935236670
621592403.3694220781 550471.5099262060
625576760.3522531986 646571.6337430477
672527911.2153881788 942787.5443115234
625470493.6129382849 645223.0010526180
622703149.8164151907 574903.0900577367
622475821.3865990639 574525.6930850805
625338630.8230501413 642842.4756009579
642038447.7126759291 801592.7205358334
677466410.4819504023 958609.0305175781
666001578.7789478302 922027.9736633301
628777210.2829858065 694527.8128751628
649966551.6015008688 844176.9329784168
623593511.6856698990 601343.3272794597
656159571.5762773752 876304.9125877991
678709429.6380840540 959533.6896972656
633261399.6575629711 739418.5902053714
628718067.8316966295 694395.1991731538
693793271.3618758917 977086.4458007812
669247299.4648511410 937335.7737426758
670066431.1908903122 938414.9536743164
625537741.5062897205 645445.7592710368
690725882.5653855801 974652.4589233398
635354635.6243395805 755364.7367038531
635138925.3859627247 752278.8491916461
638520538.1393584013 779033.3676142432
635354635.6243396997 755792.4840183062
669810507.3714269400 937498.5866088867
631185642.8386920691 721702.2861889713
631529588.7380315065 725501.0380009525
633916950.5020711422 746272.1242075302
671378535.3547312021 941128.9357910156
632680306.1552075148 736360.0559647679
632299411.4070727825 734864.4020861499
637864784.5750974417 774231.4083842970
637864784.5750974417 774085.0800151564
624609952.1613647938 629143.4023161642
631504614.7921047211 722857.5355595462
637864784.5750974417 774497.5004253127
628799708.0190306902 699096.1642850749
634657219.2670531273 749656.1033099890
690259943.0799179077 974461.0109252930
639676198.5827840567 790101.1921381690
639375350.7815904617 787260.9161371924
635817301.9678004980 759921.4351596637
633481675.6447147131 742336.6700183153
636820601.9314281940 764156.1176547809
636782495.0816454887 762286.6989536090
629882139.8622480631 710506.5363895129
636403065.6096850634 762282.0097446246
676698551.9015470743 956991.1531982422
629851834.0085259676 708499.8728237860
676698551.9015474319 957147.8590087891
629254324.2802330256 704671.1137937419
631346882.9627257586 721920.1994138854
640031137.8475593328 790782.2310785986
633575157.9926892519 742985.6366587020
629025687.4586365223 701485.1313108318
665979191.6914000511 921643.0937194824
639554000.5024350882 787943.7889399268
653594641.6760215759 866091.8079171890
631039254.5026582479 719050.6687742369
629426302.1367464066 704963.8107541911
633469428.4014741182 740826.3549814560
632488389.3371179104 735682.1792116500
631664232.1207342148 728419.7723759525
631972150.5176882744 730078.3055544235
632060649.3142679930 730897.4904788774
629872116.9303579330 708953.4824703974
640413767.1326285601 793187.3844599463
653750515.5550183058 869126.9222879559
627050859.7686167955 665680.2032747604
640703407.0043485165 794491.2544550635
640081060.9818606377 792148.8538202979
668651500.1623131037 935262.9631347656
652974202.5640195608 864322.0534396674
668922828.6381205320 935518.6927490234
668691628.4823867083 935314.7385253906
667402616.0826059580 928636.9443664551
627436746.2194037437 669506.7348026079
627529328.4535274506 672272.2577518267
627584925.7291069031 673167.6695409645
628559416.2546619177 683106.3135708612
653722158.3900152445 868448.6206393745
633357490.5451706648 739867.5869760849
653631445.5042549372 867973.3052707221
654491629.6352809668 872520.3937716987
654187360.6768459082 871727.0793796089
628506273.1898109913 682688.7239712519
623774569.8828930855 606415.8975507678
653138514.3227057457 866076.4828830268
624296170.4642864466 624492.6157228365
653124093.2670563459 865679.1571994331
627836229.5057054758 674300.7763644867
635142172.6123296022 753622.4204804301
689816087.0092524290 973841.0604858398
624446244.0914065838 625887.6083986177
624846475.8593192101 635305.4007997848
652790532.1458053589 862710.9533420112
624034486.0305099487 620194.0267011584
623104934.4915984869 596232.8094354314
627949787.1703048944 677662.6793796234
624629604.1321430206 632720.1444557351
628280676.0721917152 681177.1130832476
650564511.7402044535 846251.8650286794
648789886.8372844458 840209.6291151298
651794791.5840339661 854022.6292880177
624578861.9919602871 628504.6735231294
653877911.3010360003 870285.5764499214
622765983.8421343565 583849.6141626299
624629604.1321430206 632024.4149635476
622910431.7986135483 591153.3626901568
622879313.1246355772 589848.8930612248
652007852.6951017380 857314.6166720893
623408315.1244646311 598180.6937819165
623069547.9101464748 593020.1142255724
650751039.0810205936 849377.9563449025
630934657.3290466070 716968.8289798540
643104758.2343457937 808423.8189999810
631132574.2720113993 721499.1507692672
652808410.9300510883 863052.3858981635
650549021.8303189278 845667.0873187184
651846693.6457405090 856443.8620761037
639926020.0952126980 790492.2469477393
626231740.9037231207 653295.8821171634
652754678.0962271690 862113.1253390815
646677312.4104871750 828116.3038382782
640684879.1712433100 794325.6079706885
666134238.0334479809 924786.7634429932
666034967.3637694120 923165.0980987549
630622949.8708900213 715359.3206322193
630248761.9386073351 712805.2410563231
638288653.0609668493 776966.0094361166
637271968.1041046381 769405.0802368978
637036747.8142093420 768405.4275269369
641748039.3790165186 800850.3841576315
666681407.3738120794 925519.3830566406
637609097.1433180571 772281.3355469564
638410822.3373428583 778840.9723227639
636796852.7256344557 764141.6995388446
646530645.8971074820 828057.1540333782
626344043.8759635687 655450.1787210465
626388931.3106845617 658748.9530740739
638118975.6078977585 775646.4163684584
626344043.8759635687 655452.8481546403
626405107.7041302919 661780.5222574235
663024048.0082644224 909347.1601715088
623803409.6209329367 611040.5373483659
638780442.1154764891 781842.9525255896
626811865.2746307850 663694.9746026327
627101591.6817293167 667813.8037652303
644751855.5661380291 817301.5731417462
644523144.5846647024 816774.7488009259
644155210.5182486773 815801.6105257794
645204079.8121459484 821967.0894991681
644026076.8315536976 814212.3808878837
626725814.0342324972 663009.2999063493
644867704.5976037979 819473.6017952366
664690245.1676368713 919206.3839263916
643595838.5643703938 811333.9021505294
625145285.7696737051 637867.3230234147
625032909.4373786449 635789.5190988542
642923370.9268821478 807254.7342745997
642482011.4389500618 805289.0206744410
637761901.0822110176 773476.9452309608
642613925.0776110888 806296.4153277613
663401247.3738704920 913168.6615753174
646397635.5899060965 827253.6472760839
662730856.5572471619 908524.0025787354
663940030.0790863037 916367.8747711182
663244681.6223932505 912053.2459259033
664242619.4489217997 917544.1324615479
642189720.1927566528 804092.4731066830
664088135.8920750618 917367.3734283447
664561379.6755578518 918565.7588043213
666417167.5507435799 924952.3618621826
664752249.0937650204 921237.1117095947
646038392.6196120977 825939.3137215520
683467604.8493922949 970962.8718261719
680679628.8495420218 965874.9173583984
680945646.7811803818 966613.9691162109
681544120.5348607302 967869.5238037109
680679628.8495420218 966321.1629638672
681753376.8117333651 968241.5668945312
683566449.2996783257 972037.9199218750
679149726.5063939095 962537.1510009766
683515059.0150141716 971045.6123046875
683008600.6111379862 970945.3059082031
681804385.9599376917 969391.9321289062
679204614.5540094376 963290.5986328125
679204614.5540095568 963293.4365234375
679214537.0778816938 964589.5159912109
679214537.0778821707 964612.3404541016
673222000.5846408606 947689.5600585938
681763299.3356056213 969217.9249267578
663063610.6748310328 910866.8476269245
676340017.0590549707 955409.0510559082
663701568.3536275625 914437.2107429504
672733477.7955639362 946005.2640914917
689031836.5593535900 972213.8342895508
677713903.6346374750 958818.5833740234
678234834.0005325079 959270.9174804688
672793454.0665787458 946391.0422286987
645669192.8587901592 823255.5296688944
676041260.8015811443 954926.3679809570
689579190.5837414265 972445.8532104492
670964243.9752209187 940419.7675094604
689003044.4086079597 972061.9672241211
671085284.7942988873 941075.0085983276
662345935.1937448978 908116.6425771713
671811734.1798661947 942332.1027145386
656293620.6622776985 878969.8415532112
656932564.4686833620 882246.1674809456
656523611.1303982735 880314.9638676643
656164490.4488360882 877810.8773198128
648209159.2050410509 837913.2403586775
649312106.1888998747 842960.8622554212
675588364.7580502033 953779.5179443359
649358233.7500356436 843508.3457759290
673952012.0376318693 949986.5925827026
675127853.2213381529 951985.8155517578
659962607.4745515585 896256.3135075420
660103773.0762470961 897114.1267399639
660103773.0762470961 897258.8276676983
647127818.3185058832 832884.7720530897
647127818.3185060024 832887.5428050428
646423911.4120408297 827930.2433665663
647272671.0146051645 833538.9029124647
646982099.8772567511 831518.6140941053
660466728.3387781382 898336.0149235576
647475506.3488374949 833936.1104319959
647127818.3185060024 833028.1829417616
661416152.1179561615 902326.9236149639
657513651.1471525431 884073.0267263502
674715629.0568608046 951693.4601440430
678276647.5921483040 959296.7897338867
678392586.7854902744 959437.4859008789
657890368.2588863373 887028.7664724439
658513273.5975795984 889891.5075613111
658139766.9397829771 888563.3480154127
657857828.6088597775 886646.1083913893
659254095.5356712341 893411.9012762159
658723163.2628623247 891736.2208181471
674282798.3369687796 951121.8092041016
675172869.4287837744 952729.9007568359
674522111.0324548483 951451.3664474487
651098990.1258363724 851742.8298740294
673716951.9965825081 948824.8831710815
671869521.5810648203 942584.5563659668
649301325.5149457455 841844.6419250185
655270684.0833388567 873948.9277632365
660730339.2952997684 899255.4485485405
650818228.1648231745 850998.5560980439
657947861.2261229753 887153.7189563364
655319602.1089204550 874086.3378799006
661782933.8267120123 903781.8081960008
661808354.0532542467 904084.9905690476
650802870.9176269770 850090.3412542939
655740921.5502895117 875617.8624372899
651442768.9671014547 853640.5593928136
650005857.0490962267 845518.0705049324
667702179.4741342068 929527.1432495117
667199742.3485825062 927550.7975463867
