351385609.3846946359 10201622.8691406250
351323714.2723534107 10200193.3613281250
351113666.9566389918 10182027.9238281250
346748592.2580177188 9820483.5136718750
346553277.9094645977 9786146.4433593750
346475562.1391697526 9777482.5566406250
346742882.9251053333 9815381.0488281250
346830330.7675368786 9834210.8261718750
346824374.1650812030 9832586.7246093750
347207155.3286923766 9884855.3144531250
347141678.1662535667 9875327.8027343750
347207155.3286922574 9884840.9238281250
347593599.2198549509 9928959.2949218750
347481313.7734385133 9922083.2753906250
347469203.4035506248 9920699.9042968750
347520043.8542910218 9926738.3222656250
348043594.1854296923 9987382.1347656250
348615134.8313450217 10034802.2871093750
348812904.9980606437 10044807.4511718750
348615134.8313454390 10035138.4082031250
349197622.5951490402 10085228.1269531250
349952145.1725797057 10125862.9042968750
349669217.3240889907 10114399.4121093750
349979055.3431912065 10128584.3027343750
349669217.3240891099 10114897.1269531250
350063322.3708239794 10128791.3925781250
352564667.0905206203 10268393.8339843750
351038343.9894867539 10182017.1035156250
350400329.4810904264 10149361.3925781250
353886012.7182589173 10333787.5058593750
353930268.7260758281 10333874.7246093750
346652646.7459681034 9810271.2480468750
346812929.1257232428 9824010.4160156250
346812929.1257232428 9823815.6542968750
346947944.5308629274 9844699.4082031250
347142823.0967564583 9881375.1738281250
347142823.0967566371 9881375.5136718750
347057746.6658743620 9867857.5058593750
347364478.8851755261 9905469.6855468750
347641044.4524325132 9945573.3886718750
347765027.8264548779 9953646.8691406250
347807634.0738922954 9962731.8652343750
347618662.0835084915 9942648.5722656250
348327192.4309484363 10010104.7011718750
349043750.6171153784 10062548.0605468750
348347556.7491006255 10011428.4160156250
349358499.6604460478 10096219.4433593750
349606320.6610795259 10113262.3457031250
350521475.3331193924 10167039.6113281250
351135639.6497985721 10185358.2246093750
349803625.9078636169 10125698.0097656250
350092624.2975554466 10129600.3730468750
350850207.1640315652 10180250.5097656250
349343929.2151012421 10094918.2207031250
349304025.7791666985 10090527.2753906250
352872456.4176256657 10275072.8808593750
353223365.7071365714 10286376.1074218750
352948137.7831140757 10276454.8457031250
353263505.4341545105 10287698.4121093750
346713948.2086601257 9814488.9746093750
347228370.7607671022 9890165.6660156250
347593599.2198549509 9928975.0527343750
347928586.9599503875 9973592.5644531250
347765027.8264548182 9953634.3652343750
347777560.3850954771 9959711.2050781250
348077185.8511889577 9988755.9589843750
348845980.4504002333 10052879.0175781250
349142533.2920691371 10077907.8613281250
349142533.2920693755 10077908.1035156250
349573845.1388260722 10097221.5996093750
348845980.4503999352 10052542.8964843750
349358499.6604462266 10096219.6191406250
349085459.9591944814 10072312.9199218750
351172010.3238120079 10190535.1425781250
350748603.3503459692 10175285.0683593750
350388693.4802412987 10141797.8886718750
357920819.4093925357 10494616.2480468750
346707991.6062043905 9812771.1035156250
346647559.3338183761 9796138.8066406250
346938665.2388104796 9843402.6933593750
346756537.1435994506 9823807.0878906250
346985518.0785659552 9859640.9980468750
347022098.9488601089 9860702.3847656250
347123477.6563148499 9873859.7832031250
347609742.0512328148 9931700.7167968750
347313638.4344350696 9899427.5058593750
348418134.8189655542 10020430.6113281250
349358499.6604462862 10096555.5644531250
348845980.4504001737 10052557.2871093750
349159700.8972800374 10084549.1230468750
351526378.1083026528 10201723.0800781250
351584711.2211701274 10201994.7480468750
346647559.3338184357 9796138.8730468750
346894490.3447085619 9840400.2753906250
346717024.1670840383 9815035.6699218750
347304373.4622225165 9897571.5019531250
347781204.4894383550 9959711.5449218750
347863828.5133953691 9969925.5253906250
347945885.1835229397 9974163.2050781250
347735970.8652242422 9953509.5136718750
347894869.1668112874 9970572.1464843750
348561478.7169635892 10029204.4707031250
348615134.8313452005 10034815.1738281250
351630194.5700243115 10210649.7910156250
351210756.3485441208 10192702.5136718750
353066263.5745114088 10278514.9433593750
364382924.5741559267 10634377.7910156250
419300994.3610511422 10992014.9785156250
346623394.0890920162 9794053.5996093750
346623394.0890920758 9794053.8847656250
346958355.6577985883 9849961.4394531250
347197522.9618405104 9882440.3105468750
347429670.9994205832 9914860.0605468750
348418134.8189653754 10019932.8964843750
352302725.5305594206 10245171.7753906250
352211786.2764128447 10233747.2558593750
352149800.9603854418 10228007.1816406250
354940208.8919888735 10383752.1855468750
358926523.1795329452 10531069.8027343750
348543552.8089173436 10022377.1582031250
348259236.5173782110 10002871.8378906250
348168294.1293613315 9993043.6425781250
348726518.3730715513 10039640.6542968750
351985099.1522472501 10225567.5058593750
353755361.5284031630 10324320.6933593750
352958448.9802909493 10276725.4003906250
353053252.6866440177 10277191.3378906250
347107646.6128706336 9869492.8769531250
348402580.4153764844 10012143.4121093750
348845980.4504001141 10052543.2714843750
353497717.5384426713 10311588.2011718750
353268045.8281374574 10292337.6074218750
348003613.4352765679 9978591.6425781250
348561478.7169636488 10029702.1855468750
353775608.3136990666 10329131.6582031250
419287162.9152783751 10990788.0722656250
346647559.3338183761 9796138.7832031250
346638825.5734751821 9795131.6972656250
347107646.6128707528 9869505.2011718750
347917076.7155286670 9971947.5761718750
349008417.4920020103 10056260.4121093750
348813933.5945113897 10049764.1113281250
349006371.1976576447 10053059.2167968750
346638825.5734751225 9794937.2207031250
348003613.4352768064 9978927.7636718750
348327192.4309486747 10010440.8222656250
355668849.2858362794 10418890.3261718750
347776628.6489307284 9958717.5214843750
349603210.7659772038 10101673.4863281250
350310024.3167681098 10135572.4003906250
352149800.9603854418 10227990.7558593750
353066263.5745115876 10278515.3105468750
353475545.6975250840 10296408.5292968750
352531796.3215180039 10250499.0605468750
353606491.2975066304 10314943.9511718750
355178401.0623981357 10397693.7636718750
350264279.2382641435 10129676.7128906250
350264279.2382639647 10129676.5410156250
360639082.2237556577 10562265.1933593750
352138453.1361619830 10227083.1425781250
352149800.9603853226 10227977.3300781250
355483400.4876290560 10412285.4082031250
418756720.3753244877 10986616.4160156250
364753354.3634322882 10642202.3925781250
357934519.1758139729 10500561.8105468750
364558643.2453973293 10640302.3769531250
346925462.9320383072 9841070.8574218750
351757297.8762388825 10212879.6816406250
353674929.7002444267 10315116.3144531250
350306838.4533333778 10132080.3144531250
354783234.8919808269 10379742.5605468750
351920730.1694267988 10222642.2792968750
355181803.1595328450 10398450.6542968750
390459147.9142767787 10858885.5644531250
353325057.6411715746 10295262.2871093750
364834813.0841236711 10650355.1113281250
361116742.3322722912 10568100.0371093750
350364505.4395586848 10136469.2792968750
350353869.6527805328 10136327.7519531250
354552665.1333533525 10352127.6972656250
357512554.5432065725 10474765.8027343750
418882728.5403199196 10990744.1308593750
360076306.0179513693 10552667.8105468750
353497172.4800473452 10298166.9667968750
353134701.9772493243 10278712.4394531250
359514232.9428791404 10543286.9589843750
362654664.0853129625 10612912.2949218750
418871089.5624378920 10990260.3886718750
352233143.3764469028 10236716.8222656250
351595619.9281243682 10204988.7402343750
352149800.9603854418 10227987.7792968750
358044792.1591902971 10500901.6699218750
352467089.2401474118 10247962.0957031250
353134701.9772493839 10278738.8691406250
355054139.3980644941 10388194.2910156250
353399388.1577194333 10295362.8847656250
358417885.2744333744 10519079.5683593750
358572186.4354127049 10521842.7480468750
407853480.6360197067 10940223.7675781250
354644196.4106210470 10355634.5371093750
355337084.3419458270 10403110.5449218750
358208450.3103976846 10506475.5722656250
407531837.7657369375 10938436.5449218750
407464369.2303338051 10936467.3222656250
355825458.5221109986 10427720.0605468750
356048767.5952746868 10432525.5292968750
355907115.5224831700 10429731.5644531250
358768648.9494321942 10525281.2128906250
356108496.7738408446 10432853.6074218750
361004711.8892288804 10567425.8574218750
354737788.4189722538 10371589.6855468750
356224397.8410161138 10440205.0488281250
414882615.9843102098 10958860.7753906250
415106744.9139494300 10960856.1425781250
402624577.0588018298 10932089.5332031250
402078492.2534078956 10927472.5683593750
360863047.9642959833 10566524.3339843750
411718489.8255564570 10942688.2949218750
401096426.1556668282 10884409.3925781250
363986481.4643212557 10622951.4863281250
363769815.4777773619 10617101.5332031250
361142275.8270879388 10571353.6699218750
356110711.1708066463 10435064.8730468750
354114000.4822767973 10346660.1855468750
353152567.7444241643 10282824.3652343750
359424065.2196373343 10533583.2753906250
418646700.5597699881 10981976.7753906250
383866019.7414103150 10774327.6464843750
383811560.9632678628 10773430.6894531250
360852643.3151697516 10562435.9042968750
418151440.4104272723 10977592.9394531250
355123090.3895995617 10389067.3300781250
417901694.1329941750 10976151.2949218750
356357971.1999232173 10442617.4980468750
354647542.3420215249 10355969.3730468750
354647542.3420215249 10356017.4121093750
363631386.7325137854 10615707.1035156250
357806534.5983090997 10490537.3066406250
356934919.1171455979 10459223.1894531250
365370376.9874501824 10656198.8144531250
359421804.9453032017 10533451.4824218750
357556049.9599792957 10482819.7714843750
357556049.9599791765 10482803.5722656250
361774230.3034524918 10586894.6269531250
357838019.7727710009 10494185.3574218750
357705654.6462842226 10490268.7363281250
355910593.5788754225 10431692.1542968750
359198841.1168356538 10531486.0605468750
357020961.4385268092 10467978.1347656250
355479451.8722174764 10404201.7792968750
359859574.1736587286 10544816.5058593750
355480839.8721802831 10407263.8222656250
356936341.9574660659 10466685.7207031250
357653604.9625594616 10488986.3222656250
361565535.6670047045 10585887.4160156250
360355414.8694666624 10558868.0488281250
357556049.9599792957 10482860.6542968750
354381443.8564160466 10351058.9394531250
361863170.4997494221 10599853.9042968750
362424493.0510678887 10609421.7988281250
362470285.2162858844 10609519.5449218750
356485048.4472156167 10452708.1152343750
365802558.4651530385 10662146.6230468750
354590896.6145033240 10352399.6269531250
365772086.2462599874 10660803.1269531250
355773936.0660864115 10423885.4941406250
358887471.2262197137 10525521.4707031250
359986261.5808337927 10545193.2871093750
355531750.4938334823 10414393.0449218750
355531750.4938334823 10414325.7753906250
361810460.7122071981 10594743.4863281250
361174041.9060291052 10583911.0683593750
357138645.6148627996 10472529.1035156250
365606910.2273240685 10658190.9746093750
361559050.6587399244 10584845.9941406250
356761788.0010377169 10456502.4980468750
357138645.6148628592 10472550.0683593750
397557774.4532361627 10875608.3417968750
396856751.9364218116 10875064.0019531250
360317036.9356402159 10556717.4003906250
372518554.8775554895 10749019.3378906250
366556548.2709388733 10671239.8300781250
384546791.0059600472 10800965.6542968750
372819620.4998914003 10757929.7207031250
367510652.8782306910 10676184.0410156250
372695426.5420926809 10756234.8066406250
369136219.4930244088 10734568.8457031250
369194576.4539363980 10736780.7324218750
371857966.1552641392 10746062.2519531250
369088834.9977054000 10690694.7480468750
371638962.0928378701 10738752.9472656250
371693745.6799471378 10745434.3535156250
373203799.8614335060 10758043.7128906250
368182984.7815744281 10676374.1582031250
368272251.7838165760 10677798.3847656250
368284032.6481449604 10686222.9707031250
368890137.8211892843 10688614.4082031250
376327088.3745684028 10766221.4277343750
375602752.6851838231 10761737.2402343750
399709101.5951721668 10877795.0527343750
