1370720501.5701541901 36981.1996401815
1370901965.4169607162 37340.4870806326
1369977349.6575613022 34275.9508985449
1370157963.1583704948 35378.1173828626
1370374568.5321762562 35886.0579146223
1370525525.1206200123 36514.8096746398
1371648412.8465909958 38894.5946477766
1372222256.3568058014 40090.0895635398
1371499669.2964408398 38472.5283135569
1371279884.6280426979 38085.2752990967
1370025116.8392672539 34763.0753558778
1370099256.1287829876 35268.0107391865
1370215270.8259191513 35791.9487258405
1370204203.6687164307 35460.4995241956
1370449942.6394650936 36208.4816139532
1370329991.4158377647 35793.7940367537
1370659912.7680101395 36889.1084821075
1373008683.9881830215 41527.5237048159
1372983994.7629799843 41527.1603328625
1371447008.3640477657 38419.5986651015
1371241908.0425546169 38047.5296734220
1371511861.3535225391 38472.7229112780
1369911988.0793197155 33707.5056019550
1369911988.0793190002 33707.3793435817
1369911988.0793192387 33707.4130960232
1369943195.1521594524 33768.1004383977
1369932850.1292316914 33763.0679262098
1369975708.0624940395 34230.2473103572
1370157963.1583707333 35378.2088364148
1370029711.2128660679 35135.5546003789
1370157963.1583707333 35378.2235458875
1370358320.6070065498 35846.5935237577
1370521954.2852628231 36427.7053773095
1370610901.8951113224 36709.9702237999
1371020392.0969448090 37767.5241829448
1372754296.4226875305 41113.8500607890
1372261092.7370486259 40103.4957569196
1372396367.2538015842 40156.0109048944
1372138344.4307227135 39772.2280657005
1369911988.0793192387 33707.4782815700
1369932850.1292314529 33762.8742731031
1369932850.1292316914 33762.8827226575
1369941443.4222877026 33764.5614498075
1369927216.4745202065 33762.8731973585
1369941443.4222872257 33764.4636643346
1369941443.4222872257 33764.5288498815
1369941443.4222884178 33764.7922914442
1370099256.1287837029 35268.0711105854
1370099256.1287829876 35268.0372322590
1371279884.6280415058 38085.0069928414
1487689011.2592873573 101253.7848614419
1467932379.6640560627 91257.4673439950
1369911988.0793192387 33707.4000573879
1369911988.0793194771 33707.4859719997
1369924689.4835805893 33762.8710344251
1369932850.1292316914 33763.0344407972
1369932850.1292319298 33763.1828935560
1369975708.0624942780 34230.2526585628
1369975708.0624947548 34230.8883854915
1370324849.9522802830 35793.2264579674
1370204203.6687164307 35460.8169298963
1370502531.3091633320 36361.5399369156
1370469197.1719911098 36347.4447411453
1370781420.7061302662 37054.6548228850
1372519798.4409337044 40744.6063950072
1372347550.8267281055 40150.2909701053
1369962368.9202659130 34226.2117411663
1370204203.6687164307 35460.7107668714
1370204203.6687166691 35460.8979912595
1370637784.2433955669 36846.3828082373
1370991729.0115466118 37401.8015536336
1371172804.0856738091 37968.6973743942
1606931308.1549110413 144989.9736895561
1371881605.1472690105 39180.5379797415
1369975708.0624942780 34230.7694356014
1370204203.6687164307 35460.4996767835
1370324849.9522802830 35792.7755702873
1370204203.6687164307 35460.6444140272
1370174367.8723502159 35439.4136055973
1370521045.9847896099 36365.2707775501
1370393268.8288891315 36203.7716314388
1371134646.3536450863 37773.0937728853
1370781420.7061302662 37054.6532168974
1370019142.1790373325 34307.3011134733
1369967114.7694392204 34229.7177102138
1369967114.7694380283 34229.5154439975
1370204203.6687164307 35460.5012255506
1370204203.6687164307 35460.5011645155
1370822734.7662506104 37322.2448654146
1371865805.5777549744 38984.5907467489
1372106183.7804858685 39554.8460056145
1379552318.1812019348 48438.4754019614
1371988796.1015918255 39395.5048926924
1606166480.0099585056 144868.4305167198
1606372055.7740907669 144917.4000906944
1605574859.3311872482 144757.7511472702
1496349601.7061433792 105703.1001272792
1495801315.9869215488 105405.9708653087
1452099802.2714059353 82005.7120587757
1372514668.0304472446 40310.0301436035
1548807692.1966953278 124630.0219638941
1372514668.0304472446 40309.7179106323
1403021715.1126415730 60742.2044026517
1402358624.5810251236 60567.4504506253
1606078896.4558374882 144861.0360007286
1380011585.8690111637 48843.5709159409
1373208557.8949952126 41908.9033424314
1373651928.9344789982 42800.0966824216
1373525964.4693107605 42428.6949308373
1373781455.4837279320 42805.1112226777
1373525964.4693107605 42428.9987099625
1373367678.8611500263 42252.4114920709
1605961791.3099825382 144837.2991995811
1379738190.4056663513 48472.1179130113
1404193012.0675747395 64648.0192200052
1373115500.6686637402 41575.4313591903
1372981152.4119825363 41359.7434071897
1379401344.5062372684 48174.7693848048
1496615431.2040069103 105875.1925831741
1496171306.5171747208 105612.1297045654
1603984190.0870683193 144373.9069194794
1471973694.6577787399 93865.2028267628
1471719749.8717527390 93617.0246078626
1377846073.1616637707 47192.5362487388
1374079749.3806614876 43018.9156289253
1545495459.9697294235 121157.1551808628
1374196058.3927876949 43582.4747161986
1517744833.0990693569 111384.1480157461
1374079749.3806612492 43018.7666831169
1374079749.3806614876 43018.7688841973
1374079749.3806614876 43018.9116006050
1374141090.5242784023 43036.2491868962
1374141090.5242784023 43036.0166734685
1380617470.0300047398 49177.3694640547
1377905567.2360775471 47620.2874568940
1380644214.1358852386 49378.6193499327
1374139658.3827888966 43035.4404729833
1380636424.8629384041 49344.9270343543
1380602816.2859890461 49134.3191861868
1374190908.8137567043 43077.6284506618
1374139658.3827888966 43035.9736742009
1379869595.4002828598 48612.4118951549
1380504224.9126605988 49061.4860334158
1380381283.8392279148 48996.5401453734
1375903792.4332036972 45547.4149795672
1483696013.5712933540 98921.3923268612
1375896431.1121165752 45409.6514436381
1373613443.9107031822 42491.1319053345
1373885549.3587040901 42928.0034951749
1379046620.3645350933 47821.6401619673
1409764527.6444454193 67748.3015378095
1376041368.2732172012 45767.8874143247
1375839278.6673514843 45396.4344113951
1374386143.2998218536 44211.8124563320
1524550845.0292673111 114840.2321461559
1376139709.1693542004 45800.3037860718
1431223300.3674266338 75238.9820418036
1373648188.1806666851 42550.0815448412
1373629572.8286058903 42526.1911959767
1374211743.3373661041 44077.4365980719
1376285365.0077099800 45812.6854113337
1373648188.1806671619 42550.1434321054
1373484607.6839106083 42279.9213944913
1373648188.1806662083 42549.5709452280
1403868329.6827993393 64547.7870252895
1374784010.6925399303 44810.9240591216
1374784010.6925404072 44810.9886419463
1374572278.3248724937 44579.9594738173
1375284191.7869989872 45332.9306443267
1375244473.5777828693 44968.6182230775
1374729390.1744000912 44601.2540568177
1375756396.3018245697 45388.1227756034
1378639001.0134952068 47801.6317415901
1453287970.2752711773 87826.4286837432
1395639666.7894163132 56577.8107697200
1452735725.5793142319 87526.1679568145
1395487901.7933542728 56206.3475455589
1374922855.0630056858 44956.4080287692
1376756086.5477054119 46478.7921311085
1376475123.0811867714 46109.3916565602
1374649699.7666172981 44585.1111727123
1375060137.9507224560 44957.0526628856
1603810069.1526224613 143837.1704769135
1439769077.8431632519 79990.5568471477
1377472866.1826939583 46752.5592322272
1419863478.7200484276 70729.3091611814
1419242122.1861710548 70383.6948728513
1405275765.9631271362 65957.3490166256
1376947069.9639091492 46480.8446594898
1376679934.9408171177 46139.1936718647
1376547036.2883415222 46115.9235873951
1376541552.7977144718 46109.5589806263
1603597035.7309591770 143641.2695267200
1515441005.5604884624 109252.4563653001
1404881586.0220718384 65133.3275560850
1404614060.5649068356 64794.9821428770
1500901976.0008349419 108021.0355380169
1500867480.0169444084 107880.5326228729
1483346272.3548414707 98330.3376368022
1387550899.5139791965 49896.8365618150
1478889409.4454627037 96661.6474893048
1565548093.9013934135 130097.1797716571
1565163746.6446220875 129745.0446922956
1501937922.8868339062 108175.6695847084
1502349875.4344789982 108186.9912342598
1532193095.4410123825 120181.2438904585
1531730736.6822714806 119918.2900673689
1575850323.1321134567 133834.2391225696
1436652634.1003153324 78419.9013548502
1489282711.5763373375 101763.3631870291
1488919024.6015207767 101603.7079746267
1493541973.9518034458 103828.2046254236
1493244910.0971829891 103790.2520578052
1444203879.0715055466 81062.1713985674
1409493439.8763284683 67645.1270273627
1452693680.3175165653 85805.4960071276
1408231508.7600388527 67316.0994091246
1407933532.2440407276 66953.4961246468
1467652006.7991676331 88723.5124870776
1467239122.9239928722 88373.4087521075
1394050662.4122493267 52972.7207404565
1407704740.4906282425 66705.0050046284
1603525515.7313594818 142596.5930938721
1576126479.1670446396 134429.0807103568
1399626842.3105370998 57080.4234447450
1399424562.3923504353 56731.9802298517
1603252334.8576531410 142216.1217536926
1512320568.5535461903 108288.3479963484
1486373668.6782646179 99336.0882999229
1551372480.2669842243 126995.5706287231
1514679315.2422194481 108578.2722280195
1393368761.8614342213 52153.9426356390
1603494191.3458735943 142310.6095428467
1472410898.7157790661 94325.1589534970
1472742629.3891983032 94647.4784000607
1475831045.3238823414 95651.5580249722
1603144924.9111063480 141806.9639272690
1602924947.3837127686 141756.3566884995
1450250826.1565625668 81580.3519973600
1602058234.5399024487 141066.0358610153
1423021093.8811941147 71588.2467055590
1602516235.7607648373 141623.0111379623
1602466048.0110700130 141565.0832815170
1602447544.8823354244 141395.5534143448
1602244105.5590884686 141386.9420671463
1546282919.9243035316 122357.5875952349
1524173103.7931065559 113384.6959443394
1602203598.7404463291 141088.5041005019
1563919318.4082641602 127794.4594572978
1467731176.4462602139 89137.2020317810
1601932895.8394718170 140838.3002783659
1467814023.1286973953 89894.1570956942
1601670993.4893171787 140793.2569417361
1387032598.1423060894 49804.2169008208
1386437633.7296376228 49488.5459208526
1602053776.1153688431 140866.5028912428
1412255801.7199153900 67807.9672854756
1393070810.2463517189 50287.3383557128
1392757720.3390128613 49915.9506319792
1575332744.0943179131 131497.2288365644
1424818275.5965423584 71734.2315263359
1523573526.2968373299 113212.6106384411
1601035376.1615996361 139531.9863948404
1418986948.8147199154 68299.7306299734
1588087414.5133545399 135559.7012400359
1425987500.7417740822 72180.1140629453
1425338021.1372184753 71833.6522372442
1599914616.4898228645 137665.2967643767
1435852049.1998944283 76230.8888313730
1600920476.7467508316 137915.4939358264
1600349627.6313428879 137827.5794069796
1600293075.7745904922 137826.8715870410
1600512609.2412712574 137900.3823730975
1600205323.4415638447 137715.1413300067
1429311574.2240602970 73167.6933215295
1448254771.9184982777 81285.5150486847
1447817911.7649538517 81224.5339762029
1599810604.2305784225 136575.2408814460
1430900874.9420318604 73664.0702939400
1516908698.1230790615 109387.3448669359
1517589998.7081081867 109520.5992300010
1517623046.5867285728 109634.6594426728
1531409131.5655577183 115191.4933109954
1530866949.6962318420 115080.3408156112
1531710414.9292764664 115400.0601659492
