594052468.6876133680 3503513.0141601562
594790352.5774151087 3581496.5966796875
597400255.7200855017 3810462.7106933594
593321619.8458143473 3402709.3527832031
593741600.2293539047 3465889.4370117188
594028708.0919356346 3502965.7272949219
595588539.6453305483 3661229.4101562500
601918877.3412591219 4120936.1660156250
593928158.5286827087 3480182.6401367188
594632815.6540316343 3566555.8444824219
594228884.4827351570 3524138.5952148438
607143778.1049059629 4390472.1250000000
593384968.3960329294 3414935.7451171875
597756631.5063364506 3838577.9963378906
662898378.4528491497 5214094.8613281250
677753563.4818860292 5323270.5693359375
592959253.0736207962 3337765.4333496094
592921515.5113588572 3329569.6491699219
606464266.9694997072 4354492.7939453125
619877463.7243506908 4784102.0991210938
635057519.6322767735 5029765.8857421875
593374630.0043103695 3405969.2001953125
607888289.9412715435 4431900.3378906250
597331942.1446532011 3810103.9143066406
607482455.4187324047 4417196.4785156250
594181766.3829873800 3519849.8886718750
595541023.0119690895 3656536.0170898438
713375667.6593078375 5565796.1552734375
593118050.0763691664 3371349.1057128906
594084529.0304824114 3507302.0136718750
596174533.8249007463 3712764.9218750000
593087106.1911642551 3365001.3225097656
596031112.7924190760 3700537.5627441406
594212191.0246696472 3522498.8247070312
598074251.5623860359 3861015.1896972656
600785119.3440605402 4046771.6357421875
606995421.7711892128 4381793.6938476562
593158867.5199027061 3375556.3996582031
677158941.5956065655 5311491.0126953125
609029743.4709857702 4469855.8178710938
608569086.7066859007 4463238.2387695312
612552056.0351616144 4592607.1381835938
653119868.2880702019 5160409.1738281250
593040551.3022738695 3357868.1262207031
593532613.4976524115 3427471.3059082031
597146325.8523122072 3796772.2761230469
595882667.9433153868 3685932.5856933594
597998462.3508794308 3856423.3273925781
668165517.0715662241 5256373.7050781250
603673341.0527071953 4222706.6938476562
640827912.9127190113 5091932.9814453125
596286950.2790957689 3722509.0715332031
595791225.1970242262 3670771.1196289062
676096306.5734485388 5306392.2197265625
668007512.6888260841 5251403.4453125000
604027781.6217353344 4242908.0161132812
602989027.8675934076 4186595.9580078125
595143784.5512683392 3613196.8884277344
599325157.3336993456 3948488.7456054688
603387316.4539287090 4202842.7841796875
593929348.6021180153 3485114.0832519531
604764307.7251842022 4275957.9936523438
608107133.7121385336 4440907.2265625000
605448365.6837282181 4316378.5805664062
640916772.5289834738 5092925.8359375000
594734640.4610706568 3576702.8344726562
604449938.7741662264 4261217.7158203125
597523584.2085632086 3828188.3894042969
602666630.2611049414 4165316.6582031250
608032900.9379477501 4432905.5649414062
599724248.0176908970 3976334.5434570312
599333737.7143648863 3953463.8774414062
600604636.9174020290 4029206.9853515625
600037658.8731665611 3989944.9826660156
601330017.2899723053 4076484.9672851562
602381429.9048531055 4153736.3974609375
697786124.6901534796 5477376.9853515625
593500494.7843004465 3425347.7702636719
595074842.2193009853 3608931.8779296875
601969794.9799262285 4127604.2351074219
606918306.9209706783 4373299.8300781250
603261724.8547534943 4194958.9458007812
602770050.2622792721 4173637.2294921875
593216154.1191778183 3386631.0847167969
602575490.8082109690 4160134.6318359375
595097499.4783215523 3610302.0185546875
595995953.5206094980 3695125.4384765625
599289905.9533208609 3943785.9694824219
603239426.9840117693 4192159.2016601562
627252872.1357785463 4912984.3046875000
607887691.1150850058 4428804.8398437500
606119929.2040079832 4351585.4794921875
595428359.7126005888 3639688.9279785156
616109924.8651851416 4707314.5361328125
676029082.3485764265 5303826.3369140625
596955912.9057172537 3780133.7861328125
595317029.5002106428 3631493.8427734375
607856419.3671978712 4426996.9687500000
594369514.7557514906 3539071.4587402344
598233943.1513960361 3868903.5991210938
604896130.0087476969 4279643.1188964844
608164945.7560565472 4449484.7563476562
707768666.3237130642 5514681.7832031250
649095963.0831787586 5137113.6904296875
606822089.8906198740 4369317.8544921875
594886880.6542350054 3591342.1896972656
612036115.1028381586 4577892.4418945312
610411507.0531768799 4523979.3061523438
595922582.2745202780 3690494.6936035156
596322906.2032690048 3726012.8498535156
604663226.3270581961 4271030.9448242188
594999297.1084297895 3601086.6296386719
596392873.3738286495 3730692.1726074219
607650647.7396578789 4417673.3012695312
624682716.9809945822 4866817.4418945312
624739129.8623659611 4878587.9194335938
601863975.6788856983 4117787.5966796875
596643235.9833414555 3755264.2827148438
713222022.9303740263 5565163.5439453125
609288778.8071646690 4486972.4711914062
594602391.0123491287 3563906.9084472656
670700800.8669912815 5260453.6455078125
595621928.5826756954 3662082.1662597656
592994275.1145215034 3346553.7329101562
597108225.5032460690 3793358.0825195312
596953326.9063696861 3778413.6115722656
603190959.9031916857 4189825.1049804688
713671292.7507356405 5566575.1826171875
594917305.2959169149 3593991.1257324219
602287669.1127635241 4140805.2167968750
598196205.5891340971 3864138.8666992188
605838262.5604761839 4331912.1054687500
632549374.1824893951 4985044.0888671875
599066083.9862762690 3930253.1479492188
611208635.6806718111 4544881.5034179688
605298484.6003746986 4305887.5561523438
612011617.4384090900 4572862.4858398438
596992139.4846779108 3783480.7443847656
598475472.7053024769 3886395.9208984375
593536764.2973545790 3428265.4755859375
607539235.9229053259 4417304.3945312500
608072650.8322356939 4434441.0991210938
611946872.4251316786 4572460.2041015625
593458281.4421063662 3421664.2644042969
704686534.3973118067 5483684.1396484375
674095698.8000464439 5289332.4951171875
615106932.3543176651 4663252.9365234375
615240704.3210589886 4668466.3359375000
604267724.9062210321 4250604.6176757812
619906346.0836819410 4792224.0063476562
611496684.9065643549 4554321.7480468750
597402920.7975809574 3814909.8757324219
606554087.1378116608 4357204.1533203125
601554043.1437226534 4095420.9189453125
602760092.6250374317 4172741.7900390625
630847783.1138535738 4973494.1943359375
604553687.6432194710 4263099.6137695312
604048589.6130663157 4243598.9165039062
638515763.2688522339 5064014.2714843750
609305408.8320679665 4488321.4345703125
600140788.5021570921 4004368.2153320312
612240533.0268455744 4580683.3627929688
603517133.8777649403 4208488.6611328125
601263489.3079190254 4075823.9980468750
600412059.7701005936 4019502.9912109375
600562739.1529650688 4028499.5532226562
672572295.4096668959 5287483.1005859375
605128214.9440432787 4298184.0839843750
611996240.1890904903 4572597.6337890625
604807916.8751751184 4279609.0073242188
612180856.5364618301 4579891.4575195312
685661484.7324811220 5389908.1943359375
598811609.8885016441 3910084.8488769531
608541600.1346671581 4459546.0537109375
634989794.6251360178 5025140.4208984375
598944133.4072571993 3923598.3537597656
599863423.2315760851 3982392.0007324219
623770508.1966209412 4853303.2495117188
693049347.0951069593 5426596.0644531250
697014253.8672884703 5444702.7236328125
688541312.4698411226 5404327.2587890625
696633162.5852035284 5441297.2900390625
599652787.7343429327 3969927.1835937500
611318127.3507517576 4547726.3164062500
599560531.9195144176 3962276.3681640625
611559261.7514797449 4564718.5263671875
635260945.1703971624 5031267.3212890625
598963855.3893878460 3924408.9448242188
605740105.6282836199 4329555.2666015625
598568679.9587023258 3893805.5891113281
611808491.1721910238 4570316.3935546875
609800589.9349067211 4517227.7744140625
601074373.4816211462 4065282.0878906250
615808311.8550370932 4691167.2045898438
706886985.5719362497 5503560.4667968750
706672214.9368242025 5499873.0927734375
609420928.1887388229 4495290.4560546875
676512199.4331219196 5308994.2109375000
691691961.9960732460 5415966.0068359375
600381232.8793103695 4018427.2602539062
664059253.6642657518 5239133.8291015625
659497187.2472308874 5190410.3437500000
629351498.4631096125 4948935.0278320312
683854533.1276633739 5356756.5449218750
684117967.3779028654 5358368.2080078125
618610456.6339554787 4770094.1323242188
618371542.9529056549 4765689.5209960938
625592320.1482106447 4899374.6191406250
616013854.2136529684 4696038.6718750000
598336540.3619160652 3873565.3952636719
618093774.9613571167 4757803.4130859375
640401290.7090455294 5087726.0644531250
640354549.9633213282 5079231.4033203125
618745799.2870324850 4773268.4985351562
617033128.7129577398 4714453.5834960938
600642714.3358461857 4036781.3535156250
640530931.1118127108 5090488.4121093750
619014168.8357394934 4783191.7768554688
618872883.5438628197 4780638.8276367188
667237946.8226948977 5241311.8867187500
632930486.2819428444 4994761.7148437500
618332369.3171867132 4763944.1147460938
691702401.8323700428 5420153.5068359375
615941947.3708137274 4694502.3051757812
618626731.3754609823 4770608.4057617188
681501947.0591430664 5346270.6357421875
677196014.0584995747 5313779.2988281250
638411569.7552019358 5059317.1640625000
601677049.4870160818 4104164.3701171875
659583110.2212357521 5197433.7207031250
615316408.1595826149 4681823.8061523438
617535897.2987174988 4731558.8989257812
682599993.9717919827 5350212.5888671875
615291518.6206324100 4676104.7504882812
623923086.0410293341 4863331.8056640625
674962615.6223342419 5291153.1396484375
676739568.9419088364 5309873.7519531250
601220270.1440185308 4074407.5566406250
610608171.0104749203 4537065.9931640625
639903664.4241535664 5069411.2431640625
608701790.9058196545 4467999.7006835938
706530821.3344937563 5490127.8173828125
678579646.3103799820 5336896.6796875000
657806289.0134372711 5189240.1621093750
671203004.6843414307 5283564.6162109375
671088733.1110682487 5282422.1259765625
615921179.0614140034 4693317.7788085938
691265536.6481750011 5410672.5937500000
629912309.0276249647 4951228.0571289062
615550186.8970242739 4690823.2768554688
614574669.5430339575 4642395.7504882812
615389350.2905327082 4683250.8227539062
599906297.5640401840 3986353.4235839844
653958743.2518981695 5166994.8222656250
660510769.5893021822 5202654.4501953125
613039009.1804825068 4597158.8901367188
623348625.5407446623 4852085.1899414062
627348874.9161080122 4924894.3276367188
635742287.1970514059 5055332.0390625000
640717525.4187411070 5091583.2119140625
637590970.1671720743 5056915.8105468750
613386209.2096468210 4610805.8452148438
629309558.7436668873 4941339.5205078125
626188929.4028594494 4912005.1328125000
630723487.8810921907 4951877.8862304688
613510875.0030517578 4614231.3237304688
626494600.1862614155 4912582.8271484375
620488906.6153743267 4813395.2929687500
613189355.1892607212 4605443.6616210938
625057864.5926638842 4890665.0141601562
654850616.2228329182 5172359.5908203125
633323492.8432662487 5010977.6064453125
654694964.4428826571 5170093.1474609375
620829315.1229387522 4831301.0917968750
610970243.1077100039 4540830.0068359375
625897489.8374053240 4905457.1459960938
628182072.6797430515 4933118.4892578125
625782683.7673060894 4900087.9936523438
623963675.2552810907 4865633.1855468750
625854974.8017966747 4900238.8393554688
660853107.9632918835 5206922.1777343750
634740635.1867107153 5022716.5351562500
613848003.4493268728 4628709.9775390625
613601485.7297581434 4621367.6484375000
639080240.9997612238 5064046.7724609375
651962714.3831802607 5140738.6230468750
632990804.8856621981 5004509.0717773438
617267767.4157313108 4724956.6850585938
620020533.9900490046 4802138.6787109375
621869020.0627435446 4841475.2373046875
648515525.6378479004 5104115.2626953125
639918706.3694012165 5075751.4541015625
648231306.4342503548 5098748.0126953125
635528624.7266097069 5035773.0185546875
639485655.5463484526 5068330.9013671875
639451350.4968328476 5066293.2832031250
639449463.3223344088 5065697.6767578125
632399966.7940289974 4974247.0000000000
617041717.9151227474 4716830.7641601562
648808874.3990391493 5105074.1777343750
