459449980.9507661462 389917.2820940018
450883414.9396139383 351123.2703193948
451453857.4642959237 353653.3449637741
450937097.4709881544 351421.0760047287
445981667.6269435287 313112.5778376535
445612426.6138408780 311425.4667019448
450451215.9054635167 347713.7749514580
453084861.4974147081 363998.2722853422
463045347.9638369083 401295.0943603516
447376401.9897032976 326642.6369227692
447506677.1104812026 326683.6123999417
463137505.0988224745 401579.4136962891
446863176.2451571226 321947.5268362820
455124834.7458431125 372199.5759749711
458882086.0183610320 387904.4306797385
451493150.4533711076 354623.0246817917
450616663.8102263808 349137.6922488213
457351185.8635415435 381781.6039046049
457603346.0432434082 383343.5524519682
454079858.5326098204 367491.0783156157
446403071.7086383104 318457.4832724393
457778286.4075655937 384246.9493025541
451426639.5051933527 353217.3263709396
451997075.9513356090 355529.2721980810
445582645.2741726041 311093.5924958512
447945611.6500101686 331030.7969874665
452845179.9641373754 361068.5299147367
450281251.9704466462 346580.2082380410
458083373.1329446435 385731.5491485596
448017126.4675264955 331613.1669215485
459581124.4613842964 390096.0390520096
455253526.1292561293 372233.0664442778
456098562.6749753356 376761.4718933105
456376811.0997871161 378063.2768416703
456526134.1463937163 378737.8552108109
466857691.8248434663 408409.1694946289
461810339.6219179034 397845.6037368774
445038665.9236961007 301033.1962414384
455826486.0065553188 375949.4440077543
457778286.4075655937 384217.2383650541
446106163.7237942219 313930.1507481858
455826486.0065553188 376047.4405897856
454138686.6521248221 368451.4433668852
450745016.1771582961 349670.3998293877
455454272.8926572800 374135.0164564848
444002859.3066145182 288216.2461984903
444499779.1857811213 293607.1302903444
447032583.6100692749 324810.5660132230
449801685.9271436334 342946.3205317780
459457999.2766942978 390045.1310930252
446843823.9388382435 320861.3839396298
451184335.0527337193 352043.2233207077
451184335.0527337193 352016.4686515182
463983887.8032013178 403309.8716812134
465361077.5984673500 406088.1313476562
460265377.3173677325 393490.9915914536
446102319.2645578980 313896.7639684007
453984034.3160943985 367076.4545363188
455356174.9584834576 373302.0388563871
462928432.3111226559 401011.3848876953
461753422.3218641877 397638.0148696899
454494454.5320499539 368976.3553023636
452952900.8560913205 362068.1851271391
453048059.9580186009 363916.6503371000
452657315.7613874078 359415.3016432524
455679036.3797533512 375131.4650648832
448414387.1350011826 334453.9576129913
459416970.8938069344 389407.5613298416
459992874.4949464202 391185.3431212196
470061891.4828515649 410243.9847412109
455601722.5194593668 374952.9953993559
454553384.9593409300 370677.2173231840
451956100.1880664229 355474.3388297409
460678712.8553063273 393779.9020552635
446526631.2365000248 319300.4594534695
458068788.3133656383 385210.8565383255
467864519.6562229991 409175.6000366211
446905709.3671576977 322944.2023581326
456206690.4493066669 377103.1183851957
450775173.5795293450 350523.3571658134
455934242.2180094123 376487.3926771879
445514121.0254367590 310585.0389832780
454551609.5315353274 369681.4198207855
454662595.0721729994 370734.4772108793
462632644.9935273528 400525.2920913696
448402868.4372584224 334086.7994202897
462211944.4025594592 399147.0002822876
452251713.5850283504 357095.2234427780
445436264.3208640814 309444.5786101297
452116666.9547082782 356406.5242561623
464019239.1033479571 403381.2139663696
452240172.1763136983 356465.2002510354
452455329.8312520385 358371.7186210006
445241667.2436068654 301443.3191753030
455786792.5912073851 375669.4137343168
445390147.7306714058 308528.6391417459
445255324.8676636815 303024.7553935647
456027634.1837475896 376545.0062117875
444486415.8501282334 290352.8821573853
459759331.3156480193 391159.4792985916
444853142.3986443281 297241.6106279641
447619637.0194761157 327410.2844275296
445250055.7446166873 301760.6437907815
460823263.0714486837 394373.4758467674
446578674.2629753351 320743.2960013211
459722986.9932270646 390840.5177507401
460778443.2061248422 394180.0923628807
444917736.8273902535 299744.4173653871
458050734.6388626099 384862.6750105619
444917736.8273901939 299744.1962044984
461715525.3931368589 396489.6178145409
459651575.1041938663 390651.5853166580
447875413.7605615854 330164.7523240373
451749211.2807455063 354663.2840812057
461392336.5499837995 395872.3540205956
458564902.6018345356 386607.8954496384
446069140.3665940762 313732.1758240983
459537963.6447650194 390085.4791154861
450077425.2174676657 345584.6743037552
445750265.0533146858 312924.5380677506
445322728.8374381065 307081.1856316850
445273740.4124853015 303029.7699199319
452699446.4088916183 360120.8337401152
458749925.9502961040 387481.2023954391
467508512.6862665415 409107.8265991211
450313191.2644422650 346817.1278991699
453640426.5088359118 365277.3829725981
452617822.5316357613 359121.7044066191
446151018.7916138172 313977.9051331803
451471123.8732522130 353755.9687125534
465564978.6455603838 406860.6974487305
460183502.9896702170 392390.9925352821
457302489.8263872862 381018.5137247443
459726463.3195841908 391010.5202531815
457078587.0241628885 379888.2425764799
463733705.9431895018 403141.6278457642
447671782.3548526168 327678.1735085770
463223485.5113341212 401828.8007812500
450438034.1880442500 347568.2185974121
451145794.4996866584 351717.8401114792
448208392.9897841811 333373.3080663010
447832016.1597819328 330066.4022950456
469794204.8526519537 410172.5057373047
455986693.8199177384 376514.4367842972
458923858.2048817873 388199.6534929276
462632644.9935273528 400427.8663101196
456526134.1463937759 378815.7187362015
455300726.7879117131 372245.2748106718
461748347.4388754368 396555.6764082909
459001125.3418893218 388535.0117692947
456842584.3721912503 379090.1437087357
458899098.1910694838 388135.8082609177
457138169.3694214821 380842.9202590287
448640120.9569907784 336317.8040284440
457039252.5071190596 379751.0112180710
448662877.7152828574 336381.9998578355
461561725.8274403811 395979.3245665321
461163632.2890653014 395069.6352705956
458837461.4585363865 387677.6320695877
445641636.1352910995 311516.0820740983
462519213.1666424870 399987.7434463501
458791341.9796153307 387640.4797086716
460183425.0915289521 391918.3068132401
451814526.5217149854 355263.9372184128
462432481.8544427156 399498.4669570923
448094646.6962193847 332264.5132798478
459615230.7817727923 390302.5690813065
452801575.8756175637 360123.8951651901
465566543.4493961334 406997.9865112305
466141315.8579003215 407882.6142578125
456588883.0294621587 378945.1101393998
448429637.5784658790 334599.9748963639
453620818.4094402194 364523.8083358109
453789212.2846535444 365290.0125594437
445977200.2249048948 312969.3436860368
460786469.0667603612 394317.8507246971
459176486.9841870070 389234.9243059158
462556853.1037504077 400418.3653945923
458361788.4471448064 386513.3989176154
458355821.3642418981 386197.6657257080
461973147.9734183550 398423.3597335815
451184335.0527337193 352015.5369193405
452290056.5699585676 357899.6295707077
453893238.5342661738 365738.8458724320
466009706.4606208205 407633.6142578125
446179382.7714247704 315625.1783112809
453878684.2724546790 365425.3334212601
453878684.2724546790 365516.3407454789
456894127.4207131863 379528.3749617338
454947448.0006192327 370964.5111082792
457721833.0528817773 383720.0973830521
453893238.5342664123 365835.5079818070
453878684.2724546790 365441.5105452836
456320889.4091528058 377985.6887069046
454444126.1314167380 368611.9013533890
451837723.7947118878 355293.7215201706
456275713.9675968289 377574.1476912796
447755731.2233443856 329832.6477402970
459378994.3634007573 389236.4601163864
456858834.2441726327 379112.9873366654
464182255.1422867775 403688.6276016235
450223397.5215089321 346348.5740088746
456312318.0919898748 377969.4239974320
470061891.4828515649 410262.5825195312
451444393.5227147937 353425.6010062546
453893238.5342664123 365768.2727523148
457716859.6444869637 383680.9211745560
457716859.6444868445 383651.4942946732
457491547.1117256284 382348.9006667435
450031523.7909646034 344825.3189265579
450745016.1771582961 349747.5001711845
451199197.8907766938 352330.0503165573
465823816.7713581920 407605.4667968750
467455305.4216848016 408665.5043945312
466492713.4815796614 408123.2935180664
459084121.5395312905 389107.3835172653
456291695.6888031363 377696.2401595414
447239616.4958462119 325041.0832614228
450142573.1014308929 345674.2589289993
446323795.1376750469 316680.4950990006
456449045.7891160250 378665.7343917191
446386184.0918822885 316709.4009646699
450142573.1014308929 345703.5514094681
445882120.6856572032 312941.7485169694
449889889.4284553528 344081.9170100540
465026789.4858601093 405883.5227661133
467997126.4372869134 409598.5238647461
449525070.3311715126 341981.3908061311
451444393.5227151513 353455.5487601608
448201414.8851721287 332604.4970635697
447690342.1664770246 329710.4858903214
449162714.7295206189 340085.7403202057
447584412.2788173556 327361.8383874223
462160274.7165855169 398756.0234146118
444831314.9410391450 294710.0612689285
450718285.8266212344 349388.0029482841
447940100.9355224371 330521.2461604401
450718285.8266212344 349326.8231387138
446304291.3660704494 316009.0063914582
450164171.3256188035 346210.2727088258
448262933.0120283961 333612.3196954057
466091503.4015578032 407767.0772705078
466091503.4015578032 407775.7629394531
464835943.4651640654 405673.8251953125
454990348.6293126941 371044.5435653031
448448955.4108714461 335770.6100587174
450565318.4333059192 348777.6640662476
454996864.8951047063 371396.3816390336
454996864.8951047063 371393.0901351273
451381755.9670549035 352939.4420173019
472186832.0665883422 411544.1168823242
473617104.5188856721 412369.2770385742
466091503.4015575647 407738.6281738281
447559687.0147607327 327100.4955577180
457901882.9929487705 384655.9665847123
448156636.9560682774 332280.3007869050
444800339.5719729662 294163.7854753137
452068676.8277984262 355535.3469275758
463425139.6295340657 402886.1096572876
448857004.0851870179 338322.9758281037
450375925.0246179104 347464.7565650269
470998033.5959172249 410768.9094848633
449117062.5551684499 339792.6372050568
448843262.8876451850 337657.6459621042
448744412.6402584314 336592.2554591745
449117062.5551684499 339733.9716471955
450375925.0246177912 347413.9473609254
465665937.4744985700 407530.0647583008
447559687.0147607327 327094.2885264680
449500296.5897971988 341804.4424418733
449079988.5127280354 339649.7423476502
449201878.7689054608 340266.1371440217
444800339.5719729662 294165.2433000207
449500296.5897969604 341798.4877299592
463701241.3765218258 403063.8324966431
457539152.2603198290 382371.8811354935
465296403.4890868664 406018.4844360352
472166106.4343436956 411478.9030151367
449600845.4401838779 342158.1951274201
449464757.5427606702 341560.0283183381
449563429.6820818186 342103.6773051545
449273967.6704599857 340955.1236857697
448751077.2349388599 337285.6259135529
464496225.7547016740 404779.5510253906
464350417.5620286465 404557.8183593750
448957412.2161484957 338949.2051066682
472397719.8043910861 411692.2922363281
447559687.0147607923 327145.0977305695
473094220.0486596227 411844.5326538086
472289206.9064210057 411645.8152465820
448897456.6713529229 338384.1556376740
470445134.3780152798 410283.5772705078
448793165.5331689119 337452.0377177522
465001302.2781994343 405877.8185424805
471830630.8007546663 411397.1683959961
472086182.9419129491 411453.9085083008
471762890.4019094110 411289.0485229492
470525974.3940582275 410408.5230712891
471181016.4131250978 411179.1096801758
471341507.1681534648 411283.0748901367
