1099037024.6733429432 836387.1545877457
1079990175.2023427486 749495.4530534149
1093324038.4239969254 817534.2425889708
1114726877.1044282913 874583.4378185272
1101491983.9561090469 841976.6959939189
1086771732.5219423771 789066.4401173037
1086499500.4637076855 788793.0554513671
1100980795.3981683254 841049.7657625601
1096716465.4061141014 829719.2516834914
1109431006.7206454277 864346.4974956512
1104637204.7827596664 851107.4646320343
1085022729.3905708790 779423.9120168425
1080009313.8926191330 750271.8795060517
1082371624.2824821472 766286.6891409057
1099541915.8189034462 838030.5122537613
1101297880.6317455769 841905.1232928410
1094770867.7529699802 823152.4931678222
1078581047.2926390171 739873.8999359037
1096519194.4847037792 828405.7461598098
1100310693.9361588955 839459.5058755875
1114450638.7995047569 872914.7194957733
1084256447.2407734394 776203.0808629729
1090281489.9798674583 806760.0899877287
1087399995.2316584587 792603.7246618010
1090186395.5271470547 806065.9640187956
1088244916.8359231949 796478.7057504393
1108102340.6776256561 861509.7516460419
1093864890.1155729294 819691.9234056212
1103571116.5333573818 848151.4094257355
1091824351.0258846283 811669.3183764862
1080134728.8972389698 751343.3575295807
1080045603.9256548882 750585.7777261139
1089517509.0423252583 802403.1209783293
1081606765.4477298260 761601.6041418213
1106894564.9415261745 857282.4672069550
1099889318.1305913925 838787.9189302847
1087644757.8511714935 794368.0524835326
1077287189.4093551636 733100.7986478860
1107620312.4170231819 859767.8059825897
1106140512.8479313850 855397.1926212311
1089583608.1018874645 802776.7429189421
1092873733.1593010426 816784.1435289122
1076672593.9722380638 724465.9307271839
1106797451.2326614857 856538.7570323944
1084935340.3316028118 778161.1688632527
1079553925.9844367504 746362.0595260757
1116238011.2208838463 875170.9963998795
1077966752.1072187424 736931.2023422146
1110568626.4432144165 866602.9865245819
1081052848.6830546856 756753.1933831574
1097800872.4086990356 831276.2860581755
1108210801.0396926403 861774.1591777802
1092124828.7016310692 813701.7378615784
1094370536.9039530754 821726.1273230957
1091008423.1884999275 808493.9933337616
1099419170.7717785835 837553.4077303335
1087634681.5402390957 794112.8665704466
1086349811.4756124020 786996.6106271483
1106599755.9860637188 856294.6923923492
1081877680.4975869656 763073.7397771972
1081152931.1856796741 758365.4263543488
1080453229.3126099110 753878.8497606415
1082344984.6712541580 765985.0310721452
1077877380.4320962429 734032.8517499025
1101211026.3930552006 841654.8886126652
1083446362.7190945148 770757.0191945769
1076136904.8579437733 718360.9441704805
1086441007.9977912903 788153.0166024901
1097487303.8783721924 830393.2514698684
1077252998.0329380035 730741.7392481464
1076116413.7532389164 717511.9217705781
1096844273.9881401062 829952.8206227004
1089827063.5726649761 804573.1699437834
1116316816.0784726143 875421.1882457733
1088817884.2670383453 799010.4253988005
1090861669.7354032993 807757.9965152191
1112882361.5158319473 870683.1359691620
1092077158.8947687149 813082.3679274963
1083480339.8887064457 771765.7219228484
1091276247.6690766811 810271.8127279021
1091468867.6391735077 811054.0301684784
1090671722.5387942791 807312.6732015349
1100073282.0159821510 838825.0158235952
1116811013.6639239788 875682.4749279022
1088161278.9383819103 795252.5918283202
1109747484.4620797634 864875.4645366669
1104406650.1359446049 850773.2997150421
1080265719.9858374596 751828.1714464325
1076418735.2891795635 722884.6117555994
1080287937.4634757042 753680.8047646881
1079913263.1165187359 748395.0971419241
1080727535.0470917225 755514.7845827240
1080749086.1825685501 755940.9124056000
1085167378.4759986401 781411.4657220580
1085963451.3169341087 785512.9622716643
1107362356.8924546242 858589.8713321686
1079234002.1893663406 742590.7030364897
1077002516.1375954151 726799.8737363245
1083461054.7241058350 771000.0922247070
1100122084.2051687241 839009.0125276968
1083803699.6935074329 772483.9645119766
1085956341.3066961765 785461.5828771330
1112488758.4948976040 869707.2827892303
1112325837.6075539589 869595.4163036346
1087609844.5528454781 793547.0191812254
1091724715.6527380943 811435.5046172477
1088940632.3617618084 799188.0080632903
1114695494.2989623547 873341.6210975647
1076254421.3554561138 719357.9985165651
1083995414.0350346565 773494.0876318115
1089025971.9296834469 800147.8328180052
1083184026.1953048706 768819.9776055242
1089613701.1632747650 803310.3836736418
1113325976.2459700108 871009.2276134491
1085798855.0426423550 783989.5690469481
1116248464.5971641541 875313.4843273163
1082748726.8161768913 766838.6712709564
1086813225.5944597721 790471.4010553099
1097549773.6183178425 830875.9177296340
1102160341.4077422619 843691.6010591909
1086076319.9297997952 786066.2116002776
1086349065.4919133186 786308.8100442626
1100545620.4494268894 840566.9170687124
1080532187.0038015842 754680.9646508123
1099702659.5942335129 838419.8784639761
1095137858.9293897152 824003.0008277344
1083000274.7831785679 768675.1805169012
1098059435.2832243443 833408.1618883535
1103718339.7618722916 848283.6524372101
1082116142.8223817348 763710.1392723944
1094643059.1709451675 822918.9242286133
1091335284.5585279465 810381.3201999115
1100384117.8890364170 839871.9955294058
1089328100.5506176949 801321.3215856291
1099171116.0941364765 836622.7909303084
1095647818.8994362354 824737.2877984047
1087512463.8326601982 792912.4248361327
1099776053.5835483074 838420.4657655135
1112004309.1041982174 868042.3374462128
1083294666.4565761089 770074.4236055511
1099298924.6761612892 836856.3598695174
1107927483.1446473598 860754.4939708710
1111102122.2475137711 866670.8712902069
1080938618.9179871082 756144.0493752386
1088209877.1960191727 795462.2852172591
1077896606.9389469624 734631.0034156936
1087069384.2609143257 790675.8520822264
1107793169.1521110535 860083.1240673065
1085942619.4242653847 784753.3041543700
1100256172.0079357624 839172.8446199819
1104574186.4159100056 850983.1293964386
1078650370.3823621273 741548.4342083986
1076360083.4264028072 720613.5365269806
1092414684.0790498257 814457.4168185638
1101055504.2872581482 841592.2543489859
1081139171.8970160484 757864.2023217108
1092028458.2795641422 812171.2431563782
1110440817.8611891270 866369.4175853729
1102655141.1661875248 844775.6776583120
1102368955.3719928265 844655.9563448355
1079317143.4634280205 743718.3486873533
1085622991.6712224483 783772.2218942381
1101408098.7477450371 841944.0064546987
1084891167.3559422493 777850.2166944641
1088105952.0088376999 794811.0192174651
1076196407.9250075817 719336.4882419164
1091226059.1048099995 808879.4512147643
1105154779.5728058815 851849.7874851227
1114144708.8577733040 871799.2461357117
1082152033.7622618675 764421.7337929632
1112754552.9338057041 870449.5670299530
1089447324.9261922836 801418.5920381285
1097898737.3890833855 831309.8862166181
1081816513.7792229652 763065.2982488769
1079096590.1512386799 742248.0314208891
1078587315.0767500401 739896.4236175444
1101537826.8851408958 842962.2103121206
1088607277.6547527313 797581.3681592681
1098382859.9307887554 834081.4198775068
1088678107.2915070057 798311.0801000334
1108932128.2443525791 863190.3558483124
1105450886.3281414509 853236.4719638824
1109908980.8841557503 865522.8773326874
1098519891.0493123531 834824.1833052412
1078526672.8017120361 739663.0201751615
1111396829.8838829994 867152.9879150391
1078387657.4066729546 739156.6512185234
1078211683.3895723820 738909.3638650078
1093346358.7244665623 818050.7122706817
1096504516.8928985596 827720.0229973793
1098851330.7635881901 835648.9992432967
1092478291.7755541801 814503.9153232025
1092406393.4083368778 814349.0897616791
1097575759.7061014175 831245.6016554609
1090805572.9653379917 807619.6185865141
1089571449.1590692997 802412.0248689391
1097977375.4864089489 832348.9590163007
1105506681.4542119503 853322.3086032867
1087235278.4146006107 791947.3278722502
1107081261.6309244633 857664.5503635406
1092049126.8385491371 812979.2718104767
1092325192.9878919125 814070.6524855355
1085821026.1208202839 784701.3830938078
1093872769.2197110653 819888.3587645935
1093560561.0901355743 819009.6961268829
1095055999.7377951145 823484.3164641121
1098962514.4165375233 835793.9135908857
1082842335.2598860264 767134.9271370794
1107096084.0228722095 857857.7021465302
1086380199.3510732651 787581.3685617186
1093981632.1076209545 820171.1275023865
1098512494.9260172844 834162.4115004316
1116990201.0798833370 876003.7236461639
1082316281.0251243114 764929.9139611151
1115829623.5555903912 874671.1307201385
1099329297.2739229202 837261.3258833662
1087206035.3221299648 790821.1482934691
1109943904.2829160690 866022.8253307343
1088767063.3223898411 798931.6396722533
1098811569.0424869061 835333.7475447431
1106200567.1046164036 855920.0097732544
1091050715.9846937656 808816.4525527405
1093055966.8718063831 816789.4443816589
1078532940.5858235359 739668.4426605131
1114084109.1122555733 871044.3261623383
1111142573.0946166515 866671.4688091278
1115998866.7954807281 874731.2135448456
1092626133.4530315399 815817.5282420563
1106107188.6469762325 855015.4701023102
1098681869.9831135273 834870.2763533369
1079918320.4100978374 748679.2166792776
1076883547.2699258327 724699.3086152698
1076946005.5089812279 726715.7339082386
1103861800.6053841114 849065.2302036285
1094220247.7331292629 820812.6221530624
1096529956.6872179508 828469.0629696846
1096092175.8760144711 826528.6376767159
1082128770.7976555824 763793.3659035589
1107423819.6835989952 858854.7047767639
1088223881.4015109539 795736.4720333724
1105014537.5230643749 851503.7248954773
1117607973.2258875370 876263.7341442108
1095488848.6835143566 824235.8092598915
1079830594.7555651665 748056.5153853323
1095848105.5283813477 825588.3252530098
1095553945.8790898323 824294.4661831856
1104105694.5931177139 849834.0976982117
1095815483.5265524387 825118.2722592354
1088512519.6637737751 796841.5852308013
1105142346.1050896645 851737.2938346863
1076379657.2900173664 720658.9343560364
1079772436.6724705696 747745.1298567678
1079972998.6583220959 748890.8150679495
1095071891.2245743275 823593.8341946602
1079402122.3048005104 744940.3894163992
1089746628.8172819614 803343.5826406218
1095941020.1740581989 826294.7143673897
1107113518.4937417507 858253.4361400604
1088628473.9697074890 797744.2489270903
1082688688.3667457104 766417.4637505438
1107994855.3580422401 860818.4715366364
1108419431.6151978970 862946.2281284332
1079136216.1135859489 742470.6671578202
1078774328.1284487247 741998.0072447683
1096462838.1748840809 827647.9273190498
1109128990.7689919472 863855.7980175018
1084694361.3176517487 777055.9335768148
1105765836.8993587494 854175.4532413483
1103375535.8680338860 846318.9735736847
1096143394.1480429173 827351.0970578194
1108951697.8472013474 863627.5320873260
1105844505.2905783653 854399.4842472076
1084758888.3617846966 777629.4237832762
1097369449.8349006176 830254.7722544447
1116992996.7545280457 876252.9138927460
1081491185.7403640747 760336.8629815008
1081056478.0968663692 757466.2101170446
1103196579.0793995857 845835.8251361847
1106051954.9269056320 854984.7340030670
1105920797.0933847427 854506.7858219147
1081229187.0778453350 758411.0696751501
1084162522.3836834431 774864.2720994689
1103447345.0602052212 847255.4375019073
1102899538.6817693710 845095.6400470734
1111396034.5785846710 866784.4662609100
1081331017.7276585102 759685.7068859960
1105414644.4885585308 851904.4771366119
1084573725.1419734955 776230.4585360214
1106849662.6946685314 856542.4223613739
1084592331.7607336044 776602.7627352402
1082059308.3245050907 763402.8556191351
1084803043.4256851673 777638.5904940292
1083247576.4496927261 769086.5151815154
