499601749.9323831201 2580292.5611572266
499211689.3503919244 2552103.1896362305
501007135.5099672675 2674009.6166992188
500208783.9921987653 2627760.6964721680
500054062.3022269607 2614205.0410156250
500715763.9270161390 2655649.0935058594
500073071.6989709139 2616582.5243530273
516069351.7102037668 3249179.1696777344
508754488.6679413319 3030962.8254394531
496837407.1700884700 2335645.1135253906
497146905.3309315443 2363770.8264465332
497015506.5515325665 2353441.7867431641
497115693.8043532372 2357267.8283081055
497099569.2706961632 2354070.4733886719
497162107.2484002709 2370089.1725463867
497632839.2750009298 2413468.3027954102
498167600.9603958726 2467262.4670410156
498225625.6532588601 2475233.0392150879
501905863.6480222940 2734243.2678222656
504465305.6682731509 2850853.5412597656
504687255.9334734678 2863955.5588378906
509877618.2644723058 3061498.8620605469
519019106.7943450809 3320938.3217773438
518526224.1168360710 3316109.6264648438
496886318.0604463816 2340227.7595214844
496873763.1770490408 2339274.7004394531
497288955.1268109083 2383310.4849243164
497399454.6741942167 2396854.5729370117
497898087.6069651842 2451361.9950561523
497682598.2024119496 2424734.8490600586
498387476.9515662193 2488156.3026123047
498658366.5140885711 2511049.8206176758
498948560.9051843286 2523846.3679809570
498792892.2363947034 2523205.7283325195
498879582.7264209390 2523478.0227661133
500326401.9653629661 2635633.5885620117
500555630.2124730349 2643907.0195312500
504796322.0406932831 2871204.4653320312
504512140.4347535372 2859168.4697265625
504055010.2836797833 2841142.5468750000
561402627.6965363026 3651079.4282226562
549124701.8436025381 3553879.8212890625
550703029.3143553734 3567053.6171875000
496908650.2614657879 2344236.7355957031
497732212.4874190688 2428963.5576171875
497783791.1905764937 2434029.7583007812
498425191.5505859852 2489740.8328857422
498517364.4324575067 2498206.8963623047
499001064.1051810384 2535836.8934936523
499044686.2828429341 2544431.6735229492
499491268.5499296188 2572650.0344238281
501368401.6656500101 2700588.3741455078
501149851.2139070034 2685644.3515625000
508712755.8812070489 3027177.8933105469
512485135.6380180120 3137568.5981445312
507060311.0147538185 2972776.6782226562
496907707.1663742065 2343918.8991699219
496994899.9838235974 2349610.0709228516
497705323.8888220787 2424808.2426757812
498972685.0689119697 2532784.5828247070
498551272.7130085826 2501988.6292724609
499523155.4972568154 2573445.8469238281
501301170.5998590589 2694510.7230224609
503713570.9990227818 2822038.4287109375
505294264.2341380715 2899346.3422851562
508661501.4250504971 3021969.3479003906
506334288.5261857510 2942489.6381835938
497424920.8702831268 2397074.8926391602
497366909.4806286693 2392371.2609252930
497669027.5524247885 2421769.6149291992
500512803.4305146933 2642911.2635498047
501359334.3024815917 2695300.4268798828
501777027.5976077318 2720768.3468627930
501834161.1185213327 2728312.7102050781
501117281.5204166174 2682019.4224853516
502185325.6420324445 2738513.4052734375
505004383.3369228840 2879375.1840820312
516939411.6553308368 3270638.1877441406
514567399.3795050383 3196427.5954589844
501757973.2755672932 2717667.9588623047
500185214.8444197178 2621696.6307983398
501486230.5349608660 2705430.4215087891
518991440.4790533185 3320207.5878906250
512648881.5392295122 3143534.3723144531
497675883.9307731986 2423117.0731201172
497520104.5358794332 2409633.8898315430
498305301.4188938737 2480710.7925720215
499276294.7615670562 2555710.8132324219
499541650.8475198746 2574101.3049926758
499871554.5118168592 2601706.1387939453
501447345.0402336121 2704465.3448486328
508753228.6784338355 3029331.0209960938
498299934.5687361360 2478697.9143066406
498726266.9990653992 2515519.8430786133
498357291.0656091571 2485270.8104248047
499673432.5599760413 2585702.6480712891
501403990.5360114574 2703021.0001220703
512634138.6145759821 3138643.3315429688
497238073.9459342360 2380073.1416625977
499273612.2677271366 2553930.0041503906
499779017.6758044958 2593120.5487060547
501803477.2659167051 2722859.2180175781
502103085.6430835128 2736103.9838867188
507063404.8205258250 2977837.8662109375
497397203.3971128464 2396810.3413696289
499664264.8392661810 2583932.2973022461
504488665.1759187579 2851507.1647949219
498029777.9178754091 2455400.2239379883
502653508.1234168410 2759101.7705078125
497454305.5296147466 2403097.5908813477
504586680.8455099463 2863838.1342773438
500632638.0156046152 2650170.0950927734
502200649.8019781113 2743128.4423828125
497763117.8258787990 2429014.1513671875
507312652.3449411988 2991099.0009765625
499550818.5682296157 2575871.6557617188
505998531.6284434199 2931265.4116210938
503752881.9858442545 2826561.0991210938
510129541.8283554912 3067605.4133300781
499576176.4967348576 2578369.7930908203
500698785.1095055938 2652520.7808837891
499746326.9443430305 2592197.1610107422
500810859.3097972870 2662740.3511962891
500580905.5422589779 2647288.1380615234
529716475.2363087535 3443725.4970703125
500453022.4012767673 2638530.9020996094
502727745.5923763514 2768888.1381835938
499671541.9856672883 2585629.1109619141
501033421.1242840290 2674512.6065673828
502418961.1278096437 2756703.4146728516
505146545.6103257537 2887537.7202148438
509860585.4346303344 3058713.7917480469
507672428.9987703562 3004897.7395019531
510503254.8468418717 3082354.6335449219
499474367.0911402106 2570791.6711425781
499951716.9740770459 2603219.4459228516
503132721.4899434447 2787709.2233886719
506608479.9762926102 2954313.1176757812
500577278.1096079946 2645511.3153076172
505778780.3073210716 2920532.1831054688
507358396.1497514248 2992610.5485839844
499243625.0692012906 2553454.2294921875
507514527.4894000292 3000414.3540039062
507245622.1448584199 2990117.8032226562
499014289.6949347854 2537665.4971313477
505620361.8274452686 2914579.7861328125
499711533.6838816404 2589875.9918212891
518458503.4457692504 3309495.3300781250
510613597.8468640447 3085763.2204589844
582334331.8104994297 3774564.9418945312
499416482.8862188458 2568043.3342285156
527779526.1143595576 3436198.5541992188
518872245.0653745532 3318319.5595703125
527623220.2098978162 3432871.2543945312
567989969.4431338310 3685193.0507812500
537397713.3916159868 3472358.8681640625
512763666.4205467701 3144640.2443847656
510232682.8141606450 3076156.5549316406
519251089.4991242886 3333492.5942382812
499375941.5903847814 2562657.2872314453
529350348.4453655481 3441425.7695312500
521365700.2729722261 3355755.1196289062
514624327.7761956453 3201134.9060058594
506750489.0327949524 2962594.5742187500
506178090.0898904204 2932182.1386718750
519237917.6019805670 3326264.7827148438
502780731.2904542089 2774778.2812500000
502687590.4214382172 2767054.4746093750
514884120.7490584850 3207435.0339355469
502964884.8973780274 2782315.2714843750
505742148.1928219199 2918614.1855468750
512780348.1144629121 3144845.2192382812
519040779.4082752466 3322308.5917968750
503497261.6904770136 2808124.8861083984
505280419.4516443014 2894832.2921142578
506493981.7270962000 2949541.9931640625
514556947.5010501146 3194932.0002441406
505825692.9870206118 2921986.7348632812
582579413.0498461723 3775860.2719726562
553962509.3684175014 3571755.2666015625
577009705.0887491703 3739901.8872070312
529896700.1821695566 3446867.5673828125
519457731.2884315848 3335645.5261230469
505240764.6658533216 2890529.9685058594
505371583.7323757410 2902835.5861816406
502721747.2898567915 2768118.9801025391
582510754.4814884663 3774614.3959960938
502583116.5176258087 2758672.6412353516
510672140.5381777287 3087902.0871582031
507087332.9215958714 2980730.8408203125
503604051.9025912881 2813376.2242431641
505109445.6783421636 2885269.8093261719
518853689.0191901922 3316429.4111328125
515906122.7842766643 3233345.8107910156
503945809.1242985725 2834766.5334472656
545806081.2642796040 3533437.0146484375
554999136.4618206024 3603182.6904296875
498997792.6900683641 2534869.7368774414
568277526.4429091215 3687260.2739257812
518129150.3964706659 3298957.9604492188
506595538.5727185011 2953462.4941406250
514244131.7058970928 3181159.7482910156
504861099.9064748287 2875466.8547363281
527573426.1709850430 3409577.4257812500
516391265.8459556103 3249413.3583984375
581838863.7543907166 3765190.1069335938
505537939.2679389715 2908963.2341308594
515427516.4598087668 3217426.8811035156
515031704.1124790311 3216252.0109863281
503005975.4939607978 2783524.0201416016
502199719.3359537721 2739622.0417480469
505034649.7437390089 2880262.8151855469
502289754.6928700805 2748278.6682128906
581869012.0642786026 3769489.0512695312
542887983.5264343023 3530672.6494140625
531069887.5518325567 3466170.4916992188
503193586.0266991258 2791103.5244140625
504733865.4122471809 2869046.0378417969
541458784.4227813482 3526664.5048828125
534953832.7576086521 3468369.0131835938
504650719.7839626670 2863916.0300292969
509080765.6894543767 3036608.6909179688
504172181.1369931102 2849419.0473632812
526596471.0207417011 3394813.7968750000
573808751.3953130245 3717454.5117187500
503273815.0356515050 2794382.6928710938
510626834.9267640710 3086175.5385742188
576334868.5961178541 3738902.1577148438
575935298.6007432938 3735767.3637695312
503790436.3970525861 2831689.7392578125
530140496.7429377437 3454660.8671875000
505554463.9351664782 2909064.1022949219
513354663.2765087485 3155211.4211425781
527108127.9297023416 3403375.9057617188
510473314.6287587881 3081765.8032226562
508110755.0697129369 3019893.0871582031
581830055.2640880346 3762757.6225585938
515713466.8007774949 3227955.1333007812
575102139.3815298080 3730769.6069335938
574918059.9973944426 3728768.1206054688
511423974.2441233993 3106899.7709960938
529851497.9551171660 3446764.5141601562
529739768.5912421346 3444331.6386718750
513066339.7096908689 3150549.2526855469
512875801.9157255888 3145675.8591308594
510769810.7408226728 3092082.4645996094
565580704.7172547579 3654813.7709960938
515827990.3787496686 3231276.2080078125
515644408.7199248672 3225499.9653320312
509222993.7349547744 3044999.9384765625
511572582.2963303924 3123513.1462402344
509310532.1716101170 3047351.1127929688
507922195.8055950999 3012986.9953613281
508701156.8040999770 3022496.2165527344
571901111.9818743467 3695166.2846679688
571709595.3820763826 3688823.1372070312
511249115.4905464649 3104184.2399902344
511020484.9872289896 3101442.1872558594
522959794.1494885087 3361609.6723632812
522798233.4369172454 3357240.0087890625
512986495.9116166234 3148304.9819335938
529960097.7506828904 3453022.1269531250
511238894.8668921590 3103234.8552246094
529319818.2283819914 3436224.3886718750
515577537.7399094105 3219424.2297363281
548080213.0069581270 3547460.7426757812
538963871.5888996124 3503423.2832031250
513474421.5444923043 3163074.8955078125
581771856.3797066212 3752095.8999023438
515569034.3389083147 3218908.2917480469
581541578.5950900316 3751843.3872070312
514279317.7511879802 3184127.0942382812
524045321.5706966519 3362105.3515625000
581279792.0670918226 3746216.0102539062
529799854.5532015562 3445717.2343750000
529914148.4712832570 3448699.1855468750
513081985.8453903198 3150864.4401855469
522118427.3427099586 3356089.3466796875
581193704.3649902344 3741125.5112304688
511354792.4532629251 3105378.1120605469
574041901.9553456306 3718119.7812500000
560987726.9976562262 3650606.9487304688
513604984.0708626509 3166894.8234863281
513249298.9697658420 3153161.5405273438
513279807.3377650380 3154116.5153808594
510130585.7651339769 3070333.6811523438
510138110.6276814938 3071586.7431640625
513840409.7139946818 3171528.1101074219
510356230.5472153425 3077285.9523925781
510944862.3798568845 3098739.7421875000
510613013.1961907148 3082983.4831542969
510396580.9520166516 3079229.2448730469
573495760.0039930344 3697020.3242187500
558930796.7012001276 3610464.2978515625
525633402.3376655579 3386618.7739257812
525426662.6610335112 3386596.4301757812
526208821.1319623590 3391282.5161132812
524940835.2806808949 3371459.4750976562
524699611.0630552769 3367996.8774414062
525312964.5910468102 3373480.3671875000
