592919387.3519296646 1419081.9288619156
592872867.0952558517 1410657.5677632189
617649404.1738852262 1857568.1058102809
595125695.5444489717 1482944.9843585670
595181153.2636843920 1483652.2789752663
592320611.8723540306 1387504.6528558380
599896741.3214846849 1605088.9436250776
591916999.8531560898 1361888.0419931060
595882516.7123806477 1507212.0006511391
601793561.1177124977 1637277.9475779980
594849827.7025958300 1465968.8409336656
615624088.3935410976 1832716.7949124537
597798270.2854461670 1562294.9687956236
601374277.1767475605 1634653.9530101269
610966058.7427992821 1773958.8810448349
640275243.8732038736 2005705.6370849609
603258720.4402266741 1658404.6447517574
610728546.5129153728 1769534.0462794304
602924179.8713548183 1657535.8369822949
596515013.1778291464 1521814.5189789385
607026299.3235133886 1719579.6002333313
594257734.7352660894 1452050.1708639259
596299691.8984966278 1513928.5353094833
597085273.6025815010 1540691.2828191109
596972210.2698374987 1534502.7980527058
591464976.5862103701 1312401.8870150724
601894812.0608373880 1642573.5122752637
612412443.5033415556 1790737.0711806603
591828782.4765573740 1350366.4739728167
608762140.8453018665 1745439.3174948283
600883198.7879714966 1628840.7529063672
613611881.8941316605 1806519.7550682724
591683967.4541159868 1342470.4747100787
592135307.1123530865 1382343.1902526203
606115478.6220663786 1705524.9133436829
594372762.4281021357 1457006.4357976313
592569221.4442816973 1401489.6383117023
591653661.0846681595 1325985.8692538419
622398679.1624454260 1905607.6446094513
592852334.6986665726 1406426.7532490587
598547703.1543785334 1575275.9721671790
597746842.4559063911 1553008.9724575840
626862945.0544068813 1945508.6215820312
600068027.8935035467 1611914.7723918408
603695561.8658865690 1664579.1801868379
598148176.9818381071 1564220.3935087584
597528689.5019516945 1544207.9567305222
628287703.5671445131 1957366.8471374512
609659792.5052051544 1757334.9079368927
597558040.2180205584 1546762.7426259443
593339902.9356858730 1428878.9447310562
598526449.8577932119 1572544.1823271178
626602476.6490417719 1944365.3096160889
622054742.8523693085 1901131.8120899200
609919360.1681255102 1760489.4426048615
602229395.8956007957 1643643.2186084688
642775424.5559636354 2013462.1993408203
599646911.0912303925 1596842.3995097652
592599186.6893705130 1402493.5817880279
619118755.4141182899 1874539.1236128993
600437524.0247724056 1619324.5975452363
601173659.3192713261 1633902.4766307324
608850684.1399085522 1746346.8508385040
600632713.6517156363 1625141.2410960644
636526491.3667663336 1993523.2668457031
606277110.0579235554 1705556.9482656126
600827215.2805991173 1627681.7976489961
610401356.0302370787 1767487.9020775177
604060513.2561868429 1669236.4722524211
600749056.8203452826 1625280.2888599336
602617456.3180806637 1651400.7693897188
614809590.3897038698 1822268.1122037135
599474083.3330119848 1595783.0710090846
599257203.7008681297 1592739.3742814213
593404358.6394453049 1429753.1875289078
592359504.7671419382 1394393.8396615630
608948427.6679995060 1748096.8998802521
598186210.5965435505 1571489.2925008200
608241897.4262173176 1739875.9082115509
605931889.8012002707 1701572.2198439047
622115571.3502870798 1902081.1592578888
596782747.3520045280 1526452.2743574753
606987985.6628651619 1715371.5900221274
596612280.3937065601 1525856.1107326597
614661270.8084963560 1820337.5355435573
627478714.7168219090 1951766.5359497070
610549675.6114445925 1769418.4787376740
594685974.0561115742 1463983.9436687725
599651024.6597675085 1600033.7223343998
615901730.9447146654 1836974.0784207545
615823381.8016164303 1836210.3931790553
615856155.7455972433 1836963.3643704616
630969696.6194566488 1981014.5596923828
593600546.2532532215 1433515.8360274429
619380519.0292093754 1881270.8929501735
615192750.6808190346 1829286.2393704616
614302092.3465015888 1814372.0148831569
605592225.2365871668 1696970.0992384360
609419919.0924001932 1753261.1469505646
598627318.8812587261 1578509.1610868834
617454039.6229902506 1853329.5362912379
619805079.3096779585 1883861.4255429469
599168962.8855879307 1591593.1424909085
605730816.1903139353 1697231.5307569907
622072124.4253617525 1901147.5796680450
594300182.4967287779 1453151.5667675133
605903100.1913126707 1699002.6135931504
615934314.2058510780 1839364.8731595241
594181670.8771214485 1447771.1523711367
622127413.0640412569 1902792.3916797638
619277015.3293644190 1877430.8704587184
615704741.9214338064 1835745.1169034205
600055421.4679205418 1606004.4506946504
607542771.8677488565 1725995.3689049103
596207119.0161794424 1512265.9407339590
594093940.9111235142 1443495.2619219406
593725686.1400980949 1435073.8194968386
594253754.6749924421 1447939.8225204630
612477797.9431843758 1790900.8140329905
602411454.5139764547 1646234.4988151491
591592353.7418996096 1321102.0984408536
607181963.5308303833 1722768.7616796982
616462378.1861642599 1845073.7549039088
593910029.9991031885 1440212.0167510195
595561826.4912545681 1489509.2955049770
595237845.3265560865 1487803.1830019252
621803224.9492805004 1897683.7199268341
591568814.6831307411 1315546.1909091154
607839007.8367465734 1729207.3387938035
616581248.1057300568 1845945.2249966823
616082633.7870585918 1841295.4498196803
602188040.7999457121 1643262.7089725435
605993591.6183028221 1703553.7341223252
594873579.0001193285 1467511.8285078304
593149397.2948422432 1419404.1676816626
631783159.4145805836 1983760.1671142578
595499030.2656823397 1488947.9207213419
599600095.1158105135 1596343.7437225282
617905138.8290696144 1859719.8639178462
623812803.5178492069 1918239.7029895782
607488436.7065110207 1725442.0136480820
601696140.0840166807 1636902.9669853151
607864245.6269173622 1732521.6930704068
617466859.1825494766 1853496.6627560817
642644435.8961821795 2012421.7457275391
615654562.3944691420 1834134.9182492457
597407747.0113362074 1544054.6341238171
608156762.9483493567 1736380.9484415005
622536414.2827306986 1906253.2946338654
622873888.1933878660 1912120.5629749298
642023626.1310881376 2011945.9454345703
601504898.0544856787 1636011.3587146699
622544788.4743126631 1907762.3537158966
630775079.7124301195 1975881.1145935059
622242057.1319153309 1903582.9999561310
607776019.5825661421 1728592.6529796936
622733187.8900132179 1909545.8409290314
599294658.9612877369 1593158.3000321537
595586784.9063986540 1494014.2535890834
596376242.7124108076 1515594.4909314194
599688479.9201871157 1600452.6480851322
630848966.4272208214 1978594.5486755371
599273616.0704206228 1592957.0479874760
594873649.3334960938 1481317.8603090541
617677040.5640704632 1857963.0881711207
599847457.1545128822 1602609.3090043217
616439808.1352702379 1843758.1622678004
623211788.8294506073 1913314.8829001188
635705143.1922304630 1991287.5119628906
616306141.5143322945 1841672.7993928157
617534536.4958449602 1855268.3531247340
617158150.6877607107 1852617.1045895778
606702798.5864661932 1709835.4289915711
604280316.3097307682 1672848.3687749803
602797941.5965191126 1652210.4506674334
635827658.6974149942 1993053.7971191406
614303290.4871840477 1815822.4177260585
629019736.9358557463 1965235.5998840332
624270721.1123654842 1924232.9555777311
618311509.3813401461 1866300.6584836207
613136683.6979647875 1800829.9839381278
623657735.5818812847 1917361.5922964811
624800818.2205477953 1929381.7282828093
624466613.6564972401 1926647.4358023405
632175754.5746583939 1985572.4730224609
612839094.9067772627 1798656.8637599051
614728980.7752578259 1822154.4731599055
614702051.5003730059 1821011.0499421321
612499430.3421645164 1794009.7958888113
628708315.0859255791 1961745.7085266113
612192596.8847345114 1789248.4260767996
631884705.5516928434 1984999.7342529297
605207448.7078183889 1687571.8842034936
632819109.6488318443 1987435.5863037109
631677239.1483361721 1983706.2525634766
606397779.0307551622 1706503.5904885232
625624333.2157762051 1936272.1571350098
626284249.2377988100 1943620.2994689941
629639890.8887920380 1973218.2872924805
609343501.8947834969 1751305.5355982780
609124934.8987500668 1750026.9042639323
615191775.1871675253 1827775.1915036403
610797869.1409038305 1770649.8489665389
623822873.0773446560 1921716.5420035124
625542685.7127667665 1933489.5353088379
635252243.6869146824 1990810.7397460938
630445427.3547685146 1975120.4288940430
599100801.6446715593 1590310.4954119176
628323310.0929898024 1961652.0229797363
628848166.6703870296 1965032.2317199707
627167313.5485382080 1948047.2596740723
626871228.3092817068 1947330.0609436035
624223323.7436846495 1923651.2273062468
625904532.1280145645 1938323.9736022949
628813525.2286945581 1963403.6599426270
593534218.8240714073 1433358.1621255241
606844764.3415998220 1713377.8822365701
626040237.6940494776 1940612.2397155762
606505099.7769868374 1708762.7430764139
631499281.5646531582 1982714.3565673828
629291327.3568857908 1967056.7055969238
605833554.0302603245 1697651.0982628763
623288405.9076005220 1914885.4952505827
619345526.4491251707 1879015.9491025172
620669174.8694634438 1888405.8208066188
618774296.5886418819 1872660.3852292262
627146218.6701643467 1947612.1403503418
605327542.0925441980 1689424.9074364603
631065346.6838723421 1981817.0285644531
641702034.2843612432 2009288.9808349609
620419035.7277842760 1884945.6701718532
596155793.4811010361 1508568.5222149752
602230776.8029230833 1643651.9773190618
630000520.9295877218 1974990.5377807617
629429291.0691045523 1968651.9236145020
613701030.1216294765 1806553.2843350405
614053445.0733740330 1810379.4629239077
596950056.9220180511 1529762.9581285082
604253782.0699918270 1670332.0745949820
627673180.0416350365 1952666.3828735352
620468800.4015549421 1886104.1449338160
635443928.4757406712 1991056.2182617188
619271091.9577882290 1875876.5693722926
621919061.9822689295 1898794.4384932704
623738287.0683442354 1917591.0129507780
610420371.2027698755 1767609.3028057434
618886986.4604411125 1873543.1912900172
640530815.5296103954 2007623.0457763672
602284072.0305919647 1644587.2792861983
625441438.5502532721 1932252.8617248535
604217708.0094412565 1669609.9901454970
617932209.1725066900 1861854.0141354762
611247567.5410941839 1777722.8711084910
618217350.9260509014 1865373.5817624293
611042645.9629724026 1775211.9407496043
611484167.2634938955 1782083.9414209910
604342346.3527427912 1676249.0521480143
618460273.1528204679 1868284.5692197047
622009312.9761570692 1899583.8508018851
617037854.4744158983 1848695.5750384517
618519065.8756772280 1868425.8304501735
603631763.9917219877 1662632.4864403307
621300725.0874645710 1895147.2276669703
612644979.6915575266 1794911.4590176577
612012231.2438070774 1788014.3793177195
617592544.6078939438 1857206.9462643825
604697557.9375222921 1679116.6587378383
614380632.2550424337 1817829.7077164240
618675982.7905817032 1870047.8541318141
639640768.8813384771 2002502.5084228516
611442725.7079482079 1780091.8726191111
641713953.2982823849 2010660.5299072266
639116529.5453550816 1999746.5809326172
627427260.6965383291 1950838.4499109387
639769571.9792563915 2003272.5150146484
627321777.1170173883 1949928.3522452116
605167682.3189995289 1684437.8694907725
639855325.9231449366 2004650.0689697266
618196889.2546255589 1865191.8047771947
641516909.0076541901 2008555.6241455078
635070068.8224688768 1987571.8519287109
635155652.1694184542 1989555.5228271484
605048612.8482469320 1683018.8144756854
620866824.9146711826 1889800.2848730460
641202021.7975745201 2008521.2535400391
637106710.0096125603 1996530.0203247070
640407446.9353866577 2006096.3616943359
637022542.6316269636 1993606.5669555664
637448635.2067469358 1996773.7811279297
613989071.3322470188 1809211.2252527778
638944170.5854986906 1998256.8092041016
613759459.1013966799 1806558.0138206482
613884626.6863491535 1808313.8259849548
614096518.3639626503 1812789.8994712830
604907231.6636016369 1681734.7160349786
637071937.7922117710 1994080.3941650391
637502012.9261437654 1998024.8807373047
639384046.0178312063 2000672.8319091797
