215652274.0779430568 4765008.9667968750
222386286.5090906322 5028998.7880859375
216460566.7803507149 4823613.4023437500
215648898.5578202903 4762687.4238281250
218031438.6196250916 4897508.4482421875
216012478.2215896845 4792565.7597656250
210733292.2107142210 4145573.2187500000
210947868.3932870924 4196132.8300781250
211351023.4418998659 4266453.3808593750
211390009.6150712073 4273503.6660156250
211132546.9955462515 4237641.1250000000
211246506.6898100674 4251901.9804687500
211171692.4948479235 4241312.0917968750
211500525.7093789577 4287439.5468750000
211907621.5206636190 4351921.1933593750
211887288.0173949599 4349901.4785156250
212210893.3357490897 4402205.9785156250
212150097.1538200080 4401420.3300781250
212280310.7668807209 4422767.0507812500
212259676.7523537576 4420900.6074218750
213262979.9363349080 4560082.2382812500
213470383.4293262064 4583101.8046875000
214212626.4483533204 4651284.1269531250
214691375.9232148230 4707555.6308593750
213934182.4935314357 4629223.0253906250
217918562.9703133702 4894364.3535156250
210741275.8032967746 4148906.7812500000
211044847.1386657953 4219501.3261718750
211291831.9344342351 4259346.4726562500
211552675.8890570104 4293123.8203125000
211560111.6209717691 4299267.6445312500
211838861.8307415545 4341934.6718750000
212619173.3813927174 4469043.6738281250
212806130.4322561622 4488320.7460937500
213158717.6598519981 4543418.8867187500
215430517.4472078085 4741980.7949218750
215084184.1870667636 4729346.3437500000
215364406.2012787461 4739529.7714843750
218634211.0254286826 4925895.7597656250
215817710.0079595447 4772738.0058593750
219955150.8462274671 4983595.6347656250
210968075.6276265979 4203766.6855468750
211546487.1946298182 4290576.1503906250
212252060.9606164098 4416697.2792968750
212233101.2933499813 4413644.4394531250
213373332.2627056539 4574192.1503906250
213729560.6214544773 4605586.7070312500
215099041.6631500721 4739022.8496093750
214950838.8170320988 4727751.2792968750
215716094.6466078460 4771565.9160156250
211012716.3916707933 4206207.9140625000
212520897.1883210540 4441634.9042968750
212971572.0631155074 4513393.8339843750
213654897.9864231348 4597497.6738281250
213831709.2468389869 4624775.3710937500
213816839.5907446444 4618502.9687500000
213985110.0684584379 4639939.3535156250
214328629.2164678574 4658767.3476562500
218889732.3976904750 4945408.7011718750
218668334.4409092069 4938941.4238281250
211013396.3835425377 4206222.8964843750
211631892.9638140500 4310994.8417968750
212723942.8690558672 4477765.8164062500
212586575.7043862641 4462995.9394531250
213423923.5320685506 4580976.1347656250
213414270.1324870586 4578847.5019531250
212791564.2036591172 4487725.4414062500
213886306.3141600788 4628123.1562500000
214132038.9674207270 4648006.4238281250
216303471.3921220005 4815571.3671875000
215844486.4824880064 4783317.1660156250
217130270.5203945339 4862840.2939453125
210698646.1357557774 4127599.1171875000
211546845.5418514311 4293112.2363281250
211834953.7191963494 4341814.9082031250
212405206.0045865178 4426060.6406250000
212527708.1714429259 4448418.8886718750
213232021.8077232242 4553979.9257812500
214684502.9393930137 4706664.7226562500
217632121.7421419024 4880514.3652343750
218100699.9808793664 4901396.9609375000
210886795.6974360645 4180972.4550781250
210964885.1329348981 4203755.5292968750
212188239.2924408615 4402033.6582031250
215548969.4605959654 4757906.0605468750
218518562.8908744156 4911443.4550781250
222557791.0125364959 5036419.7353515625
218620245.9057819843 4920197.9472656250
238947178.9745176733 5248470.6494140625
210888471.5457362831 4185753.8183593750
211124743.7279273570 4232461.9414062500
211061863.8783135116 4227327.1132812500
211212243.6040561199 4251436.0429687500
211360750.7527878582 4270461.1933593750
212405632.7498266697 4430043.8867187500
213738267.1637269855 4606791.6210937500
212908968.8631582856 4496126.9296875000
213791779.7018468678 4613985.5468750000
213974642.1219935715 4635541.5332031250
213821241.3003741205 4620377.5507812500
213799298.6935434937 4614293.3652343750
222171292.1604128182 5023492.3427734375
210922147.5320949256 4190243.7304687500
211055719.3675987124 4221841.9453125000
212211329.1240704358 4411275.6171875000
212788582.2342237532 4482817.9394531250
213576577.5093706846 4591961.0000000000
219708525.0182847381 4968254.5859375000
211113672.7574112713 4232155.9570312500
211834404.2690699100 4340334.1269531250
211787592.7706426680 4336548.2480468750
212539680.3349382281 4457971.0878906250
216975277.1892963946 4857267.3564453125
215484127.3962727487 4746908.2792968750
214871962.7401582301 4713953.7929687500
217752550.3442434072 4888194.8183593750
211112950.2584152818 4228620.5878906250
211022838.5227475166 4214068.8183593750
211479399.8517083228 4283392.5761718750
214624360.4826174378 4699043.2324218750
214855390.6143301129 4711143.2929687500
239213778.1635960042 5259575.6357421875
210817913.3140223324 4161229.5410156250
211280754.6169383526 4253473.2500000000
211773872.1009297371 4329918.6562500000
212537796.7099182010 4449035.1660156250
214274272.7898104787 4656760.8593750000
211187787.5612754524 4242141.7285156250
211344025.9834916592 4260847.0097656250
211642867.6364990175 4316610.9804687500
211735258.4724441469 4328461.6777343750
211908003.3857268095 4353639.2636718750
212568582.1120299995 4462259.6894531250
212617469.3358925879 4468755.1171875000
214617487.4987954497 4698152.3242187500
214532573.2342042923 4680546.1113281250
210819683.4634169638 4169774.0117187500
211028240.9832252860 4217461.2109375000
211022096.4725105166 4211976.0429687500
212102555.9002927840 4393248.2832031250
212148833.7817571163 4394912.6132812500
216414555.0674034655 4822412.3476562500
211534456.6171869934 4288877.7441406250
212098762.9067941010 4391029.3710937500
212668060.6052554548 4475539.1015625000
212767648.5439763665 4481101.7773437500
213152394.5356916189 4539467.3496093750
213628695.9618842006 4595942.6699218750
217032743.8693879843 4858058.9306640625
211277031.1869764924 4252651.0175781250
211695201.9346977472 4324697.5507812500
211969078.1571449041 4362330.5488281250
212464888.7993978858 4437362.1855468750
212223393.2338825464 4413025.0820312500
212003315.5056609511 4373659.6914062500
213937640.5585412979 4633186.9160156250
218344081.7754434049 4909999.0351562500
210771407.2045261264 4154840.0078125000
210953270.8537649810 4199448.3437500000
212038827.2914506197 4375264.7402343750
211865712.6485148668 4345552.6933593750
219614727.8550970852 4955334.4863281250
238371054.5704236329 5238214.9492187500
223195452.6593253314 5073952.1386718750
224748331.8217841983 5100710.7792968750
210929580.9284498096 4194928.8574218750
210863631.5301456451 4178949.0507812500
212397347.5038962662 4423475.9257812500
213331364.8328452706 4562481.0859375000
213062825.7835785747 4521900.0136718750
215481169.6550846398 4745855.4589843750
210774412.6621359587 4160008.9355468750
212453865.7142867744 4430577.9023437500
213133780.8274571598 4529156.1816406250
214455673.8591874242 4677565.0253906250
214381671.8908200860 4673565.0703125000
213536055.1484769583 4584583.2890625000
211786499.8540687263 4335158.0585937500
213674379.0040214658 4604353.5839843750
216714584.7910002768 4836170.4882812500
211347910.8177466989 4260963.9628906250
212052485.0253299177 4389365.0410156250
212828254.4921470582 4489488.6953125000
212908230.2248548865 4495841.8476562500
211684227.2620126903 4319081.4121093750
211624444.7313182950 4306407.2539062500
213753145.6121756136 4613613.1699218750
213811493.1507309675 4617991.3867187500
215489550.9268513024 4748249.3437500000
212930121.9099866450 4498140.2343750000
213606304.2513433993 4592969.0742187500
216093517.7705801427 4795435.5800781250
211163766.8948636353 4239039.6738281250
211991142.7129659951 4367956.6132812500
219940502.0093793273 4983446.5253906250
216813624.0499257147 4841861.3330078125
216558319.3165539801 4827894.0029296875
214243562.4730623960 4656394.0351562500
214106152.7247939110 4644005.4082031250
212920690.1619896591 4497467.3554687500
220217853.9423228502 4992547.1191406250
239102790.2483229935 5259484.5908203125
211604400.5459301770 4305709.4960937500
214026090.5030976534 4642113.8437500000
211941903.4367445707 4356838.7910156250
213521801.9260565937 4584465.1933593750
213565414.2573365271 4588871.8906250000
219833537.4377295971 4975348.0878906250
213225210.8246013522 4547195.9414062500
217219874.1791895628 4875953.1982421875
216900177.7235806584 4856467.9648437500
217059465.3983997703 4859520.2666015625
213536456.8973417580 4585177.0156250000
212838780.7734363377 4493847.9941406250
210853084.0732800663 4176700.6835937500
216252662.4217696190 4805931.1191406250
216198763.2841930389 4796271.0175781250
211825051.5587118566 4338580.1523437500
213069636.7667005658 4528683.9980468750
222557614.4722997546 5032406.4980468750
216856796.2637714446 4855862.1406250000
222025895.2397103310 5006670.5234375000
220243185.4297456741 4996353.0957031250
236695817.0460209548 5176755.5791015625
216246135.2293748558 4804304.9589843750
216129493.8197546601 4795884.9785156250
216395207.6363289356 4820926.3730468750
239412753.7159319222 5260743.4384765625
213223735.8129692078 4544002.2167968750
213687051.2239356339 4604813.0214843750
220902984.6593245864 4998474.9433593750
221040651.9674984515 4999566.0195312500
219823702.5597850382 4972230.9785156250
224899596.0410122275 5102084.2109375000
219778905.8601984978 4969685.1660156250
216330668.1916652322 4819059.2890625000
226051075.4281825125 5125079.2148437500
225592463.2042950094 5114642.0000000000
211806174.8714427948 4337880.6132812500
216257912.5974560976 4807811.2128906250
216748429.9069263637 4837525.8916015625
235984836.5177005529 5175842.6416015625
235590048.1974050701 5170365.9150390625
220021228.3173781633 4988679.6152343750
219837761.7701308727 4978011.6933593750
213493549.3966546953 4584385.4394531250
213615190.1503722072 4593732.3339843750
216219413.7003630698 4802843.6230468750
218983751.6088259518 4946907.0253906250
215441482.1109997928 4742453.4355468750
216716405.8488169611 4836205.3740234375
223174401.3737719953 5054026.6308593750
216073159.6168128848 4792969.7441406250
216236305.9040166140 4803741.7539062500
216285657.6983320117 4812735.9667968750
216613733.6020233333 4830508.8193359375
215619744.5625627637 4757985.2578125000
215469338.9070034325 4743793.2343750000
225149116.8133196533 5107928.6484375000
218548425.4633226395 4919822.3691406250
219827838.6475305855 4973864.4863281250
219999995.8005864322 4986184.4628906250
213931436.1973473430 4628656.5253906250
215813170.2246387005 4771961.2382812500
215495161.8006120324 4750197.9433593750
215523782.5274454355 4752236.9101562500
225461982.9623444378 5114555.5234375000
216394286.8877350986 4819418.3378906250
220126907.6729036868 4988775.2050781250
232679903.5940432549 5133567.4384765625
220153398.9816235006 4990252.9394531250
232656801.3180000782 5129206.2705078125
219991910.5383998454 4984316.4199218750
220292963.4505351484 4997151.3222656250
224505667.6779760420 5096104.3183593750
216232503.2283064127 4802861.6914062500
236826526.3351216018 5190681.6767578125
237174032.9154137373 5195024.2275390625
218111956.7060072422 4905749.4902343750
222895012.9058476686 5051354.4550781250
224455884.1678748429 5082141.4589843750
222810309.5118980408 5050502.9550781250
224319535.2615584433 5078504.7421875000
224949930.1154038906 5102985.9492187500
225088760.5246275961 5103215.1640625000
219677058.1596221030 4958035.4980468750
212953999.7668852210 4500651.9277343750
216272020.9961589873 4810092.1406250000
237816863.2661471963 5233920.6494140625
235003770.8688824773 5143099.7626953125
234660623.8634184003 5138631.2900390625
225053542.2525702417 5103059.3554687500
225180857.7558132708 5113864.3242187500
235883335.7694648802 5175528.3759765625
225157249.0782322586 5110137.6914062500
224921563.6872702539 5102843.8164062500
219458426.0335031450 4947259.2753906250
232050171.2758307159 5127886.7148437500
234460675.2773191631 5134025.3408203125
