947744402.0691568851 1136.4536399429
947672765.6688120365 1063.5670171828
947688189.6410467625 1069.9030587421
947688189.6410465240 1069.9022732125
947716532.1742401123 1100.9849097339
947672765.6688110828 1063.5393243880
947715399.6393874884 1098.0970764964
1161923041.5141580105 7856.6112734675
947672765.6688109636 1063.3792158217
947744402.0691576004 1136.4538431352
948269961.5231803656 1205.9426238215
948236335.7892822027 1202.9622328374
948569413.5157480240 1229.0108562752
948064156.2370889187 1188.5708011209
947724776.8922683001 1118.6604169492
948426778.8334546089 1206.3366284551
947892324.3176274300 1182.4753087940
1110575365.8193066120 6340.1232646721
947724776.8922674656 1118.6603388671
948236335.7892822027 1203.1223108861
947688189.6410456896 1069.9021951304
1161882368.2539341450 7844.3478147388
997090239.2436491251 3160.8969752165
947841283.8492059708 1164.4172679697
947679938.1487938166 1064.6021828869
947793954.3939857483 1142.8298753370
947841031.3865556717 1143.8540092133
947841283.8492059708 1164.5773460184
1035002540.2105939388 4394.3540339672
1161505452.2675783634 7841.4142901301
1161666503.8555877209 7843.7178432345
1161439154.4556598663 7839.0134870410
1127017792.1452443600 6787.3244605513
947693431.3897341490 1083.7107032978
1049201830.8633120060 4835.4816058282
995780649.6630387306 2974.0069103789
947691060.6140755415 1071.9558096652
1161064747.6728904247 7837.9712030292
1061136772.2466176748 5252.9091212111
1105565109.8876850605 6207.5576919132
1105122012.9434027672 6206.9382980876
1109836486.6109814644 6286.9440138624
948359371.7317440510 1206.1103566770
1096443064.4018566608 6029.1238730494
1065635616.8844915628 5393.0312940331
1096866733.0987768173 6040.0198786799
1065671234.8176248074 5396.3377067299
1122417995.0615389347 6733.0081613473
948475778.9486132860 1216.0475625391
1113478248.5173056126 6444.2474229928
1160762851.4561314583 7833.8298370242
966926567.0492773056 1817.7253139511
966650044.8381768465 1797.1394393936
976090110.7759807110 2160.3197374654
1052857867.8918145895 4971.6417305600
948566989.3624479771 1226.3950688022
1028857385.3180599213 4230.3762461102
1028906260.1661682129 4236.1877275860
1012398006.4406428337 3620.6158589672
1012048271.9217424393 3595.2063355844
948983974.1867920160 1243.6836803116
1074853108.4650616646 5686.5093757339
1074420839.7782399654 5686.3987542815
1054888859.4623378515 4996.0229592749
983523931.7751909494 2437.5023110720
1112857704.3310880661 6384.4613532947
1006135408.2488906384 3321.1630914535
1038286727.4988999367 4401.3001830680
948472960.0504478216 1207.6517762320
1116381717.6187138557 6445.4091563152
1118915758.0772578716 6605.6113085954
1161023839.8429255486 7833.9097024798
1106372928.1967594624 6285.6872080444
1105817890.8177831173 6270.0415735347
1160608041.1606364250 7831.6825882792
1015362594.8671377897 3769.6912382410
983450459.1853667498 2387.5165691171
1122502964.9863269329 6758.7536297144
1160349419.2378554344 7826.1225067973
1052213121.9680787325 4901.0238458071
1051907369.1314891577 4898.0467828665
1160193271.7194812298 7823.3922821879
1160118419.5723459721 7823.1251389384
1159340917.1767427921 7815.7609040141
1159878874.5118706226 7819.8126112819
966595603.3243479729 1783.0396276260
1034057441.7094044685 4327.0377414842
1117175678.2965030670 6559.4780983448
1131318482.9295184612 7040.2574132093
958607656.9817053080 1551.2001481280
958478911.5515187979 1528.2550348323
1020317543.7921674252 3917.3027101412
1091718121.6635272503 6027.1218257321
1091219407.2285330296 6024.6224923505
1072399891.5580221415 5615.1503254928
1072168487.6345936060 5611.9167029419
1159333608.3639671803 7795.5848268867
1049050563.9146282673 4784.4165244592
966732183.0073869228 1803.9502790177
1158717053.2309920788 7786.6048793197
1026063375.8553177118 4154.6491070431
1025995982.0618377924 4153.2658419094
1129279186.3733005524 6964.3992170076
1103007924.0974066257 6091.2845896649
1129334031.8583354950 6972.2982784490
1102757403.6900186539 6088.6342572140
1120365064.3908994198 6719.3863952228
1060189883.4990903139 5236.8855914199
1060039830.4402312040 5219.1698143188
1131762741.1278083324 7116.4346325896
1110662531.8919305801 6356.3744383647
1158896211.8444182873 7790.8132914901
1113139722.9613144398 6437.2852330650
1128133136.8928239346 6910.5414872496
1127644325.2643549442 6907.8407512634
965680747.4600366354 1721.8962944422
1071056432.1808443069 5510.2335133470
1158224011.0389413834 7770.2599355578
1136384015.1470048428 7169.0887295364
1072551502.2500280142 5632.8785838621
1073027815.9286183119 5640.4861468809
1156397926.7782969475 7642.3189130640
1117359633.2784194946 6591.2749465323
1124354845.1852476597 6761.4365367919
1131012009.1135573387 7029.0530524016
980292624.7411081791 2322.4166470333
1053787132.2633764744 4994.5338665190
1070618302.6713513136 5505.7246908948
1032564897.1051217318 4239.5222717720
1155002942.3886978626 7624.4528693296
1124642713.2390084267 6776.3802886187
1116976930.0372319221 6499.5888929483
1150414998.1028447151 7385.3705126621
1150339915.8315467834 7383.2002055027
979303803.1100423336 2196.2740967758
1147044000.3451044559 7222.3410395901
1070243957.5061526299 5430.5349174154
1147767502.6436743736 7302.3957901298
979735535.6420304775 2258.7812709362
979548723.7460560799 2257.4030004182
1006175302.8890389204 3379.5481839370
978573197.8924881220 2193.6360417730
980732779.1614698172 2327.0743054124
980148918.9246628284 2314.9402038518
992849138.9755479097 2834.7739169274
974799341.7916712761 2096.8242049885
1002680710.1622263193 3181.6764204266
954612424.4487922192 1435.2147781853
954130137.5328549147 1385.0799037326
954061027.3372347355 1361.7725355980
954137774.1845861673 1395.8118859418
954036781.6091196537 1361.7254389552
954061027.3372360468 1361.9216451181
954061027.3372352123 1361.8240454552
954036781.6091187000 1361.6269548936
1033669607.8416484594 4247.6167165542
954409029.1625770330 1421.1200433690
954623600.4245234728 1443.4539164403
954707661.7783068419 1460.3497766499
985431429.2001647949 2621.4306305291
985023336.6808143854 2599.3822105767
1001934497.9802458286 3178.5438106070
1001220573.9938540459 3163.6793066667
975348410.1793966293 2143.8108536050
1011791560.7819914818 3535.0975370289
957272097.5348658562 1518.4824107447
959774053.0282825232 1562.2083128336
961417940.1793280840 1621.8551968979
961364619.2968984842 1610.3087113480
961530223.9722388983 1622.0015955673
1004747261.1438553333 3267.7067252773
961644318.4429265261 1630.7052621426
962011054.4738607407 1647.3591257891
962011054.4738615751 1647.4328269310
963611163.5092338324 1685.8532390310
963662999.3547204733 1689.5670437550
963827146.5313354731 1694.9966197446
965103194.7252297401 1720.9834579315
965704522.0985984802 1736.9099470014
965988965.6446977854 1754.2720484301
966214577.8351701498 1764.5322732193
966859521.1098314524 1811.6291179944
967672257.8483358622 1852.4700880246
967738102.0881043673 1864.6231668339
968628808.6993579865 1901.2608503832
968426809.8011546135 1884.7550286443
968699875.4424166679 1906.6980475289
969831248.9596316814 1925.4618912335
969914049.7393236160 1945.9129037127
972047315.9261416197 2013.1180449724
972260179.7555893660 2015.2895729917
972113246.3748450279 2015.1948090616
972903822.9203491211 2047.5603862691
973305835.3559699059 2066.0307198728
973355914.9842512608 2066.8157170365
973482604.0382734537 2095.1261364460
973403940.8877819777 2082.8181382905
983249024.9135062695 2352.9667212773
988434989.4070125818 2644.2174585331
989036817.0119156837 2654.8055793292
989854444.2146422863 2662.9358184952
990616509.9598027468 2709.2708796642
991707980.1858158112 2769.3526771998
992259865.0238512754 2793.3787480703
991945466.9784306288 2789.3772709297
992387158.7204672098 2801.7895990011
992209011.5682549477 2791.0258703508
994149138.6775649786 2863.2818799552
994249224.2449014187 2886.7367799660
995157463.0819032192 2905.7303314692
1009082818.0078544617 3462.5628541303
1008579102.8907119036 3439.4047898543
1008369270.9756082296 3415.0184662615
1010123338.8604102135 3469.0168104521
1010125246.0277584791 3474.8458690515
1010613264.0613070726 3505.4045543312
1010421067.2300287485 3484.7691763169
1011116904.6576222181 3530.4339008317
1010818128.3031551838 3524.7675398574
1010698196.5422743559 3521.3127881342
1013976867.0263944864 3640.7446053755
1014166056.6706910133 3644.4619286150
1014177208.5023741722 3646.2549014711
1014467743.9110764265 3669.8906577667
1014300816.5670353174 3655.8502122005
1015271175.1456691027 3683.2775759357
1018461937.6106951237 3847.0910050972
1018198704.6465709209 3827.7810490473
1018531538.5640919209 3864.9522381152
1018492985.4244998693 3856.7261433552
1018855613.2019211054 3874.7645293462
1019161129.6208931208 3884.7438223573
1019199596.5878801346 3895.4359306234
1019177196.0682379007 3885.6451164621
1022466758.7028645277 3953.8287740374
1023114389.6707994938 3993.8523534721
1023927387.1211405993 4028.4054582185
1039900053.3419482708 4411.7520601554
1039900053.3419482708 4412.1548502846
1042260339.2651810646 4506.9885662665
1041907767.8835951090 4503.0606330824
1043406833.8084423542 4523.2156142342
1043491866.7045927048 4525.2895708504
1043587324.2428820133 4528.8320885423
1043034592.5664488077 4518.6059357394
1042700087.0121337175 4513.9078940023
1043390346.3917374611 4522.6148397448
1046551610.9685386419 4643.3282733344
1048635017.7999886274 4736.8684033486
1048127655.2203396559 4706.0834255525
1048052104.5508983135 4697.2659292527
1048514727.1271270514 4717.3136526652
1048224090.3325610161 4708.2908976384
1048940683.8179935217 4746.1426210116
1051023423.2926120758 4851.8846204261
1051358421.1909656525 4860.3366183023
1051068540.2520323992 4855.6215902548
1051313783.3750947714 4858.8397223272
1051690875.1717960835 4878.0506880724
1051673936.1789730787 4871.0063529249
1051433359.0122854710 4866.2742212334
1055808512.9436198473 5005.7246493132
1056045340.8513689041 5017.7658397437
1055602372.6803951263 5003.6162862608
1056381383.9056123495 5038.7129282237
1056981522.5660365820 5042.6872051507
1057095798.8585458994 5056.6732257131
1058121146.2406685352 5105.2625910683
1059836253.4829046726 5168.5540081733
1059836253.4829046726 5168.7059673541
1059416814.8097985983 5155.6995236475
1059265104.0236946344 5140.5497099923
1063393307.4569518566 5314.0981230069
1063402147.6196892262 5316.1380780567
1064093420.3574651480 5321.9236298751
1065052582.2691553831 5333.3621247362
1065007044.5653065443 5328.3929750806
1065943180.4660936594 5411.5445083378
1066248209.1470708847 5412.7527530638
1066758192.7034767866 5420.6419477312
1066331865.2715954781 5416.6806104628
1078337433.6810202599 5704.5268035796
1078336018.7723052502 5692.9313545391
1078236658.7475845814 5689.8750131890
1078236658.7475855350 5690.0279215142
1078559952.3321771622 5741.5347260581
1078801116.3719213009 5749.7788886176
1078236658.7475850582 5689.8994520471
1084017349.3827421665 5785.3368330076
1084017349.3827421665 5785.3553204611
1084235280.4751775265 5809.6500518695
1084163616.0679955482 5792.4175937250
1084163616.0679960251 5792.6813161448
1084214193.7984733582 5797.3008854464
1085149294.1718111038 5840.2618925832
1084779899.7675209045 5821.4130201526
1084779899.7675204277 5821.3401408382
1090576803.6536557674 5847.8711653017
1101586259.5932474136 6058.2998630553
1105097913.5203266144 6135.3755335808
