94879605.2127352655 614990.0162175335
94941605.5038776547 623836.9233959615
95956385.4979265034 683473.3356893063
97846107.9343496412 764499.6694599390
100122671.7503097951 848715.3641662598
94563853.0249331594 598055.1643736567
94924725.0576851815 623076.9524693489
95210474.0018273890 636874.0418612957
96533978.7731157541 708335.7723653316
97125010.5256368369 731548.5047062684
96949937.8365064114 723086.0252442838
98422576.1209490001 780543.9798753266
94515831.7688415200 596155.9641780555
95012751.6800404042 624700.0661876202
98135305.3413031697 774937.3445698023
99028930.8978240490 807450.3498306274
96349199.0759008974 697661.8287724305
97824210.9076980799 762089.3642841578
96198848.4033782482 687715.9787628949
96379291.0477088094 698173.1735169888
97517882.4207091480 750341.0173298120
97535831.5955934823 752292.8635212183
99279873.7083537132 819405.5068817139
94861516.7252339125 611506.0265006179
95481745.4338010252 657272.5519597530
96709155.8698018789 712057.9102238466
99537912.6051489711 830059.4069671631
97513934.5689419210 749882.5583454370
108549752.5805128962 1020056.1247558594
95484549.0710107684 657778.0818238258
95937160.2308805287 681924.6713140011
103759385.2985470295 946303.2712402344
99999973.5349561423 845114.0826492310
95229566.3587799519 645843.4456596375
95298507.9313310683 647897.0088257790
108776256.5033771545 1026569.0957031250
95607004.8966589123 661119.4257876873
97198740.1075227112 731575.9766081991
108946722.8937781155 1027332.1083984375
98535735.6703654379 790458.5064754188
95542880.6379554570 660792.7525327206
95913547.3620666414 681850.1395173073
94684162.5236730874 605818.9478172511
95760160.7720852196 673075.1643636227
97505031.2757276148 748686.6837726831
96805384.8776042759 715710.0004459620
102064059.6479578912 890478.2726898193
98757881.1224474162 797396.1039276123
99291555.1066962779 820085.6162567139
108515930.3757240623 1019581.7275390625
108499871.8213351071 1019370.5332031250
98183761.5919814110 777022.3608567719
97850339.1579386890 765133.8247333765
99989197.5656895638 844655.6236648560
95079849.9188793153 633710.3049659729
96529705.9888362885 703371.8932720423
96922560.5807435364 720701.1454280913
99348141.4555557519 823050.2301101685
98730344.1204527020 796531.3637466431
95119784.8172272742 635445.3519880772
98014414.0581794679 767073.5648456812
97262739.8610338122 737910.0490452051
95813589.2905460745 673152.5283288956
97258647.4527274519 732185.2792815389
99635676.2038172632 832631.6950531006
94379523.2104763836 577690.5354603231
95135844.1612155437 636587.0517795086
96233296.2628346831 694576.8637236776
98770645.1584448218 797854.5629119873
98448145.4513999224 783350.6128098969
95535998.1050293148 658124.4101303588
96805553.2062194198 716057.0353885889
94430512.0963469595 584069.3533687294
98743108.1564501077 796989.8227310181
96810889.5380238891 719270.5110625448
99015089.0112891644 804225.6815795898
94400270.4725308716 583934.1785602272
94701755.4873702526 608566.3013729586
95638494.6267401129 663147.6256532669
95699544.0578910857 669641.8099706173
98074480.1328486055 768639.1958271265
98527390.8437473923 788894.0487229829
101972694.3446728289 889481.2757568359
96392331.9382054210 699630.6720951844
97056930.5455764085 727070.8803641200
94397962.6795058101 583327.3603458777
100445938.5740444660 855471.6205139160
94921104.1727225631 621122.8511185646
96613533.4179120958 709195.3986902237
96313755.9417894632 697083.5644151866
95093658.6908917576 634940.6806161404
95358955.2868067026 648895.7207200527
95901481.7649298757 675942.4074525833
94827894.6690324545 611380.5832468753
101223100.8330923468 871304.4000358582
95349956.9653496146 648243.3371323119
96875754.9193621278 719809.8979883194
94870055.5000660866 611965.2710076608
96074778.1929871142 684425.6146860123
96742917.8685098737 712770.4694279481
102347972.8816184700 893423.2489929199
96105096.0184472650 687545.9155702591
95041506.4526106268 630727.3688670397
96205914.6726676822 688472.5954724550
99586729.6319666356 831985.8256912231
96032179.8470669538 684332.9096765518
94600354.3440291286 598287.6519883103
95280278.5305640399 646895.1609885693
95066388.7831511348 633350.7310013771
97828158.7594653368 762547.8232685328
108607657.0497042388 1022378.6606445312
96601573.5460115522 708696.4152917862
99299685.5902541876 822001.9414520264
94448111.9369894564 590610.0943513189
97849494.0117243528 764818.5718036890
98474355.6846168637 787680.9806137085
98501892.6866115630 788184.4232940674
95867832.9926407039 674842.9755029678
95118409.2846751511 635076.6219084263
107136337.9157689363 986516.9755859375
94748340.0242360681 610515.5318711228
108477487.0112399161 1018688.1455078125
105155670.0966242105 964130.7214355469
108735865.5987656265 1024253.4760742188
94560432.2629811019 596298.6024724906
94737036.2998750359 610304.1495846063
95004279.7024815828 623941.0617227554
95637050.1584312320 662593.6922273636
95623188.9281591028 661718.0793237686
96372935.6378166229 697831.1716089249
95215398.8060119152 637448.8138179779
97269375.6493926197 738178.1303974390
95869159.0299863219 675329.4374170303
96176271.7224974632 687682.3342182164
99372474.6586248428 825475.0811843872
106408067.6015626788 965247.8004150391
94890436.3129298687 620848.3472605944
100447147.3142839521 856373.0812377930
95469485.6367762685 650235.0435446985
100751290.4140556902 863938.6927490234
100044293.9612433612 845149.4268875122
94817818.2257046700 611154.7450683117
96081867.5319449902 684765.7625658214
97806820.9032858312 761388.4121052027
94715790.6073949039 610016.4390487671
97086797.7620173395 728092.7245261073
99036868.6660278589 811718.9656219482
94797294.0711453557 610849.0725865364
98264635.6375563741 780420.1383327022
95624514.9655047208 662204.5412378311
98729005.6251224726 795001.8715591431
97835391.4803967178 762830.6206318140
97487618.8792507350 745841.7662159204
99089292.9053338766 812688.1842727661
98792672.4509567618 801503.7159500122
98721846.3892338425 794736.3129653931
100162314.7122185528 854524.3775711060
99882919.7922940850 843993.3316726685
97028221.2725140601 723713.9805078506
100632362.5825817734 857186.1655960083
97081403.9566280097 727613.3735281825
96091402.4269916266 685347.2589339437
95835048.3537124395 674453.8880701065
95394121.9201157242 649989.6704053879
98775326.0138818175 798895.8018875122
98967466.1810792089 802517.8957782984
98565471.4740580767 790639.5226821899
99870675.5299701095 841638.6402664185
97296851.4232515097 739462.8770557642
107287621.4245344996 992773.5900878906
97300095.3289988190 740082.4395557642
99357244.3025236130 823212.8682937622
98471111.7788695544 787057.5567855835
95627977.7974492311 662239.0172376633
97573275.9175820351 752983.2831684351
97324769.1462654918 740578.0913044214
97739338.6841207892 754878.1634780611
97099495.3031397164 729264.5595633388
95007072.1002722532 624230.7469500899
99063436.2370908111 812274.4296340942
99089588.8278940618 812764.4335403442
94676352.1132541299 602340.9261791632
95181399.5388680845 636682.2080064416
97102739.2088870257 729884.1220633388
95831882.4306547642 673870.9029169083
99344971.0348511934 822363.8722000122
99719466.4293785840 835909.1788024902
98778569.9196291268 799515.7647781372
95358565.2047941685 648674.6726491451
97376185.7209589630 741601.9818378687
99533703.0855872929 825583.5443801880
97604502.0023024678 753058.2255512476
99765435.8559791297 837952.6036071777
101851248.1482293010 886846.0734558105
99372328.9166379571 824252.7948684692
97700712.9218074828 753602.8456684351
98994860.3750991970 803244.9722900391
98713817.2317707539 792596.7063598633
101148879.9992673695 870273.2331237793
97792554.5834872723 755016.5991474390
108297864.9676698446 1017157.3374023438
107063615.6573296487 982935.1894531250
97351317.0933719426 741131.2826010585
97379163.7032175511 743402.0311362147
97709068.6144500822 754765.6856691818
97365061.1718899161 741440.7244955897
98468136.8295003623 786429.4769550562
98718205.8162417263 792951.0173950195
103364969.3800523877 934545.4259643555
97986321.0530266911 765694.3501647413
97641820.5491825938 753310.7110678554
99646124.1952372044 835385.9897537231
96810521.7120406777 716098.4926716089
102413486.9823764414 895395.5503540039
102845967.6245169789 917037.6782226562
103116042.5049499273 926887.4450073242
108345985.5207288861 1017733.5815429688
101441571.5417849272 872187.2375183105
108108834.6588496715 1015028.3071289062
102908616.5831906945 917625.4546508789
101288767.5689424723 871800.9689636230
99009188.2541906387 804066.4126129150
98716874.7673507631 792668.2200317383
96518013.9391329139 699858.7240515928
102812744.3811749667 916689.4725952148
97802706.1967392415 761192.5557804815
102265880.9565513879 891443.3765258789
98679810.0507768244 792125.7268676758
102959877.6485311240 917739.2055053711
102775679.6646010131 916146.9794311523
101807461.9469128698 884229.6990203857
97220966.6841178834 731944.1172568202
102557100.9882050604 904880.3163452148
98111330.1806872785 773397.4024296515
103468611.6859851629 935167.0900268555
107856184.4045597464 1003320.6284179688
103601108.8617053479 940913.1320190430
103045195.4317148775 920836.2311401367
101886371.0436366349 887447.9588317871
97948614.8930377513 765190.3937950134
101446644.3265590519 875791.8195495605
103507407.4871081710 936654.1311035156
101454616.9978267550 884097.3302917480
103756203.7436978072 944060.6038818359
103734161.5622556061 943742.4403076172
99008322.8365246952 803720.1986694336
107906353.3608721793 1009647.7929687500
103285084.7541135550 933919.4030151367
107759479.2325338423 1002540.6721191406
107999164.5911703706 1010592.4335937500
107666008.7845080346 998274.4301757812
106664981.7578356564 971348.3833007812
106546638.2443794161 970944.7582397461
107584774.5682825446 995049.2351074219
107688171.7913074195 1000218.6430664062
106857857.3394671977 980937.1538085938
