541622527.5172544718 6.4354486734
641815874.2360349894 33.5607605570
682010875.4346262217 44.2293805033
541625255.8353533745 6.4364019995
681659334.5515155792 44.1890190206
649547868.3389521837 35.1078005761
682270220.9309720993 44.2434923835
670657014.5682611465 40.6264227975
675916641.8628060818 42.3624484957
648350171.3504531384 34.2376606140
541628334.5066097975 6.4364820709
541808543.3114538193 6.9419778146
541710477.6179053783 6.9289160212
541711435.0705916882 6.9384208181
541644493.1234298944 6.6126576801
541664947.3086656332 6.7840972215
636037335.0956058502 32.1755436411
680078891.3636513948 42.8557552557
541646065.6801809072 6.6127638881
647375156.7037634850 34.1171344418
541733196.9840918779 6.9386838832
658319839.1458468437 37.5957341625
675575916.8766481876 42.0891027533
675805382.0566438437 42.2908650458
653876292.0445723534 36.8662417056
541650395.5273991823 6.6207372977
541797926.8720667362 6.9392632254
541698535.2558832169 6.7842406173
541640830.1237813234 6.4595959701
541664228.0325741768 6.6209205753
648573071.5996435881 34.4969854835
679447555.3147765398 42.8306631508
646816196.7480250597 33.7879089352
542764149.6174460649 7.4759558954
652140343.9342962503 35.4421687951
638691464.0419464111 32.3977179467
675314776.0862250328 40.9196039103
680156758.4599440098 42.9449032529
668104518.9084713459 38.6251643383
652815432.6855804920 35.9168962277
633308236.5586493015 31.9474277966
668160840.6840369701 39.2139347411
648566546.2176898718 34.2865955155
669225323.8497526646 39.3574315548
639186540.9754911661 33.1463857083
641926016.8097593784 33.7617298437
661394470.5120935440 37.7293928234
541880751.1759338379 6.9603007459
541874047.0146678686 6.9513766603
541895067.2329103947 6.9641136980
542042329.2722368240 7.1282202811
541901509.1978300810 7.1090976084
542039712.5722669363 7.1262423383
541972914.9615238905 7.1173477394
541997232.9433695078 7.1229277464
541949226.5137686729 7.1172856602
541982616.1174306870 7.1196945895
664487959.9638025761 38.1547466820
543244739.8373897076 7.9594175704
542131114.5216178894 7.2750596386
544168464.9165132046 8.1510902234
542101620.5769363642 7.2742602807
545453229.2721830606 8.6634088792
545409077.1515966654 8.6283628389
544713962.4655251503 8.4640793249
544016670.5418725014 8.1378708318
554249043.3479577303 11.4364002626
542560745.7701669931 7.4437149182
542620077.5920929909 7.4507946595
546122673.8686711788 8.7760844514
542965011.0043898821 7.5001840442
543080929.7718901634 7.6497539781
543159988.9860135317 7.6555837498
543873646.3592939377 8.0298603685
563584834.2892113924 13.9527648112
547331268.0758278370 9.3605447636
547520706.6319547892 9.3671896633
546998621.0421974659 8.8516768634
547226865.8448977470 8.8613384323
547025306.7634236813 8.8555682092
548140438.8767969608 9.5179554635
548178056.9951366186 9.5353702518
548146878.7565675974 9.5179941619
548196722.4429627657 9.6935210855
559481156.7700706720 13.4246485277
548484573.6768966913 9.9127236046
548678608.9934452772 9.9346879806
548762823.1245458126 10.0744484429
548834100.0310752392 10.0988845983
548780508.0016672611 10.0748029366
566639744.7387789488 15.7980227429
566151164.1945900917 15.6268207889
558240162.1348233223 13.0915921708
550992271.5366058350 11.0326043786
550937290.9701672792 10.8860338563
551394038.3960281610 11.1208447900
551297842.9455453157 11.0693672609
551483328.8709119558 11.2129007792
551501855.6994891167 11.2263941260
551435335.1171107292 11.2070676799
551633998.3976014853 11.3034326111
551528094.8929563761 11.2325749906
551174119.2774176598 11.0603821892
557853946.4085307121 12.4933898156
557002599.5739251375 12.3215410491
554691320.9818720818 11.6070652912
554422020.6432038546 11.4900420239
554466253.2581810951 11.5010945666
554500383.7904405594 11.5031122683
554926563.1013684273 11.7701937854
554794393.3277363777 11.7472726976
555027445.7766071558 12.0563795744
555004514.7843301296 11.9104565559
554949825.7559385300 11.9101687421
554942287.5911507607 11.9081454425
564501278.7199038267 14.7068141910
556461616.7786998749 12.1001979110
556860506.2924554348 12.1816223440
561619268.7490571737 13.6419892883
558075817.9170266390 12.5183007757
570017361.5959092379 16.0846826743
571308707.5905588865 16.5894723108
570918917.3006433249 16.4226161328
570918917.3006433249 16.4226037331
570918917.3006433249 16.4226389594
570786028.0146393776 16.2608439037
571112089.2983857393 16.5157343549
571138748.7039135695 16.5477657428
572034975.0418906212 16.7136079917
572268319.9950227737 16.8175240047
572507906.8087679148 16.8940915150
572224261.5483630896 16.7166071968
574162401.9072999954 17.2497047251
574093516.8949356079 17.1607047394
574496934.8999129534 17.3832913530
574423719.9309912920 17.3728825348
574693881.0702286959 17.6114494073
574962427.6576671600 17.7547732763
574713975.1283798218 17.6259240824
574713975.1283795834 17.6258418391
574744997.2556114197 17.7096412836
575752561.6328898668 18.2621694309
577104067.9929056168 18.3276242725
577104067.9929053783 18.3271612883
577161406.4157897234 18.5056662857
577104067.9929056168 18.3271909654
576947352.3640671968 18.3271569460
577727866.6079381704 18.9242540582
577486380.2325098515 18.5958580182
577486380.2325098515 18.5993992494
577486380.2325097322 18.5951975467
578524876.9709247351 19.1532921751
578552356.9426013231 19.1915244475
578856917.6662708521 19.2386221617
578764796.8163661957 19.2354488108
579774455.5256659985 19.5430417419
579098047.2190972567 19.4180627541
578865111.0565179586 19.3964148263
579902029.0372238159 19.5859421207
580245659.1324769258 19.8019613612
581614927.4941769838 20.0253525771
581614927.4941772223 20.0253529651
582447424.5237401724 20.2478593774
582707025.1766058207 20.3398489249
582849463.5185552835 20.3612942498
582559243.3744539022 20.3127502804
583435805.1558091640 20.4979076252
585226064.3313239813 20.6456804377
586345057.6492846012 21.0659059856
585495230.3556996584 20.7585656290
585495230.3556996584 20.7585794833
585833532.3482193947 20.8702167118
586252332.4765100479 21.0119764776
587436394.5993160009 21.3963597824
587079597.2541331053 21.2913251439
587589632.4097837210 21.4673054019
589262143.6089307070 22.1781164688
587636799.7881716490 21.5742962424
587636799.7881718874 21.5746565669
588158462.4306877851 22.0010596893
587665028.9479054213 21.8621532584
590482935.7124392986 22.4631541281
589437657.0849690437 22.3714904410
589126112.1835491657 22.0854809994
588904250.3294216394 22.0312062090
589091282.1879491806 22.0491652247
592616509.7060983181 22.5622098528
593118659.5346968174 22.7733714873
592649704.3230139017 22.5874596401
593486496.3776767254 22.9144520284
594952488.5603275299 23.5370321770
593543513.1148346663 22.9364345495
593906505.3132343292 23.0383661978
593634848.4194843769 23.0326236968
593372851.4419493675 22.8865977727
594592785.4090344906 23.4235992986
594032405.8737525940 23.2442527334
594285898.2232972383 23.2746282203
594535504.7083727121 23.3502386318
595544166.7187602520 23.6834118887
596601982.9850099087 24.0692541149
595915536.0847568512 23.6891844038
595936557.4272921085 23.8053143590
596477023.3627401590 23.9020483604
596297670.4485350847 23.8716933080
595932065.0832505226 23.7967578828
599235348.1644240618 24.4991488459
599235348.1644247770 24.5003597302
599235348.1644245386 24.4992594880
599403237.2398484945 24.5196594214
599403237.2398483753 24.5196260689
599889818.9452179670 24.8197986697
600334881.9191759825 25.1320017534
600212219.2286604643 25.0968932542
600474929.0342708826 25.2298294170
600600528.5866626501 25.2665812064
601844024.0819613934 25.5367792861
603194077.8294225931 25.7853457043
603707607.1063511372 26.0164470594
603639763.6291306019 25.9847749001
603596045.3616923094 25.9324570506
604158041.4308992624 26.1160487067
604695043.7536846399 26.3548197026
605283346.5518207550 26.5039763535
605283346.5518206358 26.5039674240
605289450.3162783384 26.5586862591
606008896.3295321465 26.7702208310
605793464.0379614830 26.7324372830
605914911.1095794439 26.7664686942
606391120.7188863754 26.9314395829
609242139.9457485676 27.7136312043
607653582.9052014351 27.3538739052
607478116.6879935265 27.2682991362
608848827.1441878080 27.7010531971
607797120.7540158033 27.4430380207
609261917.4611901045 27.7140251289
609305427.9261192083 27.7430935117
609346163.8636198044 27.7790092762
607931518.7455084324 27.4431293874
607960517.9733655453 27.5220417738
607980594.8048835993 27.5377679478
614840015.3684672117 28.2089795897
614918446.9363105297 28.2431022165
614959160.6596275568 28.2823743888
615088874.7501544952 28.3031194863
616118510.5029603243 28.7235421280
615949459.4192218781 28.7031843139
615820456.7267010212 28.6940328945
615403466.7390961647 28.5044219886
615764917.6918687820 28.5225981870
619191125.5792343616 29.7909978229
616815751.0360366106 28.7732364093
617350739.3719295263 29.0132941017
616993871.7896952629 28.9315863619
618604252.9182649851 29.7614253681
617930727.1854521036 29.2991102583
618171193.6739988327 29.5212284580
617934228.8872466087 29.3568502531
618453194.2135941982 29.6168587399
616964133.5943533182 28.7847096010
620722921.6098251343 29.9042034781
620146816.0336501598 29.8686884553
621263848.7624787092 29.9226858841
621442112.1959037781 29.9935420335
621431712.1322343349 29.9921241307
621646069.6246055365 30.0767911021
621675145.0935978889 30.1088957529
621357705.6493157148 29.9482710057
622671135.6065020561 30.3294937685
623097589.6788754463 30.5142439261
622665629.1435047388 30.1923744881
624820639.5239995718 31.4926593640
624435797.0240975618 31.2103079208
624435797.0240970850 31.1317616177
624462302.8822319508 31.2413625938
624462302.8822326660 31.2431239399
624580224.5573414564 31.2770535881
624462302.8822321892 31.2417268364
624939014.0849332809 31.5699389795
624636016.0500644445 31.2849811862
624806273.1761635542 31.4248014467
631600645.8348025084 31.5713174715
632498365.2871922255 31.8079017929
632296856.6568028927 31.6183530615
632208492.7799409628 31.5727545509
632358821.7942370176 31.7121396185
632299901.0523736477 31.6755667192
632498208.2320482731 31.7706730975
