208399427.2321808040 1271434.1225585938
209290125.9835324883 1344188.0885009766
209550133.4607240558 1356586.1109619141
210040829.9894621968 1390385.0146484375
224234685.4930846989 1832422.7053222656
222785970.9516131282 1807286.2145996094
222431762.6302021146 1795493.1340332031
221172335.9086413085 1772569.7768554688
207963956.4331275821 1209874.5551147461
208183088.0606061518 1245030.1673583984
209025893.1396243870 1325812.3392333984
208890155.4108631313 1314190.7414550781
208761149.6609734297 1302821.0002441406
209314487.7661522031 1346702.9200439453
209638093.0188910663 1366851.4864501953
210173427.6659912467 1402929.5588378906
209959667.7021519840 1388529.4294433594
211068344.9052681327 1449905.5161132812
215845311.6564923525 1653710.1577148438
208158932.3966659606 1238135.0289306641
208476055.6291839778 1274330.5883789062
209778373.2573008835 1369728.6248779297
210745976.6938267052 1432593.8333740234
210359728.9734812975 1410697.5651855469
210499679.6981841326 1424497.0911865234
210632563.9120077789 1426408.5490722656
223874067.4516386390 1829918.0773925781
221901604.6456198692 1786986.4665527344
208220849.1948291063 1249219.6989746094
208120825.1455368400 1228286.2020874023
208324442.3844101131 1264739.7592773438
209084918.0516053736 1331826.9655761719
209719255.3062011898 1368707.0716552734
211254050.8449074924 1461131.8786621094
220942828.5969479978 1765055.9748535156
222579251.1527030170 1803665.0476074219
216220114.1071034968 1661497.7199707031
220242375.0613961518 1751194.3449707031
220588194.5609014928 1754415.5793457031
214396197.4399472177 1597639.4604492188
207889113.7147710025 1203762.2888793945
207997173.0682569742 1222194.0084838867
207866398.7312622070 1198246.8970336914
207941576.8266643882 1204913.9561157227
209392506.3628993630 1350457.2210693359
211180145.7330092788 1456937.8120117188
213384945.1440020204 1553160.6645507812
230194102.7091262639 1927781.4438476562
261577466.1841946840 2162079.0507812500
223244551.8352921903 1821785.3474121094
208523668.4152208865 1278306.6766357422
209470229.0623812377 1352900.0762939453
211115235.0686722100 1454105.3640136719
221068619.4744085968 1765389.3410644531
221549351.2390296459 1775421.9819335938
220622884.5532419086 1761902.1848144531
224620525.4751618803 1839519.5991210938
208072456.6585205793 1228201.3712768555
208259096.4804749489 1254301.9685058594
208981164.1653899848 1322783.5775146484
216846165.2537099421 1677845.8457031250
220935795.2347420156 1764099.8889160156
251297473.4171180129 2089462.5766601562
208288437.5543287098 1264453.7048339844
208440050.7991026342 1274044.5339355469
209308105.5065210164 1345458.3210449219
209181851.2939721644 1339205.2940673828
214733028.2198555171 1607704.0097656250
208286974.8331028819 1258683.6665039062
208226130.1642118692 1249874.2145996094
221152385.9613392949 1769272.6745605469
208811726.0378924906 1308648.4931640625
209841644.5659168661 1375280.8806152344
210760421.7048841417 1433332.7756347656
213171316.3418761194 1547184.4967041016
214573431.1522858143 1606617.1718750000
214437915.9823529720 1600627.5786132812
208436323.9065741599 1272012.6490478516
212352216.7881399989 1512249.5097656250
212256528.7964802086 1510970.8529052734
217853677.0906560719 1705015.7788085938
207978207.3167960346 1217586.8720092773
208129807.3860704005 1232300.2368164062
208910466.4401030540 1315104.9291992188
224491205.6931679547 1832950.8266601562
216953937.3883679807 1681001.4790039062
208833796.7105033398 1310993.0563964844
216975821.8639839888 1683656.8774414062
217081298.9129140675 1690532.0620117188
228551846.4716840684 1883325.8930664062
227959200.6482470930 1878693.5151367188
246763338.5617788136 2053845.2241210938
209389162.4028781950 1349594.7684326172
254012885.7676135898 2102599.8759765625
208022382.0429671705 1226812.2846069336
209118552.0412156582 1334923.4543457031
209575298.9146860540 1359309.7122802734
211349086.3867495358 1467833.1840820312
261332897.6591791511 2157706.4765625000
210917864.6249710917 1442155.1665039062
212042930.2702649236 1502593.6113281250
209049891.9408074617 1328365.1782226562
212177725.6524503529 1505184.1252441406
216699700.9687334001 1676524.8903808594
208783828.8311178088 1303827.6553955078
208963903.7740642428 1321001.1994628906
209559872.7497994304 1357807.0858154297
214570197.4604820311 1600940.8530273438
224547408.5776581764 1838639.6518554688
209508129.5959288478 1356549.2332763672
208728916.2006421089 1296569.8964843750
208810063.5640189052 1305485.7065429688
209259444.9480352998 1343781.5208740234
209582236.4390192926 1359739.1981201172
211090091.0787932277 1453090.3538818359
217166697.0984752178 1694117.6733398438
230304469.0969579220 1929673.1855468750
208657991.6395200193 1291532.9114990234
208632155.9317872226 1288176.4921875000
209132098.0169149041 1337883.8272705078
230054606.7102209628 1917678.8974609375
208875422.6808818877 1312760.3659667969
230466310.6187324822 1934685.7709960938
218463973.7313584387 1713721.7587890625
218676833.1953140795 1719460.6684570312
212485523.7152934372 1523347.0070800781
258836112.9343695045 2128944.7875976562
211216095.9002773762 1459330.1796875000
214753541.6838247478 1612419.4763183594
261016347.2138531804 2157413.2607421875
209790219.5375215709 1372605.2368164062
211085922.3387824297 1452485.2246093750
213961193.3177908063 1578299.6806640625
256563998.3946840763 2113398.3227539062
214202003.0477492213 1588586.6894531250
213892560.9302145839 1576922.9252929688
213682794.6997359097 1568988.1201171875
212694420.5013849437 1530577.1197509766
208565450.2596888840 1281634.6997070312
209610784.4413893819 1361986.4566650391
227053666.5447854996 1860167.0156250000
208657750.7194145918 1289456.2720947266
208600127.7297552526 1283282.3090820312
219093187.4671350718 1733933.6499023438
248618527.5082516670 2073183.8764648438
208687275.6011494100 1291690.3322753906
210250765.8201173544 1404580.1949462891
210485478.3956297934 1417916.3471679688
208623578.9581601024 1287681.8229980469
212674068.2416531444 1528647.2042236328
213786188.4603956044 1573512.2314453125
214163841.4394935966 1586358.8281250000
208511422.6851343215 1278172.4484863281
259991718.2443310916 2151128.9404296875
224513685.2454368770 1833424.7846679688
231107450.4422708154 1940363.6235351562
210312371.3711414039 1407247.1120605469
224490141.2060206831 1832489.7988281250
211145631.4927233458 1454447.2353515625
211026516.8582288027 1447949.0559082031
211310301.8461000919 1462805.7431640625
229158348.4753717780 1902499.4477539062
216356153.3976475894 1670346.8940429688
213205092.7551585138 1547258.8425292969
249499830.7929559350 2088543.5083007812
218288421.3241652846 1708826.7539062500
216283700.5474568903 1669669.8073730469
212807379.4635293782 1538203.6778564453
231087237.2838331759 1940263.4243164062
230829500.4777398109 1939135.5170898438
214997140.6335237920 1622038.6591796875
211574770.1575990319 1481068.0472412109
211497389.3632256091 1478501.3652343750
215268921.1382248402 1625504.7822265625
210102070.5940599740 1392301.3720703125
210856965.9948737323 1439299.5766601562
211344063.4075175524 1464358.6966552734
216014120.8784239292 1658725.3657226562
261003729.4673079252 2155940.5439453125
210029123.7168735564 1388676.4384765625
212760038.8987203240 1534647.0848388672
218529365.5852763355 1717770.0283203125
211441214.4145758748 1473093.6650390625
215689575.4385310113 1643898.9619140625
212542185.7006894350 1525193.1168212891
213385813.0828454494 1558494.8619384766
213118990.7262445986 1546950.0059814453
210683622.8543969393 1431628.8990478516
212412229.4355624616 1517058.5183105469
217497331.7354435325 1697031.7104492188
209876431.0736189783 1376889.3435058594
210398844.2205801606 1412906.9390869141
212939903.1169484854 1541191.7960205078
216269213.1766694188 1666446.2377929688
216653333.5969207287 1675440.3996582031
212583904.2430950999 1528181.2349853516
258867922.6748635471 2136550.8320312500
220161623.6690583527 1749884.6406250000
210122047.0050175190 1396453.3511962891
210445639.4813117981 1417132.3034667969
215394905.9971182644 1632730.2172851562
211494032.9307067394 1475814.6766357422
211326418.0899317861 1463035.0329589844
220250587.7202315032 1753418.4296875000
214123364.5269318521 1583648.0557861328
215669266.8676013649 1639806.0815429688
215310639.6806304753 1628492.9003906250
213644331.5686218441 1565083.5291748047
212023505.1794779599 1501479.5003662109
229147920.1777754426 1900090.1166992188
211728539.7907195687 1488338.9785156250
216847092.3345798254 1679949.7968750000
213610437.9580795467 1564770.2547607422
229245911.1966040432 1904935.7915039062
230146254.2314579487 1926748.6801757812
216169381.2653501332 1661060.6831054688
228888256.5739719570 1897124.5493164062
209935260.3374059498 1381673.4287109375
218894423.4648441076 1731860.6215820312
212945732.5236811340 1542086.9053955078
210804541.2171382308 1437660.7510986328
213648056.6442776620 1567161.4630126953
242838913.0951316953 2016496.1679687500
210955736.1633040309 1442951.6175537109
211645412.5511145592 1481525.1035156250
215903629.8143908978 1656406.1381835938
210900970.9990298450 1441593.0909423828
211800024.0008108020 1488753.5322265625
209906696.1881628931 1378528.2114257812
211858896.2014812529 1493590.8061523438
222208095.7079457641 1794328.0595703125
211412394.4156594276 1469555.2226562500
211434013.7322033644 1470261.2133789062
230701422.9851355851 1936160.4536132812
211649942.7533634901 1487142.8173828125
211893514.0650071800 1495025.6054687500
213090335.2767940462 1544116.1207275391
221780920.3397131264 1776302.1474609375
212368872.5417551100 1513751.1893310547
228868928.0190691650 1893332.0610351562
211409658.6961018443 1468253.1567382812
245695645.4009096324 2034534.9511718750
213267185.5496106148 1550432.3040771484
215677237.9199785590 1643284.4394531250
214303712.4713960588 1592577.6218261719
230311741.6246355772 1932354.7294921875
217726106.3117352128 1699894.6662597656
231866439.0027636886 1950179.9023437500
210662144.2368382812 1427804.0463867188
213335310.6383468807 1550596.1412353516
244818742.4416397810 2023867.4169921875
213246801.4051096439 1548603.4083251953
248375833.5438888669 2073144.1772460938
214411296.4221855104 1599486.5268554688
216618598.0326395333 1674153.6752929688
214265238.4255892634 1590638.6833496094
212337892.2782625258 1511709.4224853516
210667468.3691591918 1428238.5424804688
228661834.3328194916 1884651.2065429688
228844122.3987990320 1886189.9116210938
214359774.2362888455 1594826.9080810547
240789409.9854828715 2001424.0502929688
240422223.2769357860 1994531.0541992188
248092991.6929446459 2071004.5834960938
229972566.7163300216 1917107.8881835938
218667222.1225288510 1717850.6235351562
229886242.7702175677 1908217.3081054688
247631763.9134977460 2062065.5371093750
214263174.5110549927 1589293.0783691406
228550363.8650279343 1881250.1669921875
215757535.6192453206 1645487.5131835938
215609415.1622614264 1638848.2436523438
215469568.9608957767 1637110.8171386719
215842963.4751373827 1648677.8576660156
218704400.1929372549 1731460.1042480469
228865035.0904376209 1886374.5717773438
219364265.6739085317 1740700.2666015625
219030284.9314135015 1733820.8078613281
239051935.4959087968 1982888.4404296875
238616739.9175826311 1975221.2851562500
215283726.5389198363 1627154.3559570312
219255771.4314147532 1735832.3049316406
219245007.8627312183 1735665.8068847656
218519940.0959603488 1717135.7719726562
238310533.5835610628 1969045.8657226562
237790540.1377999187 1963774.4926757812
225470758.2411713898 1841848.0798339844
225944434.5669949651 1851845.3830566406
226026639.9569362104 1853818.4316406250
225565330.5009880662 1845284.8024902344
227050879.3685221672 1857301.2089843750
227711419.0166134238 1869230.7573242188
227597269.3070776761 1868967.4570312500
227408795.5902386308 1863695.7656250000
227412054.1637659073 1867657.4980468750
227484807.8024043143 1868172.7128906250
227060798.2454170883 1863397.5810546875
237400616.3828881681 1955046.9755859375
237656308.9359621108 1957824.1137695312
237439893.7141720355 1956059.1196289062
