86036541.3091272414 237528.0422363281
82925560.8740201741 224036.4218750000
79763352.8669019192 174431.6327914223
79408017.8630638570 163284.7911712900
82006386.6294441223 212014.5246753693
85822391.0864454657 237074.4802246094
81470019.0287252665 204452.6187763214
79391767.8722634763 162592.3549701944
84676365.4544013590 234051.5222167969
81417730.4334774911 203016.9627704620
88232678.5223442316 239864.7480468750
79286558.7552579492 156754.0403371304
79334275.1401845217 161863.7287494913
82279296.7946606874 215933.6593017578
81409910.6932402998 202983.5382099152
81106350.2762908190 199017.9828052521
79420114.2964279205 163334.3632032052
81159979.6921261400 199690.9787111282
79346371.5735486299 161898.6607782021
81635823.3137326539 207247.6102313995
80554414.9482927918 190283.9400592446
80354230.4855277687 186706.6745544076
87910326.4890278727 239257.6503906250
88851211.6512599885 240497.5708007812
84156295.5451589823 232586.2744140625
82318587.5054966360 216373.7241210938
87201464.9719930738 238290.9199218750
79075339.1884055436 145307.8806831412
82792739.2804971784 222965.8283081055
82244482.2090257555 215103.3353271484
85536005.8540184349 236489.9169921875
86899285.7432875186 238055.1684570312
79070812.9876863062 140358.2292290948
80370343.8234596550 187076.0161071420
85319878.3870093077 236003.0419921875
85639767.8361551017 236791.2751464844
79816372.9660463333 175103.3936861977
88158637.4392207563 239760.8923339844
87206206.6111459881 238775.9011230469
80243892.4156991094 185278.7716003060
79518249.3202529252 167996.8769208565
79506152.8868888617 167948.4027664438
79700411.0043491274 173385.2532295659
85180995.7538647801 236001.8344726562
85548102.2873825580 236510.0703125000
87926097.1043146849 239514.4267578125
79242050.3308003247 154473.7988820523
84284987.3028698266 233009.4284667969
87214026.3513831794 238800.0031738281
79688314.5709850490 173337.1234225258
87164806.7869422287 238286.7509765625
85324894.6334234625 236043.6298828125
86791224.9497694373 237896.9306640625
82052028.9666402191 212576.7299976349
83283929.3641014695 228234.2546386719
82013215.1032559127 212515.2483081818
81256999.7490863651 200934.4703187943
79460159.0212563723 164033.2994590849
79998286.1773504764 178544.3695610687
84594651.6775809377 233922.8208007812
81952089.6383908093 211323.0888843536
81352669.6480346471 202780.3613605499
79790175.3959529847 174431.9698160812
80006128.0646688640 180048.7501735017
84425544.9875692129 233823.1369628906
84223050.5208612978 232899.0200195312
81389748.2688554525 202800.1105775833
84209543.1899588406 232588.0329589844
81542254.6267233938 205894.9115009308
85627671.4027910084 236776.7009277344
81760236.6235784292 208604.7340106964
83943323.3571763039 231655.2810058594
80372565.1405821145 187133.4980740547
84144199.1117948890 232536.9575195312
83955419.7905403674 231704.5979003906
83748272.4198780656 230438.7075195312
79494647.3520569503 165399.9907804430
83288206.0572283417 228267.6140136719
81214751.6956225783 200780.7218189240
82683239.9302406609 221486.1049194336
81534434.8864862025 205861.4869403839
84410645.0603820533 233769.7636718750
79543184.3200695664 170218.1795246378
84422741.4937461764 233819.0805664062
84733338.0033509284 234596.7958984375
86654496.5081484169 237651.1196289062
88005830.3011289537 239629.9011230469
82315923.2961505651 215995.0193023682
87671660.7129292786 239187.4616699219
84694175.2691769004 234199.0417480469
86583303.1912226677 237623.8579101562
84721241.5699868202 234547.4790039062
82671143.4968765378 221436.4548339844
80037561.6986882240 181159.2112358734
81226848.1289866865 200829.1879396439
88381759.1141128540 240112.0036621094
84627150.5673010945 233941.1713867188
84022174.7662426829 232017.3435058594
87562671.4665551931 238946.0146484375
84945093.8868328631 234785.4233398438
79932685.2775249332 177816.8329524323
82420896.2831965983 218303.1868896484
82364321.5627002567 217026.1466064453
79708941.0823300183 174345.1738375649
85046148.2450820953 235655.6149902344
79542076.6789985299 168197.7180477232
85816731.7960707247 236982.7824707031
87569689.0914281756 238995.9140625000
85034051.8117180020 235641.0407714844
79852518.2621585280 176769.7212958634
80768093.5881241709 193436.2694672346
80704207.8043229729 192165.5955768228
82255320.6524919122 215888.9708251953
80572749.6033471674 190709.7742161751
81293958.0766637921 201147.1075611115
80774331.8098144531 193814.6188324690
81306054.5100278705 201195.5736818314
82516303.3043765575 219597.6176147461
80560653.1699830592 190662.2894244790
84932997.4534687698 234770.8491210938
85356744.7546868622 236433.3303222656
84983451.4931457639 234948.7614746094
79661286.2515473366 171629.4737643227
83708684.1227360368 230413.9758300781
81088300.2878620774 197546.5348682404
84582555.2442168593 233873.5039062500
79734378.3967247009 174428.7268623784
84034271.1996067762 232066.6604003906
83701931.8294554055 230412.6608886719
79722281.9633605629 174380.5970553383
80407859.9013630450 187379.6784939766
80025465.2653240860 181110.7370814607
79290889.5502992570 156891.5483604521
85344648.3213227540 236418.7561035156
80854523.4578501731 195159.5421389937
80990487.6634772420 196773.2985199690
89366421.0879222304 240855.4367675781
79531590.2012834996 168114.9135419503
80744377.5643321574 193265.5533890724
80709940.5867853016 192686.1149860024
84764599.1751959771 234615.1364746094
80978391.2301131338 196724.8243655562
82763580.0103252679 222607.7643432617
79223642.3351909369 154133.4884849638
86015908.5497690290 237105.9858398438
81206388.6490225941 200372.4923267365
84971355.0597816408 234899.4445800781
82818000.1930203140 223046.3632202148
86916673.8880275786 238056.9179687500
79302985.9836633503 156940.0225148648
79666513.9810837954 172822.9261569008
81502954.5373977870 204816.9288349152
84405863.7150599658 233379.6894531250
81324398.8391616195 201658.6899948120
80395763.4679989368 187331.2043395638
79465000.0660876930 164765.7354690805
81673604.5194925666 207406.3143329620
83320668.0473124534 228305.1093750000
80732281.1309680492 193217.0792346597
82893425.6571575552 223980.3457031250
79952709.5480522960 178195.2408074066
79519493.7679193765 168066.4393875375
83535210.5946275294 229852.5246582031
80414543.0840846449 187482.8704384491
82656076.5557811856 221263.6835327148
82864854.9431712478 223942.4514160156
79663168.4888622910 172635.6947874650
81576988.4072316289 206135.2392597198
80053171.1531917006 181328.5077446625
81443552.8205696493 203358.8605365753
86931489.6510576606 238083.9333496094
80319211.7016962022 186148.9200343415
81589084.8405957222 206182.3516664505
80355815.7934862226 186849.7027491853
81634639.9785089940 207054.3139667511
81643856.8440921605 207273.4484882355
80119621.6905341595 182484.8571681306
80209378.0049229562 184611.8618068025
81033947.4257263839 197203.9240403175
84634444.9682516605 234049.6455078125
83359333.9088636339 228606.4506835938
82610556.4787789732 220413.0475463867
83516311.2574557662 229557.2900390625
80426040.6927723140 188037.5425128341
84374872.0930602401 233346.6936035156
81843316.0285921991 210252.6448230743
83334891.4286604673 228579.0166015625
83504214.8240916431 229504.6345214844
80015211.4146497697 180214.4241136238
81655953.2774562687 207320.5608949661
83276109.6238642484 228214.9584960938
82483701.5423872173 219258.2178955078
86919393.2176935524 238069.3591308594
80041733.7663782984 181287.3445033357
80053830.1997424066 181336.4353569672
79972179.2392300218 178226.2713249847
88687032.2595586181 240470.7993164062
82852758.5098071694 223889.7958984375
79940613.1146881878 178146.7666529939
81776447.5917316377 209114.4355945587
80992694.4742389470 196787.0001801252
81704535.5332382917 208078.4233245850
80520909.6348471045 189496.9417987466
86873058.3376399428 238027.9399414062
82927851.2844292372 224750.0666503906
80318103.9344025254 185429.5699380562
81716631.9666023850 208127.9632186890
83073860.0491615832 226083.7050781250
86885154.7710040361 238042.5141601562
88414723.2555670887 240265.2534179688
85172058.1869528890 235668.5046386719
80273508.6113183051 185333.1898111030
80471199.6772562861 189189.5205401778
83043533.9159814268 226064.4270019531
80143586.5141311884 183462.8232964203
82979845.9456406832 225539.5986328125
82632597.4034872353 220555.3307495117
81419812.2208116800 203121.1048678756
82392311.4257750660 217656.6610107422
87025582.3866732419 238138.7878417969
89096102.2365325987 240676.1196289062
81880719.8273841292 210381.4571094513
80131490.0807670802 183414.3491420075
87013485.9533091038 238124.2136230469
80408924.0433254987 187416.0887774825
83086523.7777475417 227479.7775878906
80626264.1825553179 191290.1440309286
82348161.4323118925 216768.6687622070
81813851.3905235678 209243.2478809357
82329034.1130255908 216403.5144653320
79898799.3596906513 177090.4340833351
79910895.7930548042 177137.8893703148
80705229.0527800024 192475.8085464239
82116833.6727841496 213898.9160737991
81892816.2607482225 210436.1123247147
83914876.8312038481 231415.3830566406
82481050.2399453968 219177.7647705078
82402085.3697207272 218002.5770263672
81977841.0287878215 211661.8625688553
80671162.2052471042 191589.0862010717
81825947.8238876611 209297.9030961990
81001291.2073706090 196889.1744499207
80925826.0373783857 195648.7909516096
82744143.3834788948 221895.8912963867
80650680.1370642334 191511.6040633917
83074112.0332436711 226239.8847656250
82022567.5851811022 212537.0299854279
82089436.0220416486 213675.2392139435
80913729.6040142775 195600.3167971969
82991942.3790047616 225592.2541503906
82104737.2394199967 213849.8324756622
81328667.6185407192 202122.0536823273
80496619.3217955679 189444.7087725997
81896021.0447625071 210556.0503711700
81201767.6027814150 200150.8977069855
80115535.3265685886 181441.1934136078
83488924.8973332793 229495.4353027344
88436803.5878724754 240303.7153320312
80103438.8932044357 181391.8209437653
80658499.8773014396 191545.0286239386
79130689.5999424309 145779.9387790710
82468953.8065812886 219140.7862548828
82559214.4357589632 219803.0321044922
81908117.4781265557 210610.7055864334
82547118.0023948401 219766.0535888672
80638583.7037001252 191459.8359102011
82484255.0239596516 219315.3795166016
80508715.7551596761 189493.1829270124
80705452.1405606717 192598.0451387167
82767107.0591118634 222825.5824584961
79197227.5348201692 146250.2178825885
81069917.6753515452 197369.0786227584
80388505.1708255559 187155.8422287703
82603282.8266800344 219994.7764892578
80884817.9087359756 195231.3016589880
83774334.8709379286 230490.7819824219
83591835.7645422816 230139.2424316406
83784157.2024798542 230678.3437500000
83863315.2428101152 230979.9345703125
82700238.6222513318 221687.3732299805
83236437.6622547656 228124.4362792969
88578716.6565101296 240310.7368164062
83762238.4375737607 230439.7070312500
88894807.4958360344 240659.3466796875
88146604.0880306512 239697.8625488281
81089614.4435115010 197761.1978852749
83215022.7354006171 227553.4865722656
82182995.6548293531 214276.8038177490
84370750.8558461815 233085.9072265625
82170899.2214652300 214240.0511932373
79191757.4179261476 145842.1808342487
82249864.0916898847 215415.0130462646
80553692.6209885478 189498.9922531843
82064834.3874369264 213119.8759126663
83324128.7127778232 228356.3820800781
81945980.7694031447 211087.8230762482
