201941667.1636345088 83198.1684038863
201147655.7969486415 65483.3331032172
201399781.7600136101 73693.9806507155
201632646.4564682841 79440.2513154969
207748943.2007238269 118556.0336599057
201105469.1559685469 63675.0845182464
201553917.9116404355 77678.5967090651
201756255.4956247211 81027.8825653121
201738480.1119035482 81002.9866888747
201279861.8663749099 69587.5176409855
201848875.6605681777 81856.3621845469
201156846.0527525544 67238.0579755828
201122368.2624814212 63699.0433845893
201614664.4698050320 79136.2550328001
201669700.6705252528 79693.2875464186
201684652.8304368556 79718.7458051965
201872038.2545095086 83042.5734026656
201655759.2538187802 79494.7867546305
239263113.9406906962 183639.5594940186
201536142.5279193521 77653.7008326277
202022372.8350840807 84627.7471468672
223929788.0556487143 152722.2047882676
201184545.9634795189 67438.7311304137
201607268.3098101318 77937.5264873952
237687761.0157778561 179246.0424804688
201203076.9394979775 67479.4659850523
201446373.3484682441 75620.5589869246
203766003.5824396908 100834.2774142926
201485919.1037550569 75727.1224964187
201809605.8937944174 81286.8123436421
201688979.5171366632 79897.9361052737
207573438.2313149869 116593.7725438778
238919502.2839236856 181518.8985290527
205171088.6864054799 108537.6721071419
206927922.9515887797 112299.2264793692
202085495.2093527615 85331.7870939821
207392432.5605485737 116395.7953233426
201382006.3762923777 73669.0847742781
201578859.5649106503 77789.0806944594
201466127.2371722758 75676.4807011709
204964491.4535751045 108108.0479693418
202519828.1705405414 90725.8470100147
203206406.9263215363 96734.5230378732
203058746.0359064639 96489.0751866326
201287682.5324228108 69764.8868464008
232873215.6506552696 171557.2267017365
201210212.2644760013 67621.9532113113
201254486.4074837863 69403.4455643073
201355456.1859407425 73357.2428537086
204471245.2952345312 104102.0879206066
201412922.4466814399 73860.3599476591
202489883.7980277836 90678.8350992501
202511010.5387955606 90684.6576226354
201248759.9524825811 68501.5175144598
201452211.7105795443 75620.8917584047
239002618.3710193336 183178.7143707275
207679259.0569316149 117067.1469876362
201426379.0068657696 73952.4488618001
201781430.2380077243 81053.8834630176
201381681.0275807083 73624.8773918375
201499059.7904228866 75893.5017933622
202087218.8061048388 85528.3528779149
201560525.1301205456 77742.3757161126
203854240.1141708791 100989.4467980568
201275745.6360087097 69486.2186575308
203323099.7031903863 98342.3933695406
203638549.3383219838 99316.5148545188
202902030.2026234567 95534.1468821548
201282277.9542931020 69593.6048460379
202448725.6408856809 89847.8834499866
201468143.7200338542 75702.2266199812
202935124.7963734567 95988.3778067678
201971782.0733723044 83478.6091607213
201365914.8033068478 73587.4171412215
219565778.0541577935 132579.5981618464
203564163.5730279386 99316.5070259422
201336272.4020830095 71824.4507293925
201446047.9997565448 75576.3516044840
201310923.2423270345 71607.5555252619
201288309.4532999396 71212.2103453055
232613875.7472478747 170850.4873828888
201359910.6560150683 73543.2097587809
202310271.5452566147 88692.6973357350
201503077.5022859573 76488.3977117911
201439375.9675254524 75254.6881590262
201983474.5774556696 83847.9214890152
233048451.0334079862 173454.4065091610
203922690.1086960435 102714.4163238635
202559034.6980600655 92649.7432360798
207240782.0353399813 114897.9435400968
203878310.0748342872 102330.9400495743
202357466.5255556703 89548.6903109699
202347465.8853141665 89540.2737045735
204658222.0933448076 104639.8883624082
202424696.6031131446 89567.6536958814
203984673.4735391438 102715.8685242837
202074075.7068850696 85048.7619519979
202264731.6975750029 87884.3834107071
202184167.0781518221 86825.9656796604
237795167.1836906672 179609.7899932861
203353076.2732308209 98438.6445673555
201347960.7637706399 73221.5463133231
202772840.2430715561 94241.5910634845
229404790.5330404341 161487.5592483282
228903887.3978659213 161145.6099847555
203296828.2863911986 97904.6798008755
201967133.5983903706 83448.4535664171
202000125.0958799422 83875.1420863308
202451016.0674101114 89920.9401136413
205134531.5399089158 108257.6381487851
204081213.6664065421 102718.2618922894
202137591.7507324219 85880.5727087408
202699646.0360576510 93863.8037328422
203695413.4769889414 100662.1949235038
202230917.9921125174 87130.2736542374
202155791.6359820068 86184.1647909731
202448288.6269893348 89837.9777145721
202924238.8589690030 95855.1367796510
202704222.9304281175 93868.1614219993
210286022.5848451853 118844.4355929910
202458417.0407284498 90162.5659875721
203020590.3205952644 96286.4827636331
202487189.4506667256 90490.6493087560
202039821.9538751245 85012.0837662369
205069009.1796907187 108179.3714785581
203859149.6029844880 101585.7005192940
206515548.2124656439 110631.8001351361
206192246.3781195283 109788.7757382398
203235881.2504083812 97300.4044624865
202239987.2136702240 87528.5350585133
201794647.3146308661 81224.6038929075
202307597.4614575803 88570.3499184102
201925639.9042493999 83155.7346228063
204914131.8038018346 106564.0373339658
226727608.9772945642 156943.6560739279
203712645.8973225653 100662.5975081627
202237313.1298711598 87406.1876411885
203428606.9080777764 98515.5328846574
202202547.9648571908 87092.8342659622
201823301.8130184412 81432.5711008161
202436735.6705115736 89612.3993177116
202304753.5065190494 88136.9734553993
201949406.2801232338 83299.3027568907
202197434.2310904562 87028.6237404495
204843370.8658233285 106455.1476702695
202127149.8995040655 85864.4614632279
237566055.3517152071 175991.9198455811
201947967.6570709050 83241.8278111964
202123478.7794049680 85578.0281858146
204390460.4783215523 102970.7256302933
204803420.9424750209 105284.8887293566
202802370.0281435251 94253.3409179300
220607852.1721563935 138069.2917095725
204821979.4175062478 105831.3115198840
202672164.8627068400 93024.8886079639
202749411.2934422493 93950.7963950038
237822312.3575409353 179928.2781906128
206512602.9254311323 110093.2962519159
204655210.9636700451 104540.0377733760
204158077.2627875507 102955.5348234276
201846214.7529504299 81623.3918612152
202476747.5994383991 90279.1191388108
237434677.5750561655 175482.3724212646
203816959.0940275788 100921.0075755218
207063070.8865364790 114325.0394535380
204132176.3011235595 102807.6065566540
202549969.0520470440 91143.0139722526
203428932.3719476461 98810.1477413923
202466329.2118036747 90162.9872582108
222599866.6981275976 142581.5562250842
202453766.8422041535 90095.2346305214
203217829.9790827334 96773.1641516236
203177560.4721699655 96718.9917970579
204732058.5860939920 104874.8745000367
202894530.9870780110 94685.8499513548
203152883.0212809145 96501.5401492994
213590787.4966413379 125504.2469728463
203855676.6167409122 101194.9592911450
206960038.0653925240 113042.6753055123
202819339.4048942626 94426.7185531538
204638689.2902541459 104422.0058245664
204658081.9325898290 104542.2883798261
219946371.5913022161 135806.5752038960
220437839.4168471694 136701.5332117085
221143246.9099529982 139897.9238842432
230415852.5662028193 168235.6925873756
233430766.5505305827 173757.0130748749
204814107.3531876206 105378.1675500875
205710837.9147099257 109228.0494769518
203163706.5900403857 96546.0331704120
234434081.3926244676 174103.7754764557
202889215.8074656129 94441.5434577016
203523707.6082570553 98877.6538643340
232741056.9745263755 171058.2450771332
231452903.2494308054 170694.3421969414
221596923.0577836931 142406.2919466441
221192239.1996987164 141213.7557222789
230910836.2310260832 169314.5629124641
230588260.8209470510 169257.5876164436
223922904.9228027761 146612.8669871474
221114715.8953437805 138885.0116771166
220996712.8865210414 138286.9602855151
212730185.4740304947 122212.5195390582
219188784.9122570157 132126.9988053739
206002556.0771738887 109735.8414830787
206679610.6064188778 112279.5169391337
206545196.5493750274 112020.4101276102
206970212.3577856421 113180.5143955650
220015165.5704801083 136628.4700474443
216515974.8245211840 131404.8508777618
212230637.6227752864 121107.1223102808
212193806.4358473718 119769.6758991480
