991983678.8687012196 34054.8624123558
991532368.1361093521 30686.4908451198
992491704.0760133266 36751.3024348830
1160707300.8553090096 146415.8719205856
992259555.6353774071 35539.5264801596
992479708.0516186953 36673.6625246470
991682207.6669315100 32115.6167035967
991506920.1679118872 29999.6130695909
991581503.8135218620 31094.1186499654
991569129.6118260622 31057.9438480495
1000783904.8538199663 49162.1585992763
993069713.5664745569 38649.7911564867
992061852.2850080729 34444.9445070688
992917291.7472436428 38333.9877486899
991772566.0680159330 32831.0486128090
991708162.0083297491 32423.4208079635
992003900.0499044657 34276.0978575423
992566606.6740238667 37007.8207825199
1160751010.1451663971 146482.7346677780
1062415343.0150521994 86676.9644942041
991755865.3691840172 32787.4880212008
992074648.7809231281 34724.8775860146
992358437.9903383255 36264.0545857921
992181352.0906265974 35187.8505129282
1047169998.3596956730 78645.2903779075
993792069.4212056398 40239.6754039222
1160574321.3309390545 146169.3200807571
1094605878.1067066193 108490.4627739855
1094076780.3721599579 108460.8505060980
992616513.3436458111 37379.2737854496
1101695278.4710109234 112913.3541815840
992676900.7109986544 37745.8329437748
992799386.7334971428 38204.3260210231
991615702.5725891590 31429.3932166158
992739292.7266702652 38086.5375071242
991622460.2937591076 31701.0393275379
991684769.5990763903 32385.2865786909
997580156.3475283384 45749.5247567620
991988422.8816902637 34055.4142815694
994380553.2214331627 41263.3565854339
992318157.3826537132 35893.4617737308
993857561.9036277533 40492.8004107768
1116705985.1177754402 121171.9339304741
1039275202.4953576326 73337.3607871067
994058056.4988918304 40774.2665084632
992887718.2643439770 38240.7528737262
992863320.7013139725 38240.1988540366
1080209969.6961002350 99765.5428095034
1080412950.0343604088 99883.3755273989
1160756783.1273427010 146488.0467557907
1064189517.4500654936 87860.1868046341
991603328.3708932400 31393.2184146999
991720536.2100254297 32459.5956098794
991734237.5249221325 32487.0697065264
992005055.6449264288 34353.4245830849
1160631484.9287986755 146281.6953840256
1021926841.8801193237 65101.8754250614
992306751.9983807802 35892.8339850222
1001263344.0056340694 49904.2844998299
993700828.1019222736 40239.3535792859
991634834.4954550266 31737.2141294538
991643015.5362104177 31981.8060377894
991743491.1674883366 32751.3132192849
991713052.6765451431 32455.5958683270
991991741.9890784025 34083.8681471571
992206124.8703337908 35517.1611232375
993156503.1451761723 38991.0497395258
991703835.5111936331 32416.0350182711
1061388713.8538451195 86004.0939571117
992036031.9109522104 34402.8021144484
992457747.6615495682 36613.9990353201
992268516.8860055208 35857.8656865869
991857304.7257390022 33491.0353962108
992670018.3743902445 37710.7908763204
992202728.8668519258 35486.4126836573
992645620.8113603592 37710.2368566309
991485421.6626453400 29670.9657307237
992088061.7689427137 34774.2551173781
991518606.5385789871 30685.9049905001
991840604.0269069672 33447.4748046026
992141984.9963037968 35145.7081203078
991795530.0649944544 33106.7702412531
991959981.6830139160 34012.7200197354
1089207339.9552168846 104159.4187263995
1017892607.3548433781 59439.4793210460
993193068.8826330900 39002.1960367422
999129872.0136063099 47840.5026320900
998759211.6483786106 47469.0496291603
991634019.9218591452 31706.2943816243
991616502.7833024263 31436.3464221924
991836137.2602574825 33234.7346316352
991511130.6976290941 30275.9431656955
991812230.7638263702 33150.3308328614
1156920679.6505992413 143997.0060272217
1044339543.1003699303 76526.7926121059
1000820029.6712946892 49537.6060351191
991589684.8542771339 31338.7105583011
1056890979.1343631744 85766.2977601960
1056531689.3309724331 85457.0738222077
1078542547.6244771481 97794.3610979214
1084654203.9061751366 102651.8949221265
1084061969.8156840801 102571.0418566358
998032108.0821572542 46611.1702024166
995187624.8251187801 43081.7172049790
1160447127.5727515221 146066.6938810349
991473047.4609495401 29634.7909288078
1001126828.5684990883 49861.1141788780
1090175848.2542459965 104902.9211948796
997674475.8394492865 45994.7939902965
994624730.4817299843 41724.6115713151
1107996620.3651716709 116150.1652807130
997634195.2317646742 45933.3028576795
1062437757.6844272614 87821.1009706184
996573201.3585726023 45090.2696617805
995988496.4529125690 43963.2599067889
997866634.3211803436 46293.4397145633
1000383598.5674040318 48659.3448918696
996680287.9985368252 45103.6606325272
1000987573.9935545921 49737.9170301973
997737540.5136061907 46126.5779802028
1029810453.8400759697 67091.7631453574
996472079.7788480520 44748.9928398334
998120562.2838568687 46638.9033432130
992853843.8199081421 38239.5119769983
996501875.9763832092 44809.3382380210
993460607.4648287296 39666.9163152469
997856122.9316673279 46262.4407618169
1071425292.5287815332 92790.2033561750
1033349388.2280075550 70746.0992165117
1037490865.1566367149 71747.7711124055
997788939.5643635988 46196.0506459598
998340352.5951155424 47096.2176526432
993226391.3168840408 39083.2520077585
993589562.9571440220 39919.3428758652
1076536277.5142483711 96255.2355321571
1104293172.5056531429 113383.1680091751
1000461606.9936767817 48804.4238518092
993540495.5477513075 39727.0482678147
993566107.0230253935 39742.2620111498
993084771.6682879925 38741.6882419187
993100331.0200021267 38772.0171867806
996454391.4846014977 44743.0761149131
996073454.3651880026 44371.6231119834
993392176.7532678843 39659.7499763018
995224475.4919129610 43128.1362610144
992967586.3309705257 38560.3140326499
1119730575.8318450451 122218.7190292217
1013861845.5814896822 54818.8980243504
995850558.1794463396 43767.8248676185
998012423.3656797409 46471.6210405056
1066327468.2600315809 91950.5186004192
1064863780.8504847288 89204.8947604001
994016006.4405772686 40744.0199369880
1150449527.7583792210 138305.6731142700
1072889953.9605897665 93299.8914555726
1072732046.6705580950 92973.3502721009
996274107.9233218431 44385.7636474792
1122184482.0891132355 123508.5420799537
1122445824.7764446735 123610.4896049781
997304927.2078473568 45569.7385077269
996922943.6776950359 45231.2886786254
1126464307.3348817825 126529.6724419238
1160431923.5456764698 145353.3514699936
998203990.0289893150 46983.6806593065
1160384057.0609962940 145283.0174436569
1014323748.4338687658 55412.6481563002
996758610.1972032785 45109.8515025929
1091630628.7397975922 107238.3190480736
1128351130.6583962440 128922.1978393553
994968108.8735544682 42750.4499145518
994819172.3206509352 42295.9979797374
1038139619.9669009447 72507.1515087772
997552714.0518571138 45590.1544791881
1071261029.3943353891 92461.8548690975
992476488.0192006826 36622.9579949789
994958540.8037463427 42743.6230589389
997930765.8158375025 46418.9735927705
992350303.9940062761 36148.4440527521
1160321087.7186193466 145273.4390249252
1155206136.1784343719 141895.2813251019
1155429598.9732704163 142139.8641917706
1061457332.7026231289 86072.4656660971
998014264.4779820442 46574.3860997085
995100937.2967090607 42997.6579641610
995007488.7114347219 42786.3292480479
996763990.8787305355 45176.8779294614
995349556.6417737007 43272.0343900989
1142159972.5858314037 135990.9641924036
994539711.6075067520 41562.4774307999
996008798.7191191912 44099.0899993304
1000349551.5645660162 48395.7438421643
1112632307.5546598434 117227.2814738869
1072960759.9177418947 94281.6333539961
993284428.0799242258 39331.8616861892
993596289.5670704842 40112.0950487362
994759218.6375114918 42216.3586559603
994672551.5158466101 42000.1822922835
994066623.0682178736 40858.1047842429
1096348093.4747512341 109989.0930844843
995767642.2071949244 43755.1503258471
1071251601.0307800770 92246.7193442136
1071119626.5999457836 92083.8868666440
997569956.7678601742 45597.5304404918
992418163.7318460941 36519.3430359922
1160123872.6086370945 144973.2815923691
992132903.9101648331 35018.2598683368
1015901611.8416899443 59072.2829979870
995578847.9975919724 43396.0890465502
996560157.6137837172 45046.8614665393
994884836.9760336876 42414.8762451182
994884297.3884260654 42361.2399203214
996317141.3344348669 44675.4084636096
1021315640.2389541864 59888.4618782178
1160294286.2758617401 145083.4753561020
994158498.1318427324 41121.3896648380
992333577.9737617970 36067.1561727747
1076579280.2657945156 97247.8796392069
1125278157.4014999866 124279.4466775507
994646072.8939356804 41881.3797187059
1049824034.5835394859 79576.0452361279
1049831911.0850901604 79703.7293334180
1116651234.2361974716 118552.6933421410
1051507090.8670998812 81834.5756271242
1036448879.6986647844 70872.1787774509
1025992641.9259358644 65740.7084780356
1025674617.1696997881 65369.2554751059
994722890.0422974825 42088.4959970493
994782090.1564353704 42247.3903418927
993116579.7779448032 38831.5441527172
1020587766.6037706137 59531.8518267625
1020574035.3904174566 59529.7174426073
1134860550.9971022606 130942.5709246695
1134167665.7187747955 130852.1603471935
1009828311.8722490072 52635.8688471287
1009371381.2953237295 52267.0288017809
1001188014.9885468483 49883.6611526697
1101161567.5286231041 112732.2801815860
1114758027.5984303951 117415.3279663851
1114769039.5756735802 117700.2871720125
1000734493.4020403624 49147.9140563665
1001117283.3015050888 49770.6998589884
1015419990.1742458344 58047.8595741920
1080483865.2896821499 100022.1394810441
1001521518.6219023466 49986.7181033741
1109475324.0083937645 117064.2415787466
1109389377.8330030441 117011.5543686636
997289332.2039728165 45358.3621467564
1047060446.1778016090 77027.3062587956
1151926452.1023614407 139411.2468807697
1000784192.3338977098 49281.3249148975
1030765012.9254980087 67285.9167486152
1073179794.6582932472 95093.8813033109
1148615475.3232977390 138284.1042535901
1030983957.5154008865 67700.2814632358
997886093.6424310207 46330.4241069786
1159990052.4937958717 144371.4813814163
998166399.7027456760 46652.9616775743
999453469.3121774197 48368.0852600623
1079717514.3256218433 97844.1523554064
1138721637.5501573086 132235.8311403038
1140971305.7298610210 133227.6646072865
1140776092.2959938049 133083.5405694395
1001253680.3303034306 49883.8202491652
994471919.9183393717 41527.3167387122
998136249.4704844952 46642.0770163580
1040727798.2871774435 74030.6658474864
1040145896.1545614004 73744.1226210657
995532525.3124145269 43354.2215471881
1001346479.5075242519 49982.6947419296
1014972887.3082414865 57373.4080422630
1001342498.7190682888 49961.5960975538
1001331964.6237306595 49930.1848731886
1053409929.0184218884 82800.8538222705
1001338239.1861107349 49941.3041157524
1087681584.8853874207 103742.8998192081
1000617149.9777110815 49091.2019243471
1100532821.2595944405 110203.2867312758
1038864043.5088547468 72898.6461784748
999262558.8635597229 47942.4390259644
998911707.2522451878 47608.0356180330
1114850794.9340748787 117802.1601566182
1002174946.0820327997 50780.2289675186
1001530844.9165467024 50408.7759645890
1040829933.7590439320 75139.3782924533
1028508547.3000963926 66384.2118633289
1028221513.8524967432 66116.4971650143
1051004988.2175329924 79721.0863391110
1039095630.2525815964 73073.1623221874
1038427890.7928891182 72699.1932975292
1106359651.9903333187 113868.2514761183
1106423357.3906376362 114005.7047079299
1128348493.7010982037 126568.1715513505
1118860937.4176917076 121270.0802748691
1013817021.3392461538 54398.8142727741
1013518544.2518401146 54221.8986206690
998755664.2489081621 47168.0406780118
1119656789.0333268642 121632.7882982362
1064311442.1558091640 88085.6542222456
1029195121.8404170275 66596.6957991456
1021466712.3394911289 61448.4000517417
