674238070.2784963846 23070.5488631506
687314862.1272898912 25721.2726739645
680759860.9350106716 24730.3183193803
687725386.4516371489 25775.2542943954
691358079.3465558290 26287.9235330820
678095929.0696933270 24119.3322139457
677248538.5881943703 23933.0449937474
676123845.7449514866 23673.4087000489
681896176.3486479521 24924.1306691822
675222472.4516053200 23425.5317321796
680341126.5117810965 24645.6545462310
686724863.1413370371 25636.5609101057
677633777.5760921240 24072.7880074456
677812440.7049204111 24096.2875335515
677565420.1152637005 24001.5962112620
677156142.5139831305 23864.9982474935
689719915.2081212997 26073.3267390728
707662515.6805740595 27219.0226831436
681047226.9852445126 24768.1390342414
682998928.9349955320 25100.0849672016
673235646.9670056105 22772.9344956655
685678317.9360849857 25462.5784846544
679461244.0784062147 24398.0947799385
672773021.6387073994 22691.2956025381
683662935.6494829655 25210.6602178272
686730677.5021663904 25653.9437035322
683573904.9992858171 25190.9626894649
683422443.2379838228 25179.7169457134
673491112.6256347895 22836.3450176496
679689675.8441424370 24524.7957219779
683244847.4791436195 25115.6219092067
678293154.9806575775 24216.8806787208
672743150.8361586332 22584.2985117216
675563179.9712506533 23481.9823070545
684104247.5602906942 25287.5515795406
701337493.6174964905 27156.1340570450
683905468.6358886957 25230.0873776134
701066407.5588562489 27136.0488901138
682951632.2207723856 25075.7822487075
682466215.9928820133 25035.1489234623
706652032.7750728130 27202.9663619995
678118032.4505956173 24149.9670467675
679477007.9726755619 24430.0804342926
679786210.4630339146 24570.7327603996
691592470.7058020830 26294.3522154093
686828549.9124187231 25658.6371191740
683544050.7197241783 25181.1103544887
675369196.6529644728 23455.3455043812
707770141.1401426792 27251.5332956314
687925823.9542313814 25831.5991594791
682970685.2398871183 25093.9811143279
677124096.4632965326 23858.7127285302
677797679.9875265360 24075.5249947608
673765670.0059291124 22923.1119873304
696796295.2869883776 26784.3683090210
679478223.8320516348 24437.2528571784
679769230.7093886137 24531.5746831596
679592863.0978118181 24462.3874730766
678449985.4863690138 24246.9183965400
685981109.2488340139 25575.0124604069
686800550.1611011028 25657.4905689955
680626584.2095189095 24663.5226011872
692413495.8032279015 26375.0572048426
680759687.5554600954 24674.5975793053
688366468.3927527666 25905.5169947147
680188041.3856112957 24576.8670690705
671567757.3025254011 21671.3661108799
691796979.5792864561 26348.5433555841
691085864.3566757441 26213.3871828318
689016059.6981855631 25982.1002238989
677370122.2356171608 23961.6817687117
678956236.0304555893 24340.9372433722
700439930.8830475807 27121.8869810104
700285632.1295710802 27100.5064291954
700641757.3004573584 27128.6533041000
675141009.3294993639 23363.8725839634
687787116.9185445309 25801.5188812017
688223549.6552844048 25878.7378553152
673545006.5998494625 22900.6373731871
684225855.0420317650 25288.9449883159
699364365.5508873463 27005.3640089035
682450075.4422022104 24970.0747635402
679163508.8225812912 24381.9166052987
678533373.5715814829 24278.2358235419
677957188.8564127684 24113.6810568869
683679219.7809290886 25213.6805629134
675628112.3292766809 23490.7762636919
687441425.9201394320 25760.9985302687
687172596.3330141306 25685.4243324995
674137650.4766982794 23023.4196212072
697994054.3550848961 26889.3359256983
698532615.1897985935 26945.6562629938
676737925.8088090420 23751.7792929225
682924516.1229667664 25075.4817925151
684259484.2690119743 25292.7530127782
675905633.6842476130 23565.2555117388
687937846.9273074865 25842.0938180685
674232069.0580977201 23033.2077419538
681866443.5898237228 24895.3847026527
687868134.2559077740 25822.2120503187
673295596.1299897432 22825.5635225553
677222117.0480654240 23886.1992543302
680690038.6806564331 24667.1345233954
681899848.7977610826 24930.1406913456
693799222.1541793346 26503.8739275932
688249634.3865349293 25881.0354770422
695741132.1222660542 26684.3585319519
699568198.2807143927 27036.0710916519
698399713.5023210049 26926.8093315363
679599944.0747709274 24480.2729647756
699462235.1732047796 27005.7251291275
676350590.4449298382 23689.0995123167
671699512.0501894951 21734.2020359822
676445363.7071485519 23713.8034222354
681851441.7610869408 24888.8399977386
706562827.4602423906 27191.4470558167
706067255.1374659538 27172.8748092651
705419505.0704463720 27166.1052188873
699830826.5744472742 27062.2106027603
678286105.9728864431 24156.8967646658
706486460.5645561218 27180.7334690094
678887737.5434999466 24284.3681405236
681703430.6945677996 24851.0921725929
677058824.3203041553 23851.8218825422
676821898.6701786518 23801.7812939187
685117832.5680569410 25426.6255064663
675817069.7762147188 23546.2532779951
672669900.2894490957 22312.3300573606
688059454.4090484381 25843.4616645575
689505478.6615564823 26028.5308474302
672292051.9008374214 22241.9830642384
691238269.3381457329 26272.1990514994
676614258.7285692692 23737.1970430393
685943259.1300704479 25513.7671709973
692880349.1881386042 26414.6969819069
683307875.5655047894 25122.7749138530
677220027.2622288465 23883.7730801664
692208717.4826042652 26371.2649208307
679013104.9617866278 24353.1105961464
679539684.3585376740 24442.6437154375
683997769.0886315107 25253.5871663745
693411371.3431169987 26459.8272858858
680285863.6168068647 24597.4353076294
683878738.4171544313 25218.2225628551
687183257.8386418819 25688.0539570767
681214436.4587756395 24769.1370482147
708337426.8040981293 27271.5556297302
696116665.5423723459 26705.0766817331
694653385.9511882067 26583.9673639536
686851239.3935049772 25683.0905075986
699162539.1334773302 26998.5976858139
672086169.7204521894 21941.3292367500
708475951.3279542923 27283.6153984070
672109013.4618853331 22068.4316175025
694338439.2983143330 26546.4939581156
687734125.8120137453 25786.1869469602
691767882.0652394295 26332.0062443018
700876148.6597044468 27135.0819864273
687257993.2482601404 25715.6990264654
684342796.8884459734 25304.0280304607
674798496.1821177006 23264.9997302074
700120514.6415975094 27077.8241205215
687836818.3163691759 25816.8801480252
681377449.3540321589 24813.4295782745
681297894.4887859821 24806.6506170928
687746284.2800899744 25787.6686022282
696348617.6869115829 26728.5982608795
676802414.4810987711 23767.6501565654
681332231.5035536289 24808.9503445327
679062084.2700392008 24358.6931776106
698236931.5708603859 26914.6062008142
693127982.5415714979 26448.2869249582
689363169.8383915424 26003.9102858305
700250698.5179890394 27079.9617967606
698172279.9267426729 26898.6948486567
681859694.0446039438 24888.8415312469
680293025.7342836857 24621.6114422157
683407860.3744000196 25160.0485258754
682136672.8224766254 24945.0754987597
686484524.8753470182 25611.6018191297
674531713.6032862663 23136.6346437712
697847397.1414375305 26885.0563026667
695413377.3655204773 26627.0509524345
708972970.9809343815 27294.7963924408
690133603.9516118765 26093.3692232370
676759152.2525447607 23753.1571374614
672262520.7795538902 22157.1576802772
688699413.4518027306 25927.1856373549
674544093.5335360765 23163.6318313856
675093869.0145026445 23266.5210411329
690270379.9389035702 26146.5146051645
692676124.0969618559 26402.8801494837
674106356.8570523262 23019.1064393301
688886045.9142791033 25974.8991926908
685809433.0977975130 25507.7555348873
692500129.8529366255 26391.3500877619
690359179.8493145704 26166.8356405497
688211658.2684433460 25859.4277404547
692206994.7977044582 26349.9853779078
693797261.4615414143 26490.6677317619
690998234.6326581240 26202.9545646906
673979508.1142027378 22944.0325886984
681276764.5962386131 24777.4783577621
692977883.8061542511 26436.1826955080
687522963.4167246819 25761.2940219641
688870876.6414468288 25950.1439970732
686682689.3060121536 25632.2458337545
691186811.5585658550 26256.8788095713
697060267.7128853798 26808.2922579050
681825357.0298361778 24886.5418038070
693449007.9505261183 26471.0084902048
687210151.8470621109 25712.1370204687
687334639.3487581015 25730.0520881414
672502598.3890488148 22265.6511440914
674373202.1706209183 23077.7216859836
683309092.1730946302 25147.0112203062
686588908.9820894003 25625.3043671567
687659278.2060382366 25769.3443904836
689569010.4730600119 26035.0984848738
684103517.7263795137 25264.9397345241
671718313.5077003241 21830.2518125363
674465833.7790678740 23123.2065769215
672072043.6956357956 21903.7733622380
684561188.2269461155 25338.8298087772
683935322.9154503345 25239.9397125896
688875647.9083619118 25963.7352904081
684755467.7691252232 25362.9220333751
688176917.5793219805 25852.6233357191
688654637.1876369715 25920.6477569342
688704380.1203721762 25932.6905668974
696645727.0786380768 26742.8909946680
689120001.0214875937 25997.6250790358
695645932.8249853849 26670.1298767328
688223519.8059732914 25862.4872554541
681738867.2701967955 24865.7554716766
684999716.7331142426 25412.1276980098
684708820.3176503181 25347.2200108226
682838724.9887467623 25036.8499960601
682360139.3744202852 24954.6430830657
685269840.8102322817 25439.6973438915
684474006.7727255821 25315.7043581065
681576049.9353891611 24829.3151907623
684312535.5211659670 25296.9265613612
683181817.6798149347 25108.4959159549
685107350.3811585903 25425.3772583660
688864954.8743644953 25934.4589103460
682421435.1222325563 24967.6880335510
674719378.8979614973 23165.7020637770
694268393.5731626749 26535.2316175699
692956714.7535814047 26417.2422014475
684916644.1627146006 25391.3468542155
684503241.7396099567 25330.9569655117
685656521.0657240152 25459.1992770713
689114707.1991903782 25995.4836305380
699526914.8467688560 27021.3192510605
672602659.2726483345 22273.6009890478
688151001.8804651499 25849.5525705814
697191340.7338614464 26840.3899437189
694861835.7723543644 26586.2796283960
691166436.5536687374 26236.8433929682
708967899.7631800175 27289.3760528564
698781068.8521623611 26959.3128852844
690730237.3711001873 26185.9558731318
695244187.3211314678 26620.9336404800
693709121.6905407906 26477.8799571395
697599636.6886165142 26856.7040081024
690799924.3735200167 26192.4442306757
697463178.5067572594 26848.2639328241
697321712.9246584177 26844.6213250160
694027796.8899171352 26527.0048929453
673902595.7480636835 22942.3709790487
672703392.9062880278 22329.7709821672
695181712.8510665894 26604.8966746330
694414825.1845827103 26567.1812815666
694468297.3256498575 26574.3467173576
685685332.6787887812 25464.7624979783
689917048.4981173277 26086.9003926516
694993193.4336777925 26597.0682826042
699820161.1316732168 27036.8258066177
685499641.4114001989 25445.2604132462
697092561.4927349091 26814.0580726862
689907336.5238405466 26085.0596228838
697132821.1566923857 26815.6347481012
696218874.7264369726 26720.8170413971
693751368.6663249731 26481.1726518869
690159347.1527278423 26106.9053670168
690798480.8635039330 26191.1923381090
694282453.7401685715 26537.7415796518
689490271.9912194014 26027.3284226656
699107710.2729804516 26967.6096105576
695581716.1246527433 26629.1760473251
690215380.4954218864 26108.7651826143
