501170564.5691320896 376615.6309497441
501170564.5691320300 376586.2581784810
501333561.9711243510 395079.9595735157
501387564.7629792094 399394.1616395200
501454036.4752073288 403899.2691589678
501556861.3680191636 411946.7502227510
501556861.3680190444 411946.7049604143
501657865.7242222428 415225.4224966849
501582213.2028006911 412781.9414786185
501582213.2028006911 412750.6294983710
501625432.0198858380 413260.8002201403
501758616.1441484094 415947.0482552732
501923529.8328081369 423870.4477344165
501928420.2451764345 423870.4929967533
503066134.6010462642 460376.0053806957
503111856.8167212605 462065.9376097853
504120764.8097575307 486663.5203200206
501201047.7922003865 380420.3168933476
501170564.5691320896 376615.0769059742
501337924.7378646135 395902.5580639924
501387564.7629792094 399424.5585549558
501538376.6019738913 411071.7994812811
501418718.8428268433 403062.9142192091
501504200.2454109192 408023.1542782616
501625432.0198859572 413261.5944229449
501802977.5005311370 420992.0925623263
502694658.5715069771 449198.9000389511
503762199.4505414963 478109.1532516312
504240432.8878246546 486675.9202065095
505160861.5894923210 509444.5914003290
504010026.5515241027 484775.5564956497
509252062.3768216372 563271.3942144364
508952909.6666221023 559869.6628911942
521109191.2749955058 653507.9465253688
501170564.5691320896 376615.7214505757
501277881.3473921418 386994.9624409760
505087078.0803115964 506004.9290944673
501279259.6066762805 387236.9229197587
501283307.6723449230 390764.1413045014
501896752.8049885631 421855.6553502689
503610226.5339003205 473958.7367420550
506255276.3221920729 525930.5845444687
505966946.2189577222 522164.7895775108
505802367.8467180133 519418.6573177911
507738279.6824960709 544042.2427339777
501477236.3975374699 407309.7430233788
501983239.4505439401 425977.9663854251
502295880.9062318802 434989.9705070267
504402425.2500433326 489242.8470382150
504545985.6819638610 490793.2319899425
506323328.4388824701 527874.7808548547
505431971.2408796549 514392.5676798336
501201047.7922002673 380390.9441220845
501283307.6723449826 390793.5140757645
502428551.7971029878 439676.9624441723
503419581.3247357607 469158.2962064594
502971921.3499730825 458177.2775032456
504308352.1148138642 487381.7278607618
505688470.4500735998 518556.4834990017
506255276.3221920729 525932.4381821640
501201047.7922003865 380410.4902646626
501333362.7516842484 391472.8070483888
502012399.3900639415 428079.7865358005
502184949.9312268496 431665.6831422458
503711992.0039182305 477115.3471978065
503520627.4638903737 472063.2298756298
550581415.5596367121 768130.4705648422
501400422.1625507474 403033.6607239927
501994433.4005418420 426035.1617761264
502180059.5188587904 431635.8960290561
502189497.4740769863 434891.4605320553
503096526.9474197626 461444.3143379624
509623473.9099228382 564855.6865931600
501247501.3534991145 383649.4799188199
501790517.8975186944 418397.1572330430
501909828.3821424842 423840.3916135440
502354929.2599632144 437074.6080940823
503066134.6010462642 460384.0423985180
504414486.6056386232 489373.7638873216
503595424.3603741527 472627.3173084911
504120764.8097575903 486670.9209547862
515863624.6200973988 609923.3185180798
507274087.2729406357 541852.1731715314
509214838.4120380878 562591.1656988114
501538376.6019738913 411093.5753601874
501556861.3680190444 411916.6488395418
501524929.9522460103 410237.8188224519
501689179.3562536240 415705.0754410113
503388322.8835135102 468441.4716236144
503173760.3836095333 463235.9399967846
503173760.3836097121 463275.8962956127
503137678.7208548784 462872.2749119457
504485460.3319467902 490754.9590407237
506760661.8616684675 533452.1837434880
506701506.1741537452 531613.0510535352
506553824.1787878871 531595.6565222852
504471467.9274892807 490527.8989931792
511610340.1937006712 580481.6364543959
511023381.8995161653 579893.2510053217
503380426.1454713345 468286.4317799266
503043435.6722216606 459815.3987980541
503271274.2001546025 467238.2219694909
504120764.8097574115 486632.6480055675
504624707.2630499005 493096.3039626610
508485236.3822333217 554850.6835753135
504852379.0962900519 501650.3342305757
505738810.6223798990 519365.1426004879
510937303.0345242023 579521.7608319819
506272391.6107111573 527364.7092816550
523894063.4228058457 667118.2285320014
523529347.8319958448 664883.7549548224
510937303.0345240831 579513.1781293452
508985575.9828751087 560706.8558843583
502935809.8896580338 456913.1340122875
504346578.6468473673 488973.9929275047
520046175.1857938766 648566.6434036586
561743867.1345992088 787113.5103502646
561007651.2343012094 784761.4520006552
578606429.3837733269 843742.4400625229
505431971.2408793569 514378.5083536617
504599648.6678830981 491716.0691706389
507978998.1774595380 548731.7830896899
506433804.0276128650 529427.8808363602
506256619.1571531296 527128.1598145105
501507662.6280102134 408084.1199966753
501938674.7477033138 423927.3741174350
502080920.0460973978 430193.5843835483
503849655.1583706141 481764.3319354169
503164172.6382752061 462959.8983307239
505087078.0803115964 505994.2900716402
507065256.2997829914 539292.3388056867
502541547.0092002153 444395.2058399777
502587032.7889435291 446304.9810783798
524000615.9574886560 667310.2214083746
505802367.8467180133 519448.4990078546
505882234.6227369308 520672.0675944015
501446497.4285346866 403525.2465638007
502433921.2266366482 441506.2537983517
503173760.3836095929 463264.9574223217
502824983.2828949094 452648.4586632187
506044573.3761369586 523241.4724518396
507830935.4538443685 544290.2148091719
501550281.7870277762 411102.3172587241
502063267.6305344105 430157.4728112827
501994433.4005419612 426074.4628015170
502063267.6305345893 430187.2599244724
502602628.5099157095 446809.2552483017
502625998.4415594935 447185.1541584591
502824983.2828950882 452659.1248314316
503520627.4638903737 472049.1853199657
503768262.5535179377 478291.7019244879
505387626.5785679817 514366.1084671728
508254238.0098697543 554038.1632072739
509174548.1387898326 561623.9318992905
503181984.3358615637 464651.7906590160
503043435.6722215414 459799.4207707103
502587032.7889432907 446272.8935539658
502826000.9176126719 454180.2498543198
503443989.0644829273 469208.6893177684
515925731.0394657850 610869.5396672577
508567468.5607771277 558869.4156791978
508111739.9975838661 553813.7980655693
501245936.2960718870 382918.7480656142
501524929.9522462487 410274.5534415926
506044573.3761369586 523242.3959747888
501258052.0770930052 386983.2502923096
501259325.2289353609 386991.3149922034
502158636.7949628234 430941.0549836765
502761663.1153380871 451479.9025490219
502824983.2828949690 452651.5287620957
503443989.0644829273 469210.0132923778
501470566.0904749632 404074.6767169322
501524929.9522461295 410267.9202056612
501524929.9522461295 410267.8749433244
507101651.4673768282 539813.0315989330
502541547.0092002153 444397.6985157589
508108068.3050785065 550420.6546129473
571927636.2110104561 823042.4241027832
580800307.0802084208 863273.6737060547
502935809.8896582127 456929.3486118969
502935809.8896579146 456889.3923130687
504750922.8457564712 497563.2548753656
514816203.6820459962 604038.7757957727
501286191.1970231533 391208.3812902058
502577951.7951784134 445591.8724506954
506783768.0202291012 535389.8675364330
591968108.0594724417 893908.3703613281
571561563.7429958582 818825.3126416206
502007508.9776958227 428049.6851525913
502685577.5777418613 448497.1562794308
506545850.3472304344 529438.1699233167
512268610.7040932775 592782.3579786792
512003287.4241791368 591609.3969968110
591644325.3868093491 893314.9321289062
501206919.5592415333 380769.7154240693
503263802.8847489953 464796.7486134227
590823283.9092835188 890975.6730957031
501495033.9204424024 407717.8449908579
502153326.9423530102 430392.7340759049
502935809.8896580338 456921.4798374828
506183279.7049646378 523604.2706312346
501495556.4942351580 407876.5575495074
501497929.1063755751 407878.1569031561
502587032.7889434695 446302.9959480698
502306438.5046596527 435163.6462005387
502153326.9423530102 430397.2419942627
503263802.8847490549 464813.0786915477
523294527.0307034850 661193.2145800665
591416444.5312347412 893068.6264648438
501472577.2715938091 407074.5731597627
565300708.5189182758 807696.8862380981
506217332.2973616123 524022.5006117034
590877135.4477273226 891938.7380371094
502306438.5046597719 435194.2329419861
502433921.2266366482 441499.1419666866
523271524.7767152190 658167.6662402228
502153326.9423530102 430393.5307811509
502541547.0092001557 444388.0940083126
502433921.2266366482 441469.5614155392
501495033.9204422235 407680.0666705454
501495033.9204422832 407707.2533160532
502153326.9423528910 430363.4746602784
502400842.8004776239 439008.0195072750
505117350.3435181975 506476.7809068598
504767215.1302369237 499038.4833209369
515676765.0957669616 609148.5598044172
513825667.5089336634 603969.0548536184
513433747.2704095840 599675.0102395974
501495033.9204422832 407711.6944466914
501495033.9204422832 407699.3601275767
502387141.3498120904 438978.4389561276
502694658.5715068579 449193.9331200058
504669773.9245987535 494073.5717088617
514834147.0587230921 606164.1229147688
571958484.1709892750 835610.7276611328
580104409.2370810509 855572.7531499863
505087078.0803115964 505964.4483815767
502365086.9966440797 437376.8309315304
517651193.0989209414 630456.7518956698
506191477.3377081156 523614.4342359710
515349998.6939610243 606932.9068197981
505530538.0711073875 516680.9308412853
562563831.1809893847 787172.2169691487
591183240.7198866606 893013.8940429688
515094235.0515829921 606472.0543112531
501221371.7263896465 382815.2889423511
519443652.4478985071 645142.7256464101
505259428.4197204709 511744.6376288007
504613135.9717675447 492068.0695468113
504695982.9452841282 496661.9634911567
503057137.1228871942 459817.6993351635
504935642.7844203711 502544.0740529634
515354984.3667648435 608110.0651297346
501252027.3841079473 386888.7012055060
506238982.3029870391 525192.0497907805
550314654.6900089979 756779.6082921401
550399691.6857627630 759766.9989781752
540770042.1263995171 713975.2495866865
585579352.8525354862 871556.3345336914
507897597.3512977362 544783.0813695490
507736962.9145478010 542161.2593163028
505823307.5197669268 520576.6142267394
504343382.0044143796 487515.2222598940
510392947.8577673435 565864.9193745255
511878116.9193748236 580988.0368727148
558128358.2811093330 784001.1098961234
550152370.6917785406 739605.2386927605
521456044.3037241697 656436.2690032083
533054743.0021950603 667750.3558394942
533110577.9858527780 668658.0984222922
567022261.6399201155 813272.8144526482
567026255.5381964445 814540.1210932732
517461480.3233094215 620352.5775942877
517229194.2321413755 620117.0609927252
555131232.1655520201 772388.2177748084
510868298.9440798759 570336.8726062328
510567444.7647124529 566586.6344954818
557133638.3843410015 779209.8909950256
556805522.3353073597 776805.3288612366
537737040.9114522934 685841.0981663349
537506300.0680696964 681777.6814525160
564544312.2403204441 798724.8556556702
563923058.1691071987 797234.3876380920
564842569.5846040249 803378.8117145747
550228671.6466003656 741539.6399217695
550038073.0616469383 739377.6391893476
518851679.1908339262 636573.0153268315
575539921.5247507095 843657.6183013916
568731912.2336034775 818123.1885528564
546928004.6537339687 722505.0511021018
511929794.4152420163 582249.1245922979
523757576.1778904796 665520.9771890640
518676450.7676079869 635655.8108531151
579155399.2200279236 849056.9521026611
536835558.2418532968 677046.2630780935
548545701.4224638939 737013.8888740540
548796904.9262317419 737911.6979560852
519382490.9336962104 638071.7686770037
563745613.2426229715 791164.4325027466
540500045.9685461521 689979.4417304993
