880493081.1574630737 652158.9005421444
876209306.5403738022 629877.1402906263
887852158.8144844770 678881.3136127287
876625766.9428753853 633541.9243038292
873595732.0958936214 614622.3845952833
893603918.9687793255 693847.7606622875
873934793.8500806093 616394.4478519554
873642140.2377514839 614709.6177495802
880035607.9718855619 650713.0391440090
883991723.1879116297 664940.7675782871
872891898.6307481527 603931.9951738203
880822681.5941393375 653619.1944064195
874202719.9717174768 617131.4465549584
876775341.4481048584 633782.5543578947
886820376.0450481176 675698.3504779631
875378749.8888893127 625690.5660160179
880830562.7516658306 653782.3394869859
887536783.8958373070 677628.1621082121
875133858.9795632362 623944.0545591200
875201598.0670633316 624384.9592222059
884484003.2719713449 667223.9567414951
876218325.2778519392 630411.7416700209
890445467.1754145622 686019.4380426407
877581842.6155750751 638837.1139630750
884129361.2510997057 666492.6157991122
884304877.7743681669 666996.1023713779
892748029.7395610809 692403.8967036903
881649132.7457624674 656425.4774244596
873548423.9979883432 613651.1518987501
884477409.5682754517 667220.0631562900
872885689.7899656296 600823.2652829969
896718601.2488456964 699686.0306606293
891484150.9983509779 688738.6621303260
892323652.9393692017 691147.2198085487
884001716.5319287777 665531.3630220126
874401089.0039296150 618255.6232975121
886573627.6357113123 674485.7306506926
880951915.4293141365 654096.7965487535
876502871.5384407043 632451.5439695204
877516510.1564238071 638178.6165265515
894631924.1447530985 696222.8789484203
896698803.9099938869 699445.1870632172
891727838.8071787357 689108.3686726987
887537198.7240006924 677759.3241565520
874997727.8271006346 622836.3147138441
879663044.4855780602 649675.2051028307
888314450.9195275307 680280.9901721770
882262813.3645906448 659302.3831032559
888120084.9361207485 679855.0469348723
873005893.0879145861 605878.0989049757
873472028.2310014963 612000.0628866041
879212981.8535716534 646032.6762900051
886572852.9750845432 674471.3668811613
887537198.7240006924 677718.6659534270
878255729.1848698854 642159.4571908785
891569303.3818821907 688936.3465555038
875988626.4101631641 629220.7591808434
878548746.7303384542 643484.7863053754
890962287.9957067966 687801.0972493589
881669910.7405364513 657149.0571049496
889207436.4688729048 683009.4033874869
873269448.7273496389 608379.9239772642
877337835.2477080822 636870.9800824597
890542229.7869701385 686251.2946756210
878902393.4772779942 644839.5638837293
878217516.1675782204 641429.0986093355
873528477.6108789444 612209.5131963575
892914840.8038666248 692554.6556453407
875095199.8780330420 623497.2909673536
881439003.5300290585 656328.4108981187
878722292.2776975632 644289.2220868543
872145686.7941156626 594814.7703260267
874935586.9001911879 622302.7562078321
873187265.3344624043 607335.4959529722
888387649.0067737103 680306.2544544035
875871070.9134752750 629034.8351453627
874417479.3832390308 619456.0057805860
883717873.2414239645 664156.9545224141
884716958.4433211088 668182.7447148990
874769549.7310229540 621470.7837041700
883783532.4896687269 664729.6974183749
889040201.7630677223 681632.1815226370
878426207.4255690575 642714.1515344454
886619990.3021956682 674510.8628528410
871982087.2032095194 592965.9010251844
873272377.4754738808 609291.3809779966
888457626.5743997097 680389.6571948820
892775179.4293291569 692412.7148494422
879586448.4517006874 648802.1340273912
872084623.0707536936 594026.1240171278
876981070.4314219952 635443.2595548108
883561995.9329785109 663984.1517878685
877116251.5425050259 636462.2495450452
874486674.3862631321 619961.7297490919
891926398.5480794907 690245.0557535018
891736216.5502367020 689647.1093196571
892742529.5555604696 691955.4430598915
872959916.2294926643 605723.7766221846
886289119.3899831772 673435.9272601897
875482049.2656625509 626375.3882459486
894702536.1401059628 696312.5310480297
878088692.0429174900 640895.1978558972
874185807.2763985395 616678.0815036888
891501435.8217408657 688906.4342325057
883508341.6479266882 663516.6158512875
891283195.7043205500 688350.4132013321
883513047.5017507076 663520.4857853695
891736216.5502364635 689642.2217464149
892146187.9654706717 690299.6042764510
891581192.6660630703 689063.5017679061
882075297.3954133987 658688.3225468441
892742529.5555607080 691965.1526546180
882608019.2466073036 660533.4327858731
874697076.7484825850 620967.4704412306
903863032.5160276890 706088.2016601562
876916251.4744476080 634378.1546276207
873315343.9386279583 610028.2920497740
896095326.6844061613 698572.5650844574
882854396.1774730682 661250.1812351986
874420141.8937376738 619534.2140325392
872524314.9681471586 599272.4491514051
888092454.4329717159 679242.1165759856
883141332.0557538271 662225.7751530453
877657218.9629641771 638839.4650983289
876020179.7973778248 629527.0866954918
886289119.3899837732 673442.8695209319
887161766.8142609596 676922.1122119719
886092744.3143718243 672295.3202960783
876233789.7485274076 631179.1981443251
877468650.0191210508 637592.0020640489
875600986.3654935360 627534.1045545423
874839452.5239036083 622074.2390703047
883163135.7659102678 662482.9740055844
879624022.8316290379 648964.0831545885
886281638.3578037024 673087.2794940764
874941389.1448662281 622336.3568853224
885932073.4146732092 671691.1882783603
897057791.3028593063 700700.6560101509
882608019.2466068268 660511.5012673184
886715994.8731287718 675243.7896068388
872644504.6346490383 599995.2901243055
872170130.2118122578 597205.0645345533
883508341.6479266882 663476.1304081723
898828927.6490999460 703174.7222061157
882353588.2353407145 659889.0676029965
895305890.0056895018 697943.9647638500
884308825.2409114838 667157.1301424932
878459874.9068880081 642940.9758853014
874303151.2164331675 618204.6319402540
884616056.4618036747 667832.5806428622
882324564.8175420761 659854.6262882992
873946665.1790796518 616588.9454778517
894702536.1401060820 696385.3998224437
875746291.1407794952 628144.6331800306
875327758.2790839672 624681.9723790968
886485441.2369992733 674454.5875499541
885246575.3502008915 670354.0014912318
896809518.6572229862 699854.6969037056
872822769.6400009394 600699.2710889662
890730589.2055130005 686693.0022561874
877413653.6850429773 637196.8443707898
891204464.3833233118 687955.4274225235
884121367.7370113134 665662.1332963835
885537539.9637907743 671108.4828297328
877507366.4876775742 637638.0635199333
887098706.3699150085 676334.4177539641
879013702.2181557417 645640.6703433092
885971687.5670294762 672006.2870298582
877995493.1752520800 640844.8810629543
890309725.6219881773 685410.8090143204
884858672.7025728226 668527.9827238279
882158681.8739950657 659110.7665470883
885132185.6260107756 669637.6340147215
898828927.6490997076 703141.2441177368
898001163.5761144161 702608.1739101410
873084428.5889695883 606097.6586355055
877749198.6257593632 640695.6814111543
884552882.1320503950 667300.1319536101
902796166.8165156841 706043.8549652100
885485813.2646238804 671026.2408405971
876708109.1183464527 633654.7467245841
880363021.1466728449 651548.3828177151
904875319.9015719891 706891.5346069336
897131359.3598917723 701067.1675014496
896074197.3099164963 698440.2931561470
884616056.4618036747 667798.3484651279
880669159.7275873423 653189.3460081388
883147875.3603227139 662345.8801335141
875551688.4144005775 626478.9290326918
882990123.2256842852 661876.4159187123
880342519.7017399073 651220.1511282619
882220078.0496376753 659270.6955326840
873917712.7379480600 615231.8307470167
893413557.0313880444 693268.1878778636
887084196.3811876774 676234.2651355559
888020955.6175190210 679076.2780042778
896982756.4641593695 700488.2902431488
896809518.6572228670 699799.7110638618
885485813.2646237612 670976.9468342494
889040201.7630673647 681629.5053751761
881880650.0867820978 657955.0008610531
878236721.1985374689 641922.7610272840
879231890.0121836662 646742.2657675440
893448693.6349109411 693374.8673212230
879574304.6818990707 648294.6955204007
883092235.8347401619 662085.0562766835
882941558.4517601728 661616.3401130482
880481555.7174360752 652081.8663119371
875635984.2185192108 628004.1662153089
897307922.9542874098 701486.6715297699
885050188.7362856865 669110.1988789272
879983696.9192137718 649921.9929141100
882500896.3683825731 660051.0407475277
885986947.9726166725 672007.5849424559
880593939.1804571152 652503.3577650358
888676708.7391396761 681236.9842822844
878489050.9672517776 643216.7031454738
883170633.4972088337 662894.6301444813
887362056.1233937740 677557.6154163176
872755889.8039702177 600028.8099302137
875746291.1407799721 628246.5729383314
877686567.4075385332 639299.0633291897
878413715.8216899633 642248.1745199856
881597014.4735069275 656369.3937124903
888903031.0374848843 681316.5907348990
879272308.5314136744 647732.2111147936
882181040.5962672234 659189.1414411833
896426353.0439001322 699389.3544521332
877072392.5487889051 635666.3614325222
879474435.0966488123 647922.7678122219
883508341.6479266882 663504.3619755551
896426353.0438998938 699369.0124721527
881018054.1446986198 654228.3403700163
889708244.1780508757 683086.7614784837
889708244.1780511141 683118.1706886888
897467208.8933130503 701885.3006801605
887688562.8848766088 677866.5064490776
899975243.5914945602 704034.2967071533
882286240.0080336332 659602.4894560148
897966026.9725917578 702395.8654384613
897487085.0912487507 702062.8029994965
881229774.9637843370 655577.7574596449
897966026.9725917578 702443.7212123871
898001163.5761142969 702510.0580654144
880565466.9631657600 652488.1437071135
878154921.7809858322 641245.4266889860
897487085.0912487507 702034.0321254730
893287358.8754067421 692651.2742366493
878942941.7591975927 645195.2124380764
880669159.7275867462 653121.0515745451
893303425.3761216402 692981.2631952465
888661768.5955559015 680594.5521839916
887146261.3789179325 676833.9126478325
888661768.5955559015 680597.4628285229
889755484.9286562204 683886.9405485988
902278310.4912859201 705586.5954132080
881056965.4262949228 654472.4459141537
882536529.7259156704 660138.3782761862
898001163.5761142969 702521.7854824066
889652457.5937545300 683038.6211668849
895245482.1234364510 696908.9243426025
881598360.7774448395 656382.5885270407
881213110.2494654655 654944.9593418881
885059113.4022995234 669271.4388242918
898490463.3310930729 703011.6536464691
886681442.6067726612 674749.1374860894
898395855.1428016424 702776.4995923042
901000052.1870557070 705296.0342979431
872088235.4854906797 594400.1511268700
881373451.8268808126 655662.1382520964
904910456.5050945282 707002.1157226562
901760123.8124562502 705569.8565826416
893282653.0215828419 692617.4165095985
897889066.7590320110 702317.5542812347
875246381.1576910019 624483.5305684889
894932189.2286776304 696875.4383051097
897149549.9690861702 701268.9223232269
872816887.0283728838 600535.8279203260
894932189.2286777496 696889.5894281566
903979501.3964608908 706454.9233398438
889104516.7229593992 681779.9840055596
900228447.8524907827 704337.9995689392
896409189.4589537382 698923.6984205246
893601965.9157714844 693672.2787592113
876197877.8224853277 629823.4341176832
894038570.7901018858 695472.7418939769
893762106.0395290852 694013.9332678020
899447405.9089818001 703502.4293518066
896391527.4125723839 698791.9528760910
899447405.9089818001 703406.9104309082
893983234.2332755327 695178.4491979778
904910456.5050950050 707003.4887695312
900616472.2528673410 704870.3509750366
893843722.2785469294 694391.4497472942
893775067.1567103863 694237.7334081829
904543054.0631395578 706565.4199218750
894868701.4522297382 696635.4532262981
890135224.4116207361 684352.4069334865
896026314.1672799587 697997.6632795334
890008132.6082226038 684221.4591795802
