101225831.9329286367 2346329.6582031250
103267762.6369054466 2445390.3398437500
100690267.2499517053 2311433.5136718750
102277422.7146050781 2404496.2343750000
99320821.9758529663 2055149.9912109375
99761296.6255402416 2157301.7597656250
99805708.9112385660 2170830.7333984375
101985915.2542470843 2390490.6972656250
99843933.8807064891 2174321.8896484375
102733116.0384159088 2427333.5859375000
102354425.3223806620 2409243.6425781250
102737134.0346412808 2427595.4062500000
102348831.4045529515 2408530.8339843750
99353459.0544345975 2060061.1865234375
100230782.8611069471 2249850.6582031250
100368385.7463173419 2272174.6738281250
99546563.1771022975 2108610.0908203125
100294772.3365562707 2258298.2363281250
100023623.4301297218 2214375.8437500000
99703802.3613359332 2147761.2412109375
112778577.7382041216 2552373.3515625000
103323251.1576117277 2450901.0195312500
100431353.4463973790 2279891.6347656250
99320613.3659598976 2049809.4892578125
102052074.4400522560 2392067.2304687500
103090498.5823260546 2440357.5664062500
99361903.9487233311 2062348.6640625000
102398107.6863854676 2410796.6601562500
102528082.7874451280 2417301.3671875000
100401434.9484819323 2274222.5625000000
99243742.4648027718 2035528.6416015625
99982254.8548827320 2204319.6884765625
100186686.9181652814 2237042.1552734375
99301420.0762252808 2048797.2460937500
103270369.7504174709 2449182.8945312500
103086480.5861006826 2440095.7460937500
102952606.8260829896 2436145.2910156250
102362784.8743712902 2410115.3164062500
101986922.0639327019 2391105.9824218750
113476531.7141304314 2552890.1269531250
101804204.4886374921 2383063.1250000000
101906367.5186581165 2388822.9218750000
100978345.6517120898 2332485.0000000000
100528712.9710196257 2297103.3437500000
100309153.6974588484 2262280.4511718750
102714953.3774962276 2426456.1406250000
102183993.2284032255 2401120.0996093750
102286156.2584238499 2406877.9277343750
101019140.9893342257 2335702.7070312500
102710935.3812708557 2426194.3203125000
99956589.5307328850 2202334.0185546875
99493513.7158521116 2100908.8613281250
99600710.1970443428 2128795.9580078125
109067095.1960266829 2548989.4003906250
102135976.7587280720 2398728.2402343750
102175683.3941396475 2400578.9316406250
99476773.9852244258 2098311.2392578125
109225936.8058229983 2549149.5546875000
100584991.9328580946 2299028.2226562500
100114625.7919467241 2223775.0263671875
99348252.2702625245 2056026.6386718750
99285160.1651622057 2041133.2861328125
99690978.8468455225 2141063.4121093750
99641168.7467530519 2138258.6191406250
99788181.7433622777 2160467.8251953125
100184436.2353642434 2236036.8037109375
100059598.6912836432 2216279.4658203125
99503474.1285570860 2102866.6113281250
99511260.2353016585 2106246.5195312500
99712880.7576198429 2148033.7753906250
100164151.4912522286 2235686.2236328125
99950758.5645828247 2197303.3154296875
100050628.4102050364 2214536.0302734375
99518457.7661622763 2106510.8671875000
111751806.2139827311 2551930.7441406250
100133358.0980663598 2230732.4599609375
99683416.3863048851 2140947.9062500000
99804973.0494876504 2163446.0634765625
99650900.8058626205 2139468.1250000000
102081127.6704505086 2395465.8320312500
99943061.4899168909 2192561.2187500000
111746646.8899248093 2551745.4179687500
99834592.9145622998 2173596.4267578125
101551737.8865303397 2368054.4492187500
100206220.0343899578 2237878.6416015625
109294644.6371037364 2549986.4921875000
99718733.1233900934 2150398.8515625000
111745192.1243311763 2551732.4375000000
99358426.0430478007 2062203.5751953125
113300389.7718873620 2552811.1250000000
99902882.6635545790 2187311.6347656250
99865949.4677971154 2174945.5732421875
99935183.9911961257 2190687.6552734375
109475496.3147344589 2550143.7656250000
109767845.4771475196 2550518.4023437500
99370450.2713751048 2071876.7109375000
99445930.5083942562 2092929.9755859375
111653360.6825200319 2551668.8906250000
109906988.0669258982 2550684.9160156250
100127828.5943710357 2230476.9619140625
109287112.7730049193 2549179.3867187500
111553641.6210190952 2551596.2832031250
101552008.5912428200 2368561.3789062500
100067240.0653319210 2220361.3994140625
99726714.0743096471 2155182.4003906250
99414739.4643626958 2085008.3789062500
100061710.5616365969 2220105.9013671875
99587020.9065331519 2118837.2216796875
100003628.7483882159 2206477.9443359375
101892641.0645466894 2385296.4218750000
101026680.1395934224 2338676.1015625000
99560381.3630114794 2117175.5273437500
99593783.7765021175 2120771.6796875000
100115434.9072918892 2225363.7958984375
99612410.6041119248 2128874.9765625000
110883779.3114132285 2551267.7792968750
99413327.8070754409 2081828.2939453125
101388298.5506279320 2358500.4785156250
99680722.0856181830 2140450.0996093750
99464965.5566680431 2094103.6542968750
112084852.4347115159 2552210.0410156250
101405750.3824132979 2359810.4101562500
99873718.9911658317 2181508.0292968750
99769096.7238330543 2160456.2880859375
100480687.5104610026 2290714.5664062500
104456956.6272710860 2488294.9609375000
99373009.3832347393 2072923.4667968750
99438899.8966358006 2091528.7617187500
99383218.6826790422 2077238.5644531250
99878377.7163718045 2183231.5830078125
111350863.9106384367 2551573.5019531250
99624614.0406352282 2134497.1630859375
100987033.1131297797 2333425.1464843750
99808331.1337839663 2173595.3115234375
99559562.1517989337 2116602.7753906250
99565251.1763920486 2118715.3242187500
99420791.2399343997 2085167.7558593750
103443607.9929502606 2453881.1503906250
99477002.6715602428 2099188.1718750000
101080086.7829836756 2340672.9511718750
101501965.7120362669 2365893.3027343750
100229121.5872738510 2247505.9257812500
109031437.6576426774 2548692.6484375000
101096559.1259132177 2343072.5488281250
101540160.2685973048 2366817.4648437500
103315112.7414657772 2450629.1406250000
102817536.1796999723 2428932.3222656250
104488245.7244624048 2489035.7558593750
103186129.7264390737 2444094.2656250000
101636045.0669191331 2372597.6953125000
100287456.8613382578 2257328.1542968750
101268026.0903030038 2352748.7792968750
103222150.4455741048 2444712.4726562500
101158706.6122797132 2344496.3964843750
104671642.3453111649 2494789.4765625000
100415294.6351033002 2275592.2910156250
100586216.4334178865 2299188.6953125000
101462699.2355114818 2363449.0839843750
99867606.2551455349 2176673.2744140625
105786478.8078204542 2522373.7382812500
100547038.1857375801 2298161.6621093750
105689533.2495625466 2518691.0957031250
112079067.5584174991 2552073.9843750000
105904913.7114846408 2524108.4804687500
100196226.8839954138 2237755.2656250000
105518081.3077951819 2517596.6582031250
100281042.6289463937 2252190.5048828125
105842418.9283349216 2523797.8183593750
100987599.5977452397 2334479.0195312500
100999978.2717839926 2335357.0273437500
106066998.0874885023 2529151.9492187500
112796067.4130291939 2552607.8847656250
106316840.2279731631 2532977.5527343750
99921350.9988534600 2190154.2460937500
100599801.3006620258 2304024.4609375000
106253055.7148206681 2532803.8339843750
101320154.9633973390 2355819.8535156250
106614314.9971657991 2535313.0117187500
100293303.8097427189 2257536.8710937500
100911749.2011904716 2331449.0410156250
100253026.4092865586 2250990.6386718750
99900484.1046855301 2186361.4619140625
103637109.8361877948 2460956.9042968750
100654494.6111779362 2310751.0781250000
104563625.4204212874 2492034.0703125000
106546204.6556117684 2534653.5820312500
106772861.0644290745 2536229.4296875000
106785995.6305924803 2536320.0878906250
106850891.9559602886 2537109.3925781250
106903506.3563597351 2537258.2929687500
106361211.3375505209 2533016.7792968750
108642179.7601994127 2548329.3496093750
105741377.2432302088 2521754.6738281250
101577850.4533694088 2368848.2714843750
101589042.0609182268 2369707.3671875000
108223645.6757731736 2546331.3203125000
107035106.1630620062 2537714.5175781250
107324096.3330200016 2539443.4511718750
101075000.7809487730 2339994.9335937500
106399332.1282825321 2533564.1972656250
107502841.9673012793 2541076.2636718750
108257544.8000639975 2546441.4179687500
107862374.9625753462 2543334.5351562500
107161178.3020173013 2538619.6171875000
107556832.7672100365 2541394.9921875000
104559284.1922950447 2491454.1777343750
107897042.4905430526 2544081.6464843750
103206714.1722129583 2444347.0019531250
108615905.2561306208 2547026.3476562500
107883907.9243796468 2543990.9882812500
108326453.8001114279 2546527.9062500000
105460949.5974776000 2514926.8652343750
108339988.4553578049 2546625.3437500000
104287919.8898143321 2481844.2265625000
105452326.3837537766 2514347.7675781250
106038656.7275172174 2527615.5742187500
107124101.4014511555 2538298.8515625000
105983296.1846800148 2526634.8593750000
107201440.7883775681 2539358.0566406250
105713042.7227936238 2520720.8828125000
107188306.2222141325 2539267.3984375000
107582288.2696181536 2541874.2539062500
105996430.7508434206 2526725.5175781250
107580834.3276672065 2541792.1933593750
100501788.4139251113 2294503.7558593750
106447206.6380920857 2533786.3457031250
104387501.1659407020 2486818.8027343750
106288414.7659076303 2532829.5546875000
104575211.2381273955 2492912.3203125000
101365158.6425407827 2358369.7636718750
107453981.1071881056 2539895.2148437500
108326853.8891943991 2546534.6855468750
107985383.7802257389 2544788.9785156250
102657512.9860124588 2422094.5859375000
102646666.6757818013 2421547.0625000000
101877407.0152300149 2383490.0585937500
100225662.0004996806 2239257.0136718750
100460963.1364529133 2287306.1933593750
102484223.5693982840 2413688.8242187500
101769905.8391466588 2379781.1347656250
101744457.7042519152 2378574.6914062500
101964885.1342128068 2389682.7675781250
100618781.5836616755 2305315.3261718750
107998518.3463891745 2544879.6367187500
100417133.9392079860 2276970.5156250000
108612320.5329495221 2547003.2148437500
100336922.1221318990 2265127.2695312500
100583805.3637582660 2298647.7539062500
102918545.2507771552 2433616.2968750000
100623204.6037076116 2307183.2949218750
102896255.8764836788 2432878.7363281250
102706399.1213016808 2424535.0019531250
104302602.4828149974 2483159.4882812500
102872282.8268613219 2431433.1816406250
104147904.3952878267 2481008.3945312500
103049912.0763515830 2438396.9687500000
103061193.9492114931 2439786.1152343750
102829511.1725780964 2430564.3144531250
102631826.7983394563 2421103.8945312500
103568119.8755799532 2457727.6425781250
104216964.1920540184 2481717.1328125000
104040292.0761950761 2476457.4707031250
103818021.8614237458 2466902.1269531250
103755289.1901122183 2466703.1953125000
103874774.2398818433 2472051.4492187500
103558562.1226712465 2457404.1503906250
103455854.5393110812 2456050.8378906250
103542677.1796463132 2457019.3496093750
104177939.3214226067 2481152.5781250000
103518432.9148635119 2456715.7812500000
110379212.5956535488 2550936.5214843750
103942854.4538902044 2473842.4218750000
110366990.8661615252 2550922.6191406250
104059614.5947928727 2479092.0058593750
103696494.5060336888 2463355.3847656250
103637417.7862012833 2461840.6132812500
100849704.2127213627 2326123.7089843750
100702458.5115200430 2316450.8144531250
100730737.8130631447 2320274.6093750000
100778620.7318569720 2322995.0742187500
100769860.4999086857 2321539.0449218750
100628885.7071553916 2307968.8515625000
100870500.0942977369 2326746.8593750000
100742048.9446453154 2321397.4453125000
107775335.0823189318 2542879.5507812500
107694461.3858250082 2542400.7714843750
101306334.7197291553 2354072.2929687500
103937212.0128441751 2472726.1523437500
103838271.0692629218 2468355.2441406250
101886354.3190643191 2384146.7832031250
105216329.0918711573 2509663.4746093750
105118511.1748716682 2505901.3945312500
104853932.4733944386 2498955.0000000000
105091525.1961763799 2504820.0683593750
105096782.4791290760 2505393.4648437500
105423502.8062618971 2514234.8730468750
105005434.7664793730 2503455.6074218750
104781386.0151148289 2496293.2929687500
104940131.4853742272 2501052.8496093750
104968351.2097534090 2502754.4082031250
