210733617.8735946119 158716.1482946255
209954173.0200398564 153693.6146216669
206400753.6825408340 123883.2553526126
205626030.2127397060 111709.9669729434
206384347.8588391840 121077.4006601535
209639482.0443768203 151315.1223917492
212680346.4412021339 170182.9622680731
209722733.5864975452 152650.0314307490
206271420.8783294559 120683.4560781680
221414533.4308080673 206887.9610900879
209970351.9186642468 153738.2607272768
208614378.7041119337 144750.4842829385
208034017.4143090248 138743.8755606115
221991555.5904617310 207546.4495849609
207079690.8088230789 131143.7327630520
207245775.6629996002 132540.9470826387
211406614.5472803414 162762.6765950599
219730053.6851554513 201688.1074218750
210069837.7710332572 153907.6407321596
206510568.3244520128 124025.6890970431
206085174.4205259383 117587.4396215640
207178156.9531887472 132286.0741835833
206024843.7427006960 117241.3366076946
208470430.4391449690 143172.4628901162
209794003.3760103583 152973.7429050111
208565663.1574732065 144272.0093696394
209059630.8609206975 146970.4340761565
206073754.4211790860 117501.8247850165
208427178.5377337337 142940.6722407022
217540877.6478002965 193576.4172345400
216478734.3172415495 189425.6196423769
210737669.9387311339 158984.8890001753
210779732.9662692547 159531.4378283003
210847908.9418595433 159700.8178331831
209112852.8644150198 148218.3224414491
223124966.3191770613 208023.7196655273
205399709.5212210715 108989.9635111056
216208551.6551035941 188091.3020644024
223333426.7098412812 208117.5457153320
205955921.1625527442 117195.4814611636
213336751.1913006902 173384.3823127579
213261330.0136075914 173113.7262458634
217003629.4793577790 191149.6044293642
210938474.2239010036 160334.2762660500
208097675.7628119290 140176.7400749006
213568190.6248430312 174427.9655036759
205305168.3538859189 105431.4354176298
206608875.8452782929 125732.7086893283
208582194.5086377859 144627.6126703897
208842366.8538916707 146703.7809443155
209275142.6907365620 148864.7071745374
206356443.7603402436 120721.6299585261
217196475.3444084525 191785.8493329287
216421394.9049077332 189285.2491731644
206387061.4590623379 121393.5606560707
210950050.5881494284 160444.2532579878
211026077.4137962461 160740.4426478859
211312387.4227640033 161896.9558919349
209311155.9273701310 149831.4083029532
215045119.9640696347 182029.2306585461
216091956.4026052356 187656.2057771683
211190640.9350810945 161227.6681722083
209568294.6975591779 151127.9191878334
216296948.4773801267 188193.9015218019
205860933.4593721330 116101.9016824923
208426424.9484298825 142905.2730423191
221870099.3132882416 207214.6008300781
208766173.9867770374 145211.7491011300
205659162.2391964793 112715.2464491092
217058545.8626354933 191548.0773602724
207715244.6262575090 136585.5181781054
216617236.7168906033 189796.4450703859
213383076.5012905598 173783.0139655899
213765662.1931673586 175499.2890815567
216541961.8685373962 189713.9635308981
220958955.0106258392 205792.5485534668
208314523.3940052688 141877.5179438272
216351215.3738225996 188931.4996663332
217151005.4499398470 191705.3447247744
208529384.1551982760 143527.3972162881
208912369.6032496393 146753.9381098428
207069215.9161894619 129970.9010412656
216330650.5777002275 188773.4357281923
205297105.4499371648 103785.0177373104
217063207.1141444743 191656.2125502825
206750280.2128385901 126579.6332390010
205734783.1062940061 114273.8283697329
205689752.6922020614 113384.7766519748
215559367.8579326570 184999.5029642681
205499503.5706880391 110208.4546626769
207763751.7085207999 136700.0532428026
211079734.0094982386 161154.8599474409
210593405.9280053973 157756.3849413374
216013044.6369643211 187019.6348401308
207820255.1445264816 138269.6638690233
208369940.7032810450 142664.5475039833
209176907.3536446989 148694.6994071600
210928732.3501520455 159960.3858263471
205791275.0741922557 115866.6691385470
210738809.8868787885 159121.7181017378
215008584.1256452799 181542.7860939601
217428096.7690016329 193177.2274152040
208387099.7983565629 142749.1553644815
206894962.2713991106 129507.7842073515
215734239.1343852282 185466.1495076418
205472251.9718257189 109389.1175345778
208150985.8593106568 140797.3911970556
207436167.2750358284 134692.4187213182
210413455.9416290224 156898.5647966840
207354255.1438647807 134323.5412608385
208107602.7742443085 140794.5428710878
206761318.9184382260 127488.8363623694
218863264.2223941386 198017.4003906250
215934953.7812582850 187009.9814119339
210514275.1594795883 157567.8525164106
214859862.4063940346 180477.9478292465
206171160.3626824915 120309.3735527992
209679156.0689946413 151732.5371019819
210704197.6227527857 158406.5202410200
208783218.8543416262 145805.7476077431
207627477.4976516068 136375.0829259157
214885553.2860580385 180702.2092602088
219641060.1109109819 201113.9136962891
219828913.0137012601 201746.7791595459
205397756.0411676764 107392.9468809329
210258332.3527662754 155764.0711901167
210371670.3691506982 155770.9646227339
213117214.3628087640 172436.2905226927
207615050.3447431028 135570.1377660036
210372855.1592868865 156387.4466783979
207382963.3468984067 134495.9905101061
210101077.5397978723 154697.8285143354
209097455.7848033607 148021.8623889589
214913743.7865180969 180884.5897321701
206117612.8021692038 119700.0461301878
208191556.8599349856 141078.3930910528
208295441.8314794898 141375.4840086401
205468100.0574734807 109385.6182790957
207843990.0612727702 138453.3340121508
205514663.3703773916 110994.6213613711
215680862.7712095976 185212.2710611919
216643367.1515026391 190269.2619954348
217341642.0101315379 192532.0194684267
208544963.4971664548 144034.0844302529
216158670.3987845480 187972.7636128664
217248240.6304496229 191965.0266791880
206923670.4744327366 129680.2334566191
208219266.8839188814 141311.8391722143
207459916.6961423159 135466.5343734100
214922208.7772509754 180939.1975097656
206679336.8773367703 126486.4512980439
215774367.6819668710 185995.9529764751
221924260.2934207618 207519.0970458984
217962315.6602804959 194444.4769563675
213285520.5331355035 173228.0417739134
219943638.2548248768 202580.8474731445
213034847.9211456478 171530.0618849974
220002127.7392367125 202979.6392211914
217243530.1060133278 191940.5596381724
210099892.7496616542 154081.3464586714
206860935.4928929210 127948.8792019718
214809182.8751531839 180411.0748970607
214526822.6647828817 178994.7777857780
220511232.1230464578 204631.6378173828
223050636.4844138324 207961.8676147461
205562252.6786751151 111450.8910784125
213605808.7726460397 174672.2846328001
222731715.5078735948 207729.8922729492
220721113.4358171523 205119.6672363281
208077990.9480923116 139249.2426812582
209460077.3691784441 150756.7458391131
206061696.0850308537 117475.8874835789
206637584.0483120084 125905.1579385959
216883614.5093032718 190948.4875814021
208067851.3057192266 139225.2904107504
209672856.1613187194 151337.7110826948
209911111.5184938908 153109.3742601850
212003127.9603006840 166537.2849468403
211618123.8424949348 164072.8534554355
205533056.3182863295 111133.4320245944
221472617.6782689393 206902.6341552734
212456015.7292763293 168635.0847008079
219453951.3413478732 200615.3562927246
216913911.9424627721 191028.9992696345
219538675.5118896663 200864.7009429932
211693007.2847549021 164263.1051101200
211749515.4849919677 164853.0268822722
219231195.4972146153 199555.0804595947
219325015.7407497168 200122.4654998779
212036559.8558249176 166996.6538830139
212420632.4345142245 168511.5452193730
220221724.6810056865 203652.6924743652
213615048.8813887537 175012.8678860255
213678668.5278274417 175133.1782192774
212958786.9721682072 171367.3877059203
211927449.6115424633 165931.0359267704
212389809.2322486937 168369.0836410038
213081718.2499873936 172215.6604109984
219626860.9986656308 200892.2768402100
219488266.2936269045 200780.0088195801
214709100.4116810858 180279.7855596542
216350984.1870048940 188876.8620587587
212276433.7788521647 168177.5842971317
212472968.3289971352 169545.6817756742
218087224.7602718472 195472.6640014648
222940175.8985380828 207799.2383422852
220519623.9269082248 204716.6477355957
212291452.1721848845 168289.3153994977
219860180.6850353181 202542.7295532227
212229296.0430974662 167687.3913039677
216219846.0728551745 188102.6794301569
215838524.7595475912 186400.2554189265
221479151.2944802940 206961.7969970703
216825813.3791272342 190600.5118428767
215019516.1882884800 181741.6527208090
206097327.2627920210 117936.1702088714
215486351.1333933473 184250.7639846802
215515981.4945021868 184536.8210116625
211547436.4542779922 163552.0263057761
215394487.1463414431 183735.0826797485
215180317.3779237568 183041.7600479126
212472057.8393292427 168785.7809249144
211259069.5393819809 161848.6477092914
211482791.3016638756 162974.9874038212
214460908.5091657639 178939.8703934979
215408115.3664439321 184182.3445205688
214573089.4374419749 179511.0363545269
214018942.3362430334 176216.5378691554
212712239.5266095400 170198.9420882445
211881441.1181946397 165244.7513503544
215694314.7074587345 185429.4101840258
215050131.2231203616 182341.3751842976
214070435.8853174448 176751.7849449497
214629533.6456363797 179882.9573392868
213875350.2729788423 175542.5180740207
214925184.3452603519 181520.4420483112
214268682.5294866860 178011.4606041294
211708473.5103937984 164396.4786452763
215095717.9505838752 182662.0520641804
214287951.7006042600 178224.0578019451
215529454.7568927705 184805.9866714478
215916847.8363683522 186755.2746859789
214231543.0579567254 177565.5621354412
215304326.9524198472 183400.0170413256
220169082.9259843528 203099.0073547363
215270570.3172940314 183179.1232070923
213848672.2398017943 175516.6397111248
214426134.0052662194 178771.4305806011
214368794.2569485903 178661.4200455975
215021946.2127556205 181994.6817703247
212789898.3267343938 170367.6815901976
215457184.7160840034 184223.1375808716
212976435.3003978431 171371.6479598265
214478027.3259845376 178982.2150285076
215745967.7999112010 185851.9361953735
215284217.1082830727 183374.8648757935
214140996.2684284449 177484.4520280194
220426772.3513978422 204541.3402404785
211523871.8234659135 163161.4181193821
211454735.4558997750 162919.9967049323
211597952.5468232036 163688.1531962864
211376358.2337069511 162530.1226571463
211236395.6463823915 161389.6330269538
216070316.9011264443 187076.4465914965
220313405.3539466858 204130.8999328613
221255871.1152997315 206475.3902587891
220404072.3515986800 204190.0627746582
221268222.1970825195 206505.1263427734
218352749.7707418501 196345.3030090332
218388022.4818515182 196734.2398376465
218292625.1296694875 196277.7291564941
218656699.5921480358 197684.1725463867
219854405.3986414075 202130.1973876953
220887119.0854229629 205636.4879150391
220903386.8116306365 205679.7458496094
217355980.5509331524 192813.9798736572
218127261.9952630401 196129.2340393066
218010965.9679859877 195187.6889190674
220785792.1860562265 205308.2469177246
217786660.6492597163 194382.4870758057
218118739.5759223998 196096.6385803223
218098575.6992313266 196047.6380920410
220998312.3044573367 205979.6000976562
221341568.8933237195 206678.0202636719
221092993.6608895659 206154.4078369141
219724998.9984778762 201622.7288818359
218260810.0245594978 196196.6221618652
217965806.5865449309 194884.4188995361
217991090.8360049427 195143.1346588135
219022148.4998549521 198993.9936065674
217307224.1696545482 192193.3391668797
218958893.8710242510 198569.2699127197
218928544.5066899657 198391.7285614014
219011942.3918208182 198715.5655670166
220215872.1927542984 203330.1957092285
218747821.7731554508 197761.5384674072
218870071.2684500515 198356.9654541016
218629673.7271945477 197516.4503479004
218619080.1450104415 197426.4296875000
219004536.1637299657 198671.9076538086
