216253377.8068717718 900237.8649902344
214486899.8365286589 879892.5117187500
213347575.8521084189 864148.7257690430
216036807.9249265790 898032.6726074219
201303478.6931563020 601983.2713972231
217951143.7280914485 909598.6726074219
201545286.6187612414 610314.2878087237
214416767.8815930784 876658.2421875000
204148171.6616343856 676250.1163444479
201647562.8151650429 611971.7964196280
201890413.9931205213 618126.9281334952
201857134.5211719275 616558.3548971117
201530612.2537433505 609534.7686714604
216707846.6261072755 903847.2617187500
199175169.1371860504 514808.5161824089
214721678.5573692024 881262.6982421875
199345678.3591715991 525809.9312613318
201756365.2069067061 614127.8265221417
201811188.2315304577 614881.3598018959
201843985.0724880695 615284.8465925356
223005243.4211409092 923912.6411132812
213222433.7035557032 862583.0548706055
201104852.4732046127 595478.3688093325
215286314.8234358430 889262.6711425781
216205446.5527338982 899806.1940917969
205647478.0146462321 712281.2745223045
199953075.4206824005 552599.9781589409
214997757.7788857520 885999.1296386719
199939920.6323412955 547232.2753204455
210293583.2693037391 812078.8167197704
204202828.4017834663 676451.7224137428
205383490.9298488796 706944.9402995110
201702025.2184860706 613324.4665989131
198940152.1586846709 498848.3943800789
199032867.2526918948 502983.5166945320
208922837.0882208943 786039.4994978905
205455554.3293731809 707331.0457867384
212850180.3494413495 854143.0978393555
198741394.6417629123 485374.0191484105
201234915.3773571253 599984.1181098124
201626877.9821146727 611154.7815958411
204173434.7600890398 676433.2979769707
212748184.9151078463 854015.5944213867
217612914.9077772498 907394.7062988281
200323862.1959165931 565083.6805938830
213388059.7796733677 865004.9630737305
200426425.7930068374 569763.4942993274
214976483.5468801856 885995.0520019531
212390973.1989012957 846348.3504333496
215834527.3867921829 896064.1251220703
213002222.3336279988 858397.1203002930
212931415.9774139225 856639.4274291992
212412247.4309068322 846608.8704528809
214427441.7759669125 876872.2573242188
202195778.8442139030 625327.6573835512
213285858.7773985565 862741.1349487305
216683883.6619677544 903846.5041503906
212643368.2582129538 851006.7756347656
214715138.3551616073 880575.5678710938
199073844.2061938345 507703.9950089157
198769506.2718927264 493778.9367306954
202318493.9865434766 628770.3776563406
198947558.0438059866 500845.2557082933
211145217.2497029006 826923.3157317638
200000665.9234715700 557326.1298126330
200462139.8137261868 571237.9054198315
199222761.8856538534 522131.4343219560
199415650.5214166343 529433.4775958818
217017813.5028032064 904881.6452636719
213708717.8430609405 868425.1537475586
204849904.9195854366 691400.2993286848
213783835.1201507151 869776.9204101562
212989881.3308621645 857033.0492553711
210906865.4117757380 822393.2362143993
200223582.1994679272 564662.9317870190
198909174.2746832371 498600.3610491615
200082883.1242513657 559990.3296317955
206248428.0941043198 726459.5351971388
202376083.8076366782 630001.8432585001
209118260.5398257077 789639.5671285391
199592224.6455328166 542454.6412719836
200036379.9441908896 558800.5409331372
222764381.9044253826 923548.5170898438
215501922.8050708771 892634.7550659180
205474319.7364109755 709148.8560266495
199138889.6716471314 514272.6933693301
202463148.9109025002 631929.7769642195
217268997.6469815373 906009.1171875000
199952507.7301842272 550941.7999805113
200964564.9374922812 590529.5111971995
201341732.7492305040 602275.4359480044
201456261.2649515271 604675.2852436205
200902669.0256799757 588800.9286525970
199683676.1368822455 544225.2957855215
200623723.1779718995 577815.6756338002
201863203.1994674802 616594.4269838256
203899228.6915205419 671255.7202318924
206057165.3136696517 721924.3579268456
201100204.1087246537 594745.6691955251
203978512.9549229145 672783.6948412674
203993221.7628636956 672801.1649974230
201310964.5007639825 602243.1482604665
206144754.9129571319 723860.0030074120
198741525.9387329817 492343.4917921883
203272096.0981003940 653446.5320791948
216077348.0970852375 898114.6950683594
215702264.4456814229 894220.1562500000
207730220.4538267553 763199.7316998243
222777908.9034513235 923891.0712890625
209988093.1755244732 809381.3611533642
208479062.2508949637 778371.9956768751
211963746.2896653414 841468.2190551758
200877952.9909233749 588759.0712813392
199283340.6873233914 522700.7748730332
208662872.8481255174 782327.4792342186
201184932.0801971555 596377.7621040895
208805814.8266933858 784461.3795866966
208723738.2801300883 784091.4645857811
203408657.1230463684 657687.0374326456
203327373.2475586236 655698.7158628138
199315895.9386314452 524494.2864446382
203663421.0709335208 665026.1440968263
203620711.2938102484 663498.1694874513
202069565.6598999798 621862.7402051437
222497452.0522797108 923450.1416015625
211377353.5827918053 832147.9732666016
210542251.8651305735 817360.0028808117
214252799.1512852311 875354.9243164062
210721995.0803634524 820271.9501464367
213803551.0571866632 871950.7712402344
210577760.4497141838 818339.3268554211
214849487.9664930105 882452.4101562500
210336397.9734535217 814698.1784179211
212447183.6915482879 849187.8565063477
214551981.0328552723 880453.2939453125
211479120.0243682265 834219.9080200195
216189454.1597222090 898205.1511230469
209562767.3109509945 801513.6719443798
211905065.8395203352 840533.2522583008
212098338.5773296654 843436.2510375977
205785671.5641888678 717201.5864361525
211353430.0538269877 830306.3924713135
209552576.6129269600 800620.3374717236
211609171.7962827086 835983.8933715820
207875045.3730390966 765557.9715069532
210157856.2848491073 811040.7772948742
209846471.7828759849 806011.4984862804
210428842.6335074604 815403.1768157482
210742193.2725444436 821328.2093658447
216016482.6650806665 896350.7097167969
203361551.4717514217 657176.9005297172
199983037.9578251839 554253.4744804947
200569854.8286151886 574674.3589477688
210131716.0559406579 810733.8494384289
213619188.9473774135 866209.4051513672
210702468.2760221064 818558.8166091442
211921332.8812518120 841188.5459594727
211410547.5131172538 832816.1000366211
201003703.0946547389 593488.9271760538
217347635.3737184703 906785.2753906250
199437828.0056028068 534591.9591159115
200825536.4002535343 585761.9855256631
199558458.3562927842 537312.5132378190
209357778.8515792489 796971.2036826611
205684669.2237612605 713817.3484282494
203043180.4369957745 649087.4717636213
200163971.9769706130 561043.4027265657
205576897.3266708553 711800.5687651634
200572167.1742254198 574841.9637617220
203164026.0372909606 650827.9663196504
202264550.7418513000 626090.5201124152
202831256.8600277305 643070.4155384004
202496477.2089341581 634543.4544002712
199824628.9791145623 547167.2813815365
200379307.2871581912 568800.9535078157
209433957.9767134786 798649.6476523876
200869671.8717973232 585778.1466575861
203165313.2087768912 650902.3300244510
206451331.1930215955 731460.7938685417
209335350.3689298630 795902.5051963329
216608956.7053215206 901190.6198730469
200607202.5455515683 575982.1761480737
202542121.0089732111 635926.9795152843
214744397.8619919717 881867.5092773438
209215873.2132041454 793995.9801719189
209737457.7655145824 803661.1529052258
208556627.6812301278 780150.3727512360
206331728.8252674937 728494.8642243147
209892989.5652444959 806258.0847861767
209545403.9095486701 799738.9723746777
202656237.0696971416 637210.8428726301
202668033.6197962463 637838.8028639257
209248764.8342178464 794620.8581016064
206599305.9138644934 735540.5074687004
206367528.4020592570 730376.8200602531
205977560.4936494529 720572.7721947432
202973192.4347609282 645539.6035861075
206636746.0572538376 737119.2794413567
202693787.2891728282 638967.8608034551
209914016.7343704402 806504.5669791698
202942602.4036163390 645520.3349546492
205875046.1978511512 718281.8388644457
203487263.2873763144 659365.5499232411
206269188.8262857199 728252.2900881767
209322876.6878722012 795475.6008994579
207180715.7278230190 749844.8911408186
207180705.8911321163 749680.7287821770
216385490.1966418922 900544.5869140625
221936555.6885343492 923225.6108398438
206465965.4689193070 734217.7381587029
210315419.1739624739 813007.1986930370
221629761.2108831406 921493.0341796875
206348461.0887071788 729327.7511643171
206726131.5071678162 739396.7349213362
206821341.2061740160 739949.7134369612
220733036.3644443452 920160.2114257812
206996636.4590005875 746398.2025727034
202280725.2177719176 626674.7359237702
207787677.8468604684 764412.5185517073
221761508.5492289960 922204.1889648438
221462203.6889137328 921323.3608398438
211074587.5857833326 825243.0507316589
215247046.1606827080 887848.4091796875
207145382.3133365810 749241.2267907858
208321904.0835438371 776449.3764476776
208533330.0409578383 779100.3366527557
210987946.1888000667 824136.2239990234
221026831.5175715685 920375.0351562500
220434285.0473900437 919566.9589843750
221595431.8199735284 921373.3081054688
221440621.7730448544 921161.9960937500
219413186.2177055776 914604.4096679688
208243157.1116059721 773875.2005443573
204273695.3152905703 679351.0502979755
208268434.5025888085 775954.9180736542
208223499.1121832132 773262.3775171041
206905012.4661642611 743012.1201434135
207090174.4100192785 747957.7123993635
220272958.5838204622 918101.2192382812
215172755.6787341535 887229.3854980469
212092076.5732069314 842688.2495193481
207443093.1862286925 756558.2003436089
213215635.2154344320 858594.9503784180
211320382.4296657741 829504.6095162928
215423906.8514701128 889907.2497558594
207907458.9856581390 767162.5452404022
207595980.2174734771 760481.8397045135
208058985.1946019828 770575.8003673553
221407134.8268314004 921122.3291015625
219451665.8808385134 914699.1352539062
214164777.3061927259 872639.7836303711
219664560.3424082100 917376.1875000000
220148524.8572080731 918057.8132324219
214926082.8604841530 883685.2414550781
219861609.6632193923 917525.8198242188
219344425.1082423031 914160.6953125000
205559548.0612652004 710549.1100568771
221210085.5060202479 920972.6967773438
208991391.9971204996 788101.8738842010
206145707.5898780823 724986.6001529694
205181857.6968775690 703741.0776338577
204714335.4311382174 691267.5330233574
203998323.3957395256 673798.1503466368
206214289.0409445763 725720.0086498260
204298554.3093838096 681768.0762310028
211828817.1916135848 838534.6261224747
205208963.5738879144 703973.0539298058
204689374.9192997813 690849.1767020226
205316025.5531891286 705688.9240217209
204870996.1100573540 696832.2206883430
206389641.4801763892 731314.0677318573
204306811.0728744864 682210.5245828629
208117188.9106982946 772549.1710033417
209025055.7463632524 789139.0120677948
205682982.1287727356 713661.8459224701
207237694.0189722776 750724.4298229218
205025249.6346296072 698493.8322501183
204414305.5713034868 684363.4711766243
204377104.5024597645 683765.9540867805
205327660.2424206436 705852.4704532623
207661695.4158012569 760672.6637225151
204225101.5386932790 678429.3129734993
204000652.9668904543 673955.6237474680
218824872.1452669799 913396.7592773438
207693760.8638826013 762435.2329845428
203531678.8087008893 660732.3364595175
203840863.4046764374 668488.1461811066
214222794.8335198164 874210.8286132812
214939873.1012125611 884635.6745605469
205122446.6230082214 700582.4822444916
218967405.9681273699 913535.3818359375
218582776.7025401592 910475.3491210938
212631744.8097649515 850342.5275268555
218271350.6217918098 909644.1303710938
218581084.6929955781 909841.3764648438
219251630.7770917714 914155.7617187500
219478717.2734572291 915225.9462890625
218725182.0910169184 911609.9345703125
218706954.6190061867 911304.8427734375
218642701.4095903933 910638.3339843750
