1237815396.8419952393 49937.1466942579
1243020646.6094465256 50330.4406363964
1234142416.5253906250 49565.2684953511
1222292110.9508996010 47672.5576744415
1227314116.7354748249 48588.9341941215
1228092513.8706123829 48660.8031905033
1228652657.1376149654 48747.6359207965
1231345796.8031017780 49150.8553062057
1218396880.4752771854 46748.2180735581
1223925981.7779369354 47947.7901234962
1233642302.7024526596 49510.6605454063
1230020582.7101700306 48939.3501510955
1218303502.3169722557 46650.5430891314
1226748752.8121383190 48432.6885297634
1215928098.8935737610 45948.9854731509
1226874966.0460822582 48450.4988487102
1235075001.8854956627 49676.2186234569
1235441926.9392094612 49677.2777521908
1230573378.0308780670 49052.1631999587
1229613198.3130908012 48866.3606519079
1212665156.4453630447 44694.7038946090
1233456781.2118492126 49473.3771567916
1219401633.2856230736 46988.3775533275
1231679228.7403647900 49214.4724031066
1216770283.7945351601 46233.9274362870
1232560341.6761775017 49305.3677712058
1238023203.0574789047 49940.6014512926
1223118323.7745850086 47837.5032236911
1233422283.8189387321 49471.5213676071
1214615882.0907723904 45507.2703269445
1219984845.5040795803 47044.7048106119
1242987170.4049165249 50313.8523786068
1212902311.9962220192 44891.7393404184
1216916084.9152464867 46273.5673971288
1215181266.8634359837 45856.5039565661
1215948394.9666798115 45975.7997813174
1215992136.9772593975 46006.7430946430
1223343810.4945809841 47918.4218421318
1220521925.6462635994 47290.1564027965
1216973728.7770762444 46314.9122303370
1224745971.7917926311 48100.6038819887
1227811537.0395309925 48631.2641873695
1232432357.6677279472 49295.9063645396
1230546340.2937231064 49043.3451419448
1227095928.3300065994 48491.2304363586
1216460552.2673916817 46097.7469419674
1221352110.0810470581 47471.4966440536
1247555742.9293048382 50630.4876475334
1233954100.5772163868 49547.7369227981
1215042817.7201826572 45617.7238521250
1232560341.6761775017 49305.8623924827
1222918059.6514110565 47772.4241594672
1236569651.3930416107 49841.2278124614
1213639508.2867968082 45142.5321774495
1222030412.6987166405 47640.3805809356
1237854415.7355167866 49937.1841549426
1211073083.3152055740 43936.2404481759
1218601078.8025910854 46809.0534070004
1234603058.7668948174 49602.4574556649
1215163769.6683094501 45726.5199942564
1221564041.6753990650 47471.8979902603
1255086676.8921074867 50770.6371374130
1221311296.4944350719 47461.1709547378
1224148255.6230247021 47958.9702623226
1223593350.0363848209 47931.5262751915
1224019548.1453688145 47950.6554823257
1233830449.3727481365 49519.0691108406
1231842913.4276623726 49245.9195318794
1218115886.9467837811 46649.9893014864
1216591493.2684876919 46189.3495787028
1237212137.0914506912 49920.1980494004
1220116141.5566885471 47255.0843996927
1228308490.2181527615 48662.6807937957
1225451712.0522758961 48180.8032455780
1242859084.2651238441 50275.3748691082
1218941233.8933470249 46872.8143805073
1219108562.6978087425 46944.9380464362
1228667428.0481994152 48758.8634443618
1228643098.9603874683 48730.3707819320
1212137776.7387735844 44187.4796383930
1213401694.3311457634 45125.5201154550
1210889683.2027935982 43920.2715768209
1221648326.8382093906 47486.7449446060
1214684131.7899937630 45599.2451604144
1225285680.7172935009 48165.0480823852
1227068371.6886694431 48472.1095679253
1212258276.0497152805 44326.5852015270
1243441237.0578114986 50350.5482962132
1217231833.6248703003 46468.4683205434
1221870890.8113965988 47488.0765338279
1232694084.1209836006 49324.5253592109
1219716099.5690038204 47041.2287304209
1226391840.8430569172 48378.4715345241
1210700691.2952244282 43339.2223561173
1215053290.8029322624 45642.4485639514
1215059833.3361163139 45670.3493093432
1254848037.6473844051 50759.4646196365
1221023921.0715534687 47350.6145878173
1214254268.6740512848 45398.9704590415
1213937513.4995107651 45263.5420578584
1212285891.0477912426 44433.8618636420
1217932283.4985806942 46637.4506480531
1212777387.8683066368 44800.1989676142
1226008254.5682947636 48255.1159887649
1227292118.3883469105 48558.9632726051
1210704279.9458246231 43918.1460427632
1247252342.9512646198 50567.5996079445
1244814247.2516453266 50371.2803084850
1219643070.6189775467 47010.1907762159
1211484656.2132227421 44134.1950489869
1213305608.5121254921 45118.3754735304
1225529910.0498692989 48220.8219017126
1214519556.6030020714 45459.7811450689
1216155317.6214053631 46076.2880181507
1220407126.1675243378 47286.0053123832
1212229265.0658588409 44287.6617110027
1232925538.0543582439 49344.4558810567
1222805323.0433011055 47754.5604709983
1229672525.5273470879 48882.5056553222
1213062273.8829922676 45074.0507684549
1214595172.1870789528 45485.2963041524
1236102833.4804453850 49747.7843118286
1238834459.1429474354 50066.5272353888
1220046335.1410372257 47164.9638417363
1221032632.0601477623 47409.9447786212
1213804815.3539569378 45194.5963178252
1211077561.3173644543 44051.9932643762
1224204245.3924283981 48004.8108735420
1222357756.7584097385 47702.3880702853
1241040473.9576413631 50202.9918324351
1232100627.2958095074 49250.1137956716
1245146980.4241237640 50397.1374247074
1229099705.5353267193 48792.3675423004
1233593645.2873003483 49481.3608136749
1226299775.8195009232 48309.7385775186
1235902569.1807126999 49713.8697600663
1212962160.3224236965 45025.6732965646
1233007396.0760872364 49367.6128383254
1252607243.9411036968 50689.6023788452
1229118238.6056067944 48829.9579875804
1254106699.4917044640 50731.8861103058
1245981549.6042304039 50468.6831865311
1220010290.0386085510 47080.8845256437
1241627752.1979899406 50240.7852181792
1229223656.4888482094 48830.3240533210
1234686626.6687645912 49603.7230652198
1230338464.6495082378 49011.3164687492
1217871838.4720718861 46506.1275623863
1231259424.0730686188 49143.6483817672
1213541260.6926770210 45134.6968479017
1234104788.0174186230 49550.8207831954
1211958814.1684541702 44177.8333371235
1223593350.0363843441 47929.6488585807
1230927398.3878922462 49079.2628929122
1238389697.8575153351 49998.4824298620
1228843109.6937437057 48772.5111861564
1236465012.4930624962 49780.4531401586
1247640533.9863519669 50651.4500765800
1219643070.6189777851 47010.9074433912
1228408075.5314021111 48689.7122037746
1215051336.9897103310 45635.0523466925
1213827199.0882747173 45200.4375209669
1213541260.6926777363 45135.0637531141
1243035941.5039000511 50336.9163053036
1232735952.5440111160 49327.9272618865
1224309912.8962254524 48013.1605533101
1254658922.0635716915 50747.0070343018
1228499492.9562275410 48719.6402051784
1230121351.5439541340 48956.7474480011
1212417346.4708456993 44577.3032968743
1223086888.2824575901 47776.1329059266
1235419037.2414715290 49677.2277474701
1214586108.7004888058 45477.6684807996
1245585948.8743672371 50449.8814361095
1212497651.9649071693 44629.9469210515
1231485419.2846841812 49204.4619308090
1226234163.5274181366 48256.7838758565
1231244602.0296418667 49098.4197456344
1239389109.0339696407 50071.8133889362
1232638239.7043578625 49308.8470731353
1246455958.8027286530 50487.0376949310
1232361289.5007324219 49250.6488586044
1232395084.1994516850 49280.5768600082
1215381648.4281184673 45882.7565578067
1241198181.3090631962 50226.0515131354
1239389109.0339698792 50072.0045052692
1235588041.8883469105 49713.7750382721
1231407980.1366577148 49160.0924409835
1253797980.4020774364 50699.0691471100
1228360865.9054000378 48669.8266495802
1253751480.2487909794 50691.8160648346
1238790895.1469097137 50022.1207595989
1238722830.0120227337 50003.7299686074
1246546247.3518238068 50500.1152567863
1246814959.2502088547 50542.5870499611
1233206650.5197114944 49412.5763969719
1239444834.3259844780 50089.4478186965
1228360865.9054012299 48670.0199040510
1246201513.5208179951 50482.2762246132
1238073937.8773665428 49980.5755919442
1214149872.7365548611 45292.0640753964
1254187604.0800437927 50734.2742710114
1253865522.9908037186 50713.8131923676
1214418728.1778614521 45399.1883844594
1236088486.7529184818 49723.4087682068
1233410993.0065686703 49422.8338179886
1240506971.3384335041 50169.2016543746
1244499781.6316471100 50353.7183401585
1240548729.7288205624 50178.6381382346
1246787011.4403512478 50531.6992478371
1253582227.9622159004 50691.1818790436
1239450246.7117710114 50119.2992166877
1240642082.2658789158 50199.2421626449
1246814959.2502095699 50546.0301423073
1246546247.3518240452 50503.9378705025
1237075547.0562806129 49847.8413549587
1239763538.7012498379 50149.0881308168
1245493295.3904767036 50420.7954289913
1251789623.9923431873 50682.7238254547
