68382652.7840389609 1610041.4951171875
89840522.0693958998 1974952.2402343750
75370347.5039584488 1910417.1269531250
68527383.9726788998 1628311.5458984375
69341892.1806264669 1725223.7109375000
75196637.6193794906 1902740.3593750000
69600926.4310189784 1750662.7451171875
69360094.9808622152 1726054.8398437500
71213352.5056739300 1835675.9101562500
90498783.0086036772 1975283.1835937500
73849828.8356978446 1893702.7050781250
68102155.2523455471 1555065.2851562500
75307447.6288688779 1908170.7773437500
70498838.0382435471 1808888.6289062500
89697303.3393479586 1974577.1582031250
67983165.7529862672 1524263.1601562500
82971407.0025849044 1943606.3300781250
70069941.5543439239 1781791.5292968750
70694534.1094981283 1818211.7519531250
72946923.4411381483 1877695.2402343750
70622741.6328744292 1812447.3476562500
70363285.3554694206 1800381.7412109375
68668631.9629640877 1648787.2851562500
89442967.4870760143 1974234.2714843750
68336130.2369039655 1603181.7832031250
68742891.9416079521 1658725.4570312500
69417685.5504975021 1732060.8964843750
68279962.0369479060 1591149.9873046875
68064200.9905873537 1545004.6835937500
68847687.0148990601 1671684.7119140625
72698034.6786053479 1872069.6660156250
72748385.0966067612 1872809.7265625000
81857246.8650436550 1931727.0742187500
74901514.4276235849 1901520.0937500000
75452854.0422714353 1910963.8183593750
69683328.9448621869 1757706.8623046875
72766998.7462625057 1872904.7402343750
68288833.7578142285 1592283.8007812500
69963771.4572121799 1777994.5419921875
71703263.9317648858 1852269.5507812500
68733278.0919283181 1658702.6044921875
68314807.8234726787 1596301.6337890625
68005570.8229461312 1530274.8701171875
72379523.2209273130 1866586.8691406250
69498290.7142507285 1739786.1738281250
71229651.4142395109 1836898.6308593750
67991431.9561116099 1527650.5175781250
68179584.0913897455 1573541.3876953125
68396100.4010006338 1611189.3457031250
69325089.8605912030 1724232.8359375000
68306872.0384227335 1594641.3857421875
70385768.2489009500 1803202.0449218750
68146769.9488212466 1567410.7412109375
68236157.1440544277 1585010.1562500000
69796063.2863861620 1765753.6787109375
68247418.9236669838 1587083.4697265625
68262551.2955160737 1588748.3496093750
69856296.5424457490 1766086.7958984375
71842951.2162538469 1857791.0585937500
68048170.1150965393 1542565.2998046875
68164766.3676899076 1570946.6093750000
68043238.2078378946 1541686.5712890625
68038117.9052219838 1540195.2138671875
68244092.9291043729 1586670.4042968750
68274876.1639445722 1588891.0576171875
71029680.1838258356 1826252.6113281250
68328194.4518540204 1601521.5351562500
68135676.4019711465 1565714.8154296875
70634427.3942188919 1813819.7207031250
67975229.9679363370 1523936.1113281250
70025401.0896371007 1780764.3388671875
72863795.6107092947 1873485.2929687500
67999367.7411615402 1529499.3466796875
68069864.9093891084 1549077.6875000000
68215002.9633856118 1579420.6103515625
69004481.0054102093 1692960.5126953125
68127740.6169212013 1563865.9863281250
67960638.5559824854 1516931.7148437500
68087852.9043135941 1554032.0273437500
68652277.8680058420 1647107.7167968750
68117688.4070466608 1560760.4755859375
68897006.0906437784 1679411.1708984375
68519116.3164029568 1627850.1376953125
68401111.1504506469 1612119.4404296875
73290945.1362905949 1886943.7695312500
72987182.6047831476 1879380.5429687500
68437523.3902719617 1616148.5625000000
80027017.2968392372 1924728.6953125000
68411129.2388103008 1612915.2851562500
78208732.2426142842 1915927.6660156250
68624660.2624800354 1640823.0390625000
75200501.4791924357 1903016.8925781250
68604855.4147396535 1639741.2792968750
68703743.0600688756 1655363.6425781250
69998207.5356585830 1780441.1123046875
68374716.9989890009 1608381.2470703125
68420471.1730175614 1615227.0810546875
68542050.0505813956 1631203.5800781250
71480933.2426818311 1847514.3945312500
72036812.6120560765 1864629.4785156250
68513518.5926968157 1626937.0644531250
68611690.6729741096 1640017.0820312500
68354588.6033156663 1605259.7285156250
70645810.4490397573 1815615.3046875000
68901832.0484374017 1680780.2314453125
67998648.3832149208 1528099.9082031250
81570009.1864425093 1931152.4414062500
68583159.2150895298 1635750.5664062500
68981547.2712317556 1689945.8388671875
68373948.6258825809 1608193.1982421875
69438137.3948557228 1734001.5722656250
68098954.8751078695 1554473.3662109375
68160156.5772025734 1569336.6748046875
84703694.5909641236 1954347.5175781250
68638638.7482149303 1642816.1523437500
68079917.1192636490 1552183.1982421875
68062673.8690477312 1544642.4785156250
72404994.1098175347 1867089.8046875000
74845268.6272211224 1898417.4121093750
70850185.2214590609 1822978.0820312500
68303831.7069427371 1593976.9951171875
68499766.1785775572 1625080.6406250000
72793754.5969915539 1873160.2968750000
72519969.2418164015 1870161.9687500000
68351128.1860324591 1604874.9775390625
68322138.5215193927 1598386.2900390625
69981591.2467079312 1778746.0517578125
68012897.3528281003 1534821.0253906250
73025649.8753194362 1879526.0214843750
69026445.7611258775 1693852.0390625000
68461892.7864857167 1617629.7460937500
75004468.1102787852 1901548.0097656250
68675098.4964314848 1649842.5273437500
81541970.1607664227 1930847.8632812500
81599173.7691133320 1931258.4707031250
68847085.6256735027 1671432.3564453125
70074269.0419004560 1784440.3144531250
70933557.7006368488 1825654.5410156250
68960279.8956482857 1686902.8447265625
68156830.5826399773 1569286.3613281250
68228405.2334996462 1580072.2763671875
68780378.6479360759 1665237.7763671875
71374922.8924237341 1842476.1660156250
74146756.9213061631 1896097.2773437500
73686009.8749700189 1888121.7148437500
69922362.2641680986 1773703.2255859375
70117143.9294820726 1788064.6113281250
69164854.4816919118 1706323.8984375000
68771423.3994925171 1663241.4794921875
71769901.5353282541 1854441.4218750000
67964805.2545603961 1520259.4013671875
68935163.8873273283 1683786.7529296875
68794357.1336709708 1667230.8896484375
68947589.4468567371 1685415.9521484375
69768117.1316662878 1762193.8935546875
88875430.1032701284 1972277.1347656250
69381954.7259487957 1727968.3593750000
67988223.6698389649 1524423.1982421875
67946818.4410448670 1502747.3769531250
67946870.2247597873 1507740.6484375000
75721434.1491493136 1911531.0566406250
69036073.2655193061 1694702.4414062500
68597024.5950716138 1636832.3066406250
68069596.3087789565 1546198.8515625000
71074883.3362479210 1829760.7226562500
69857660.7200058252 1766258.7832031250
72294564.4237226993 1866481.6250000000
68202584.7566685379 1575958.0244140625
69935825.3024922907 1776076.3525390625
70631553.5554592162 1812638.6152343750
68550317.7068573534 1631664.9882812500
74384463.6344912499 1897285.6796875000
83962153.0774391145 1946419.5000000000
68029638.5039862096 1535953.3193359375
70102458.2635203451 1784909.3144531250
73062071.9551440775 1881315.7832031250
68689076.9821663797 1651835.6406250000
73192236.8632354736 1881702.5332031250
68712010.7163448334 1655825.0507812500
71516577.9120952487 1848003.8925781250
72677069.4165342897 1871879.5410156250
75269420.4286108315 1908120.4355468750
67953730.1764868051 1511001.4677734375
68757444.9137576371 1661248.3662109375
68684440.4306387603 1651428.0556640625
68878898.3142589629 1677765.5576171875
68698032.2306099385 1653831.9375000000
68105283.3159964085 1555702.6875000000
69425711.8353263289 1732372.3730468750
71180038.1239190400 1834043.4550781250
69547937.1519454569 1743821.2929687500
71743538.5648194402 1854066.6152343750
72399254.6794794798 1867077.2578125000
69101506.5039330572 1701849.9335937500
69315328.8635715693 1722257.6855468750
69279489.8171089590 1718329.5625000000
88486276.4485873431 1969666.0488281250
69286549.2090839446 1718789.9218750000
70274153.7258254737 1797178.7031250000
87825205.6172787696 1967981.1875000000
70542145.7213017195 1809510.5429687500
71480579.9377519786 1844662.7578125000
70247250.1709815115 1796630.9414062500
70212040.3753471076 1791086.0937500000
68892880.0153235197 1677914.8164062500
70641093.1412946284 1815519.6640625000
70179957.2797323316 1790528.0439453125
72664828.8279742599 1871659.4257812500
71531400.7188040912 1850795.5820312500
71964010.4588267952 1861434.6386718750
70462498.1383591294 1803700.0917968750
70596378.6623656154 1812146.8007812500
69572621.4771392643 1746124.6103515625
70066282.5863323510 1781397.5800781250
83889519.6661329418 1945878.2734375000
70111697.4882073849 1787312.3818359375
69784656.7132786661 1764061.8212890625
68480372.0344957560 1620744.4208984375
88220624.2917258441 1969152.1445312500
86380421.7586329579 1960591.8242187500
68077800.6944390535 1550789.6093750000
78765222.6453184187 1919151.2382812500
68915813.7495019585 1680929.4902343750
68868431.8071989864 1673285.5830078125
88808337.0050305277 1971732.5292968750
68076735.5654054135 1549078.7294921875
69878508.8097103387 1771379.3544921875
68489713.9687030166 1622303.6669921875
68644190.8452378064 1644518.0546875000
68056265.2055374086 1543344.4355468750
69161412.5752341002 1704852.1835937500
87020361.6820949167 1963905.3027343750
70830215.0009747148 1819972.7871093750
68819485.6311112642 1669374.3925781250
69082156.3661076874 1699614.3378906250
70305234.0040794164 1797574.8906250000
68566400.5530945808 1632595.8515625000
70014061.4924844801 1780697.9140625000
68619958.3292500675 1640478.4902343750
68613123.0710156113 1640202.6875000000
85556067.8225429952 1954564.8886718750
71345907.0023512840 1840972.3691406250
87326174.3007270843 1967825.8574218750
88959621.1432378888 1973247.1718750000
89173500.7421343774 1973468.6718750000
72946395.5051693618 1874040.6855468750
69252127.7968509942 1717210.4667968750
80962959.3586776108 1928690.3632812500
69650000.4283559769 1752118.1582031250
88494016.1995366812 1970648.0605468750
89237384.9577002078 1973579.2070312500
71094999.4767331779 1832155.2695312500
72610494.8148045838 1871418.1015625000
86654819.8906945139 1963823.2539062500
88579182.3285087943 1971024.1914062500
69113932.0634624660 1703479.1328125000
89263224.2301699072 1973618.8925781250
71280281.4972090572 1837415.8281250000
69639095.1183018237 1751851.1611328125
69528296.6281597912 1743191.9716796875
74899836.2437121719 1898834.5410156250
70040965.0473284423 1781245.6757812500
69306804.1561940461 1721430.0224609375
69444999.8895825893 1735161.3564453125
71302434.4767700881 1839641.8164062500
68652033.3678554595 1644622.8730468750
71166887.2487377524 1833052.0527343750
69523387.7032584548 1740906.6445312500
69175116.1543261558 1707491.6181640625
71069647.8762682229 1827597.7402343750
69752668.4898491204 1759827.7080078125
70798110.0568769425 1819644.0058593750
81452089.5748206526 1930207.4785156250
80854075.9155762643 1927450.8828125000
69194720.8875015080 1709898.3408203125
69230356.7934829891 1714777.2353515625
78818614.5973915458 1923026.9179687500
71510614.2886307389 1847664.0097656250
69724810.5769046545 1758099.3984375000
69188072.9214791656 1708167.7294921875
69405408.3759814054 1729873.0361328125
69405886.7077046335 1730533.2783203125
69148010.3761568516 1704537.9599609375
69377892.0348556489 1727298.3974609375
81888571.4558938742 1937545.0898437500
81956062.0694375932 1938430.1777343750
69312759.3073262274 1721596.4833984375
82939076.3399468958 1940741.3203125000
83047692.1742658913 1944113.1718750000
78766024.3976134062 1919171.1035156250
82935429.9858469665 1938442.7910156250
84545573.1382847726 1952197.9394531250
77526048.5771145225 1914356.6933593750
80386377.9463334084 1925665.3222656250
84479794.1359376162 1951348.9570312500
83687449.0480888188 1945481.0292968750
85968601.3251396865 1956071.5371093750
85701275.4065335989 1954861.6406250000
84439630.7181069106 1949223.7128906250
84674984.3575939685 1952230.1582031250
