548191277.9332914352 4121.9654227957
548389857.5922758579 4909.2149147573
548136009.3652732372 3675.6528175017
548311807.5102120638 4623.7420044435
548123290.2866225243 3417.1931957321
548177255.3275001049 4011.9927476039
548181871.1677715778 4053.9922382102
646009169.2137913704 23524.3395039216
660183849.7259680033 25613.6021709442
548422889.1975252628 5005.1360334474
548168553.8676581383 3960.2076517359
548326794.8022404909 4706.8286819948
548330072.3926892281 4710.0786493315
645760701.2184274197 23462.9127499238
571581281.4121748209 9900.3812869754
549030236.6073948145 6248.9581328725
548628857.0253165960 5620.4359342665
548738408.3107635975 5751.7432725389
627648558.3619992733 20154.4246399235
548326079.9289714098 4698.2047886136
548568356.9524607658 5412.6757754595
621584944.4917156696 19103.5681285852
618620546.2796794176 18704.7670170825
621244691.1256117821 19006.8172187799
619026148.5553019047 18802.8562933963
652760425.9007127285 24433.5744009316
548261643.6438150406 4420.9553226563
548188000.3428425789 4118.7154554591
631104218.7613955736 20427.1609359288
548662266.7374291420 5639.2164031924
633162330.1262208223 21060.1278140883
548146825.7760306597 3781.1127443453
548246311.0148829222 4406.7932628724
548184393.1687828302 4105.4233638510
548206265.2253199816 4205.0521003470
548832869.9721022844 6040.5034635310
548607818.3449392319 5507.3013331760
548151184.1963075399 3808.0594225516
548295066.9398878813 4596.1551773120
660005561.0112057924 25545.1011409760
549503559.3821723461 6439.6230509230
646456659.2677136660 23561.4435993806
632528109.4243897200 20855.2851366400
548124982.9594759941 3499.5828460770
651805819.1757762432 24405.8670958877
548373752.5746538639 4828.4431318212
548891037.8793534040 6136.9177854304
548249588.6053316593 4410.0432302090
649416697.5641416311 24085.1890789121
651583833.0022714138 24381.6068684757
651721571.3890995979 24391.3802296817
548130113.8732783794 3590.9123115263
635697835.2041013241 21127.1084396535
548179153.8548340797 4024.7977462401
624546690.4169826508 19723.3880486052
548750456.5038526058 5832.5443221987
645306420.8603789806 23268.3647162095
615211639.5918520689 18024.2972469621
617056701.6176561117 18391.0902910510
548354024.8808497190 4806.5411799863
651307731.8123528957 24290.0186271071
572206203.8302063942 10102.5755633489
623375058.3840434551 19433.5023850671
640438412.5903868675 22244.9470639151
614113182.2141151428 17653.2142545890
548351884.6754767895 4806.3182511846
571133267.5627906322 9858.9153524407
659611730.1595048904 25419.4996547699
653751227.1391315460 24718.5305182636
635656552.8565096855 21076.4696321964
620627265.5109801292 18832.6451481816
548476268.8088960648 5213.6771672387
548641180.5170677900 5633.1898918808
651210042.1916056871 24239.7274760604
548472723.7990658283 5201.7194729615
548448899.9720824957 5095.5865538586
548495779.1237318516 5290.6195187040
548464823.1125411987 5197.1351082940
651052351.4289042950 24181.8335017562
648582836.6260986328 23875.2461162657
653575515.7147569656 24568.3361022174
636381178.3161947727 21496.2956898656
630042352.5939095020 20272.4672831296
630203432.6970064640 20371.6668719052
636389498.5787255764 21571.4999211915
636737986.5580804348 21681.1583732255
563910258.2682381868 8544.1607835469
617153764.6730519533 18471.6148153090
563231427.3097363710 8453.1720269567
639866922.0035541058 22139.6331422996
648017408.7868248224 23766.3369532675
644841253.2829792500 23140.5418411866
640910438.7515865564 22371.0380091589
548770694.3623793125 5847.7536856571
548970236.2200102806 6166.6871362963
644886421.1207981110 23163.0953870043
650219749.5821306705 24180.8425100893
650213778.1402658224 24165.0135916322
618145025.8278523684 18684.7628795356
572708483.4036991596 10314.5478575421
617483399.8215540648 18587.9701053196
572310913.4795973301 10205.0876638598
565056723.6149487495 9171.6727269072
550032939.1562968493 6737.5000773615
644475860.2382209301 23031.2962080613
550546897.8420630693 6847.8092749074
549567368.7090538740 6510.4658404435
550500266.7683768272 6847.2706673018
644340447.5231512785 23001.9877211228
643695976.3009388447 22708.2045154244
658175382.5413790941 25084.0113716125
550121334.2286903858 6750.6568357887
658131755.4504843950 25079.0175361633
620840929.1947994232 18973.4771301964
621026023.8000240326 18981.1403014884
616784441.0923048258 18059.2288729393
647011399.3549342155 23582.0238681883
657779467.1510609388 25064.4099540710
565039258.6648565531 8856.8606338541
550187141.4289654493 6837.4596927109
657172038.1915320158 25015.4633903503
643365057.6595339775 22703.7001221896
649280921.6927750111 24021.6115317345
657507479.7692731619 25063.0757675171
639524784.8588191271 22111.2529395840
639288428.5967668295 22078.4505472800
564684911.9710221291 8605.0998527215
657282611.9143942595 25031.4679145813
649219838.8787308931 23982.0831961632
631273399.6874450445 20572.2015613782
656923416.7335536480 24904.4251003265
549870261.6307909489 6650.2822782936
564969034.1125091314 8658.3920079748
564626908.0853273869 8569.4163457433
656952116.4061923027 24950.5198230743
554393202.6998454332 7253.0963580647
549629439.1852347851 6539.4562806376
564680198.1354216337 8580.9992876593
642502448.1062587500 22680.3642618180
645054710.2668184042 23253.5967262037
656556986.2013788223 24887.3351936340
550703016.5585908890 6860.2760168038
647276528.5706123114 23688.6231985040
576532304.4180010557 10763.9266819453
642877497.1770814657 22701.7474642920
626620658.8780795336 19768.7225064992
639065920.9240453243 21838.6708366161
557449544.3170400858 7802.5485815501
555482767.9225344658 7619.5070908034
555740539.3178240061 7797.8700729926
641102094.5641920567 22550.3231304906
637351644.7059739828 21825.9329384620
623754710.8730288744 19508.6658731199
623696944.4382880926 19499.9655099607
642199628.2229605913 22579.5183555604
613897952.8370356560 17601.4623389930
614638897.2613720894 17902.3370841981
555352618.8401533365 7328.9356309109
614380261.7601854801 17832.1296660939
558665094.0653587580 7946.0204901061
553462660.9333355427 7163.4106984581
552808859.1534018517 6936.6749092038
553261195.8962910175 7138.2388248679
553668519.0100182295 7174.6659838926
552944565.2112978697 7051.7362687601
553086676.1170539856 7051.7976308163
562734304.9381507635 8049.8000751084
562379128.7956613302 8020.9205396308
562613612.4541645050 8042.7064282614
574013696.3501198292 10617.0000049773
573459392.3363186121 10531.1614862535
567995645.8149968386 9724.6632238415
567566717.8668915033 9615.2555705842
567865230.0608800650 9689.3869564757
568204669.4154392481 9806.1881617127
567747779.8932925463 9617.0144453273
567532200.6504666805 9513.7659477886
567850191.1722501516 9650.4042176718
567537728.0812298059 9564.4393506966
567749401.5964455605 9633.0043984673
568824296.3073540926 9854.1273389670
571979051.5053548813 9975.7581077890
572175256.8895913363 10049.0474824981
575897516.3513725996 10648.9024111785
576097334.1529562473 10748.5128458807
575661760.4221533537 10643.7095911064
576999463.2872080803 10939.2835515026
576581194.2101188898 10766.8076233914
576722285.3847512007 10859.4236176652
576909058.0427922010 10859.9396619839
577023629.4249675274 11017.5921248895
577680010.6667699814 11168.7649257359
578122814.3847193718 11394.4817958203
577446962.9926526546 11125.4960871049
578364989.4604281187 11465.5800267963
578027969.0895791054 11363.3061186580
578234295.4541698694 11432.1332487671
578092768.5077186823 11368.6697325317
580080602.6311873198 11899.0580540102
580498900.6942248344 12151.4997923102
580429424.9389826059 12075.4008090501
579712847.0298326015 11629.0362271428
579819015.4252336025 11760.8748201490
579777234.8403799534 11655.1976548791
579919118.4798665047 11779.8297137380
580850428.2049474716 12287.0371441771
580915504.5874525309 12470.6525953450
581710413.6557893753 12668.1533927703
580725085.1642727852 12281.9637075705
581423637.8701747656 12626.4748787992
581017387.8891704082 12574.7205080148
581007441.1103804111 12501.3178590294
580686633.8747243881 12206.4166964304
580538139.6906822920 12197.3299437325
580856576.5944145918 12349.1460167404
582317722.1744899750 12780.2814760822
582601921.4543858767 12837.8766372799
582657241.9556274414 12871.8025585192
584600301.6983647346 13567.1027862914
583206720.9813343287 13148.9384625927
584582550.7889889479 13506.6889182217
584372322.7339948416 13465.5180671103
584748239.0463285446 13580.3074090369
584442787.5649014711 13482.7188432105
583138753.6918246746 13026.3521412686
583595238.7962981462 13165.0139527991
583650390.4571301937 13214.9907339737
583829284.7764140368 13238.5452887209
583787637.9989378452 13232.7992728427
586706889.2467298508 13814.0975267179
587815070.1213879585 13985.4262364134
587777334.8978853226 13978.7745282724
587784778.6850303411 13980.6947456673
588090269.4988007545 14106.5947543681
587953212.4351267815 13989.7535760221
588519093.2049249411 14153.5509268362
589053918.0920140743 14181.1187920310
590234795.5556169748 14466.6853822339
589612509.0660505295 14453.5776801631
589282860.0686168671 14341.4965649173
590612991.0977859497 14470.8971208297
591105445.2386426926 14518.0058034770
590996737.1200239658 14471.4180289470
591125852.4358425140 14555.7278188579
592782521.3385804892 14711.5518782530
591883999.8053305149 14675.6786093209
591668205.1121772528 14590.6503538582
595914254.1679996252 15371.5740546603
597288414.0115201473 15728.3255398590
596568413.8566522598 15615.5635163207
597009499.7852822542 15698.6541924197
594027762.9367181063 14798.3939056192
594024565.4925148487 14788.6028703246
595076531.2137486935 14927.8600231204
595881153.7202234268 15249.1440417189
596142697.6545861959 15478.5883101840
596265769.8685112000 15486.3362519164
596417307.4399622679 15615.0349246878
596613904.2427088022 15623.9832742419
597032536.7699849606 15704.1595618147
595399093.8201931715 14996.1283956561
595467024.5069750547 15005.2969928179
595508222.4723938704 15053.2941736970
595181182.8402342796 14936.4594122265
595662262.1101694107 15059.2953918371
595497406.0149807930 15009.0028870199
599507726.6216882467 15998.1904898975
598774407.8495693207 15784.1066070888
599503361.0721608400 15807.2321618292
599630559.9802502394 16101.2782391980
599800382.7630275488 16240.2270034626
599701689.3698874712 16115.2523387745
599708989.0923794508 16136.2444843128
600379919.4877020121 16245.0079443529
601512815.5342168808 16255.3074762002
601545611.1188700199 16277.3960199058
602878171.4311404228 16537.8835365772
602929561.0204099417 16569.0942616463
602584298.4566394091 16456.4769933224
603564152.0605434179 16674.0447883606
603412462.8826203346 16670.8841054440
603640537.4586437941 16678.4029026031
603383459.2884875536 16634.6901874542
603306707.8995504379 16632.9187240899
602165704.3851306438 16277.4917832986
604581469.9052845240 16822.2077670395
604208592.0693249702 16728.6259103119
606894529.0634392500 16997.4998996258
607013089.0534679890 17091.8537905216
608341592.9486758709 17388.3046617508
607720973.6158847809 17213.4929282665
607879059.2790055275 17222.6504535675
607240657.3493670225 17165.7592589855
607991281.2434648275 17332.2521944046
606471378.6187312603 16830.9183497429
606448323.7661600113 16822.6841216087
608331967.2713528872 17348.1717762947
610926700.6083183289 17403.9666071534
611147411.6492604017 17477.6008098722
615553436.2221900225 18056.3305087090
