386330983.5945150852 138108.5266857147
390374406.8757953048 142209.0653839111
366039201.9767382145 91060.4856501014
367537853.1803294420 98466.5120350344
379056791.0834935904 128005.1897774301
368119682.2372304797 101689.2014803307
366896963.1535552740 96625.5067306978
368396237.2636647820 102724.2936285406
365986439.4026268125 89903.8222994637
376791898.3339825869 123983.8159473589
368712503.2816982269 103923.7530710995
387080742.8361104727 138899.1494874954
367540042.5728353262 98505.4428618915
367469452.5415635109 98427.0279937639
378784759.1672166586 127383.4239758849
386842156.8162749410 138632.5246410370
379390681.0464560390 128411.8547401987
373946625.3876583576 117893.3672692230
365829877.3737100959 89176.6737398934
365670559.4265822768 86127.6601631434
368594809.0975109935 103049.8207602454
385173057.2834866047 136772.7727773488
365613848.7594082952 85824.9740211756
373278470.2067031264 116504.8045294932
393843385.3924589157 144151.9894714355
378016569.1866916418 125939.2196378112
377805282.6603965163 125707.9593839049
367785310.4694496989 100300.5112256424
375265897.6613707542 120908.3747432879
373105820.9481130838 116289.9057471654
379563052.5028989315 128527.5602608286
366795095.6294972301 94827.9768043978
367560565.6784122586 99101.5265597717
367129974.0141538382 97443.7454307246
378021786.5352613926 126132.6155118346
366742019.5202567577 94740.0483875151
375959216.2455257773 122624.6559284380
372136463.5379948020 113842.4973408302
385880705.3039335012 137707.0098400116
372879007.6054920554 115671.3163848868
367353389.2525334954 98235.9290103333
373424868.9567635059 116955.3354957005
367029572.5411031246 96814.1599899752
366736361.8085111976 94735.0688759310
369577556.1816648245 105918.8278854191
376099158.6551116705 122899.6956775835
376802194.3617905378 124109.1565540484
373043859.0744851232 115979.7340484610
365690378.4613421559 86438.1875374110
372970421.2414991856 115875.4664093009
388872199.8439635038 140510.8781743245
376170983.1972237229 123030.7877567461
384324426.5229443908 135527.8884905949
368108287.7786464095 101635.2354308038
369182709.8047323227 105041.0640228093
387685368.5743014216 139703.5521245198
381105865.2063988447 130946.2084615827
379366679.0820344687 128276.1527375730
395377927.5585681796 144900.0987243652
392897693.1139780879 143752.0689086914
375935508.3343102336 122170.6717250994
367767973.4513322115 99983.2051723867
377896452.9819959402 125933.6015806198
367316592.3227734566 98189.4462703483
378683190.7111915350 127239.6249876022
387545373.7109223604 139550.7690129475
374951172.7699534297 120353.4309719256
367862263.9553652406 101091.1589540855
376437192.8470647335 123415.1451557329
376278264.2541763783 123290.0856769732
393405315.9151945710 143961.1208496094
393148139.9897502065 143953.3730468750
368199822.1424449682 102007.1682895094
366537821.4920241237 92051.0410298889
366361862.6533805132 91465.4101857727
367580040.6560042500 99469.6478287845
367776575.7037984729 100287.9960090786
368697220.9197098017 103510.1868446171
375199001.1259652972 120707.8093288591
376478696.7722896934 123553.0886676908
387349704.9998549819 139273.0850529866
374550195.0413655043 119386.5940741226
375840513.5191773176 122119.0907123736
375387544.9132923484 121258.9537314102
366406418.3697330356 91982.7931050842
387532040.1566864252 139415.7799992757
375285937.7440505028 121256.8697536638
377473799.0172644258 125314.9235868454
374817619.7148904800 119726.3943807408
368709403.9101901054 103675.8444488347
375546237.4071018696 121484.7941559008
374503469.8145654202 119307.8391913101
374212878.7273814082 118527.7446879074
378666295.0781421661 127188.6760923862
375139526.7498439550 120693.5665157488
367793153.7957420349 100385.3042630821
389190230.3626634479 140795.2908055251
389028082.7805595994 140714.2807805007
367707661.5616688132 99927.8818392174
369866662.9766334891 107258.6776687771
377362096.7264699936 124950.9411705732
375721007.1784818172 121997.1106566116
389417669.9173836112 141267.4707829421
378405995.4150908589 126953.9410917759
375936309.4959753752 122605.3913639238
376038807.9373738170 122754.5592868975
389228710.3377107978 140856.7570378250
388685159.9419309497 140444.8304020828
378606649.6088137031 127071.2665833235
377179995.9835326076 124653.0400912534
375458574.7584944367 121358.9962642840
377458937.3290834427 125270.1758975158
388542844.0370194316 140400.7736013115
378193029.1478645802 126518.0895488448
389398209.1605069041 140901.9318306074
372436638.4652444720 114800.9493128285
377531162.8532224894 125449.7120903730
387939682.0946938992 139873.0347600179
377012311.4248464704 124562.5859459639
391941421.9354193211 143187.8067474365
368383360.1654318571 102168.9903615981
388221880.8517240882 140197.7443242268
368047956.3044234514 101478.1398776441
373408036.8840854168 116518.3071095049
370789304.2581259012 110276.0574081242
387509689.5014120936 139338.9606847763
392335531.8680900931 143440.7587890625
366540271.5393393040 92776.6326823027
370113785.9943947792 108011.0025485426
370150149.8652530313 108043.4142306715
370258035.9689467549 108491.7075427442
366646747.0940093994 93703.7486732991
369013962.8148352504 104326.1459243596
369487203.4242004156 105627.6884963861
377651538.2877940536 125581.3698500395
370245096.8137449622 108320.3055804690
370432694.3955210447 109480.7984091060
388073918.5714824796 139989.9071874619
375879120.1304281354 122160.5831602737
394456030.1862975955 144419.2900695801
367288318.9339554906 97772.2579346520
376666074.7220817804 123978.1474598101
376951372.9249916077 124467.3227527788
381481651.1578205228 131754.7491285801
381523548.5641652346 131772.4241163731
378303618.4345394373 126766.1075890660
370316986.9777415395 108552.0311053663
376924935.4291858077 124338.3816517046
366888306.9594614506 95749.1306999510
374262548.7673354745 118941.1550029740
376924898.7488176227 124284.9473255327
370206341.5924934745 108157.4617541700
367367613.5594466925 98341.7960205895
386720524.2557054758 138347.7538824081
372826923.6402089596 115535.0865341178
369684522.5256841183 106426.1076629460
368901446.6688126922 104220.1508605778
366697218.7888643742 93884.1821512969
372641560.4619204402 115000.1170856580
373036139.6492445469 115933.5581680289
381055334.6200035214 130851.0325453281
388096070.9849633574 140014.2578344345
370648372.1304761171 109969.0390518010
369628472.5536084175 106261.5406158268
369586676.7059990168 106200.2876861393
381198550.5496315956 131306.6628668308
369034903.0727431178 104581.5822265446
366559630.7745037079 93681.0544047148
370565472.6271957755 109849.6388579127
380657029.5436783433 130356.6628214717
379704538.3004930019 128761.3922984004
381995588.8813312054 132473.2828199863
369488136.8031696081 105875.5330474675
386005035.6976937056 137824.1516563892
370814495.3234014511 110490.7881133854
369084250.4660003781 104618.1946578303
381294279.1308921576 131355.7184889317
382235051.7223477960 132928.1471969858
379490826.5042984486 128503.6223191395
377263300.8860117197 124948.3540535024
371228679.1783391237 111475.5253827909
372333141.5364755392 114411.8214224800
386110214.7652082443 138028.2990958691
372013511.8916261196 113593.0782176919
381652372.0800721049 132018.0017836094
386332546.2636650801 138177.5417716503
378190944.3241401315 126317.6694014072
385272260.0620647073 136961.0860536397
381851064.0243191719 132380.6726486459
373565674.4001951218 117097.3770545176
385097017.3025314212 136699.8299806416
382288780.8146398664 133029.4561569467
379724379.6137570739 128772.3394424692
372713043.0707437396 115421.7995937815
385556322.6919268966 137297.1146080494
370891639.0749099851 110797.9136932194
371472072.4011009932 112272.9332768545
385055119.8961863518 136682.1549928486
385718131.9329656959 137515.3579171523
369817854.9891195893 106546.9391940504
382330678.2209848166 133047.1311447397
382998036.6384115815 133636.4330246225
387568889.8289948702 139554.2899999619
369981768.3852375150 107844.1027530103
382121933.2824892998 132761.0831405893
374840039.6871803999 120067.0137022659
387610787.2353396416 139562.1982641220
372700960.2951925397 115288.6006179801
377762860.0759001970 125601.8749673417
371316016.9376142621 111925.3815773909
374548804.3244026303 119365.6357191727
369316175.8971598744 105205.7432918847
369232396.5498794913 105153.5883910954
371886981.2405491471 113143.3519995154
387189322.1984672546 139079.2362890244
385759064.9379600883 137556.4719918594
372431476.9073300958 114694.5782257071
370715955.4205721021 110166.0334747136
370909835.1996822357 110890.3646819890
380801318.6277611852 130846.3352898732
371497046.8607954979 112296.2015054419
384498239.3700842857 135884.7169292718
371280646.9837983251 111785.6182286367
373697617.4406054020 117400.1676110551
371534717.1809146404 112501.4472813592
394923090.8287354708 144447.3961486816
371732985.6707213521 112768.7059271277
371695148.0030032396 112547.4791218862
373871349.9649739265 117794.7116517401
381787509.3732448816 132219.3991517201
382528073.3939985037 133332.1162216440
382900724.1463684440 133544.7615463510
375023809.3839409947 120460.6444014236
387819336.7047670484 139755.5941381454
383489828.3768349290 134367.9189508889
378998298.5716502666 127663.6608489505
383281278.9074075818 134174.5230768655
369340275.1694813967 105301.9442964986
384031290.9751386642 135274.3097705022
379293548.7639976144 128176.7493194095
374698551.5752277970 119583.1510081342
384409376.3505527973 135681.9664477482
384921485.9397360682 136479.5500428975
386110045.6150123477 137942.8414552510
373672555.8883670568 117256.2700084969
385162989.1324928999 136749.0130555928
375099256.4701513648 120464.7196272588
374120616.4437472820 118438.6058839536
385200307.8717377782 136814.1963441670
381392814.2825586796 131575.5031403676
373622835.9910420775 117138.4337658212
382915433.4177270532 133548.6982019876
383077670.9297559857 133907.0598352884
383446653.8495550156 134201.2960337136
380030336.3280069828 129346.2866385928
380370096.4690248370 129717.0827031676
385609907.4511281848 137320.5390203297
383457572.1167034507 134240.9073389505
380486056.8250622749 130109.5227530948
375109103.1485041976 120645.5474252030
380086066.4695372581 129425.1867545596
380418411.5945666432 129988.0329307071
384995217.8701914549 136555.9659612477
393787319.6506941915 144129.5162658691
389908683.1060135365 141683.3573608398
389708943.7610675693 141329.6264801025
391977771.0382236838 143342.4485168457
384841598.0773103833 136361.2133857980
374448622.4615225792 119045.3935605005
389811109.2652960420 141564.7688598633
394322042.9458829761 144190.0363769531
392105475.1465154886 143413.9302215576
390546891.2925350666 142440.4891662598
373818430.4448258877 117718.7997005843
390829281.7877092361 142876.0514831543
390199644.8405497074 141995.8588104248
390488833.2134358883 142347.0068206787
392723009.0696442127 143603.3957214355
391615839.3847923875 143156.9430999756
391444375.0136554837 143022.3052978516
391003850.1846726537 142906.0542755127
394370367.0694651008 144298.7797241211
383952353.7796603441 134933.4354088083
383901724.6555480957 134901.9451820627
386718188.8835124969 138343.6757822037
388431971.8069582582 140243.7358685732
391516252.7712770104 143099.3846893311
391509035.2239629626 143082.0621185303
390508530.5687046051 142402.8052215576
390817617.4120231271 142705.2226409912
387300836.0461951494 139148.5584192276
391280627.0035531521 143001.2899932861
390695022.2084389329 142586.2258148193
389070498.2852584124 140749.1751565933
386974699.5976217389 138691.0937204361
390623432.2722258568 142557.6721649170
384336503.7500182986 135613.1388094202
383581352.6475291848 134535.7499198094
391184980.9884474277 142922.3694000244
389275201.6009427309 140879.3937988281
