250180336.8093673885 61034.4060351880
250301064.9813058972 65521.2027628044
250984441.5413823128 77407.1615587677
252512940.7912223935 88541.9353147631
249965078.6910983920 57489.6156076732
250054618.5230691731 57656.7333507538
250240696.5335768461 61976.1732476591
250246328.3466871083 63037.4338499227
250427165.7101723254 65720.7084457161
250574798.3861283660 73823.1933865104
251524435.5147653818 80809.8121705280
252273877.2547187209 88165.0060232824
251721121.7498764396 84223.2515059052
254154612.6220178604 97032.3900582152
251712808.3222489655 82735.9359536396
249941399.3551190495 55997.1103732231
249852103.9636639357 55971.4112314525
250061961.3401189744 59380.0229593813
250705005.3200940788 75828.3224615635
251115265.4443366826 78457.8582846461
251110207.4636657536 77845.3786454405
377759475.3260180354 226301.0021233559
250056211.8772309124 57858.7818399966
250298728.8417767584 63630.0434324661
250409317.1713363826 65591.6630623558
250464932.1146794260 67363.1446659150
251684290.0200480521 82703.5729832874
250147901.3434046209 59638.4560263993
250554381.9198963642 73720.6726192985
250416344.4732826352 65660.7460901024
251986952.6183567643 84793.9705379938
253206278.5768243372 93103.3785011130
250202290.7365981042 61275.1009158524
251552015.9371109009 81764.3293290342
251027533.6129091978 77665.6805706228
251908291.0260083377 84500.6209163891
251376237.0507102013 80471.6745858417
251053716.1218520701 77732.8894219602
252232552.0426784754 86651.1875751948
391826721.0000386238 242251.0416793823
252210953.6243170798 86591.0184710955
250977988.3131600022 76487.2454394902
250428833.5797389150 65817.4189568068
250960709.3003701568 76445.8237291778
251655780.2967654467 82534.0673926806
363346020.1490345597 209377.8399392343
250907831.6875736117 75847.2173592028
251140674.5504468977 80112.6254815764
252065693.9434076250 86297.0319118725
251559665.1255258918 81954.2636609281
254775662.2528490424 99106.3016366395
253064722.3498253226 91351.1156532126
254934075.2523195148 99166.5249337587
252226800.3147173524 86635.1666186785
251678899.6490189135 82562.0721405481
252542314.3779394031 89718.1656517645
255793306.7844144702 102742.1134499940
250077113.3102073371 59474.5696808765
264032624.7206410766 116215.1034764507
253087018.1362501979 91614.1044071650
250508256.7733634114 68996.3738820459
252368356.5417163372 88387.4294665789
293109389.2539706230 141379.7396816193
268613246.9935427904 118704.1418904522
252204909.1444522440 86441.2726468777
262754227.5845732689 114628.3670872905
255054777.9406540096 100954.7902154359
388295402.3072999120 237157.3064613342
252978279.1280860305 90659.4377271940
253065126.9659851491 91420.2104353642
253024956.0909664929 90938.3376402592
252346465.3714512587 88193.5354947781
367416784.1472168565 213108.4098595679
259254053.0185456574 110506.4552230479
375002237.1322326064 221149.5841764957
252685436.2131951749 90220.0951475834
255386695.2126647234 102597.0136902961
260970762.8600244820 112793.0203505018
257076742.2478630543 106762.4417123438
253696940.7226198614 93886.1126677801
262973982.6841560006 115306.0735502699
257312883.7986154258 108653.4126672389
261603520.9549790919 113133.1540724010
260493307.5997599959 111100.0122266979
254445414.7372043431 99052.3383111390
254190241.9075270593 97389.7977914747
260739078.4751779437 112066.0993656156
256983239.8601290882 106077.8346566798
256487499.2988926172 104859.9898080470
392500823.9648380280 242265.9989547729
285268568.7483423948 132954.3018742685
253951165.7617315948 95487.0280007753
253735897.8924283683 95266.9336175355
256153884.6287248135 103668.4448685079
382157055.3673676848 227113.4520454407
382553274.0653158426 228044.4846229553
391734793.0285626054 241741.6498336792
389625661.7125615478 237483.5002670288
383242607.0161132216 235376.8407897949
322804550.4665406346 182208.1584291921
383730847.2533350587 235672.7671813965
391016102.6118106246 240372.2560958862
391378669.2920153737 241396.1253585815
389197155.4460774660 237420.1864242554
389196603.2881435752 237405.7922286987
276469891.5753356814 125831.9101278279
390598938.8059648871 238215.2988052368
352988470.9120977521 201935.2573402561
390365412.9583688378 238077.8065567017
367877306.3460212946 215481.2387729222
367506175.1281332970 213421.8413119847
333579057.4470548630 189005.2347020507
390314105.6787363291 237776.2115249634
282039004.5787902474 126755.4578270218
286005893.2916825414 135333.8303324403
281692260.0247009397 126116.1275355825
284054569.9500737786 129887.5592245283
284574077.4007947445 132028.3386511030
285962401.8641422391 133149.9627176942
308663976.9043708444 158686.3363853693
334493124.7829627395 191536.7022007704
295979381.0167673230 150261.1893868744
340976291.8632386327 192915.6560116112
299458295.4792199731 154398.5674429238
298166999.6908254027 153816.0574941933
295876392.8372545838 147826.4823506176
296811098.9821089506 150312.2084663212
295589808.5664622188 143708.1626535654
295401023.5871604085 143681.8928103745
290363058.3914990425 135705.6650692690
291158886.3702608347 138601.9566422943
343397247.4448013902 195236.4952580929
290678804.2983996868 137696.3327905405
290484773.6557068229 135794.2497364748
291177968.8386646509 138605.5521426443
292045274.1982370615 138691.4346003775
291949825.4835723042 138666.2755319122
292261561.9458688498 138888.1166917328
309254189.2138702273 164293.0809770116
347513037.5360825658 201438.8597226143
302942488.1345719099 157273.6489620695
302556980.0172150731 157000.5372372160
325807800.1114922762 183829.7025117792
312338073.4860012531 164584.9874801189
356235639.0351368785 208386.6852531433
314021784.7920577526 168352.3863248378
314735032.5392780900 168564.0640286952
314364078.5443430543 168509.8000058681
313881749.4293925166 168317.8497647792
313556386.6689127088 167184.5407743007
313509841.9742977619 167042.7578153163
313012362.3363897800 166691.9368142635
316026524.3392111063 174568.8034709096
316136727.1886218190 174645.6061137319
314786442.6325081587 171004.8500830900
315039145.7883108854 173026.7982829213
320179096.8383886218 177737.9199908376
319095263.0190373063 177200.3864520192
346037143.2143532634 195291.2557487488
353520515.7868105769 203945.9758071899
352465505.2832917571 201857.4893074036
354871601.2494003177 206360.6406555176
354744332.4037050605 204333.4769897461
356799635.8024089336 208805.7396621704
353256007.9850910306 202237.3050956726
360645706.8389286399 209110.9620971680
355844807.9848356843 206986.3174591064
372424406.5415212512 215758.9823608398
374409960.6724175811 216217.5838775635
