551383010.0320036411 88097.1924049854
552509530.5971770287 88720.3894666433
541196865.5759971142 77161.1514268473
551445726.5682487488 88185.1047757864
540877140.9169880152 76258.4417678670
553370357.6391193867 89290.1727142930
540906561.9600863457 76530.0813859042
541447817.5057106018 78182.3192023672
544187255.7290170193 81625.9817070123
540906561.9600863457 76529.9109193638
541601900.5789257288 78234.2270986475
544471386.1487801075 81787.9124230393
546470004.5327829123 83850.8566131210
546033956.8264154196 83480.6879819841
544067996.4175466299 81341.9495492558
547013047.2042111158 84275.7050377643
547462865.5001871586 84644.6001069546
548528006.1477184296 85761.2977150083
555391197.1738220453 90548.3421883583
558367179.0225921869 92159.6959571838
558589796.4352358580 92314.3854560852
558826356.1926714182 92374.9727745056
546766233.0629376173 84117.3646446979
545505698.9256297350 82721.7666702010
554404266.7477300167 90002.1009390950
542604595.5281566381 79365.4975110660
540859299.8876045942 76098.7468660456
549817666.4741899967 86801.4420171976
544004181.9404224157 81135.2212729582
564582926.1851532459 94527.3993911743
553471321.5734428167 89347.3397544026
555262623.0557990074 90460.4241232872
560546661.6830803156 92969.4469566345
542021794.9122616053 78718.8089241241
549227141.7928688526 86327.2955859303
550498515.6655287743 87477.5932319760
553541846.8785057068 89515.6947768331
552097959.8019131422 88575.1979459524
547837577.4723016024 84937.2314212024
555788632.5376880169 90958.3677010536
546711571.3591947556 83942.6908124899
549035806.3443015814 86043.0970983505
548694593.4757213593 85924.4031744003
557148964.7360872030 91602.6675696373
553051587.5774215460 89167.3888201714
549083634.4963598251 86102.7967529297
544125332.0121799707 81588.7517343144
549500240.5329881907 86440.5863952637
543535924.6650075912 80488.0581094273
550523214.0638911724 87499.7735893726
545833135.1580624580 83168.7379989242
541775028.1646214724 78340.3972684778
543868552.6072521210 81017.3652497777
551648823.1361190081 88300.0308164358
551368209.2028163671 88090.9147275686
550953129.1857930422 87868.8087074757
551305035.3067239523 88083.7076694965
543646245.7582714558 80809.8013677336
552570873.3031669855 88764.7554364800
543997361.5978651047 81099.5464896508
543934379.9539705515 81051.9872533926
544110061.7906931639 81387.1896933862
556295212.1766117811 91113.5588593483
548474246.5397312641 85680.4457710385
548771167.0301710367 86010.4097369313
549618660.6457142830 86524.6819458008
546067848.4121369123 83549.5612806291
544444441.0077698231 81785.1211752845
556020642.3098891973 91013.1292557716
563338943.7910060883 94070.5455780029
549382318.9877728224 86390.9720941782
564105026.4411680698 94398.1249313354
549035806.3443015814 86042.6090002060
556940815.3454916477 91353.6138129234
545737233.6885491610 83080.7188731907
545562778.1240535975 82750.2455150364
542629531.4566546679 79474.4911427801
545321807.9715403318 82557.5338172265
544864599.5339776278 82231.2521332749
550941303.9209017754 87772.0015327930
549694645.4056066275 86573.5896821618
561927322.2607496977 93523.1611976624
541059947.2899729013 76849.4650270299
563465710.8190168142 94118.4354858398
553775798.0968028307 89638.7933288217
549636137.2933145761 86533.1274157763
545716371.7768350840 82948.4019939182
553950582.5202181339 89746.7421350479
548561239.0014514923 85806.2425909042
554379547.1158264875 89988.9467401505
546191290.0191133022 83591.4457444763
545801937.8926562071 83090.0880656042
548604956.5748550892 85860.1402959824
545652264.1253399849 82870.5300353677
546013094.9147014618 83347.3562301309
563441975.2733942270 94082.3062438965
563811835.1034179926 94244.4283676147
541183734.5405474901 77118.4765306071
556959131.5535104275 91392.9461569786
551205957.0295579433 88035.5766060352
563925195.6327135563 94394.4158477783
548846965.5973697901 86011.4777701497
549035806.3443015814 86043.4410314560
556959131.5535104275 91390.2189841270
555469320.0511443615 90690.4435553551
551791610.1850525141 88390.1340726614
551901701.3309464455 88503.4688657522
556795003.9206783772 91326.7701468468
558086694.2204470634 92031.0213708878
541184934.6688880920 77152.8171372965
555647211.6305140257 90786.4568505287
555273590.1509473324 90507.9620032310
541939358.4053341150 78617.4852630501
545409144.3352223635 82559.1851805993
550092501.4658229351 86880.4146912098
562728494.8886606693 93888.4392089844
565329861.9271987677 94722.2158508301
555762675.2980622053 90854.3668646812
544033334.6943327188 81334.6644858667
551785706.1685966253 88351.7218869925
550426827.3433327675 87374.3102791309
541227249.7181575298 77729.3777191048
556519405.8621544838 91224.8479332924
555420775.6134912968 90625.9793524742
541939358.4053342342 78625.8222813909
545409144.3352224827 82560.3236317881
547338314.9977082014 84542.9822584987
551990638.0085321665 88546.5703061819
541134532.5623060465 77015.1870170860
558962421.3349620104 92383.8862342834
561072518.8782707453 93234.9897308350
545110959.5192677975 82468.8688201257
541874125.0161013603 78480.9073728472
557946056.8097810745 91840.2159438133
550612543.2752445936 87551.1773502827
544919467.5891776085 82244.2736100205
544489753.1397002935 81797.4211518718
545279563.4455306530 82493.2460416132
552917869.1625434160 89117.5878129601
550944773.1158511639 87837.9680855274
548231863.3950322866 85188.5276038051
559765373.3458211422 92641.2957153320
544593818.7943592072 81873.1328324326
541939358.4053339958 78615.4515808593
560774325.7237969637 93135.3402786255
560006497.3589489460 92771.8471870422
544928665.2797566652 82314.3189938837
560335044.7231620550 92956.1184234619
546346600.7247874737 83727.6738189370
546275044.6831599474 83622.3982709856
560623392.3222811222 93053.4701156616
547026685.7227523327 84384.4437796474
547026685.7227524519 84384.5264355540
555586284.7027614117 90703.8118567467
542821345.2209888697 79511.0643352401
556592514.6503623724 91301.8593802452
560859636.7489312887 93167.8600311279
545105479.1471704245 82465.2539414414
546328583.6256089211 83674.7701949691
556297979.9126952887 91211.9764275551
552279582.3222320080 88713.6651803851
547314995.7081170082 84525.4334768057
556191639.8936706781 91096.2114539146
549211502.7513231039 86187.5419855118
568724766.7941188812 95372.1410369873
551115195.5194095373 87920.5140755177
546902241.2293549776 84261.5731305778
550730776.7983392477 87708.8070511818
556569408.8692821264 91247.7411322594
542093326.6019366980 78918.1818817626
556200081.0586065054 91109.3253684044
542847893.1723853350 79700.7925698897
556297979.9126951694 91211.9568047523
550237592.7716202736 87016.8300659657
547814237.7707929611 84902.9696810544
552597690.1063606739 88873.2399583459
546806901.1684551239 84189.1548146904
544353067.9979888201 81672.8817543937
542398251.5039455891 79200.0839215266
545856027.4992132187 83217.5314047812
547416642.2468051910 84617.5288747549
560561145.0804395676 93029.5581359863
543188120.8465341330 79977.0459271511
568675588.3395794630 95353.8530120850
559132463.2494313717 92429.4827156067
561103103.8244180679 93278.7403030396
559638975.4129862785 92634.5461883545
569320084.7871375084 95425.1205139160
546902241.2293550968 84262.4420766532
546190298.9108660221 83577.2663587541
542210530.9809466600 79025.8036697875
556592514.6503623724 91297.7976965904
554656011.7103220224 90221.5113394856
561567301.1953454018 93376.7296066284
547357152.3165919781 84613.9096730947
545203296.4204133749 82477.4802566059
547670447.6046972275 84803.3979429901
547537813.6089555025 84741.6296102703
555119084.5850850344 90373.7113642693
542210530.9809466600 79025.5341985594
542331205.8853516579 79119.5846374999
548762895.7513681650 85953.0255523175
544790428.1335759163 82070.8063462921
542883211.6839573383 79756.1394946715
549107581.8092895746 86137.6566247940
554486802.9867727757 90082.0476681590
547154055.7487220764 84513.2809247673
554656011.7103217840 90206.0626330376
548994933.3044489622 86026.4937553406
544847911.5475500822 82142.0958055207
550166036.7299929857 86911.9083664417
562242545.5589867830 93640.3600997925
545880963.4277112484 83335.6629402814
550345755.8454524279 87226.0748817921
543125653.4139225483 79858.0043008467
568706328.3671761751 95356.6948089600
550246736.1639399529 87084.6531746387
553258579.9341434240 89237.3014128804
550348891.8206883669 87326.7666847706
552768198.7176414728 88973.7750230432
558045213.9281982183 91923.6977462769
546357500.4744294882 83745.5001128823
562072525.6161698103 93546.2816696167
564363939.4263334274 94407.5654067993
548255483.1289380789 85473.1336837262
549684043.8313045502 86543.8273589313
543245842.0978111029 79999.8898199657
553292917.5252254009 89271.7990546227
548404545.9954618216 85655.4715362042
559309139.4495739937 92550.9768981934
555720382.7065081596 90820.6381506920
554041347.9062110186 89784.5245612264
543314138.1864223480 80077.5106831538
559964543.6618256569 92743.3757667542
557926592.8859441280 91797.3823432922
548004433.0935086012 85037.6632081568
548156025.4188866615 85133.7167361677
566286489.5042597055 94889.3326721191
554129173.6174322367 89893.5183580518
548010418.7119300365 85117.5991517603
554291096.2794375420 89930.2226470113
564731891.3120973110 94590.7612457275
544771335.0947462320 82015.6897339774
555124195.6390781403 90379.5983336568
557297853.7880427837 91619.5127959251
564525704.9647814035 94449.4544754028
542684947.6168683767 79487.0935453326
560330024.7604762316 92862.7897796631
562118174.6481416225 93593.6373214722
543481339.7499858141 80246.7550221430
542690427.9889659882 79487.7899158141
554545152.5614774227 90083.0217917562
543125653.4139225483 79859.2429187438
568383632.1918990612 95273.3470916748
543449128.8704535961 80141.5717047313
554978475.4671443701 90259.2816146016
557060867.6845604181 91536.5187659264
568383632.1918992996 95280.3251495361
563416742.6098359823 94071.7197265625
565348473.6857472658 94825.6401062012
562371628.5060783625 93740.4497299194
562371628.5060783625 93741.3749160767
565133336.0195975304 94700.2681732178
565519078.2631820440 94886.8477325439
562371628.5060783625 93742.2757034302
562294901.4097176790 93691.1880722046
566690569.5939961672 95051.9515991211
564946031.0591282845 94666.0974884033
556128696.6355940104 91031.4135994911
562258256.5032871962 93679.4532775879
568403711.6536074877 95352.2000122070
552733635.4551936388 88885.2367757559
557446020.0325314999 91648.5252051353
559245500.1092864275 92470.8679313660
562590425.1587692499 93770.2459259033
565133336.0195975304 94702.2324523926
553324006.3992773294 89275.6699956656
567698160.2854388952 95169.2497558594
567708337.0805814266 95258.8973999023
559115414.7963153124 92385.6743354797
564715919.5750530958 94534.2563629150
567503112.8414177895 95132.0163116455
566968526.1071467400 95131.9067230225
555264523.7152252197 90480.0273519158
566783680.5129308701 95101.0294036865
559236223.4953844547 92433.7933540344
555073121.4466999769 90318.4520803094
560307938.3808255196 92861.4506912231
566423489.3631607294 94976.9169464111
561284571.5471767187 93294.3857955933
563889557.0940972567 94249.8060302734
563629681.5807960033 94190.5989227295
563574779.7973430157 94138.7100830078
561665844.7713161707 93480.3943099976
563889557.0940972567 94250.1815185547
564432658.6881829500 94412.5342712402
564432658.6881828308 94409.0858612061
563150260.6035391092 93916.0856475830
563150260.6035391092 93914.8716583252
561055263.5526528358 93169.6118240356
