938233130.2572807074 10429983.5703125000
947537272.9464962482 11110634.6298828125
965178162.2223676443 11740509.0654296875
932833364.4308241606 9722428.9580078125
934375168.8008165359 10005846.8310546875
934121059.0959012508 9976072.7050781250
934991259.3573269844 10094842.9511718750
934851682.5623306036 10071361.7314453125
936029583.6946455240 10198726.2890625000
1062528785.4281042814 12572376.0371093750
997771313.1401681900 12110921.9023437500
932935520.9568777084 9753723.8115234375
933403856.7207975388 9855773.0419921875
936424850.6929566860 10246261.6113281250
960107540.9288060665 11612752.0439453125
997630682.6275688410 12103892.8300781250
1012910442.2914904356 12204147.7128906250
1012366848.3811905384 12202105.6132812500
965247919.2667102814 11750272.4130859375
950749771.6679493189 11276254.5449218750
934318387.4124506712 10000378.4628906250
934215140.5261347294 9986100.7363281250
976188819.2386300564 11890355.7832031250
932740417.1884801388 9698714.7265625000
933881934.1945661306 9938348.0966796875
935388601.7063088417 10130758.8691406250
956228361.9375644922 11514148.9687500000
932722804.8258081675 9682994.5244140625
933666804.7096894979 9899046.4355468750
935220527.2090137005 10114246.0380859375
935946956.3152937889 10195435.2773437500
1059823403.6661404371 12551730.0644531250
936938159.0471404791 10291009.5673828125
937657999.2495526075 10374476.7675781250
947511385.4923852682 11108447.9150390625
944778153.6718968153 10945842.9619140625
932691854.2364156246 9670204.2880859375
962755126.7867748737 11646506.4785156250
933004133.7229673862 9769909.3515625000
935311452.5590164661 10120501.8339843750
940033202.5006331205 10612683.2070312500
951570090.2087072134 11323432.8359375000
956065453.7207456827 11502376.6533203125
932935520.9568777084 9753682.5410156250
933439701.0513300896 9857234.3916015625
933753396.7709746361 9922933.9765625000
932935520.9568777084 9753734.7324218750
943684437.7173982859 10880461.3769531250
933129839.4618291855 9802107.2255859375
944075898.4924499989 10902753.0185546875
964223672.7532373667 11693293.6494140625
933308864.5815055370 9838309.1669921875
933706500.8646935225 9901484.8359375000
950779172.3921393156 11282120.9833984375
963575549.0747523308 11678617.9628906250
934064277.7075353861 9970607.6025390625
935516783.0205907822 10139773.6464843750
935781948.6874303818 10176457.3818359375
977196196.4309273958 11893429.9882812500
951819612.8636280298 11333241.4335937500
949945081.1385885477 11230019.0712890625
951634656.3828977346 11324381.0683593750
935812507.6337214708 10179445.8007812500
937517386.0975729227 10369905.8857421875
933978765.3495124578 9956520.4521484375
937442264.7002526522 10357249.5732421875
939792865.9420069456 10591805.3398437500
1034532077.4917628765 12397889.4179687500
938990601.1164188385 10515686.3740234375
938614274.9126396179 10473411.3652343750
951631527.4120247364 11324361.0117187500
947518038.7755368948 11109460.5849609375
947077774.1125674248 11095052.2822265625
945414731.6421957016 10995880.8720703125
1086830702.7644777298 12750706.1914062500
933306733.2353513241 9831306.6621093750
939204189.1374870539 10536531.1367187500
933505805.9168319702 9871010.1259765625
987737496.4314484596 11978876.7373046875
941512829.4860378504 10725454.5625000000
955404386.8052383661 11469599.8369140625
942023160.0194710493 10774555.8173828125
933365879.9085263014 9850945.2021484375
935183600.9222861528 10110382.4316406250
939856504.5900800228 10595084.0107421875
941772377.9671815634 10758950.6904296875
933266702.5848355293 9827641.3681640625
933540719.8438038826 9881271.5693359375
937187660.6728774309 10337855.6855468750
937109450.3907104731 10329056.8125000000
934183665.8161041737 9978455.8515625000
934581844.8777046204 10020766.1875000000
947230829.1587247849 11097076.6943359375
1027547435.9808621407 12278880.1542968750
936242986.1919941902 10219720.4404296875
1087452914.8505306244 12758356.4101562500
997396655.2157224417 12097271.3261718750
940295004.6105300188 10627361.5976562500
1087142614.9420039654 12758142.0273437500
937260083.5949902534 10344072.9111328125
937451237.1920522451 10363223.4248046875
942070480.6695822477 10792660.6572265625
942284911.9897500277 10802715.7060546875
1012035235.3617187738 12174848.7910156250
937503574.5731810331 10366128.4218750000
938525590.9268009663 10464810.2402343750
951922230.2073636055 11344969.5830078125
941804825.2849195004 10764359.6796875000
938727455.7463669777 10489629.3837890625
939371072.2727353573 10545649.7324218750
997218749.1964647770 12095891.1972656250
946620142.3433263302 11071078.9082031250
936826161.6663243771 10288527.7568359375
939460702.6721901894 10550400.2578125000
960665392.1275746822 11628479.1669921875
947441013.4866858721 11102674.8232421875
938824063.9259364605 10499291.8583984375
1048366821.9100720882 12477673.8144531250
1068543887.2428367138 12670948.0703125000
1087535677.3044085503 12758385.3398437500
946128530.5920031071 11040381.8007812500
946439579.2269266844 11058044.5546875000
975325941.6272020340 11875931.3046875000
943884652.6451866627 10896437.4355468750
946957137.7720292807 11088911.8271484375
938824063.9259364605 10499257.4355468750
938340997.7156082392 10447209.1640625000
946366449.8284634352 11054377.4472656250
936586819.2655009031 10259289.3779296875
943358499.0017548800 10871749.7968750000
937914067.5139894485 10406446.4931640625
939515044.2125712633 10564478.3203125000
985526158.8539663553 11918475.9863281250
937801647.4676615000 10395109.1855468750
1086095176.4502391815 12745147.9042968750
940864845.5392401218 10660428.4570312500
1053612415.3886295557 12521535.9101562500
937566562.6762675047 10372798.5937500000
1078232537.1453471184 12738398.9941406250
1078419627.8633682728 12738751.0644531250
942855431.5031816959 10835001.3554687500
937950126.8219206333 10411538.6357421875
988900085.9143623114 12002574.5625000000
937830346.6858817339 10396123.0429687500
940245837.2239152193 10622396.6425781250
942831503.7955781221 10831595.1064453125
942668925.5402978659 10824515.3261718750
942240815.8520114422 10797140.2480468750
937673196.9551250935 10382946.3808593750
1086164989.3926079273 12745860.2382812500
936682478.4826576710 10273155.5722656250
942240815.8520112038 10797116.2812500000
937337948.0883282423 10354081.7197265625
935342774.9747079611 10122497.2568359375
947584205.4959896803 11116138.5781250000
1086578488.3707699776 12747318.8417968750
1076968159.1386461258 12678843.9804687500
956441758.8162941933 11525759.4843750000
951691111.1804189682 11326909.6806640625
944855850.1737573147 10953749.8037109375
1077645499.7906479836 12714449.1855468750
968399853.9028376341 11785319.9111328125
967985191.4332500696 11781649.9326171875
965651186.3148140907 11758531.3779296875
937297344.8013839722 10348469.8701171875
996370048.6121546030 12068718.6835937500
935670374.5610115528 10161067.6191406250
950887723.7785457373 11286089.1982421875
975234378.2209796906 11873788.3339843750
965498141.6702485085 11754198.7001953125
999397677.1648983955 12125036.0097656250
937599047.5275319815 10373348.9091796875
947491014.2093553543 11104793.6171875000
1055601099.0165154934 12531987.4238281250
1055068213.0656670332 12529599.3007812500
986991546.7055487633 11956972.4951171875
942743108.3320980072 10828104.6347656250
943085561.5316858292 10850302.9433593750
936997520.9144402742 10310352.4277343750
936267462.5338588953 10224508.1005859375
955364257.7836970091 11468462.5908203125
1046735425.0020341873 12454639.6328125000
1046403293.5760927200 12448561.0585937500
1057242837.9318040609 12536325.6660156250
1024554874.6233056784 12258496.0908203125
1024822275.5256379843 12262492.4521484375
975643731.0905256271 11887409.2832031250
945859807.5770978928 11022588.0781250000
1016506563.8455845118 12233979.8945312500
1029623150.8001358509 12305628.5351562500
1029588214.9869689941 12304660.3964843750
955568411.5074468851 11484333.9208984375
1063786749.5782321692 12599828.2363281250
984519304.2094075680 11907123.2568359375
960586348.6046855450 11628350.2490234375
942796243.6111661196 10831535.6337890625
1057674016.5181701183 12545942.3496093750
988647399.2699692249 11984677.9072265625
970019353.3293559551 11802150.9716796875
1011062389.0649049282 12160878.8847656250
962960689.0533431768 11647653.9179687500
1045148619.1150882244 12430857.8574218750
975601983.4745131731 11881605.1875000000
967857294.2036324739 11778178.6494140625
967297463.5150698423 11776313.9990234375
941963656.8916163445 10771612.7207031250
955132942.8830134869 11445467.5224609375
974892421.6195120811 11869135.5527343750
964582937.0055115223 11720980.1328125000
964880858.4796047211 11735775.8876953125
964764716.0676325560 11733331.4794921875
974437263.2632466555 11858473.5214843750
960481461.3066550493 11627231.7871093750
983882561.7142441273 11902108.3378906250
970969013.9124226570 11805231.6533203125
1058042441.6671317816 12546647.4941406250
1060917053.0342227221 12562988.3730468750
956235309.9091889858 11514451.0957031250
996605627.6723634005 12074629.7968750000
942581972.8832998276 10814214.2978515625
1065073201.2464022636 12605631.2949218750
942461049.0614374876 10806852.1875000000
956375187.2738914490 11517392.1533203125
956950514.1270884275 11529700.9033203125
995738162.0564224720 12048416.7363281250
1032010943.0288928747 12352789.3476562500
996504698.3018769026 12073040.5078125000
987556961.4030185938 11968973.2343750000
946952316.9384912252 11084464.3457031250
997068440.9211902618 12084542.9199218750
986371604.4104970694 11935349.2207031250
1007615431.2097358704 12132486.5117187500
941087004.0137039423 10684611.3232421875
960171228.4766999483 11614601.4980468750
996609280.0452009439 12079789.1230468750
947642395.4917032719 11120610.8076171875
948049682.9564099312 11152809.8027343750
949742972.5406982899 11211226.7695312500
947922762.9113941193 11140874.8144531250
1005421438.2811676264 12125690.5156250000
997071721.7431163788 12085676.8496093750
944671082.5948562622 10939414.6279296875
1028528278.3100128174 12292182.8671875000
1025593241.1671313047 12272228.6992187500
956150916.6988942623 11511527.7958984375
947789586.2275252342 11132105.0644531250
947815821.9199537039 11132543.5722656250
1056822914.8546534777 12534561.5332031250
961937575.9696791172 11645774.7695312500
941105529.1270426512 10690975.9169921875
957033594.1415982246 11534324.9970703125
956961057.7340687513 11531603.2148437500
991062252.0583369732 12046976.9472656250
990015215.6774823666 12014412.9296875000
960175944.2085983753 11618669.5644531250
955807598.5820239782 11495634.2734375000
948534971.9007605314 11161780.4726562500
960282934.1625916958 11621981.0273437500
957755713.7920372486 11536987.8212890625
959803424.2194868326 11607631.4511718750
951860353.8769134283 11337743.1796875000
940925151.3278088570 10666596.9453125000
951030877.5221635103 11287868.8476562500
951263246.2756253481 11308067.9208984375
990541611.5424433947 12025326.9003906250
957849420.6398364305 11540932.3447265625
952672808.0467044115 11366258.0380859375
957089555.4465349913 11534886.2304687500
958464973.8779512644 11566190.4199218750
995820361.5071512461 12063310.5312500000
954264113.0219469070 11439922.6943359375
945075249.2425082922 10975375.7480468750
963344261.8537466526 11677677.0058593750
963164479.7556909323 11664551.0761718750
959711008.7625309229 11589243.5468750000
952855808.2988128662 11372832.4599609375
989849820.2264587879 12009958.2285156250
948861501.5822749138 11171043.7568359375
951800019.0146992207 11332354.0478515625
950474406.6982792616 11253115.1386718750
941383706.7821123600 10718251.6689453125
945669924.2822340727 11009457.9941406250
974126297.6558169127 11833414.1679687500
941441511.9610366821 10721569.6718750000
953804432.2774313688 11419635.5292968750
941237757.2211924791 10701327.5449218750
953599645.1149144173 11407005.7265625000
953100726.1552506685 11376495.2646484375
953373234.2115533352 11388707.5566406250
956874125.4718419313 11529005.9550781250
944870718.4557454586 10959182.7822265625
981210027.1522123814 11897839.1250000000
944534085.1260797977 10935380.2441406250
950545111.7523815632 11258642.3125000000
953389576.6193611622 11389890.1455078125
953332122.9680695534 11386392.9033203125
953258744.9292930365 11382913.3535156250
1026288829.0329064131 12275618.5878906250
1021225050.4908956289 12254446.4316406250
974106363.0629495382 11827670.9414062500
