465912074.4935323596 190015.7172045964
473959548.2360618711 270131.9079374634
465242669.5725398064 162634.7375888578
472344294.1314718723 258553.2252091244
465331213.3323961496 166680.0888385526
465665190.2704866529 181496.4510052400
471586700.1239771247 254661.5234274641
465573105.6305505633 178068.0355853839
468695664.1808497906 235755.0758552095
554456190.2158493996 445014.9783204943
474364298.9468591213 272402.6282310244
465251490.5125616789 163179.6125822015
465205273.4215224385 160727.1368294366
474215511.9426967502 271907.9254698120
467769119.2291855216 224337.8279534606
465206381.8084026575 161078.5095744081
465507880.7410343289 175206.6068897052
472237081.6679934263 258284.5174432322
465902431.5446947813 189597.1311501469
472380342.3467807770 258636.4222543910
572191721.6895214319 470908.2737503052
469134928.0166796446 239669.6672201296
472254432.6190643311 258502.6270651594
465649818.0648157001 181309.6780735729
469933790.7401071191 245498.5637189290
471842663.8306117654 256445.7636160627
465219181.4440010786 161351.6826566383
472795786.5340462923 260394.3652087320
465474363.5195497274 173447.3839095696
465608794.0920488238 179618.9357084399
465584167.9190723300 178135.4265544317
470332267.6444836855 249243.3469823143
482332593.8309541941 300334.5804994442
482168085.5577101707 299998.7736518122
474609929.7800779939 273802.9463868253
471817384.6731179953 256284.0203347728
474599981.8737510443 273613.1253908835
465286104.6282372475 164670.4718417875
472427628.9590965509 258746.0235104561
481994802.4896209240 297972.5162350126
466389742.6601559520 200548.4483772092
474113429.7293055058 270159.8118323386
514261430.1306830049 359015.5377659332
468914965.3814707398 237720.4051713636
474813692.9919768572 275703.9293274246
481994802.4896211624 298034.2699709721
465692093.9281241298 182895.4338969565
481866359.9262405038 297125.8850052003
482067968.4588438869 299211.0517746452
468695664.1808497310 235749.4941787263
530670767.3825162053 388834.8008495122
465446206.9608947039 172254.4994255072
561721936.2340587378 454794.6101793200
466289622.5214586258 199882.7630960387
474599981.8737510443 273613.1252024136
474591151.5529886484 273591.6678785644
473255849.3226662874 265813.7159871040
469015587.8338827491 237797.0957576325
481862922.1955731511 296986.3710743561
481762359.9455870986 296966.2518116608
482162916.3786600232 299248.0163996611
465134984.7158479691 156939.0697487039
481866359.9262405038 297187.2128378395
473796543.8631151915 268045.2718536071
509828970.5241141319 343920.6348149050
465827281.5829690099 187189.3944684458
481636440.4526838064 296703.4429862462
481080447.2349455357 295386.0843871087
571839185.7815881968 470275.5352249146
465299734.1964682937 165598.4053121572
465319483.3679503202 166323.9110919302
465463301.2310279608 173379.9825874334
470324724.4871252179 249034.2139424821
541208936.6853814125 410138.9847086836
472064086.9169138074 257861.3431703374
465097684.0453292727 153674.3353618074
465161558.0582293272 158782.4125176079
479755815.5934731960 290931.2955404781
466853967.0704513788 210469.7086410630
468171906.5043237209 230266.3381369738
465422141.6512032151 171381.1360298162
465582519.9082342386 178131.8881709478
466044340.6950808764 193837.8470715135
478538499.5482540131 284397.8805150054
466095272.4436845183 195791.8393810838
474591151.5529885888 273589.2524732910
467130499.1001632810 214572.7131552319
465422141.6512032151 171386.5318351751
465991297.7858309746 192198.7038926738
466397924.0766183734 201857.4993015924
468078184.2505173087 228472.7856543092
465965117.4027823806 191679.1158918589
465991297.7858307362 192174.8373155254
466044340.6950810552 193861.6029013246
465344842.9006271362 167631.5471578604
474591151.5529887676 273598.0662180744
465749223.5192103386 184915.5671828617
560659620.3448183537 454564.4170335680
466129018.3339453936 196200.1654151957
466240158.2766230702 198113.8791603129
567912266.5314472914 464030.6130752563
467070222.8706043959 214313.4529716889
478088566.9009329081 281095.8294946067
477871308.8662070036 280510.5799771659
465175466.0807080269 159406.9413574859
544903809.4833692312 417774.8030136116
544940916.0282027721 418254.3022506721
466013073.9295671582 192724.7009093650
571409148.3179812431 469870.0015182495
468569916.1370486021 234000.5753531484
474580512.5606355667 273479.1279804520
465116803.0172888637 155473.2323038471
467862348.8283686042 226405.2881413726
474591151.5529885888 273590.1921705566
563705567.8651615381 457524.6429156065
563744909.9307560921 459650.5263994932
571812309.9856445789 469925.6331863403
535795932.2251834273 403195.5609175526
508846834.3265962005 342557.1016223803
465157284.3821492791 158071.6252577677
465134984.7158478498 156876.5060814065
480479131.7596206665 291342.6876099389
566167869.0872346163 461391.8060025722
466712031.0376208425 207997.6689869571
466208152.4944869280 197860.4290147889
465414748.4957942963 170928.4671257599
465942217.3216308951 190696.6318175681
480410982.2404668331 291161.6628834177
465387118.7639357448 169274.5912579163
466259913.8909079432 198401.4535178114
466601048.4167694449 205924.6145881708
465668028.6184326410 182027.4663066245
518001092.7561988831 362070.0094756912
517939607.9514862895 361379.9308217000
511073825.5012979507 345173.6009063590
465219970.8075582385 161398.6093949004
465431555.9288868904 171448.5373519524
562597039.7754347324 455246.7675770521
465887059.3390238285 189434.2247956283
560620001.7542476654 454018.1840013415
465500487.5856252909 174748.5341363451
466244750.3620572686 198160.7776334491
468244214.1215224862 230411.2517876057
542142165.1222459078 412823.2490204144
547163703.8815133572 423610.0699942708
547358109.7181227207 425026.9509604573
471662403.3206007481 255604.9911341593
471662403.3206006289 255594.1947474405
471306089.9687297344 253494.3044619486
465558454.5985429287 177291.0024897954
465725158.2095188498 184047.5964508285
468244214.1215222478 230343.2736381916
465763288.7453014851 185161.5409528208
553040094.4174740314 442496.2857154012
467110629.8728502989 214523.0531300823
466981283.1935016513 212533.7776024262
466226387.9386472702 198023.7749193073
465848081.6558647156 187987.4542804020
470306425.2119476199 248323.0314315846
465802266.4284605384 186579.1565608205
569354560.6415542364 466384.8147659302
469629119.2559913397 244872.0144007048
468244214.1215224862 230367.1464313893
471050434.2198131680 252287.3003857536
467266870.9795305133 217803.3547712890
467088177.2098951340 214509.9933748725
465496780.8184031844 174309.9556945427
465541265.5558346510 176516.6488869614
469035124.3450345993 239353.8401472112
470244312.6367611885 248274.8911107322
491641763.4613680840 309609.7172978316
491453879.2541850805 307689.7948124800
548649699.1927242279 430074.1202986836
548339938.7240201235 429858.3192732930
468376385.0493010879 232224.2971977619
468527148.3969490528 233871.7828260092
469435268.1245433092 243121.2223942867
495031741.1868819594 311860.7596369628
556686888.2190725803 449097.0332750231
568578972.2345937490 464984.5506057739
479423791.0989389420 288187.9942505974
467110629.8728502989 214518.2064503948
467564790.4796170592 222304.6861077575
469094141.0852264166 239500.7193853399
468448730.6306929588 232946.3969416609
521910960.1979393959 375098.2792333253
468327069.1901074648 231889.6424983768
468662984.7869873047 234948.1038477710
470519321.2102934122 249829.4715741118
466776163.6800469160 208681.2994443248
470963361.5042882562 251736.9933256200
468496954.9159823656 233066.8999215057
468131138.4825472236 229756.1132388404
523750434.9718920588 377644.7085659467
468354460.4072721004 231894.3975032596
475770871.8293606639 276462.0590983294
468297967.2830449939 231306.8484660974
479142045.0768644214 285607.2390930615
466601048.4167695045 205993.7927515204
467773186.1418159008 225160.9216345241
466492553.9803281426 203797.9472673233
469307437.0064501762 241587.1057545049
511361456.0341511965 347842.0800609458
471311286.4205543399 253645.6041448079
521553076.5734812021 371433.9625676759
475284978.3228770494 276290.9509132095
467553209.4023217559 221889.6866247235
467553209.4023217559 221893.2803747235
466678521.0591462851 206595.5172636095
471431030.9768065810 253667.2055228911
472477339.8177691102 259729.8382692775
468835951.9738291502 236953.8411524585
543535952.3946046829 415737.9396403432
466742235.4177254438 208468.3682609382
468893492.3765781522 237346.0980779221
478344005.0156136751 282761.1560065411
495741238.7482504845 312918.2411322128
525166473.1065638661 383799.3804721832
557251256.2508893013 450326.5690082461
466776163.6800470352 208745.2335263561
563565884.9298074245 457362.7141751796
477800238.2014335990 279882.2072978895
474128022.0634641051 271264.4014922790
549990600.8613359928 433510.8923133016
530743674.5714663863 389489.1328116208
560436801.3936686516 453176.8565063030
559456203.6933670044 452868.4117998034
480287893.6807872057 290936.1005424429
557580768.0590760708 452093.7645982653
555950123.8358150721 448173.6555866152
556289839.7380880117 448840.1587909609
473794060.5715163350 267978.5344640724
514212541.8021188974 349448.4395084633
473633643.8077269793 266375.5597470291
506723141.2724698186 340020.5969902240
506518164.1927880645 339573.0642859899
534272214.3053008914 399400.3167731129
471233604.3675978780 253493.3148573739
474656548.4591618180 274553.4654250145
529266956.1030515432 388736.7295866758
551130566.3826934099 437326.3743384480
473816965.8227171898 268334.6499470882
555152916.8928655386 446613.3514665514
466659069.5432967544 206503.4855705085
550911732.6866847277 435353.0303748250
475251541.0111261606 276261.5160563476
546322686.2190446854 420351.5147824436
479286478.4899835587 287097.3280060906
555269763.8518005610 447786.4156907946
546369495.2305073738 423218.4789469391
504680261.3569018245 336340.7597899549
503924458.8197631240 334661.9522481076
471639624.8190221190 255429.8443334065
509301886.0685083270 343379.2831491632
512007314.4618660808 348346.4647002518
508993062.3767110705 343228.1788057489
471804801.8902439475 255864.0720825791
527403553.5779067278 385937.1858006269
473028937.3522762656 264403.7892142944
479525751.2157845497 288495.9726538621
475980021.7644151449 279159.0024464391
476728402.1108072996 279284.5273868106
466892627.9875567555 210696.7449778686
531252418.1933523417 390056.6748774648
471518517.5615149140 253695.9513404183
539683295.5839027166 407481.0231607072
539715196.3351449966 409560.7615640275
551926783.3535732031 438258.7483600527
466731383.6021850109 208428.3537198375
499796488.6307193637 330094.3291803338
466453442.0948131084 202693.1991492319
473906450.6716438532 269359.8726836853
556972004.6603630781 450144.8512987047
528529800.5102092028 386864.3519388065
528784998.3758124113 388602.8290605471
521827436.4253424406 372325.7931674272
523564585.0969504714 375222.2091520578
563420341.3342602253 456162.6644401103
548003932.0737916231 425809.2140414938
552780207.2113991976 442378.8996232897
552633256.4293360710 440594.6594346911
475871260.1210203767 277196.7328973971
469763606.5230109692 244911.8596776119
466577029.6113230586 204687.0469037700
472802382.4390801191 261886.5398904076
470753449.3643796444 251701.1206341488
467663904.0711835027 223762.2572076572
467337120.2313230634 218573.6608828190
470050778.7894337177 247179.1230245037
496214549.9980173707 320177.6543095373
503593764.7100148797 330830.5191430040
467154756.6077647805 215815.3219766202
467415059.9160452485 220071.8178042057
467321956.7024721503 218332.9723012368
534177272.0596279502 396692.6696562795
532307003.3699818850 395339.3232773049
478227081.5543662906 281586.1483785454
499209014.4462074637 323343.3839942887
519034756.8741300702 368800.7616367154
517552315.4917403460 359556.8216695003
