627539408.1273602247 1022734.6331925392
605482224.4156554937 714293.6595531236
626965446.3593109846 1020201.9739971161
605567778.3192918301 717472.0513988268
605862351.5845806599 752726.1246303488
623401630.3236579895 996605.4569568634
627656959.9279301167 1025178.4783363342
608417636.4700337648 828978.8147270847
626774350.8003948927 1017442.1910095215
653990005.8514304161 1106217.5395507812
623686555.3696776628 998317.6987781525
607071719.4429019690 787507.1130252806
608726469.8501136303 836556.9170475537
608890881.9846671820 839054.7963774595
605740234.7177323103 729383.4059253465
623686555.3696777821 998320.3238034248
611395473.9713636637 891161.0011227084
623686555.3696777821 998328.7429981232
661383734.0668939352 1113716.3914794922
607351158.0514223576 798003.8719474217
628603100.5626164675 1029125.5901279449
621200005.1977932453 976815.4975595474
608184231.1292335987 825944.7271002112
605655432.3104560375 719048.7719646227
620011430.5347162485 969937.9504546085
607071719.4429019690 787501.6396976439
607931937.2131680250 819539.2495834539
655198947.9708510637 1109243.4484863281
609797645.2754034996 863664.2871514400
609045311.2542717457 849458.9231068930
621888758.6225171089 983390.7436723709
607216820.2721062899 793919.5447879760
626898298.4525934458 1019575.5062727928
611930200.2487756014 897151.2722946648
608296907.1222323179 827618.9792774497
607870481.9487998486 819242.6207992742
654867344.0871504545 1107479.6254882812
607389296.5148534775 798952.9924993757
607986190.8779129982 821883.2671697671
611586384.0982080698 893526.9439306213
626971045.5395795107 1021117.8031387329
627074512.4067964554 1021817.8319473267
607389296.5148537159 798953.2367925886
610670883.7877852917 883514.6582677318
607496172.3020083904 801946.6038760422
627398727.5715346336 1022527.6053466797
611561526.4778542519 891694.8960857391
627288303.8574768305 1022006.3282775879
627312936.6254401207 1022073.5365066528
608450992.1219856739 831130.9283054648
624259678.9629553556 1003000.0992774190
620526685.8556456566 974691.6699686050
610659311.7749090195 882612.2838706924
611752680.1868538857 895462.4372013565
605692704.3264610767 724542.8368449938
643498635.4363857508 1085763.6411743164
643624884.3064821959 1085832.6537475586
624035263.7868666649 1001540.3813819112
611142125.3426055908 888697.8311672164
606770382.7324287891 769580.6867099553
611621514.6139309406 895036.5120322676
611195026.1721872091 889928.9880275680
610980367.4394404888 887770.4513968183
650596276.1637912989 1104988.2106933594
605772869.8319272995 735609.4081645738
620388346.7872805595 972464.0320291519
620247498.1545971632 971561.6624543052
655179659.6988766193 1108508.9974365234
606131107.0948359966 755680.9683709163
605701188.3585081100 727624.0248637926
633739522.7457449436 1054963.6594238281
608881746.0295916796 837600.2282393929
654029262.4595484734 1106333.4235839844
609307890.2389960289 852974.6070769867
615908718.1641438007 935926.8885606891
629198520.0889682770 1032726.9180088043
629704831.7828111649 1036796.1399574280
614419433.3749787807 919434.1348284641
644404099.2329732180 1090030.8891906738
614478811.8901876211 921442.3615069548
605788188.6864554882 735796.8203349840
611801599.2862267494 895946.1855181409
623940922.1917411089 998968.9346807385
609475769.1055082083 857792.4543670258
648586571.8437411785 1100763.6538085938
655683176.5996823311 1110649.5817871094
629556959.9070531130 1035939.3755645752
629375143.3270539045 1034487.6419334412
643702799.9014474154 1088246.4665222168
615220908.8215065002 929477.7625271697
663477847.3581860065 1115856.3649902344
616661538.0064097643 942105.4588427544
612115991.0250998735 898747.6565662576
607750841.0154629946 818152.4051125292
607677685.2656579018 814309.2819518810
616661538.0064096451 942105.3155970573
609815228.8807412386 864486.7782255067
610168140.7616546154 873970.2946038386
609823525.3135014772 866218.9094674671
650870342.2236793041 1105470.2670898438
609479136.1828460693 860965.8252643188
610836767.3031266928 885361.1668550549
647486169.9312331676 1098982.3662109375
643638802.2845880985 1088031.7740173340
621686244.0902625322 982010.7359846989
640186646.0672758818 1078464.7137947083
607608057.5026478767 809913.9678234011
639063433.4236322641 1074496.2940368652
609244401.7749727964 852282.3629663074
609020381.2627965212 846409.3586639008
609020381.2627966404 846423.7627798254
605795410.3195965290 746248.2117150007
660100431.1474089622 1112216.0900878906
660057920.4373588562 1111227.2734375000
607658616.7906097174 811004.0046761231
661654633.1945413351 1114880.0391845703
649762063.5168610811 1104747.7113037109
610832179.2273087502 883955.4214979364
636643790.1164625883 1067374.1332283020
618181537.3453232050 955422.4859923488
609435179.8262889385 855777.3466415899
649544988.0994440317 1104199.9528808594
606060384.0480120182 754723.7157875728
606181117.5429508686 757834.6955050724
644434507.8592702150 1091397.6609802246
650481086.6657495499 1104846.5972900391
621692562.1713984013 982424.7187765995
606194296.3480806351 759486.4571742313
644434507.8592702150 1091319.1974792480
610014234.3108268976 869025.6388382623
606181117.5429509878 757837.4567355411
606497129.5012058020 765756.2591835437
606811338.3073619604 775914.6268328177
609933345.5254255533 868420.7552933404
606879234.3460085392 779899.7221239554
610522089.0928370953 881963.2368623894
663032584.7659658194 1115632.4652099609
637865437.2973706722 1070486.8185920715
608437501.1682014465 829910.2634045435
607447952.7251406908 801646.5071589267
606903521.7970075607 783535.4065332161
619881369.0361202955 969325.5717110196
606454952.1208356619 763311.2830769662
608919086.4857503176 844567.2903675009
610346362.4889152050 878322.8990076538
606309020.5211963654 762842.3481349247
614824718.5561394691 926814.5982011920
646163514.3224433661 1094396.4449157715
618856840.7826552391 961241.9938045898
617483398.1981486082 949172.2873705784
648783217.3478032351 1101480.2476806641
610268055.0004320145 874971.6672607465
609834286.0117775202 867305.5508491155
618968528.3637899160 961456.5467833439
612662063.5441453457 905976.1009890204
617320291.1688259840 948820.6423772732
614490891.0597416162 923249.9058972811
638492381.4756475687 1071628.6960449219
609210577.4396988153 849918.0576565601
615326624.9566731453 931774.0587774878
614902982.0210400820 927818.8589834338
625625521.7225332260 1009124.7454329114
637487830.7995425463 1068458.1954116821
609352700.9300482273 853698.2988980152
636513339.7248980999 1065881.8737068176
636513339.7248985767 1065882.7753181458
635285949.9101090431 1062430.7154922485
607499932.2091004848 802331.5138155986
618598779.7594881058 959848.0394991795
619065311.6724127531 963694.2674960056
645197251.2602546215 1092436.9159851074
613086305.1636201143 907970.8665284282
613284627.9801242352 908894.7648050180
618457184.4932422638 957920.9214799870
630835196.4763982296 1045300.1179370880
634118017.4787240028 1056436.8804168701
612494584.7556205988 903756.5399750834
643292442.6721254587 1085698.7828063965
607523133.0326051712 807147.3358981181
637530970.4879343510 1068661.6535892487
608696568.7307647467 835574.4164989581
631384520.6267788410 1047063.7734012604
613306299.2268809080 910006.3188228747
618194794.4946708679 956391.0459078709
618371659.5238322020 957375.2418078342
641771469.5671669245 1082340.4653625488
612902585.9191178083 906288.7153300187
615753466.2980030775 935546.8543447619
641484029.0539114475 1082197.8358154297
640995182.3575277328 1080255.1694946289
622148275.5311776400 985008.5854354147
641368754.4746766090 1081860.1628417969
621734419.4435927868 982999.0501889307
614552180.9949054718 924102.5577749377
620670459.8044184446 975363.4468001286
621386912.0634818077 981540.3667696873
641368754.4746760130 1081857.9206542969
620826794.0558422804 976197.1156932721
616136287.6259346008 939398.7392648822
633633068.0668689013 1054625.6553688049
614754902.0302014351 925690.8308138018
613046599.1358096600 907355.0798322549
615506245.0748237371 932817.4955419665
654215728.0010750294 1106773.9586181641
641143380.8265351057 1080380.3876953125
641368754.4746762514 1081858.8837890625
654500976.9991165400 1107429.6240234375
653903952.7447912693 1105632.0123291016
607190042.0587010384 788808.7154968726
616087293.7944010496 939045.6683645369
625323288.7991114855 1009093.2253777981
642893339.8254755735 1085565.1342468262
646119970.0106242895 1094112.9880676270
662361606.2167479992 1114947.2420654297
642473095.9232405424 1084883.4847106934
622780568.4878989458 990844.7591753285
642893339.8254753351 1085391.9333190918
639940151.1781264544 1075627.4320507050
634891084.8947588205 1060071.2187023163
613228603.3629550934 908702.5965654245
639755311.9695197344 1075219.2667980194
642893339.8254755735 1085393.0390319824
637809209.1109400988 1069928.4781932831
630298271.6596195698 1040661.2931251526
637809209.1109400988 1069701.0266551971
622515567.2723239660 988030.1732678562
643004719.4069648981 1085672.7260437012
623398356.7899848223 996086.4799716473
620793578.9696533680 975838.6268376429
622755488.3637616634 990289.6904885182
622755488.3637616634 990255.9580666432
635778754.3849588633 1063060.1012401581
623110097.8391486406 994780.0309458058
630096975.1702506542 1039929.4836463928
624714240.4584780931 1007926.6715519419
624161952.8319194317 1002492.4154424947
624389404.1590155363 1003755.8708622325
635245495.0974416733 1061406.4563961029
622001395.4256784916 984550.3074128013
649345456.2452453375 1101902.3544921875
649442488.4113104343 1101947.2978515625
648209959.8986620903 1100496.3020019531
628786267.3848485947 1031457.1863708496
629795811.8415591717 1037092.2485694885
623527522.1693356037 997309.5988986492
628141882.6180061102 1026825.1194305420
632716642.0706176758 1053098.0245609283
628997899.6449636221 1032589.6939392090
632716642.0706176758 1053282.1252689362
619773416.7498441935 967342.3240955118
616910578.6332918406 943913.1060036784
626869877.2365841866 1018853.9387421757
613371583.0411937237 911064.7710458627
615066280.2315741777 929380.8748034602
631672101.3516010046 1048413.7550907135
628048540.5203363895 1026391.8828125000
626458480.8623096943 1015820.7337154150
628048540.5203361511 1026379.9454956055
606663230.0986611843 767378.6873663347
617840392.9206082821 952915.2816718975
614103295.3023736477 918087.3040513163
606779900.3582220078 773317.0146859223
628219429.0252325535 1028539.5143737793
622560804.3628675938 988415.7512358585
617565570.9557794333 950603.2769078379
617141928.8938508034 946176.8070592051
648144759.8900499344 1100013.0791015625
648725894.5286456347 1101169.0744628906
661630576.2689762115 1114643.9510498047
632668717.4533686638 1052153.6582889557
644789025.6378769875 1091974.6583251953
632668717.4533684254 1052127.6394901276
645525268.7728362083 1093348.8094482422
645631517.6573052406 1093475.6038818359
647920951.2320817709 1099926.2159423828
626478254.6600500345 1015854.7844648641
660480150.0669229031 1112956.7197265625
626037619.3287358284 1014116.6654386800
645498766.8936439753 1092917.5161132812
645123528.1154923439 1092141.5354003906
659540059.1876107454 1111150.3035888672
633026424.4497518539 1054535.5511779785
625945643.0890114307 1013124.7308607381
625895949.2509788275 1012632.8892698567
637593167.9803321362 1069106.6603698730
631541717.7563924789 1047778.2048034668
614679301.0060625076 924783.5099433819
625827102.0263457298 1011640.3345518392
634890890.9550107718 1059430.5476989746
634263445.8298172951 1057796.6031188965
634769036.8869663477 1059224.5638122559
634410693.4163850546 1058561.5723571777
634595147.0595090389 1058682.5160827637
634282599.7196943760 1057965.6315917969
661369440.7127162218 1113075.6138916016
643906375.2172720432 1088642.2301025391
646835236.2199923992 1097434.1120605469
659236159.6325286627 1111098.3790283203
639620358.5635039806 1075049.1181640625
659236159.6325283051 1110998.1093750000
