121836145.0605241060 599182.0139990814
123836219.0335517824 773919.5437826728
148987915.7105197906 1143995.0820312500
124317947.2418687344 800837.4126672084
123804548.5094606131 769815.2076250620
126007197.9076332301 861270.9130673409
124031472.7185800970 782964.2990531260
123221604.8563752919 735826.9324138379
133678101.6033986360 1017401.5264892578
134381673.5776084960 1033276.3178710938
125431530.6666788608 843945.5567634469
124873109.0175787956 826495.0791224772
122575204.9807979465 687437.5722783571
121601026.1037596762 543386.2717108288
121808697.8329443932 595584.9225746598
121982780.6290807575 621208.0047481016
122399318.1725813746 669795.4424286699
122438477.7616729587 674010.5986688351
130588005.8840956241 981898.5106201172
122024034.3144175708 627709.8422924997
134202985.6435633898 1028963.3211669922
121648135.5641015172 558449.7634888570
149172973.8285737038 1145771.7255859375
149535099.8553306162 1145976.9882812500
121639420.9563529342 557819.2778331795
123386588.7041803300 745897.4198440230
146081588.6445357203 1127317.3471679688
122153925.3388369381 643806.2885394096
124296504.1994000226 799703.9037894541
127011163.0524673909 896093.6946868896
121651106.3970242590 564571.5040716686
130399475.2587782294 975133.0411376953
121786225.6966648102 591728.5923082456
130154844.0791125596 968598.3673095703
124190162.3564581871 793494.0239953334
122143183.4812912047 641811.0006386393
122891528.9422588348 712167.3459668374
129865460.3309892565 963716.9932861328
121820447.2013732642 598102.4160029844
130505201.7999210060 980799.1695556641
123212348.4782527983 735826.2373280739
127224463.8164230734 904564.0479583740
130867078.1426261961 983449.0635986328
121626277.0829152763 547133.1314077534
122517412.5677540451 682020.5439813351
124487881.6701139063 809559.6240623360
127883214.4418735504 927752.0091400146
125330127.4123019725 841844.2103309631
126048905.7600600123 863868.5203864938
122097271.2121669203 638122.7036960935
126015633.0409849435 861622.5269288355
123481161.9426915497 752333.6145083347
124560560.7432666421 811693.4777229195
128773271.7367874533 948131.0142211914
121634978.3244131655 556506.4456821084
128401446.5854887962 941225.6826019287
124147368.6057624519 789917.4885815913
122952401.4090348184 717477.1256337380
128368031.1646281928 940836.8308715820
123076574.8746996224 726210.3061146950
121681104.7221521139 570590.5735773444
122066910.1257730126 632745.1723694708
128804927.3914754838 948983.6116333008
124979256.9288686216 830254.5254218942
121996271.0061268210 622558.1757686094
121628444.4024131447 555614.1515936413
121674169.4234504402 569082.0001242914
128676671.9513512701 944483.2894134521
125157917.9684004784 837328.1847160226
125021356.6960107684 833004.3173454171
124417788.9261704385 806493.7516029244
123424175.0861587524 748543.7001510477
122729666.9169438928 699488.7967530703
122782704.7834670246 703230.7455971455
122010543.9373714924 626359.6712719919
125113400.4504314214 834594.4639900094
129181897.8615712821 953281.7823486328
125019109.5080147386 831109.1637954712
122048050.3862378448 631256.6273217853
124329213.6300010830 801628.3388938243
122647233.6395104527 692890.8479612684
122226468.9645117670 650866.9635752179
121948910.7721462846 616366.6448037531
128333770.5497482121 938509.7953948975
133954778.1096988916 1027889.0620117188
122072916.0526898652 632843.0616443967
123835606.7025481761 773220.6365842437
128224497.6436992288 935761.9544525146
127020446.2873282284 897546.8509368896
121958982.5347774923 618359.2406289484
124728968.1265507340 821999.8619975382
123034349.7850976139 723591.7714486336
134021850.6239681244 1028039.9783935547
124106280.3023391664 788877.4274720484
132667963.8486576080 998781.3560791016
121880127.1295964420 607016.7357552648
123726453.1325614899 766570.3042080617
124142405.7436158061 789915.8983802134
123393103.3506842554 746249.8515217128
128082930.0226840526 929097.4878997803
126003097.3731601387 861227.7880103951
133718424.5729229748 1018682.1328125000
128113150.3341469765 932969.4130363464
124890921.8358560801 827706.7024798989
133653190.9367037266 1016841.0026855469
126718688.0699369609 887385.4869232178
125029248.9747631848 833258.0328834420
121722526.2513498217 580463.8494027257
123575949.5183929354 758378.8703781283
121857040.6507076025 602266.4267153712
122244559.6975412071 654208.1999435425
128770547.4854458272 947981.5867462158
132801818.9517929852 999464.1938476562
122221968.6952374429 650574.2455777421
127091055.6962850392 903858.6055755615
125155870.2371985316 836563.8370521432
127722637.4596285969 923644.0387649536
130430237.6528771073 977977.7589111328
122536564.5537258983 682591.6468630051
122664351.3182135373 694404.3822127199
124138678.6418139040 789678.8536643321
128481486.0528782308 942930.5870208740
127643820.3898253441 915442.2426605225
136297213.1426994801 1053349.5429687500
125190900.2248385549 839207.1678958535
126925229.5090119094 895655.3449554443
123833619.9292803705 772541.2770165403
123013492.1172692776 721053.9613900399
127299013.0820528716 907597.3878021240
124801434.7669446319 824411.9607142741
127661250.5525559187 917659.2591400146
128268379.5528286099 935894.1055755615
121710497.4628351331 574824.8965276061
127335806.4088995010 910783.2342529297
126627349.9375813454 884644.9764404297
123742872.8688793331 769035.3353349268
124849135.0284831971 825579.5640849406
121617917.3765192479 545832.8945497274
123353107.9420031607 745381.3278872409
124612057.2064306140 814484.9589302454
124258150.0610468686 795638.5066479975
123703821.1561955661 765859.8268212345
124201428.7445905656 794284.9502219493
121688281.8533339798 571777.1089782240
124112109.0133059621 789250.9319409663
124001712.5833335966 781907.5432690913
124922424.8062137365 828667.0142898560
124408785.3509749323 804742.3525656993
124668374.8130773455 817866.8727397257
124350530.8603858501 802062.4553489024
124791437.3974794149 822437.2655619914
143688858.4162108600 1102061.3239746094
126891751.5038289428 894072.3868255615
133499851.2073237002 1014665.6064453125
123541415.3224356622 756513.5883117830
123152001.6162212640 730940.9974731198
133886867.5292960256 1022760.9272460938
123605626.2734699547 759639.1192704737
129384525.8100367635 958871.4171142578
121728974.7264152616 581652.9793007970
127424189.0437318236 915082.8201751709
130496884.6792435199 979360.2186279297
131154446.4408383071 983720.6268310547
122469038.5284692794 675639.3602419114
133610053.0556299686 1016478.1837158203
121829036.0780695081 599005.4547610255
122307300.1543777436 659321.9180162451
123420258.7111068964 747883.0330453133
126368406.0076487362 875983.0382804871
123404168.7270262539 747117.3722473299
143828937.7295044661 1104944.9694824219
139775693.6304414570 1060224.7593994141
130398294.7388815284 974289.8179931641
123299153.8052031994 740115.6792056003
133419110.2280910760 1012063.5229492188
131862802.8539206386 989219.2424316406
124124358.1463094950 789524.7802829081
124097742.7309378386 787556.6908997828
130200135.7481496781 968982.2213134766
148840784.8445840180 1143002.5058593750
130251896.8127139360 973572.4542236328
130095086.2770272642 968297.7598876953
127693441.8528601527 918849.9479217529
130420492.4303961992 975949.1126708984
131213262.4994012266 984374.8237304688
124118394.1068772078 789401.3276019031
130014979.8519539237 967325.7078857422
127394556.7131358534 914029.4127044678
129215378.6088531613 957687.7977294922
123695857.7052083760 763600.5478837993
126684717.3284265399 884921.7497406006
133301734.6864515245 1010219.9948730469
126605100.3970959783 883386.5265960693
126021207.3425238132 861650.4663333232
126584051.3400650620 881329.2613525391
126028206.5906669945 861786.7637232542
127080439.0941888392 900065.6188039780
126252091.6495094299 870192.7298836932
126165932.1923498958 869112.3574732542
123321838.6786085218 740847.0777038112
123344952.4721096158 743693.7012408515
134244252.5110932589 1030598.1109619141
129994343.2649996877 966576.9687500000
121837882.6081017852 600731.9263491603
126572208.2599327415 881276.0319671631
129638684.0274142772 959966.4143676758
126621356.2488667369 883781.8770599365
122211954.2298916280 649508.7902178064
122898595.5430997610 712185.3899255013
125630350.0949987918 851793.7479943931
144791552.2581179440 1117280.6549072266
141396920.7000456452 1071176.4360351562
125538225.0217218548 848768.8610495860
122730660.2421580106 700005.5364776975
121818521.2757444084 596731.3329621565
123260759.3863548934 738284.3861449948
125534893.5385528803 847754.8500877023
121624837.9809226841 546162.0581334233
125534337.1628502905 847180.8889136910
123202029.8246487528 733355.0944829201
122088066.4658657163 635804.5531030353
124314919.9532994032 800165.6081637675
123919928.2491823584 777494.2308979928
126693450.2022837996 887328.2453460693
125854278.2501746416 859242.6372523904
121827367.8057767004 598346.2033082258
133288030.8783971816 1005209.9501953125
131534455.6041053534 987523.2839355469
121695202.4577374160 572373.2312520323
147990452.4224733710 1142648.5263671875
143403026.2830611169 1089339.0245971680
126806863.2145648748 888407.4278411865
123235741.1326434612 737156.0939143477
123126983.3625098169 729812.7052424727
123440738.2769311666 749247.7616664621
126587906.4477828890 882355.2144622803
122475237.0827770233 676626.9197588181
121769354.3987613767 587830.6688622264
142187283.0381249487 1074069.6189575195
121844803.2125052214 600975.7136544017
142588193.0517305732 1082546.1332397461
142676838.0085550547 1083800.5180053711
132022965.9070780873 993932.3461914062
122803751.9633466899 704832.8633141732
122342358.8192868382 662843.5740551269
129169159.6981690079 949672.9888916016
122385788.1553858966 668218.1451280331
144626747.5595341027 1108585.3723754883
123065661.0534458607 724945.7578835702
147728563.5364181101 1141748.3828125000
121684982.5618474185 570831.7638254166
126294333.6793729067 872593.1830781698
148035328.2675139308 1142832.7910156250
127046643.7097837627 898957.0024261475
125874009.2661641687 860364.8920245767
122449886.5424974263 675068.2573602414
143256477.6587063670 1084663.0262451172
126831477.8731824905 893379.2895355225
126123774.1919440627 866540.9696992636
122398683.3647822440 669637.8118417477
122351590.3236698955 663428.6770015424
125933530.2671235800 861225.0088248849
122551994.3434572220 683647.3938361024
121921243.8327462226 612278.4636741790
125786828.5445330441 855664.5894008279
122262354.7381821871 656191.7083942890
122797973.2029567957 704822.3864770150
122964880.2421716899 717614.3762934981
127874852.4456543326 924821.4054412842
122481856.8057630360 676809.5004156099
139357489.4257681370 1057223.8596191406
121945425.4225548357 616117.7130410578
140482049.3765132129 1063536.2526855469
143303964.2928873897 1086240.2200317383
143422357.7487474382 1091169.5364379883
128661834.9978020787 944141.7234344482
122709043.5831434876 698511.4636106705
141970177.0761728585 1073637.9424743652
146930948.4470602870 1136565.5288085938
140832941.6546189189 1063580.6798248291
146841947.8620623946 1135746.2124023438
122648365.2605326325 693235.9058303339
133161484.2319973558 1002421.8421630859
141220277.9688625336 1064259.0704498291
142517295.8493583500 1078482.8672790527
147466230.6200726330 1141062.9306640625
147121485.5147351325 1138210.4345703125
147197625.3396734595 1139175.6884765625
146939802.9325068891 1138202.6357421875
147245964.6830573082 1140626.5410156250
121874308.7473543882 604380.1315753516
142294718.0554143786 1075924.4922790527
146711176.8344775736 1131637.5429687500
146455819.7824343443 1131359.5214843750
146724025.4627570808 1132105.5068359375
145891740.1309693456 1118357.8898925781
145897665.8661498129 1119152.8825683594
146302711.7561553121 1128104.9562988281
145988692.5877491534 1126617.4436035156
144681071.4483986795 1109147.5861816406
