229606069.4080013335 28214.9134904817
226493009.2412863672 23464.8361373541
237101768.2393403947 35589.7273946768
226435404.9840264618 23297.1136752889
223763889.5537613630 17520.7663525678
226593230.8565958738 23535.2687885091
229381024.2455143332 27907.1317369416
241108609.4871417582 38415.6131439209
225057841.1909192801 20651.3741130827
232939284.6673444510 32116.4106127098
231501721.4741378427 30517.1653422639
224320102.7319523394 18716.6718981526
228101569.6783773899 25915.2639407108
230285836.1666461527 29127.4837977365
226286578.6722733676 23083.5146670935
226263809.1205267608 23078.9464507697
224886288.2212817073 20378.0566081998
232424179.2155995369 31580.2980027124
241943540.6623913944 38701.3436126709
228997545.8384719193 27429.2649828866
228938119.8668685257 27235.2829043344
230011400.1264784336 28729.2121010670
226257332.3603462875 22984.2614169715
230023610.3621535301 28826.4000359424
224753878.4238736629 19414.3089713642
224968928.1818119884 20470.2380657194
236515594.2708350420 35113.6665883064
225045200.2984692156 20473.6605739591
225195808.3942680061 20759.2677974699
224755356.6209182143 19755.1394681928
225839096.4777025878 22115.2620456440
230252410.3523449004 29108.4436684498
228166846.4623301327 26030.2745220810
226115025.7026357651 22810.1971622107
225616325.7831253409 21737.2860136849
226866031.9817464352 23923.8902528507
231106582.3643203676 30039.3964804932
223751582.3185030520 16835.9458886858
228798421.9605672956 27066.7823416665
228877967.0392151475 27216.2327366718
226816161.8135266304 23914.5576476676
226964081.1200786233 24217.5984149128
224576758.3296605945 19251.9562538752
224629701.1312987208 19363.9443940708
223921434.0526044369 17714.1495912652
237334872.7352531254 35726.5633805990
225790527.4373134077 22062.2842676861
224932035.7573037744 20418.2788982389
226071399.7939318120 22720.9970584509
225397660.6908943355 21279.1065379009
226871228.2780016065 24096.1323604209
225251381.4821188450 20920.4202489851
228842047.8692710400 27138.3098685220
227764649.0436062813 25320.1042537314
226031163.5417588353 22542.6629825232
226795812.0302961767 23912.6348512394
227433879.8731431663 25033.1608924491
228640189.0295031667 26837.0011692890
223714657.3653826714 16491.0430738206
231925026.9467869699 31157.8020758554
237557897.2300528884 35896.1901506186
228689639.4447343946 26844.8276825794
228391891.6248168945 26338.0562756211
226879674.1911731958 24180.1690309269
226728468.0707712471 23834.3784291965
227005776.7235102654 24295.1479869634
232173411.2562984526 31386.4251923487
232073588.2817884982 31286.8368592188
224550068.0732100010 19139.7984887073
224322377.5684200227 18768.7037007853
226972295.1822986901 24293.2075080497
224098028.3131496906 17970.7058266520
227156982.8439121842 24640.9385886937
230472269.5391761363 29396.3835398629
231888979.1979127824 31109.6153235361
224457716.1385573447 19035.0979355464
233990579.7160722911 33033.4077510983
224386140.3610478938 18839.0379537008
224129106.7556230426 18461.1942956708
227070411.4623984694 24492.8952216727
226619238.0774624050 23573.6327510474
232268170.5399457514 31463.5319275782
227802717.5247341096 25401.8502670079
244281004.7245377600 39461.3574676514
241802564.9995914102 38617.1582794189
227812881.6808289587 25465.5995826346
227550816.4353405535 25209.4358367545
229092244.2790049314 27528.6807581857
232436962.4818513691 31613.8187689707
229094641.6225732267 27595.5421587899
227548830.3450932205 25128.7515523583
228049857.7807143927 25779.8057162312
227245719.7368076742 24824.3741988761
229393343.8528267145 27913.0709254220
241510061.5361160934 38561.3678436279
228177482.6434783340 26128.8520438222
230532859.3014044166 29413.9816538766
229521096.0954247415 27996.2168642953
243922695.3669285476 39393.7974090576
229462805.2231261432 27962.2448794320
229523012.3941887021 28070.5471522287
227100406.3773490787 24585.7254272252
225715880.9621081352 21861.0163946003
232037540.5329145193 31238.6501068994
227370344.8796403408 24854.2119126469
227018349.5044670105 24466.9067016393
233961547.0590530634 32949.7409215933
233133860.6907612979 32300.9358507469
226001318.9838150144 22441.6639516575
229348339.5334467590 27868.3533136323
227899168.3950157464 25528.5504737645
228403244.6622522473 26394.4766743854
243663106.1675622463 39384.0432586670
223905730.0050507486 17567.6697548747
225154050.4816201925 20757.1615896223
236580069.3029911220 35135.7130838633
232359308.7338221967 31534.5368933603
228608455.3650200665 26657.0826619342
243962487.2819473743 39432.2160491943
225131591.7582650185 20705.7644019125
228763832.9722232521 26998.3979199603
227506818.8877985179 25068.9083098990
233343107.8973399699 32511.8533014134
228537008.2225912213 26635.1404278949
224001209.6483817697 17925.0752114176
232677773.1329748631 31906.9814263657
228024132.9108510911 25737.8120036870
232661291.9927730560 31898.2071860927
229272332.1679888070 27667.7446600869
241256530.1249779463 38433.3690509796
225425571.1830875576 21468.6586232407
225063313.5351325274 20705.2024221418
225565392.2630465925 21520.6177907211
240768276.7062050998 38268.5040063858
225322006.1765309572 21137.5908856613
225408067.0512722433 21340.3438287003
240894255.4856730103 38364.5596771240
225571293.4373171926 21687.7628171069
225716665.4082989693 21944.4737615807
225265479.0298347473 21081.6038042305
240788371.1300919354 38276.7407312393
225669587.8190843165 21837.5120970008
232736566.6387737393 32001.6203559535
224093990.4445583820 17965.1916252843
232678939.0288510919 31941.3525022167
232944251.1212868690 32141.5539573329
240582456.3210873902 38148.9457330704
236150108.9314518273 34986.0385850072
235489349.5073178113 34478.4479412008
235833946.8887305260 34680.6014751364
238329896.7730729878 36684.3636903763
235455555.2588067353 34397.8314761408
234035441.2895282209 33205.1959012645
235395057.4270487726 34380.5405315328
236706420.6776135564 35301.5196604232
234274299.6836394370 33477.5077298778
225954534.3149288595 22239.4597245741
226464697.1435266137 23338.3967807887
233452339.1874283850 32680.6173947948
233386967.8993901014 32607.7801934555
232771942.1540766060 32034.6211331981
235369954.6801588833 34370.8660504371
234187086.5208271444 33356.6126035350
224415700.4449281394 18937.5870718232
235468018.4968112409 34478.1080950983
225486601.6700023115 21503.0859506947
236613106.5010392368 35291.5779489974
233445212.2307846248 32655.3472226757
233697306.4930864573 32871.4158109325
242000496.0228164494 38757.5115127563
237014768.3639644682 35541.3984446028
225315781.9123815894 21117.4544206855
237265487.1676818132 35680.2452010810
237410631.3367465436 35798.3480100632
236895989.9080421031 35513.7976137400
233830393.2038056254 32944.7120450634
235088937.6473414302 34039.3379992731
233605516.2199388742 32771.0162747997
233350920.1505157650 32557.4398130077
233236221.8733251393 32485.9105771678
224861602.9448915422 19775.0380565574
241484628.6363268793 38527.5713453293
238467883.6559147537 36824.7956686020
238309635.8535336852 36559.9121084213
225920067.3099635839 22224.8861852286
238867258.8696671724 37035.0972204208
232981625.8039018810 32272.3341153759
234663520.7953754365 33802.1805438884
234432598.7061862051 33539.1961616166
227692601.2231124938 25310.3984771145
232707319.2316931486 31943.7602018016
234942311.9066029489 34015.7570056804
239570753.5834384859 37561.8182363510
238785221.4167936444 36992.9827947617
231797555.2709031403 30940.6385206479
233179288.3707698882 32408.9841855663
225813058.6378958225 22064.4417304990
238700229.7675544620 36863.7019109726
237209989.7079500854 35655.8955900669
240513559.1660427153 38112.1019315720
235837014.8829428256 34724.3871775894
239361803.3476555347 37421.8133039474
236707686.6536201537 35360.5539332061
237674822.5910377502 36038.0091974735
236125348.7740910351 34907.2629481583
238051622.5426008105 36401.5262594223
239159530.5678466558 37348.2417745590
238250243.1087241471 36533.9046964645
236872495.2785582542 35423.0738202255
238572694.3590155542 36840.8060827255
235995354.1171379983 34788.1826051474
238884868.3024886250 37102.7733831406
242918744.3342752755 39111.9842300415
228475503.8393094540 26415.8063518181
232589135.3616576791 31796.1509260434
242383756.2128571570 38941.5902175903
229521314.0184729397 28025.2330584750
230465915.2717213929 29364.4309107736
236321666.1384639144 35087.2957967101
227962724.7392516434 25629.4183343889
230572290.9008497000 29446.6103465036
236818653.0905948281 35412.1082974594
234613123.7751376331 33699.1261152839
234928770.5983498394 33990.5654463386
242364859.8445853591 38842.2328186035
234544782.9581817985 33629.8970198845
243380836.4688146710 39294.1812286377
243325578.1659232080 39265.5496749878
242040603.8244564235 38816.3324432373
229668088.9953864813 28276.1277957186
240144717.6897216737 37899.9465703964
235609574.1575977802 34552.8807536392
235938229.2197885811 34742.5774623184
235208820.1407628655 34161.9105874747
234501442.5846336782 33604.7668318963
234855744.5962515473 33898.1988539910
234532188.5114011467 33606.8876204705
240531354.8145032823 38114.7239103317
240033591.0991435647 37829.4016752243
237949827.8289144337 36285.8340787888
235177771.2875594199 34105.0451495647
243534662.4247800708 39371.5640563965
239996819.1975286603 37785.4827032089
238008954.4369201958 36368.5409116745
235265652.7497624457 34170.0137378006
230536348.1960776746 29421.1153361276
237845661.3920642734 36257.9331693649
237826401.2379415035 36116.6775350571
239350964.5073954463 37419.0622320175
240678594.6105346680 38227.2799406052
240279702.6045313179 38013.7034788132
239486490.3148939908 37512.3519124985
242011645.3268908858 38774.8343429565
230098227.8618035018 28832.1886820272
232277793.0580392480 31476.6168874997
237532785.7337426543 35815.2596635818
231708459.7414826751 30938.2834219235
232117855.6827447712 31346.1308149594
239928920.7287292778 37652.7565569878
239972827.0919147134 37761.3132925034
232197559.9785372913 31412.6429608959
231676038.2480438352 30860.1440595883
231553432.9644476771 30717.4851393002
230352939.1021450460 29293.4810372926
232476051.8060775101 31690.4821638363
242410537.3328943849 38988.4108047485
229861135.5036287010 28533.1741824374
237301966.2131883204 35694.5345778465
243251859.9435311258 39177.6808700562
231210524.9392086267 30247.0112978891
230967422.4282411635 30011.2127711251
239877361.1733796895 37608.7309446335
231303856.3007215261 30365.2816950753
231658473.8009583354 30857.7889608639
232090857.7895790040 31307.3661512631
231805831.4004625082 30989.7067922848
228495479.2736683786 26491.7299980968
239089252.5934092999 37173.3224787712
231601126.7521826923 30739.5558523434
238755481.4256731570 36896.3444437981
231154549.2741380632 30166.5541254953
243016688.4816207290 39133.9121093750
231156988.3748469055 30206.0439427989
230151735.4852975607 28964.9071237184
239883153.4470775723 37630.8895559311
241869915.1236146986 38696.3992538452
230949857.9811556935 30007.9398257211
229909641.8426033854 28657.5643088482
228342758.0786480904 26204.5797661466
230892510.9323800504 29889.7067172006
242197514.0867798626 38833.1307601929
230615919.6769276261 29573.2988676168
230211467.1445808113 29005.6534818746
230813219.4414822161 29742.5723215416
242730526.2344025075 39017.1441192627
230705384.0864831805 29734.3653628305
230188451.8374946117 28995.2951013185
242825799.4126349986 39021.6144256592
229791107.8630638123 28368.6299085841
