149233340.0408359468 30638.2483439632
149832814.5013662577 46301.1502390802
149937027.9131855965 48243.0915537775
149988281.8764325380 48674.0831350088
149332242.4357074499 35866.6016673669
149681460.3154956102 43555.9289493561
149287526.8571608961 34175.4041716158
149269779.4136493802 32659.4054662846
149447782.8628001511 39214.9549658000
149705533.0580671132 43805.1312808990
149838248.8511714637 46640.9412893057
149734035.4393521249 44647.3459218740
150153750.2226839960 51358.0276499689
149235536.2107611299 30692.5399499126
149381308.1175615489 36329.7379913554
149731597.2308169007 44268.0083933771
149491683.6092261672 39639.9052440822
150238033.5971325040 51539.1460613608
149782677.5860449970 45589.0707950592
150014895.7878065705 49324.8858042657
149751238.5370276272 44705.8262271881
149855451.9488469660 46699.4215946198
149197635.9551388323 28407.4479321241
149214194.4077100456 30253.1308093257
150608067.8494471908 56454.7203348931
149518929.6315063238 40973.8296711147
149650021.2664782405 42672.6843814850
149688329.9603917301 43746.6509755850
149864253.5503836572 47170.1503001153
149661261.0765502155 43361.8690694571
150931390.1646596193 59818.7032556888
149298165.3022074997 34357.5416990817
150083352.8487289548 49814.3576908112
150987777.0589862168 59882.9298091521
149239455.5317246914 30715.9037089534
149267583.2437241971 32605.1138603352
150647737.1136764586 57681.3645938337
149933319.8234679699 47781.2158451080
149352984.4858515859 36263.0982376635
149745546.0398268998 44682.8265126944
149456290.0508794188 39340.1964804828
149588242.4320680499 41711.4564704895
149763036.2798342705 45137.0084544122
149450174.5599906743 39275.2989279926
185465974.9167624414 154844.8208007812
149644328.7692775428 42649.6846669912
149279019.6690815985 33972.4241644442
149913678.5172572434 47291.7439585626
149256944.7986775935 32422.9763328694
150714439.1915571094 57695.2159707295
150122163.0582776964 49870.5583810201
149202937.0522423089 28477.0642754845
149803630.9789977670 45705.9842777252
149352202.4626186490 36259.7582236342
149431028.9268647730 38890.1813933551
150142359.6573033035 49914.9920195946
149916116.7257924676 47722.7355397940
149351388.0688333511 36251.7192020044
149632818.1688027680 42614.2040761709
150388675.8345554471 53731.2911114097
149832102.5529185534 45748.0739994049
156158837.2794429660 90075.9146037698
149327723.3618369699 35800.3253380358
150903385.3649694324 59766.9514452219
151735914.4089692533 67891.2463445663
155795577.3013121188 88498.8034587502
149664257.2178201675 43497.4486440420
151331350.1978939176 63634.3938816190
152430423.1081039310 73124.8789938614
149628052.7251096368 42533.9461564794
149346868.9949628711 36185.4428726733
149382469.4676636457 37185.6579796374
149765474.4883695245 45530.5904897451
149439536.1149441004 38955.4145743549
149655223.8237043321 42808.0558710098
154467839.8444387317 82793.1966767013
154188322.4231914580 81242.4034106731
149577246.9036763012 41387.2075290680
149261463.8725480735 32489.2526622005
149588564.9517910480 41713.3781671524
151344599.1876355112 63670.0602634549
149604315.7875177562 41771.9894351959
186395586.4313257337 155243.0437011719
153258788.8207934797 77611.0313913822
149217400.4986858666 30386.4944731370
149208893.3106065691 30183.5144659653
150273845.6767312288 52008.1668886850
159270152.3765224516 92216.1284766793
150218877.3791375756 51440.1758804023
150496418.4847469032 55257.3280758262
149555278.3623076975 41374.3709001318
178038809.5001959205 143307.4688262939
149340749.6237867475 36069.5816745386
149336230.5499162376 36003.3053452075
153081400.6767937839 75736.5332863331
149400795.3050472438 37724.6023428142
149554387.9718100727 41241.0494773090
184717987.1699536443 154088.2408447266
149384041.3691118956 37514.2243735492
149357503.5597220957 36329.3745669946
149441644.6957200766 39037.9451367557
156033460.4865030646 90026.5705237985
150450219.2927253246 54622.6743023461
149222701.5957893431 30456.1108164974
149228038.9437324703 30568.6320006028
155954498.7898765206 89827.2756267190
153435034.7623496056 77734.0625753403
155606104.0818179548 87988.5327678323
151622147.2514859736 66306.7290748358
155631140.8679002821 88021.9737468362
151867401.9956214428 68280.0654223263
151658690.1455481946 66977.3358221054
155498853.3684207797 87441.5211101174
156256025.2217715979 90536.8202453256
156221782.0188833475 90430.1804118752
155761976.3978907168 88472.3073650002
151441200.5062126815 64956.8494008780
150220830.4994570315 51480.6657560468
151899642.9098023474 69010.4776678085
152654333.5944869518 73701.9339056015
153515441.1945845187 77943.1443319321
151109049.1737538278 61741.6129856110
153087268.1255148053 76325.5064744949
149339474.9727475643 36061.2381143197
151774381.5253088474 68083.6827154160
181374665.1325776577 147883.2599792480
150886182.2672939599 59708.4711399078
152038324.0800723135 70797.3853424788
150275798.7970507443 52048.6567643294
151011128.0151608586 61292.9884096384
150885681.4089231789 59683.4327941909
186178108.6495555341 154946.6832275391
152818628.1014628410 75161.9416246414
153025317.5387945175 75593.8003911972
151885762.8951041102 68854.1091330647
151049595.1315004826 61485.4247804880
185093711.6211875677 154452.9564208984
156041756.7218666971 90055.5296207070
149216390.5776351690 30307.4224152751
149202963.3661253154 28618.9401196241
152907560.9628982544 75178.7758836746
151151686.8606349528 62149.9871308217
150371472.7368799746 53672.8108060956
156009356.5379506052 89832.5308528543
151466386.1439627409 65094.3832442760
150293604.8622590303 52591.0165556073
152383929.9854337573 71924.9419720173
151287507.8548422456 63626.3896588087
151241926.3703742027 63566.6119850874
150081475.2062089145 49422.4855646268
150358403.9527744949 53493.1966500618
150527586.3089755177 55679.4302071175
150275297.9386799932 52023.6184186125
184056526.8870322108 152637.6815185547
151209280.4185766876 62489.4265167117
159056890.7330315113 91931.5248389840
150331393.9037896097 52707.2738124448
150745047.8607673645 57726.2944813371
151518667.1943805814 65599.7538307905
150370971.8785092235 53647.7724603787
151517687.1619100869 65561.4486247301
151086167.8662898839 61540.7589469543
150951531.2675659359 59823.1494459510
150293104.0038882494 52565.9782098904
173252527.7517885864 133599.6110210419
151967437.4547227025 70773.0564971647
150220329.6410862803 51455.6274103299
149382325.2341093719 37062.2802197635
150251790.7827548981 51713.2358228937
151388829.7375554442 64493.4069374800
152113616.1313637793 71091.6648724079
184619971.3306943476 153852.3510742188
149186997.5100921690 26608.3596752882
151150831.8320295215 61766.9814511612
149250633.7805234194 32274.2879316472
149192298.6071956456 26677.9760186486
149286744.8339278698 34172.0641575865
153077100.6788680851 75651.9269323349
154963717.1962849200 83441.5555061400
149268997.3904163837 32656.0654522553
149192784.6970681250 26693.0439830013
150289151.7358275354 52257.0262143314
150883831.2704265118 59562.6093980139
149230235.1136575937 30622.9236065522
149249851.7572904527 32270.9479176179
174810940.0513551831 136538.8820190430
164799156.0350484848 105070.9231395721
151828270.1375446618 68131.7280743122
150493238.7076541483 55225.2078365684
185866901.1497340202 154862.4248046875
149203449.4559978247 28634.0080839768
149187483.5999646783 26623.4276396409
181423615.3484435678 147907.4468078613
149224897.7657144666 30510.4024224468
151168819.9974811375 62426.5468605757
155077780.0417357385 83727.6171336770
151483371.8773813546 65457.6283283224
150863043.3861002326 59309.6420867587
153134347.6536490321 76352.3426885605
150341655.5456528068 53306.9252184778
149278237.6458486021 33969.0841504149
149244001.4203898013 32072.5768152885
155511802.5260712504 87658.8276897073
149275112.8813051283 32733.7208172455
152661089.7115557194 74035.6407537460
155404551.8126740754 87111.8160319924
150624128.1799428165 57033.7536323592
150523707.0107029080 55449.7644466758
152551257.0166933537 73128.7997789383
154968452.0303938687 83670.9374120831
150846678.9595554769 59308.1579877944
149258358.9453697503 32473.9279247895
165523157.4591151774 108205.1837729141
165196720.8799378574 106171.9696514606
150329810.3912908137 52659.4635319114
149252508.6084691286 32275.5568224601
149292045.9310313165 34241.6805009469
151036153.9876553118 61443.1247001281
153950806.4934882522 79033.5345957279
150990414.0126509368 61279.0187291647
155081340.0474676490 84561.9903483987
179693175.1390900612 144888.9644470215
149205239.1436310709 30039.4349695854
155536839.3121536076 87692.2686687112
150510265.8668577671 55407.4643663159
163998480.2822572887 100062.8468871713
149263660.0424732268 32543.5442681499
150953374.1649017930 59823.1521354308
151215952.6498868465 63312.1605748679
149219596.6686109900 30440.7860790864
150589012.4227030575 56357.3278625663
149198016.0472049713 28471.2379991785
150432397.9922367930 54325.6701158276
149211089.4805317521 30237.8060719147
149194676.6956784427 28015.6687456779
149213746.3317103386 30242.4149767570
149255152.8543938994 32340.5642609783
153933503.7338708341 78739.4564993382
149324992.5688398182 35537.4817096293
184384318.1707070470 153626.9542236328
150768811.0849345624 58226.3637373061
153177754.1182159185 76760.2491807938
159850965.2623518109 93050.5047565103
164373663.8624016345 103931.2494521476
151380535.2918131649 63714.7070949078
150575165.0405921936 56207.1915720766
175148045.5133123696 138502.4097576141
150477129.5537756085 54680.1242693728
150320515.1233093143 52648.4665226340
152352062.0669706762 71701.5110216141
185160909.4265015125 154493.2331542969
163503918.8169845045 99326.8522669524
184111874.1197159886 153485.6173095703
149283538.7429520488 34038.7004937753
150418550.6101259291 54175.5338253379
155364332.9743549228 85858.7128825784
155278168.8606096506 84635.5819850564
181108707.1245259345 146391.6620483398
149308799.8669666648 34501.4733934030
177527112.1282992959 140537.9957580566
155920634.2325587273 89776.7811656594
167806577.5459742844 118560.0736963153
150561680.4852335751 56083.1462564012
150571277.3509820402 56198.1830911180
155849345.1423841119 89241.7002788186
150774844.5633394718 58487.4158916017
150414662.9205158055 54166.5253443792
181216167.4828160107 147215.6295776367
152563500.3275879920 73162.2407579422
161835780.4597400725 96388.1447747350
161675459.3210404813 96185.0694823861
177052711.5953617096 139203.8732585907
172673063.8677794337 132563.9757518768
180780816.1307950020 146232.2023620605
180432131.7444880009 145661.3963317871
176554219.9295718372 138528.7864522934
165651983.6071376204 109066.1579347253
163678674.7249678671 99938.9574587438
151471032.7670309842 65236.5334379195
152318253.6405842900 71527.3053699216
151559621.9708883166 66273.1272184370
180320173.8625528216 144973.9261932373
177097606.9369061887 140531.0665588379
182914503.3118159175 151344.7725830078
183089751.4412386119 151822.1802978516
169151418.7215339541 119059.3884680386
183748398.6688179374 152147.9987792969
182383463.9894438982 149810.5546875000
182473119.6604056954 150632.1993408203
172118804.0182144940 125974.0505409241
183782827.4623380303 152179.0877685547
172386214.3028355241 126035.6842466630
170600573.8226604760 124963.0723967552
172476168.6038157642 126055.0963245854
173960895.6554989219 136445.8813686371
166960932.5077257156 114072.3355476971
182041868.4142281711 148928.4005432129
162563527.6663764119 98047.2214376181
164280567.0873101056 102945.4281636924
162421721.8010688126 96960.0557267964
