1522399937.0548431873 6174461.5421142578
1535865463.1327917576 6496264.6491699219
1531846114.8790216446 6425654.1102294922
1532296808.8153345585 6434706.1677246094
1550836938.6365113258 6638933.2460937500
1535479030.7458915710 6487892.3168945312
1542749131.8000602722 6577686.5891113281
1524074308.0685758591 6243771.3680419922
1534834512.9490480423 6475271.0859375000
1530386826.3569116592 6394796.5915527344
1530738283.8602292538 6401544.4860839844
1538697481.6153011322 6532697.2023925781
1529390118.5460298061 6366058.8161621094
1523679385.6857821941 6224784.6651611328
1523455490.2240004539 6216333.2196044922
1537764234.0818619728 6523183.6978759766
1537790920.8254499435 6524635.5982666016
1532614012.3800895214 6441637.7536621094
1532991321.4973831177 6445689.4626464844
1532711039.1831147671 6444781.7180175781
1532711039.1831145287 6444757.4045410156
1525684888.2132148743 6292196.0935058594
1531288836.4812500477 6409065.8854980469
1549819961.2624053955 6631140.3442382812
1549965236.9352993965 6637926.6469726562
1532428362.0879936218 6436156.2214355469
1529482721.3865592480 6376789.8056640625
1559868791.3665988445 6673025.3212890625
1523203040.3806819916 6205147.6402587891
1528311341.5498003960 6353227.6037597656
1557442746.3885810375 6663051.6635742188
1529467460.2400817871 6372395.1535644531
1529737464.9945962429 6383249.2983398438
1537440340.7079164982 6520200.1306152344
1523357996.7514801025 6215157.9864501953
1533960533.0788960457 6472301.4918212891
1530181119.4278206825 6392503.9396972656
1532836990.3710396290 6445577.0559082031
1525346776.5744645596 6277885.7268066406
1545151400.4034130573 6600355.1118164062
1559254056.6019976139 6672541.9130859375
1536318568.9948279858 6502243.3125000000
1542750594.7222304344 6578815.7492675781
1537790920.8254511356 6524678.9376220703
1524803695.4285061359 6265639.0336914062
1539458372.2623553276 6542233.4885253906
1538448297.7173552513 6528130.1818847656
1556558103.4597699642 6659731.9555664062
1541766397.3497188091 6569282.3469238281
1543783189.1739602089 6591230.3691406250
1540336074.9767346382 6553113.7619628906
1543360137.4361286163 6585561.6884765625
1533121817.5964779854 6454744.4184570312
1533532378.6365230083 6457475.1823730469
1533000053.3937225342 6451989.2116699219
1528686838.2620692253 6353738.7536621094
1537736331.8221602440 6523154.2260742188
1537964647.2592277527 6526426.4064941406
1527265068.3240959644 6327592.6755371094
1529119553.5167088509 6359018.0080566406
1540226528.3768293858 6552194.1298828125
1539916933.6549346447 6551267.5466308594
1540384422.8324348927 6560037.9787597656
1546957805.5936262608 6612713.8857421875
1539023936.9200913906 6536855.5192871094
1528836511.7059206963 6355711.6381835938
1526843349.3553462029 6318032.1105957031
1547209046.4131715298 6618579.4609375000
1530425905.5213000774 6400802.9411621094
1529185705.4656891823 6362242.3193359375
1524960002.9565932751 6274303.9360351562
1539936619.0121178627 6551330.2687988281
1559263098.3628361225 6672645.0932617188
1524507723.0870003700 6260763.7847900391
1526272944.9370148182 6311016.2019042969
1531703835.2496790886 6415500.9680175781
1533616977.3447089195 6466678.6330566406
1534900879.9591312408 6482052.1059570312
1524639154.9051322937 6261341.5678710938
1536508978.5325031281 6502738.2674560547
1523165488.0127971172 6197555.4818115234
1534992373.8715462685 6483880.5803222656
1538140565.3559944630 6527017.9523925781
1539365050.2204298973 6541119.9851074219
1529399473.8710992336 6367127.7607421875
1531393155.2037694454 6409580.3696289062
1540374579.8227362633 6553522.5456542969
1538548827.4906079769 6528653.5827636719
1540235540.7914767265 6552657.2595214844
1523828515.4736480713 6235642.0174560547
1524359948.7404701710 6254212.0589599609
1522811365.7576148510 6192053.9793701172
1535735482.3197238445 6490983.7103271484
1544114505.6971740723 6592641.1875000000
1529711395.2801530361 6377808.2219238281
1543141511.0199151039 6582505.9936523438
1542821867.5953145027 6579828.2929687500
1522522077.7326097488 6183199.6324462891
1522625289.8498156071 6188932.4981689453
1530926713.3157792091 6402250.5729980469
1531017722.8760943413 6406492.2929687500
1536931532.4684734344 6513070.2397460938
1527992808.1562092304 6344563.8825683594
1530147444.8076825142 6384025.0747070312
1543587928.9292671680 6589036.2685546875
1543503361.4559683800 6586984.9921875000
1557071387.1477115154 6661245.0815429688
1525112907.3727638721 6276270.6196289062
1528104608.7568702698 6351094.8181152344
1524747828.3553950787 6263748.0678710938
1535491243.7103345394 6488175.2741699219
1539500520.8136558533 6548492.6950683594
1527050542.4754583836 6321585.8959960938
1527773208.7796497345 6344443.9240722656
1527563701.9547381401 6334154.9006347656
1546530878.7398543358 6609037.7841796875
1541185129.0937151909 6561864.6936035156
1534432970.3567459583 6472535.3654785156
1535145139.0005235672 6484335.0261230469
1529100691.7237880230 6356732.9721679688
1529214213.9952242374 6362696.1918945312
1559145680.4335658550 6670282.8969726562
1534571122.3741693497 6474045.1491699219
1525652728.6388270855 6285792.2531738281
1536693259.5551195145 6504140.0073242188
1528597544.3751053810 6353484.7478027344
1522372618.1074168682 6174017.6330566406
1556872124.4995577335 6660246.1840820312
1550621199.6371140480 6638154.8344726562
1534604701.0883965492 6474919.2170410156
1524277053.1071870327 6251031.5159912109
1549321281.5188977718 6627569.8388671875
1539855896.9301695824 6550467.8415527344
1544467715.1951215267 6596626.5556640625
1545944327.9429981709 6604670.6875000000
1522926014.8110890388 6195789.0618896484
1552653417.3842778206 6652583.3798828125
1541233210.1963839531 6565445.8576660156
1542042837.0172472000 6574850.3271484375
1529375759.0744910240 6362772.7844238281
1541676767.6002075672 6567092.5571289062
1526452105.6210246086 6311743.5739746094
1526909156.2799422741 6318138.6987304688
1547519995.0048477650 6623166.0581054688
1540218142.2950608730 6551409.8183593750
1541972998.2126424313 6571886.7177734375
1542693558.7648897171 6577354.3364257812
1543049919.2696695328 6580104.6745605469
1526684992.3538293839 6314529.3659667969
1558751695.3464775085 6669574.7084960938
1538198852.8662450314 6527188.4235839844
1535952440.7445580959 6497937.6761474609
1534977458.5060286522 6482869.0524902344
1527413467.3343136311 6328284.9736328125
1538557278.0572154522 6531823.8786621094
1525416436.9321269989 6280485.8920898438
1526246030.5827150345 6309985.6965332031
1535431027.2337241173 6485885.0012207031
1545695246.3128159046 6603578.3349609375
1536006919.1152470112 6499841.0756835938
1542821867.5953137875 6579781.2900390625
1546065371.5884897709 6605702.5449218750
1522350496.1979365349 6166748.8100585938
1523990985.1800584793 6239761.6729736328
1552267918.7561733723 6643410.6489257812
1544832775.5312039852 6597728.8471679688
1525650350.1551513672 6285101.2290039062
1551825659.6053967476 6643097.3862304688
1522364761.9367997646 6172293.8762207031
1522443480.9163579941 6180510.0227050781
1525458585.9056298733 6283933.4909667969
1539369004.3111236095 6541708.1398925781
1544314683.9723958969 6592750.2749023438
1537296063.6941125393 6516386.3569335938
1535431027.2337238789 6485821.3576660156
1551635131.1308088303 6639310.3989257812
1552719571.9414398670 6653089.9047851562
1525890881.8392329216 6301921.0783691406
1536812858.1173346043 6508008.2377929688
1527526548.1232914925 6330562.2395019531
1527737011.9066929817 6337353.1350097656
1536697032.8430125713 6507469.4985351562
1536648718.1979098320 6503969.5791015625
1539271752.2260682583 6536917.3552246094
1558631231.2690041065 6667970.9003906250
1535856583.8517208099 6491983.2807617188
1558309866.5074076653 6667403.2006835938
1541643681.0396611691 6565524.5712890625
1556505406.7446317673 6658012.6733398438
1545689282.2692136765 6600390.0800781250
1557934580.3449614048 6664420.7241210938
1548970235.3971343040 6624786.1147460938
1558157214.6137993336 6667246.5141601562
1546591927.4116263390 6609370.4785156250
1556295599.4083735943 6654964.0219726562
1552572632.7966427803 6643828.7128906250
