905973967.3205409050 435056.7081348547
906653040.7375298738 462861.4867933027
906511124.7025614977 458091.2594863908
906755231.2568670511 467249.5013294561
906953235.2754067183 476592.3868377625
908620469.3435561657 521659.5690825465
908127342.8041453362 514337.1471312525
952934809.8695038557 803860.1559361683
905887842.4322079420 424168.6217963049
906461241.9681872129 454925.1250650720
908254109.6003217697 517861.6040487768
910884445.8866609335 572973.5724058619
910738942.7911797762 572575.9528136723
1079311481.4346601963 1283465.2705993652
905932651.6519514322 431033.6115793237
906242915.0299202204 442643.7061059126
906046453.2935681343 439082.0789898892
908235745.3758471012 517860.1147007825
908651762.1428588629 530515.3188461859
911126206.5703788996 577246.9677572942
910909623.8135224581 575998.2347714689
911572094.8030892611 583492.0895144215
910252136.3470824957 564519.3932210676
906299902.8404878378 446047.1716161805
1062349837.7352988720 1213915.4750675373
906320332.1378543377 446095.0719507770
907230482.8717713356 487514.8624271906
909153869.6390817165 546232.5161292949
912132209.8479378223 591422.1794554464
909982959.8016639948 562418.2850784970
923396119.1895041466 705372.1781706457
906214926.0618715286 441917.8001103835
906242915.0299202204 442652.4459352145
908082049.6573905945 513851.5577799875
911912722.7574567795 590606.9079142085
910564360.4105340242 571912.1926595442
909006741.4964674711 542018.9866408225
911668829.9665912390 584183.5890111200
909973028.6501148939 560811.9053642864
916822553.2930448055 648063.8740739372
906809897.9342954159 471928.0744386694
906973140.3611994982 476848.2754829346
907871179.6248047352 510318.8078875739
908235745.3758467436 517853.3776402357
911572094.8030892611 583478.5185090771
906214926.0618715286 441911.3395609694
907679461.0403470993 503494.9413196004
911482483.1674156189 580141.8545930095
906285240.0452815294 446044.0927715735
906370216.8238972425 450198.9502743916
906370216.8238970041 450188.6486269669
906370216.8238970041 450186.8004948334
906934528.5874425173 476375.5672655969
906836160.0908977985 472056.4479461691
909973028.6501148939 560807.3038017864
917180415.2176301479 655002.2587429734
906790117.2463929653 469059.1879566690
911528378.1309701204 582674.5061339608
906765043.7522931099 468501.5434697016
906763532.9294368029 468191.1684669039
907125941.9602469206 484264.3957302913
907679461.0403470993 503465.5950974381
909129945.1944570541 545041.8799949088
911188643.5934064388 579649.0942721835
910889389.1350315809 575782.4892904036
911188643.5934064388 579578.8871269695
910522986.9145416021 568607.1564046614
913717809.2615635395 609965.7045818180
919471597.9565477371 675826.1527997167
909352885.3937274218 546998.8029548326
1013048063.2550315857 1033533.0144144893
1012988735.3699650764 1032881.5313911457
906370216.8238972425 450193.3948668675
906973140.3611994982 476873.5349479138
909914115.3666146994 558282.9492266889
916763240.0500245094 646719.5082299386
931923267.2931406498 739186.6112997211
907439593.6719617844 494420.8255931784
907280419.2173224688 490536.3254143603
910479270.2424215078 567770.9801222555
912270663.3225469589 595323.6113952867
913931282.0916891098 611388.3820553729
906973140.3611994982 476876.0884979187
909005931.9519970417 540968.1626356955
1034568495.1536601782 1095453.8592782617
909587796.0817872286 555751.3201139369
911895269.1146749258 587394.9649039976
917544213.1985538006 657882.5747451039
917170779.7159307003 654946.4339989873
1063070338.7104650736 1218892.2203830890
909354436.1859570742 548355.5386601029
907050649.5456802845 480992.7632660090
907241206.2672947645 488049.0761105760
909220456.2915278673 546237.0972440640
909487707.2839523554 552873.6419342870
907494973.7210514545 498957.6958642799
920342166.9873986244 681661.2368856709
930067291.1700794697 724963.2009757585
922179937.5996105671 692962.8255640096
908830069.1551702023 533265.4319100929
907130678.3054944277 484280.5129485472
909487707.2839523554 552857.0154494161
920492104.1998251677 685475.0640077295
920050406.1276674271 681618.2085615437
1049985111.5551564693 1148192.9567307029
907005923.3535370827 479798.0283974006
907966584.7106457949 512262.7473810269
1067008584.1801168919 1221812.1117781810
907852429.8160256147 507783.1695185816
912914243.4144239426 600557.0651310554
907439593.6719620228 494441.4038410235
918901924.5923235416 669435.9941932040
920363497.1667284966 682175.9633643267
908878242.0048186779 536971.1567763205
911743815.2809759378 585980.3181497327
920252323.9014087915 681618.7230545323
912733226.0857853889 597230.4885562530
952886584.9397186041 803802.3325226770
911840215.0224944353 586573.1801139584
915483434.4760421515 630544.1176132413
913175292.4206538200 604506.0452145210
916302708.3947669268 641908.6153370740
924328710.2416132689 710812.8803574903
932650173.3355928659 743329.3003315902
916063378.4072034359 638023.5668322446
917440942.8358120918 657682.7825068685
912593816.5353583097 596600.8991693727
907940859.0056726933 512262.5938020303
915097332.1012165546 626466.2228012485
916952022.3019971848 648435.0030525520
907858182.1389445066 508763.7054190590
907771950.3857281208 506014.8844963509
908982817.0518424511 540861.9106897230
911722124.2201417685 584332.8418854944
913966170.9891223907 614228.3155096231
923231060.6848785877 704751.3584591043
922936943.6543622017 704075.1311641824
932203697.3511774540 739271.6322001792
907771950.3857278824 506008.5162597496
924403958.5833863020 711013.4806627923
907436158.0073275566 494267.8413803141
911722124.2201427221 584388.0605868569
953032815.7666896582 805753.7209074961
953032815.7666896582 805689.2829621301
1004260770.2231214046 994224.6308936011
931690172.7856750488 737869.4136603498
965380430.5330221653 866679.0778522124
965248220.5111151934 866002.3516618279
907436158.0073277950 494278.8988642257
918237934.0433771610 664741.2633996650
913427623.5125125647 605726.5500430077
924355436.5455909967 710981.9910139708
932445146.1788593531 740051.9774638941
914062453.3820072412 615896.2519877569
917046138.7726652622 650563.2128327915
953195960.8173559904 809656.6844305263
923613422.0672843456 706306.2699205359
952314504.0756826401 797129.7353314336
940114522.0155891180 757078.3437198852
1017316771.5545480251 1048966.9604780301
932702166.6863868237 743913.5310410191
917780334.4821525812 661595.1447825171
1010131518.5621433258 1006167.7260035094
1038371072.1703619957 1104205.0040332654
933403590.2321214676 743996.1948870351
934908278.6394827366 751582.5091167582
953256175.3869601488 812020.9042313562
917690914.3192265034 660028.3431097628
1061379556.5127246380 1206788.2600263488
1061093490.2575590611 1206707.8126224689
924014996.5481020212 707994.3678467931
921097320.0536625385 689144.6065286265
953192050.8803241253 809174.5334757245
992605891.7377376556 945468.4293788830
1026694103.3035676479 1062816.4389585257
949249385.8365601301 786315.8601828150
948832081.5248365402 786164.1919036030
924553591.5358799696 713419.7137857198
924541037.7848297358 713338.9331141838
924843170.3093639612 717140.6977919504
940867255.0614230633 759538.5863640681
917376327.6927120686 656364.8442479694
921041376.0517885685 689131.9590676890
924204136.9094269276 709337.1088454598
920759405.4455156326 687859.8054106997
953355594.7037819624 812138.9117234217
911501961.7241307497 580545.9846888206
1052103186.6580504179 1169296.5063775980
954066853.1222193241 817214.4335788607
920395795.5672392845 682334.6183347802
918361346.5356371403 664936.4872372490
916969999.5086234808 649700.1434561798
960918319.8648952246 836065.7055295673
1030352287.5429831743 1074131.7943602409
1047629170.8687536716 1145949.0483891964
953180485.5835673809 809066.3424944419
931461287.6105120182 735323.4505543453
921918979.7193434238 691818.2809821597
919542270.1259934902 676215.6015144435
914447229.0419054031 617891.2437128603
916960490.6346948147 649526.3184470903
925050967.3816113472 717216.4701099066
916588159.9540615082 645031.8724300264
1074411478.0445177555 1250087.0083742142
1025308695.6537294388 1055217.1951230764
1025395699.4052090645 1057586.2387615144
913441524.8874454498 607789.2148927642
930588296.3800529242 729886.3984043638
920020719.2569710016 680421.7249427349
916385762.6324172020 643209.1092357336
950394932.9997841120 792411.7947223696
929585044.3922196627 718849.3114120637
953133110.4166722298 808958.0315616594
954766724.6842949390 818685.8925689578
953437112.1806598902 813304.6277821527
929947182.1586676836 721147.2894653161
916385762.6324173212 643212.3753378092
916110068.9066870213 639912.3856916651
915425090.9247442484 629701.1194707366
934034642.1031517982 746367.3240364245
915319035.3337370157 627227.4108736687
934596128.8933464289 747325.4715829515
955680691.7381513119 823813.6494337625
990820912.4754314423 925575.8322211793
948379163.9862456322 770138.8239158306
954605144.5233618021 818133.1198149321
949932569.4689613581 789149.7939148617
948567475.1113570929 773447.9185546550
948295210.7902418375 769979.8307708416
1012637744.6922003031 1020585.8533469327
975486300.7562657595 866726.1730619487
915910267.8445941210 637505.6900622124
986507896.4860118628 920750.5357348071
915767705.1677507162 632940.3314786733
1056937958.5243071318 1191669.7006144747
979757867.9483925104 869374.1761763783
996429777.9047124386 956991.3495078322
1058969841.0115197897 1199363.5966191515
1059386307.4810307026 1199578.9334111437
1029896957.7283916473 1070750.7190997859
922880421.6691778898 695055.6252438757
998577649.6273443699 957097.2936986582
915637895.2975710630 630909.8445310942
1078997067.1370677948 1276591.3593750000
1062085647.3406054974 1213396.9626312889
1061921043.9611237049 1213356.9726563133
936379305.8736335039 755832.3518402022
1078709278.7805914879 1272956.4069824219
1062461700.9136214256 1214970.2900391258
1062683301.6277252436 1216584.1478272118
952776004.4127413034 798132.4469691587
915706131.0882562399 631509.6729059718
1078966369.0704498291 1274137.0349121094
1078842471.9774911404 1273016.1934814453
930294977.6118348837 728459.6341314106
1055680920.9718506336 1172331.6939967312
991148801.7087508440 928213.2892794483
1055764697.1696219444 1174765.5130876396
915706131.0882564783 631513.2685474954
984194150.6854941845 904944.9467180045
1062751531.5117475986 1217494.7378427126
981068858.9022920132 891743.4558580192
1078645661.9273633957 1272736.8705139160
1078517869.2675573826 1272633.9909973145
1078501993.0844037533 1272022.1140441895
952785936.8977930546 800723.6815949285
1074993669.9844274521 1261871.8183898926
1075185196.5450494289 1264935.8232727051
1078082168.8263428211 1270710.3265075684
1060162506.9456945658 1202194.6738991756
1060294914.8025265932 1202572.5082497615
1078284836.4994225502 1271751.8949890137
1016484922.4329546690 1042395.0041074031
1078003134.0238780975 1265652.4725341797
1028888902.0875045061 1065156.8944699147
1078014613.0440135002 1270503.8695373535
1010105907.5175663233 995402.3451764924
1061082949.8008956909 1206520.8155388851
1016036743.7775032520 1040343.3773003151
1015855209.2166372538 1039894.4785489314
1072855847.6579273939 1228229.7008548677
1014853768.8904957771 1039284.4685739805
1001679253.2839244604 982270.1802147841
1073216684.9340493679 1244546.5439262390
1010171678.1409382820 1017036.8148185625
1074958991.0914523602 1251966.0505790710
962700834.9544653893 851949.4994910089
962331419.9276945591 848780.4774499862
988182312.6877547503 923823.8000792942
943915987.1042071581 766800.9007248769
943594436.1268512011 763784.0436518618
942528416.2982949018 762528.0616309464
999194851.8087486029 962477.9566328154
992090658.6094313860 937769.6873978446
1073191829.0499107838 1229287.3478738400
1042026219.6017187834 1124921.7263511515
1041762040.2921144962 1124785.5378135538
994909517.4090830088 948547.0760726137
979858110.9357072115 869930.1970187575
979971767.6937824488 886449.8244756871
