1397204746.0823965073 19441491.2597656250
1454022833.2169809341 21787365.4863281250
1422969007.3103995323 20837048.9335937500
1392412570.5333101749 18965526.4667968750
1389523749.4525921345 18649209.8925781250
1397532260.7159171104 19473204.3652343750
1389884140.8461167812 18704844.4472656250
1391677689.7862017155 18916251.5195312500
1397569889.2912511826 19474345.9472656250
1401535716.5521526337 19762613.0039062500
1413592090.6131253242 20408819.5039062500
1427488238.8879027367 20996490.5703125000
1615923292.5733773708 23797239.3906250000
1421745085.4192643166 20785694.5351562500
1391996606.9889636040 18941096.0019531250
1397022175.1416306496 19430032.1367187500
1400198882.5860157013 19667200.7949218750
1399974206.2588984966 19652377.2187500000
1547576368.0798506737 23077642.2851562500
1391311536.9621627331 18875100.4082031250
1391458082.4742121696 18886396.0117187500
1391806509.5872993469 18928676.1132812500
1395825538.8062467575 19328985.0878906250
1405282938.6427531242 20000635.7636718750
1389280366.2679421902 18607872.4160156250
1401159083.2654461861 19738642.7226562500
1399324088.7129445076 19604051.5957031250
1399783546.2270035744 19645918.7656250000
1406187803.6120476723 20070449.1406250000
1423869555.2635002136 20869313.8964843750
1412431404.9975860119 20358641.1113281250
1389618788.3504483700 18674723.9804687500
1423215955.0980281830 20851254.6640625000
1404500438.9469156265 19955149.7148437500
1391054702.2404112816 18847846.7792968750
1406280788.2265672684 20074395.4121093750
1406793806.7659511566 20082668.5234375000
1391033914.7359681129 18844999.0820312500
1393340405.5711927414 19071420.8515625000
1404328962.5576531887 19952297.0058593750
1403258486.3306479454 19875325.8300781250
1392278923.3737270832 18964726.9394531250
1415462443.8055899143 20520351.9550781250
1400508148.1684253216 19694559.9570312500
1407429105.2612557411 20121415.9609375000
1405707700.7559723854 20031229.3300781250
1408629751.2402589321 20181090.0703125000
1408358776.9544289112 20176560.9941406250
1414585187.7374286652 20463664.2597656250
1414430792.7327182293 20462694.3574218750
1430707269.8400678635 21125109.9765625000
1391842778.2312021255 18932258.0156250000
1406024764.3179941177 20058570.7500000000
1410518944.5905628204 20277990.0175781250
1420670090.0470199585 20752624.5371093750
1420266627.8279070854 20733873.1601562500
1390375079.1003441811 18769508.7597656250
1411943549.5456774235 20344428.0625000000
1411588330.2686359882 20328236.5742187500
1391149491.8560187817 18858405.1308593750
1406012670.9278452396 20054523.1777343750
1411862537.6415657997 20338717.8046875000
1390644704.9190483093 18802075.3769531250
1404286023.6715905666 19945967.3867187500
1391275989.4858210087 18869619.8437500000
1403613612.5943088531 19904357.3847656250
1391581521.4528727531 18904945.5703125000
1404018816.6885414124 19929321.0878906250
1405817053.5564823151 20040874.2246093750
1398654171.3636841774 19552598.6054687500
1400911499.2117395401 19717011.1445312500
1410401615.4011473656 20276524.4082031250
1390146312.1461262703 18736529.3710937500
1407695634.0521667004 20128258.9550781250
1481561338.6435003281 22192057.9121093750
1481001674.0616235733 22184218.4843750000
1426321727.5419645309 20948669.8613281250
1417497816.5547223091 20609585.9453125000
1398379437.8269181252 19537592.4433593750
1397897966.8294987679 19491638.2890625000
1409667419.8182296753 20228293.4726562500
1403832500.2808799744 19917857.3632812500
1464364845.0005502701 21949611.0332031250
1390254156.8828856945 18754433.8339843750
1399234087.2628881931 19601775.5175781250
1390021531.5466136932 18722391.9121093750
1405449962.4901146889 20014408.2832031250
1390128070.0634944439 18736103.3808593750
1405346589.4757885933 20008176.0429687500
1390340139.1525402069 18765087.1972656250
1396559704.7366585732 19389115.7695312500
1403946587.1660690308 19923740.1171875000
1403870613.7956275940 19918905.4101562500
1419579342.0279903412 20704593.1992187500
1398017648.2124743462 19503551.1269531250
1402451741.8315973282 19805808.1503906250
1467138195.2697789669 22008315.9492187500
1560182438.4619114399 23157597.5605468750
1559958831.2465205193 23154047.1035156250
1441314904.1436409950 21485586.9785156250
1412494564.4505720139 20373870.4843750000
1396580126.0020601749 19395154.8320312500
1426561360.3546998501 20962892.2031250000
1396020325.4708766937 19348847.8359375000
1460912613.5065510273 21944945.8085937500
1464660519.7465066910 21951714.3964843750
1460462061.0213463306 21936449.9375000000
1595560107.9163951874 23578419.1171875000
1473598896.4456198215 22086358.9550781250
1423576343.5414996147 20857589.0585937500
1396462495.0834813118 19382074.8125000000
1396114403.9089787006 19356145.0820312500
1403140653.9271759987 19872394.9765625000
1410794332.5012378693 20289507.3671875000
1577515395.8435056210 23416652.7988281250
1442182156.7781755924 21507550.5332031250
1615411442.6743853092 23791282.2402343750
1397280776.2587966919 19446414.3710937500
1397292532.0018413067 19447518.0136718750
1401630716.9203653336 19762929.1777343750
1400080722.5873517990 19663501.2011718750
1449403554.1870882511 21649681.5917968750
1615166853.2162139416 23789960.2675781250
1457497538.7363185883 21823523.5312500000
1493879482.4345455170 22392713.9433593750
1493628761.4236202240 22390157.6933593750
1550925082.3307876587 23131036.0878906250
1550777272.5479469299 23128856.5214843750
1615133177.2705767155 23788939.5195312500
1433353604.7377271652 21211411.1835937500
1392702127.9892618656 19008674.6035156250
1437999300.0761535168 21359496.5917968750
1437482451.5267846584 21348305.1816406250
1615396178.5194787979 23791197.1660156250
1451626026.7041687965 21728246.2070312500
1401061890.3718113899 19728788.3496093750
1403032174.1818742752 19858222.6972656250
1409217903.5426268578 20215867.9550781250
1436507382.2073950768 21323702.7500000000
1436159607.6530747414 21315911.3007812500
1453630077.2687087059 21781062.0156250000
1451390591.0636029243 21713224.1464843750
1409589508.8587346077 20223948.2773437500
1442417543.6786308289 21517050.5644531250
1453569466.0024614334 21777547.7343750000
1413318105.5199987888 20400362.9414062500
1402161974.1185586452 19798963.4765625000
1393971012.3044464588 19143967.5722656250
1505375854.2749276161 22482285.7812500000
1398678656.2527813911 19555826.6250000000
1615559156.0228283405 23791971.2636718750
1442950557.4357643127 21544845.5195312500
1393863422.0725896358 19137336.3457031250
1464890340.6850893497 21960034.3242187500
1415700317.2832305431 20527193.8632812500
1410044853.1982316971 20244541.6503906250
1443622394.3006441593 21561686.6035156250
1614845844.0843274593 23786326.2285156250
1436842742.2155740261 21335179.9824218750
1415810519.1801168919 20533993.0429687500
1485958184.2728369236 22267695.6347656250
1509515278.0951962471 22580306.8789062500
1418220008.2340712547 20637375.6738281250
1500735062.5268003941 22444062.1230468750
1417622229.3163247108 20618120.3203125000
1393490096.8979165554 19099807.4609375000
1393680801.8928372860 19116363.1308593750
1537604799.7860865593 22936194.0273437500
1424136930.0678479671 20876865.1445312500
1453284657.6614460945 21776288.5429687500
1393100802.5518510342 19051354.8085937500
1393343336.4910905361 19074106.5449218750
1393648266.5847141743 19115308.3457031250
1573906460.9841053486 23385135.8710937500
1443347083.4543838501 21558804.4648437500
1454473282.3375873566 21801817.8261718750
1423631563.2640626431 20866190.5585937500
1393201183.4402532578 19057663.8964843750
1509569332.4432621002 22581034.4628906250
1509850660.4516391754 22585755.6640625000
1394183236.8388884068 19167747.2812500000
1530618244.3367605209 22811927.3164062500
1437565334.7559468746 21356294.6816406250
1441728502.4544310570 21497878.9609375000
1403354071.5819687843 19881601.7519531250
1393276252.7360651493 19064550.4921875000
1395111367.8241889477 19263342.7656250000
1393759323.1414248943 19126397.4804687500
1413503439.1808083057 20404514.2460937500
1412994277.2180402279 20389488.1035156250
1442597021.9747576714 21526813.3691406250
1587794495.9734179974 23444327.7265625000
1403357306.7964820862 19884640.7773437500
1446303499.4805746078 21605177.1445312500
1427143643.7489674091 20991033.7773437500
1394498147.0332882404 19206165.3828125000
1450195997.6334547997 21675782.4160156250
1416784376.0921871662 20571239.2480468750
1394655294.6522591114 19221007.2382812500
1417895050.7219433784 20626573.8066406250
1395292468.9375321865 19278014.1250000000
1395306140.1668126583 19283783.6445312500
1508005456.1724500656 22554270.1796875000
1395621403.1760091782 19308539.1992187500
1394987018.3704636097 19248687.1503906250
1417979390.4384775162 20631216.3906250000
1439926289.4611744881 21426393.7070312500
1443235682.1799178123 21553335.8886718750
1509325213.9420394897 22567833.0566406250
1430529627.4211754799 21118448.1269531250
1423098165.6308255196 20838992.6074218750
1452809960.0417194366 21748095.4980468750
1509225509.8477025032 22566007.6542968750
1585793511.4422097206 23440154.9296875000
1441870713.4713697433 21501485.8144531250
1428715486.4817228317 21038138.6093750000
1416622046.4550564289 20567708.9882812500
1555797715.4889743328 23144325.0488281250
1416350608.1833353043 20555222.7207031250
1492561780.5475139618 22376376.1015625000
1417466244.9448297024 20608681.7343750000
1490735944.8808574677 22342481.7109375000
1424342018.0715274811 20885710.5898437500
1429154536.7777230740 21058507.2792968750
1415204086.8623411655 20498708.8183593750
1434107876.6588377953 21247099.3925781250
1529192599.8350791931 22791175.4003906250
1528869593.0110716820 22788731.5371093750
1606124472.6645634174 23663418.0234375000
1438620639.7327125072 21386774.2402343750
1438361031.6947865486 21381666.8125000000
1445495182.7563991547 21603906.3281250000
1523274847.6935589314 22762650.3300781250
1442829646.0266504288 21540750.9062500000
1427228333.9160735607 20993846.1386718750
1507376551.4213995934 22548359.0839843750
1473325174.9963934422 22085226.0410156250
1421040800.2979416847 20767927.2753906250
1528604252.5114827156 22769842.4472656250
1535465611.6980292797 22864774.6914062500
1592222295.6039524078 23451874.7167968750
1437118959.1329343319 21335406.5996093750
1413817172.1226389408 20420280.3769531250
1430820422.2590072155 21130710.1835937500
1420903503.7103936672 20758595.9121093750
1502896788.0232303143 22463847.4550781250
1430970275.9822955132 21141333.8417968750
1430919839.3722186089 21136068.0527343750
1440825186.8039512634 21455482.6562500000
1504910990.6898312569 22473970.3808593750
1537538628.0278005600 22866006.5214843750
1547476118.7549190521 23041804.4609375000
1465398319.6734468937 21974371.1386718750
1460178207.6702187061 21882172.2050781250
1428036787.4123611450 21025853.1191406250
1434811626.3827991486 21260501.5546875000
1565634247.2054016590 23280133.2246093750
1506602749.4787464142 22524797.3710937500
1506594842.1244635582 22518953.5644531250
1573069974.2588362694 23288010.6835937500
1421816456.6028461456 20787186.6542968750
1563917447.1760025024 23185494.3242187500
1466548787.2034850121 21997069.6113281250
1431284615.0253460407 21159616.0273437500
1497417512.3391962051 22407458.1503906250
1497091391.0261988640 22398417.1367187500
1459995048.1010828018 21857413.2597656250
1458916618.0110137463 21840600.3574218750
1460456743.4623844624 21896013.8203125000
1422645470.0526769161 20822875.6308593750
1432053421.9869267941 21180756.8378906250
1542889298.3669102192 23011073.1484375000
1432484656.8236103058 21198740.8554687500
1432204559.5337204933 21189927.6464843750
1424949368.7805428505 20903221.9218750000
1484022608.0389699936 22248622.7167968750
1483900305.6713128090 22241567.6445312500
1466383201.5126423836 21991943.2148437500
1481790740.8028941154 22206431.9726562500
1459937809.4229462147 21856824.6250000000
1423468911.1540026665 20856921.5117187500
1465045634.0710835457 21967692.3867187500
1448494757.6213850975 21629828.5917968750
1488814632.6114194393 22299795.1601562500
1483081476.1632843018 22227663.2734375000
1481444498.0902869701 22189104.9335937500
1517698569.4272601604 22632528.9218750000
1482891291.3002893925 22212999.1386718750
1506394203.5796539783 22490251.5214843750
1465833262.5246703625 21979226.2890625000
1477176985.9765074253 22132452.8574218750
1425244009.3338398933 20915037.8847656250
1478147444.4160680771 22165077.8437500000
1478044408.3635275364 22161106.9960937500
1475535519.8051624298 22096725.3125000000
1475065442.4730763435 22089048.4960937500
1488936677.3744776249 22302251.4804687500
1478735122.3810448647 22166805.3027343750
1479867935.6698534489 22167941.8476562500
1480244434.6693215370 22168788.4257812500
