59855256.8259167969 26495.8961115656
59961343.2447454184 30812.6564268088
60582255.9042574912 38102.7663170374
60007403.4205304906 31759.2747935895
72112561.9336510003 52743.2417602539
72098980.1051749736 52272.8325958252
72163448.5798926204 53074.4669189453
60081196.1710906252 33546.2813756466
61019524.4696142077 38984.2123082523
60990369.8126568645 38966.6320474517
70740983.1103280038 51837.7448348999
59908417.4115667269 29701.7998516178
60394051.7467194498 37197.7552482784
59930950.8212414980 29915.0766511476
59915876.9263967350 29718.7026385581
59923652.6169559956 29847.6300975895
60413837.1176455095 37282.9649421871
59903259.4397704601 29025.3509027576
59977200.7964886650 31581.0953239389
60011730.4894769192 32441.3701488674
60126771.1277034283 34462.2997467546
69223069.9969470203 50659.2090454102
60030770.1548960283 32519.1148000956
59935713.7110911831 30078.9570835857
59973364.8612188548 31536.3854056811
60206522.8000857905 35408.8878812492
59979616.1144509017 31607.1852346659
60276333.5697332248 36286.5071400702
60900090.0056930408 38958.6831642687
60184200.3639395535 35284.0821561515
60196908.0647077188 35319.6897642463
60104774.8589140475 34308.3748324690
61037786.8356311768 39084.8128947914
60497607.9846983850 38042.7783418298
60369991.4145115241 37129.5894230902
60110891.6061742157 34311.3444986371
59953107.3861713633 30731.7563426225
59962330.5269874856 30827.0062165773
60432487.9201736376 38008.9261663258
61029330.2275309190 38990.1004721704
61029865.0905666724 39013.3538422585
59865549.4230548814 27265.0765183596
59885352.7757556811 28113.7827167725
59880965.0658536851 28113.4213373279
60324609.3797404021 36986.2754171193
59968997.9716664776 30868.5596264219
60165368.7187833637 35267.8277429342
60093114.0628592744 33602.3404584229
59959273.9179447591 30769.3312283074
59885911.7803330496 28789.8702861881
59903812.2636519447 29098.9557008175
60232479.1563640237 36074.3458516896
61159597.2813153118 40195.6949348152
60660004.3591137379 38319.1624801457
59858241.3366052657 26515.0335965930
59995059.7170879096 31664.5444062054
60218904.3334970996 35473.6146785319
59956694.0888298452 30759.5596630191
59851667.0193875954 26469.3584923325
59857704.5827508345 26499.8872337816
60861980.0373310223 38958.1891071978
59934211.9834691212 29940.7578456020
60112763.2899241000 34381.1564332992
59941250.4861928523 30702.2004914796
60033703.8688498735 32625.6944211572
59988335.4699611440 31613.6834711945
60664213.8327122256 38878.1381492615
60330457.9486826956 37096.9966008961
59895967.3027973101 28878.6066090679
60708488.6741299555 38913.9838650972
59875416.0642501861 27966.6770436382
61139018.9734734520 39995.6646537483
60379685.0633785948 37139.9940717518
60710232.7897615358 38920.8557317555
61017244.1132930666 38982.2961173058
60236495.4410381615 36185.0670354664
60144362.2352444977 35213.3147424459
60398069.4622021392 37264.7331755459
59865396.4525202960 27190.9841472236
60713594.7408255711 38951.1836557537
60590559.2519945875 38126.8600247651
60026701.0982192084 32518.6682143807
59992576.2828931212 31664.2791577578
60046643.1033699811 32776.2410864830
60074997.8153279722 33543.1796474457
59914163.9107029438 29702.1561841583
60616267.6874116659 38186.6133738160
61179827.5135577396 40976.5372276008
61850444.6435609311 41609.2882041633
60389047.5405811742 37190.7621744871
59899669.6332412586 28998.8132835245
60123723.2229291573 34448.3779346347
67981860.2250573784 47006.6290659904
59937720.1018041596 30613.7294170475
60205822.4126924947 35360.8704104424
60217006.7671550661 35471.5915942192
64606248.2150848657 44227.9470698107
60191531.2200829163 35293.0859987289
60071117.7940698862 33540.5936527550
59863417.6460926011 27175.2194011128
59893582.5524799675 28806.7730731284
59890510.7475519627 28790.2266187286
60014635.9182805270 32484.2699899739
68707833.1585072875 48777.6780653000
59872501.2937479615 27800.8035366265
63708793.6899597421 42592.3130362742
59861533.6605829149 27124.0893393187
66113773.1951299384 45238.6704375893
68417753.4771249890 47871.6029353142
59880379.0781104937 27994.4947517756
59866691.6323791742 27800.5382881789
60026183.3373933583 32503.8105533011
66488514.8321385086 46144.7914226055
60041167.3483529687 32661.3076982796
64013579.2934327051 43324.5173427463
59955124.3796213418 30752.6148407757
61114335.3594224006 39559.0849189460
59875198.9415824115 27889.2746110586
60053001.5465385839 33389.2547331601
60309607.3748032600 36506.6590913925
65430555.5037691221 45139.8765866160
67366616.1565334648 46985.5173203051
59918283.5100041702 29790.5361744976
60051334.6836966947 33356.0039514452
59860947.6728397161 27005.1627537664
60043720.8930864781 32743.1223668009
59899382.1249182969 28895.2441475606
60100065.1035821438 33653.3987417668
61048449.4891194776 39306.8671350926
60050462.9730223939 33350.5575393019
60055488.8409149572 33396.1995554036
60000649.3258902431 31740.2502412982
60066497.1572312564 33484.8972762404
69973461.4285106063 50882.2090301514
61810921.4093559459 41018.9818078578
60007524.3372563124 31831.1928013712
60057501.4757461175 33396.4452670394
59872718.4164157361 27878.2059692061
60024221.8428702205 32484.5157016097
60033217.5243553445 32572.9677108107
60038592.9889185354 32632.6392434007
63426299.9487011507 42302.2512102127
63802189.0788565129 42890.2550678253
63380501.5853657797 41871.5398588181
64406035.5438483432 43366.7838296890
64916142.0156405345 44309.5614557266
64592770.7911031991 43668.9621667862
65358364.6791447774 44610.6470651627
65417857.2970290333 44645.1448602676
