346400361.5040706396 21860.5979104247
346620454.4510172606 25326.5560857567
346690301.7072547078 26317.1578591976
346373895.8609808683 19961.2800057465
346710845.6214318871 26455.3295944638
347902698.0258113742 35717.7013083147
346360770.4462284446 19775.3023196450
346366438.0559493303 19884.3264291007
346443463.3569269776 22833.3742897017
347367892.7725862265 32196.9637050757
348229783.0190878510 37104.2459098203
350311281.4668434262 44200.8642247645
346606937.9353514910 25286.5554453935
347014454.9241670370 29305.4026440680
347367826.3680556417 32002.5200706450
349136139.0766599774 41163.7200200176
346520442.4268349409 23915.2968941843
347536437.1359575391 33219.7507278370
347851806.7377052903 35362.0000667106
346427022.3791242838 22107.4224103736
346503617.6009295583 23887.9825683748
347449514.5127620101 32307.8211624073
348731398.5339007974 39842.0962027395
346380730.5011711121 20214.2643830497
346384093.5178482533 20902.2838176964
346550414.0630094409 24067.3175682761
346773532.5924011469 27254.5838235617
347996026.2466929555 36273.9296321403
348564842.0192856789 38975.8811701620
347273299.2212311625 31192.2327023332
346453700.9223914146 22836.7441076245
346488365.1111052632 23770.3621615740
346632864.2190635800 25418.4148596646
348430706.6022285223 38326.8514090236
347762887.8975523114 34712.9703055723
346434881.6428181529 22438.3763795970
347603433.7245118618 33576.8122055633
348271105.9190891385 37512.8454669472
346389547.7108821273 21088.2615037980
346833213.0075905323 27464.6096336376
346927317.5929167271 28376.5391990673
346453848.3449004889 22877.3206304358
346579862.0779208541 25095.8704979045
350450524.6083419919 44448.9700597255
346424636.3209711909 22066.8458875623
346563845.7243598104 24941.6658579912
352987683.5061107278 50286.6320662163
363661430.0908969641 60926.5863241628
413574777.1895676851 122237.8210719824
416314743.0667212605 125412.8513031006
346443315.9344178438 22792.7977668904
349236135.3458180428 41505.0505546816
348450962.2283837199 38419.6528463364
346871498.3733046651 28337.1560112536
347695891.3089979887 34355.9088278459
346710826.2466511130 26408.1189230802
346962815.1784713864 29244.6811067220
351433419.3107925653 46925.2796298284
346789758.4403488040 27323.3655624082
348705506.2590473294 39238.7809744533
348175816.5411462784 36752.5034541618
350020197.0205863714 43426.4096174851
348335541.5992444158 37923.9612322506
347822995.5206934214 35103.3402461540
416765311.1812910438 125466.3501434326
412684087.9660486579 120780.7309519947
346538709.6434243917 24023.4239715664
408901059.8884909749 115528.0541698681
353222242.8030194640 51168.9372856133
348662135.5884169936 39071.7927829595
346671907.7023815513 26200.9447723934
416318643.5862420201 125413.3321685791
347744018.6765564680 34533.2882536724
346853027.6430364251 27885.1033604490
348223478.9765929580 36907.3540685503
347479699.7007024884 32320.6270589316
346681323.4745054245 26269.0494777886
347435897.4234595895 32237.1424689330
352667092.4185333252 49289.5165805034
354040000.7701216936 53340.2868938930
416088423.8127346635 125310.1234741211
350738953.9109759331 45382.1185131101
350363308.3845806718 44448.3128948240
346833339.3283098340 27881.7214760678
352344396.1064689755 47687.3551353626
347077553.9743696451 29821.6956382720
353872045.2257371545 53018.5107814968
350263884.4672737122 43860.7506078212
347628915.7221860290 33962.2518621758
353504948.9450986981 52106.5812160671
415780839.2546089292 124866.4976654053
347723763.0504012704 34440.4868163597
347777034.1803210974 34835.4008418424
350496237.9686476588 45220.3519311249
347673873.6482419968 34049.7511195019
347361561.1140027642 31924.0482031489
347334362.9458046556 31839.8672169205
416397611.2941088676 125413.9470062256
346863228.6696125269 28075.5688350881
415894038.5285141468 125046.0302581787
353472277.0881924033 52083.2508651912
346461110.8287721276 23009.5144921746
415328352.8094104528 124230.7200164795
353671817.3411302567 52849.3013388682
350317155.5971935987 44250.8886628449
349066024.9131834507 40641.9285096116
353645145.3174156547 52833.5028369129
354011594.7961041927 53134.1456258781
347050116.3860837221 29728.8942009592
407922263.8901768327 114911.0216857586
408461302.4174669981 114916.1846801434
353709331.6547610760 52896.2683694065
353598823.6389065981 52619.8458687961
392885415.7774810791 96110.2605847418
347836667.4152700901 35321.2341918480
349032772.7411706448 40568.0050934739
347035667.5083564520 29697.7120110178
400601003.3893386722 109762.8100336790
346767836.1582627892 26903.7274622107
400279065.9044387937 108706.8459944725
346636349.6738417745 25846.3853924004
348296554.7401213646 37541.8820612440
415516983.1799647212 124436.3966827393
348206997.1291227341 36806.8850546805
348394827.2282292247 37977.3793250117
353535952.4393286705 52618.6929079406
349821707.2214194536 43142.0015134392
349734798.3330074549 42904.0345639763
353432137.2694386244 51983.6561572691
349007940.5803679824 40565.9228566168
348396968.8401324153 37993.7901385128
347433982.2601703405 32220.9527490586
401645190.8346021175 110118.5002799034
348544296.5142807961 38714.6554263653
412869626.9465864301 121644.6918697357
413401108.1792109609 121730.6911067963
399643029.3254547715 108544.2771010399
400427028.8991003633 109461.4310774803
349235889.4399836063 41390.6827738751
346769895.4797201753 26922.4130311962
391017761.3390849233 94469.5363048604
391534903.9248749614 94595.3264659932
347483714.8848125339 32798.9745462388
404370514.3763449788 113243.7641299069
349376657.9356272817 41758.0517994948
414972900.8816791177 123109.2281188965
349128775.2869361043 40846.1222340651
353419101.3068665862 51896.4864865048
349350480.5403905511 41642.2162526436
348821506.3498656750 39934.1926686354
348896772.9690614939 40506.0086171217
348716833.3716443777 39752.2561314516
353287250.4502922893 51424.5365734799
353407682.8796111941 51863.3055859311
349708857.9716568589 42143.4799867570
348394249.4567564726 37934.3999661952
407707923.3379222751 114054.7981285602
407612817.7345606685 113662.0241722614
347220544.4483659267 31001.7123126118
402421371.6563836336 111249.7612307370
397217152.7294979095 103675.9638683349
415181094.8228702545 123614.4442443848
347579578.3417851925 33237.8500648537
350968211.3594311476 45870.9965590232
358021773.4319647551 56820.1569414102
357788031.8362046480 56726.0614824258
351405305.8140155077 46703.2131952497
350915566.9005482197 45791.2836298200
360937856.6160426736 58932.7096908209
409985807.4868404865 115891.0169222355
411507692.6276093721 117263.9814972878
395960377.2621312141 101905.4337988598
399548883.6375834346 105878.7509582927
398759346.8541431427 104960.1701172283
354591012.1171887517 53938.6812056294
409180757.8917249441 115717.5200147331
353737732.3731750250 52948.1721569104
351399197.2982439995 45960.8845694901
404004217.6490679979 111392.6035769284
397824028.0122849941 104278.9565075186
412216512.4347376823 118151.0572626321
395413528.2944194674 101730.6022700621
412663791.3867979050 118464.9757441282
398151769.8360507488 104752.9437003580
397930247.5678609610 104403.6835380045
352538288.2319049239 48483.8251485480
349730934.6883313656 42309.9574009032
397904657.8706151247 104309.3553250085
389402228.5323004127 92948.5322213372
396231615.5070880651 102647.4900759868
396968981.2293703556 102787.8285015372
394907966.6677059531 101060.7121218853
394662383.0684742332 100235.9426135235
397460226.8348981142 103866.5571341959
393808467.6293832660 99616.0402326901
396973377.3657807112 103204.1996207682
365470826.3949325681 61212.1098910551
352409928.6125695109 47921.9594757603
363462390.6518056989 59836.4197872356
365622793.8746070266 61369.7357988767
366404442.4752393365 61838.3520116210
367532686.0340845585 63788.4640631850
366931104.3300405145 63110.7491021331
367739718.5147455335 64421.3446757968
366174225.1083945632 61799.6216915846
367573953.0965993404 64391.2141198989
367172443.9742162824 63508.0799941893
368317026.9229911566 65922.1247576475
369396855.2985194921 66094.8861494064
368248168.0108047724 65270.4942911863
366803467.3255758882 61862.6190829277
369440959.0041731000 66652.2057704926
367915738.5772941709 64910.4107042551
366893303.6590114832 62399.2415668964
371169288.0746577382 71434.1370706558
367493335.6207419038 63784.1381531954
370477372.5467355251 69959.6731238365
369787389.9550730586 66866.3805370331
369810979.9646647573 67392.7841444016
369692151.7984479070 66708.8433284760
370013463.9279343486 67583.8497271538
369923109.1148939729 67482.7753863335
370120921.5184116364 67799.4913859367
369790072.8967119455 67243.1937251091
370556222.3508895040 70255.4600076675
370790771.6646541953 70585.0639257431
372647952.5433129072 71976.9249238968
372838983.1399961114 72851.9006910324
372649191.4088262916 72685.9461240768
372159862.8089395165 71802.6804170609
372492672.6196107864 71875.3880338669
372876912.8627729416 73059.3831834793
373320155.1651144624 74338.4885568619
372984043.1928931475 73717.4648218155
374543805.7961044908 75895.6653361320
374102061.5821892023 74615.8632960320
374465070.1640415192 75665.7881693840
374320871.9481682181 75509.6838717461
374424095.9459014535 75525.6768946648
374089908.0000600815 74347.1726617813
374198738.6657209992 75300.4372506142
374448789.9350901842 75567.1150126457
374194374.5694870353 74738.4562597275
374583385.2533279061 77245.2281389236
374734317.8252605200 77406.2833452225
375333652.7003178596 78628.5180597305
376916623.9907191992 80690.0316133499
374838558.5836380124 77757.2109956741
374935345.1693348885 78109.5524044037
376057708.7315489054 79216.1580839157
375822444.1895670891 79022.8630285263
376254632.8797865510 79799.4093351364
376001330.6718624830 79215.1638975143
375986878.2425633073 79202.6243810654
376134109.1488732100 79678.5595769882
376464160.2043071389 80553.4048871994
376383541.6601434350 80316.1928968430
376234143.8633022308 79787.6133527756
379653145.3818958998 80743.1815776825
379791246.4993210435 81632.2156853676
380391950.4005777836 83830.1093587875
380227348.0495867729 83233.0150747299
380451665.9361661673 84047.0825381279
379965399.5643457770 82445.0261135101
379846812.8128227592 81854.1540222168
379729984.4602506161 81239.1216259003
380325991.3345062137 83572.0743565559
380583640.1765940189 84184.8558049202
383757082.9264811277 88169.5299792290
383313510.4157719612 87459.4869484901
381550240.5185226202 84844.9837700129
381952291.2941048145 85024.4797798395
382293214.0310661197 85652.1100841761
382930997.4228011966 86808.6988674402
382078918.0415291190 85572.5549465418
382391528.7193057537 86179.6251674891
382518081.3902856708 86474.3893200159
382808744.8084160686 86696.0832028389
382680509.8774253726 86579.4526944160
382668397.7019214630 86539.3683323860
382743363.9820664525 86661.2778172493
383033694.9087346196 87276.7189183235
386615894.9551163912 89392.1181130409
383269535.0959438086 87409.9042325020
383762136.2835255265 88406.7866673470
383731269.9488408566 88089.5529332161
386647389.6287960410 89499.6154274940
386676388.5905495882 89917.9828362465
387169005.1480384469 90370.3325695992
387889706.2423776984 91934.1170768738
387680342.4995462298 91710.1435356140
387989971.8498375416 91940.0003166199
383493623.9745504260 87556.4829182625
385802794.9791401625 89340.0104508400
387061982.9983481169 90261.9073014259
389102235.8264106512 92091.4106607437
385247137.8073635697 88529.6160683632
385054735.9405743480 88451.4854531288
385595804.5865534544 88998.2122712135
387599705.5800204277 90570.9362013340
