394822163.3344709873 8135.1047114627
394841308.1457012892 8144.7078589694
500883300.3984220028 22376.1549320221
394761153.3548277020 7923.0066291367
394704994.3453177214 7627.6478835527
394731033.4127586484 7736.1442165278
395051824.7075047493 8418.9645992563
499456452.0964475274 22116.9660902023
394779731.1623014808 7951.6204898893
395837062.3480517864 8841.8271413151
394719365.1936174631 7721.5991851906
394794885.9177145362 8033.0312556302
394774176.5671763420 7939.8887689649
394713528.9050986767 7642.1898128609
414997121.0473967791 11504.5299237074
394714404.9368485212 7721.3678094963
394737624.7353234887 7813.5464850938
395571704.7802469730 8743.4135481165
501458902.5083345771 22419.5866413116
395012981.0890688896 8414.4826925854
395203253.8497723937 8617.0620561884
396125909.1593051553 8951.2872853581
395277107.7732475996 8633.9534040735
394738076.9641801715 7833.4952496564
396081386.7929084301 8933.7708691539
497623515.2184340358 21784.5218218565
497364133.5523816943 21636.9351245388
395115318.5231627226 8524.4932600306
501437971.7603793740 22377.7848148346
439991666.1946159005 14970.1720609858
394833668.2449882030 8144.2939834202
394951333.0588037968 8306.0601463031
394695830.3287077546 7560.4266672843
395023125.8788391352 8415.0331159876
414296215.8200221062 11393.0257962050
499629359.3519288898 22248.0172710419
500387022.2704281807 22260.7234363556
394712164.4049685597 7638.4021608452
394862032.2518852949 8237.2999222325
497594358.8209007978 21695.8592299446
395180896.5933656693 8528.8738146470
394998830.8346707821 8399.3709820853
459932154.8683505058 17239.6049398858
460071572.5879976749 17315.5935425241
395524972.5074110031 8726.5222002314
497196212.8235803843 21583.0875366805
414151683.6869378686 11305.4602330967
395429700.0184451342 8722.3386846827
394842668.2664479017 8153.3467075247
395108903.6452735662 8512.6073471354
431623539.6320220828 13819.2158655252
431400733.1746929288 13798.3032239999
498157387.9698865414 21868.8517922163
498892332.0775569081 21917.9104087353
413393130.6344638467 11196.0000890538
396079771.7367546558 8915.7946420017
450841964.3576690555 16200.4294526621
404376992.8831077814 9831.5440378050
491387316.1948871613 21042.8453364962
421172435.4698509574 12158.6732545128
421184364.6681138277 12185.0805802575
440270778.0990445018 14993.1480264857
394704210.5431396961 7621.5108129601
394967884.9699274898 8388.5386205958
404396137.6943379045 9841.1471853117
395103695.4379990697 8507.6019121454
395655280.1559548378 8773.7010496918
394912077.7577982545 8287.4745083086
395057287.8004509807 8424.1714674280
395088949.7901988029 8481.0538107203
394853032.2304255962 8228.2471981280
394955615.8990530968 8338.4496618555
485769396.3263477087 20455.2589470297
394770303.1803725362 7924.8092128837
394802799.3490338326 8051.1514967549
421067699.0112722516 12075.6204362145
395068134.4816098809 8474.4043012903
394730249.6105805635 7730.0071459352
485757773.3846589923 20398.9743553549
394818736.9761329889 8051.7251872623
394789667.1658099294 8008.7624275915
495312665.7238894105 21476.4446585008
499106143.3126513362 22002.3406131268
394757081.2749922872 7838.1310222684
394952423.1971223950 8315.9405373679
395002079.5675458908 8414.2907963030
394758912.8229477406 7840.0409804856
477822933.5279647112 19469.5878535658
477682788.9981911182 19416.8132716566
394897196.1103079319 8255.4840132044
394878051.2990778685 8245.8808656977
394897761.8444296718 8256.7132271872
474129595.9742949605 19052.8698704861
473480652.0533162355 18943.1091290712
394842468.1315629482 8151.7056382887
412571422.3095702529 11090.0319312855
467111851.3274229765 18318.7790245081
394921914.5008057356 8288.2168279932
430674658.7909311056 13478.9711144051
430008823.6729699969 13453.0179703316
452439886.2441095114 16293.9964974680
462548480.7728322744 17597.5817684610
419871607.8250046968 11847.2665063365
419330957.2688535452 11737.9830807008
394932712.6517707109 8305.1081758783
394951857.4630008936 8314.7113233851
431296931.6959093809 13757.7410482492
417307030.3540456891 11646.9051091977
427231668.6923408508 12960.4201157173
413117478.0162189603 11174.5416187092
409632032.9637962580 10686.9499222120
405678093.0278366804 10036.9240703444
490623944.7042695880 20781.5507408530
472934256.6153209805 18856.9353486300
460638788.3069679737 17371.9506267984
432119963.9148067832 13869.5584653940
441340939.0302370191 15054.2766237452
396630032.1657676697 8974.1676712195
487761122.2634381652 20518.0939880759
426320778.8749980330 12891.8117897591
404519392.7928308845 9942.8560933928
404971530.1577975750 10035.4248895506
404508594.6418658495 9925.9647455076
472428717.7646011710 18780.4179078341
472741012.9989466667 18781.5113736391
401943590.2090976238 9274.5281736861
403739747.0678650737 9814.5227842192
411291527.7841345668 10888.9085773274
425849403.7509424090 12800.8501656136
471943175.7891630530 18617.8694955111
472288954.6263146400 18623.4017888308
484884677.9463590384 19987.7486221939
484434199.8280267715 19961.4915917069
412137703.0528870225 11004.1138566777
420966311.5115146041 11936.5492004428
401448376.3222736716 9268.2916281233
401423970.4368509054 9182.5358296685
418847712.7745791078 11663.4169675007
466289446.8397724628 17996.4804510255
401317217.0172019005 9128.6542604227
411829702.2759700418 10989.5052741810
419138058.0165768862 11687.4519292011
405803728.4308977723 10389.8415731635
459328701.0279063582 16975.0081104715
412475842.4265038967 11081.5600847050
425331651.1950677633 12727.8525459847
425531710.0943600535 12788.9776299080
431260488.6576378345 13629.2157222356
430691528.7192655802 13579.2933513250
465502475.5207717419 17720.0906011130
419801534.6965524554 11768.0949586714
401143035.9556717873 9062.4190307290
416325705.9682095647 11557.6039323806
416687950.3208208680 11579.0399217605
416915142.0210933685 11622.5514587545
416163538.4575518370 11505.2968635558
403081653.6999687552 9734.1095602126
450561258.0257338881 15325.8289632467
