168133256.6364817619 460035.1882984191
189046323.6440362930 694409.0799560547
165153256.1818105578 359987.8846457005
164178944.5518348813 282254.4686800241
164464274.1253405213 314074.0376004279
164909546.9413478374 347334.2230625749
166405986.8809143603 413341.3279131856
165474252.5333287418 376952.9375147074
166574521.5236105323 419949.6053030044
165998828.5920717418 401885.0266453233
164134914.0271544755 279152.6381136179
168429014.9419826567 464345.5096580535
165809342.6905915737 392518.6364535298
164569491.7572599053 325023.2514095902
166535140.6726104617 417963.2164035495
166952108.3103078902 429711.8703518323
166731350.8655603230 425080.0088213887
167358573.0005824268 439841.2271291763
164762229.8878371418 337340.9787998796
170346331.7130154669 510726.9319924861
166576936.9154055119 420363.4792803731
167377407.8430107832 441073.0608923621
165158959.4955896139 363052.1869792938
173753124.5035619140 561299.1338111460
164349279.9857418537 304562.4035186768
166323327.6632732451 412945.9377764668
166208636.1700887978 409564.9072588887
166308121.7399661243 410205.6656222995
164072599.9017829299 256807.9848899841
164090464.5834875107 256832.8271207809
164280701.1518388987 296200.0201140940
165509132.4677167535 381043.2800082173
177907354.4942731857 622150.5442516655
166655632.5882124305 422327.6582354512
166456623.8484767973 417322.4580401387
164172299.3784572184 281532.7225862741
165168749.7541022301 363594.9133442640
165361344.3145915568 372801.2060222626
164867317.0899975598 342834.1972452402
165546073.5515811443 381293.1161444392
166707817.7088140845 424326.1255666763
164061332.8541807532 255892.6568117142
164300090.7451095581 297547.2742550671
164834231.3358839452 342763.5825962424
171167492.4843035340 519758.5871367236
165062492.7150743902 357286.1044597626
164637269.4460120201 329929.9665737748
166114105.1260568500 405188.3869952168
165227770.4731752872 365043.6552410126
173963391.1660574675 562682.1306830943
170009455.3821857274 497307.1948914081
164103336.0868669748 265140.7921989262
164605374.6357997060 328450.0240307450
164729902.8235748708 334824.4367161393
177667439.5129059851 619275.6670303158
165313616.7770546675 371294.2609652486
166409895.7622528076 413816.2241994888
169063768.4923656285 479912.0935730487
174723557.3621986210 571246.5437977165
178183339.4574554861 626827.3992977142
167189135.7663672864 434836.0269338638
166982544.7258976102 432083.6763479263
177843728.3306631446 621701.5896618217
164304696.3272031248 298157.6166292429
172246012.5946891606 535564.0505156298
164213841.3049549460 289103.2383929491
169679266.3094610274 495163.9525513202
174218926.0655157268 568261.2602759898
165728219.6505216658 388153.2486301120
164371108.2765614688 305298.2177424431
165208134.9215061963 364993.0848410130
165549789.0831998587 381484.0892481059
186896034.7629293799 682857.1350936890
174214860.8997293413 567442.0505034328
164960653.3584232926 350422.6986870766
165043134.6770011783 355424.0711739063
167032467.3763201535 432083.6775267840
174053635.7493972480 564214.0437440872
164729322.4709751904 334818.4904636741
164342501.4959160089 303452.6110382080
172864000.8520537913 544497.6052983999
175148374.4605333209 578886.8209242225
193187589.7351616919 736718.1330566406
188210012.0796617568 686928.9145469666
164121200.7685715854 265165.6344297230
164568911.4046602249 324982.4136833549
196047230.3226698935 761055.3872070312
170822698.9449058175 512275.8906424195
165056883.8610405028 355768.1937738005
165105739.5338622332 358889.8787910938
195848367.6669099927 760968.9272460938
176641958.0193755031 600222.0197135508
165296681.2116160691 369284.8280050755
167217234.9010738432 437088.8765432388
164433313.0752982199 313104.7320380807
177962580.7053804100 622249.6536456347
171088902.1418443322 517635.6503357440
170878846.1166982055 515515.4730896503
168822772.4208031893 476583.5831196457
164053755.4347238541 255889.1586521566
164051672.6437287033 255530.6872543097
170302841.6451240480 509357.5154480487
166059605.9999045134 402448.1148410495
195486800.1542758644 760049.7309570312
164259249.2449055314 294667.7396761179
164329963.7789150476 302425.2904573679
164290422.0619477630 297047.8241487741
165953459.9683771133 398468.3741183932
168801532.8616311848 474514.7368835956
170475782.7294129133 510943.2273621112
170268149.4414398372 507629.4563315064
176110599.9871208072 597426.9490135908
164908966.5887479782 347328.2768101096
164784006.1469228566 340440.6622776389
188244783.4167151451 688544.8827209473
168877418.1357343495 477009.1052842446
177658588.7697505355 617838.0424051285
164201367.8321822286 286910.1888948679
164279161.8724532723 296058.8091937304
165391892.7855995893 374402.6822903156
168691573.6416133046 470677.8237583786
165617191.9791424870 384491.8153089285
167478429.3802455366 443253.0189992934
164190107.6426878572 285921.1739398241
165038791.6345593929 354512.8907225132
167753700.9638524055 452603.9781057388
165844329.0111677647 394126.8760715182
170242604.8167082965 506350.4519714862
169864452.2115878165 496131.7582459003
168716184.4952794611 472072.4123847634
165598561.4392577112 384381.2691814154
164397628.0878660977 309483.7838101387
185811705.0394915640 671662.9833865166
185321190.0333281755 670467.9206423759
189659079.7443980277 705174.3197708130
164355953.9961636662 305235.8502248228
165575347.8908523321 383260.5369894505
167739472.0587283373 451010.5697805434
195821428.6960762441 760544.7944335938
164049139.7060608864 255202.4707122259
165020728.2392435074 354286.3835470676
178201621.3312167227 629431.4041147232
178092202.2936471701 626637.6542825699
173307423.5166136920 552738.6398890999
175473277.0571744144 579349.6535637528
165932072.8132333755 397335.6675588638
169664861.1721122563 491417.5587328877
178192869.3893099725 628784.2273113579
172789235.1179911196 544042.8913658857
165660281.1249903738 386414.6546652317
170152246.7849444747 502848.4580405951
165665184.1294161677 387457.7166895121
165565985.5000032187 382719.0200342387
170299394.2479810417 508297.8328308612
168939342.5574347675 477955.7089904565
164305487.6185750663 300756.9583166540
167805788.6126786470 454213.8087942153
189300227.5396309197 695319.0139770508
167958040.5369539559 455372.8866750747
165782349.3298854530 391402.4351953715
170026764.2105193436 502810.8181824237
173186143.8746288717 545667.2206489146
164316747.8080693483 301745.9732716978
164966948.6066874266 351023.0137693882
169817142.8240540028 495894.4201910049
169466317.9517913759 489422.9992925674
164416355.4438081682 310331.6658802629
164639227.1100999117 329958.9737686515
165059164.1758057773 355940.7282783985
168553011.8985888362 468764.5123093285
164461231.3984270990 313821.5428333879
171453544.4635337591 525254.5837187548
164238753.1834850013 289290.2733675241
164195005.6895139515 286618.5979763269
167410133.3755532801 441960.3907033950
172505396.6163783073 538229.9804660082
164929963.4875747263 349205.0322287083
164887438.0096924901 346755.3399412632
164172160.3078748584 280669.3088079691
164400200.5450260639 310282.3555386364
165004698.7404387593 353769.7264425755
168292102.1565906703 464293.5442719907
164134774.9565720260 272911.7580267191
171895274.1113239229 533282.1756582041
171802066.1032151282 533005.8646077891
164617297.9231708050 329803.9889416099
167586668.9252044857 446078.2610876746
164123267.8778955042 271794.4924045801
165280156.0065181255 367745.4354269505
166822854.6954548061 426809.1585840434
164594189.9532211125 325877.2242502570
164525956.7794415355 321510.0430302024
164460651.0458274186 313780.7051071525
165432345.5732938945 376546.0482324809
166951250.9007969499 428229.3130666763
164095758.6674100757 265137.2940393686
171448161.0729351342 524421.3830351611
167487571.7814418674 444846.4273244888
176445759.3319433033 600012.4484598237
175643553.9375945032 583748.4929267466
174516887.2697075903 568770.5977945328
165279708.1837469935 367485.2472145557
167719811.9586787820 450922.4116445258
165288268.4241008461 368788.4974512309
172705647.8148091137 543463.7941979170
165205856.1452820599 364346.4280464649
167067392.5376784205 432712.3562795669
165422368.3183107674 375502.9862082005
166192621.9501904845 405829.1453586276
194763699.2479965687 749756.0351562500
168495617.0612172186 467420.2847351581
168180352.4841008782 461453.3900380805
164580253.6998571455 325284.7575042248
164133619.5870109797 272894.8448206186
164548517.6399006546 323417.6141347885
171678922.8035304546 530916.1798872729
175732287.8696712255 592778.2939147353
168671627.0480185747 470534.2925781757
164688720.3996636569 332711.7516064048
164559347.2009024024 324954.2008251548
186172715.6521796286 679283.1820869446
185976736.7410098016 677935.3441734314
168034735.8238955736 457670.0032522231
164392297.9468251169 308799.9075382054
164065022.4823260605 256804.4867304265
182666949.4684059918 661332.3118684272
164063020.4878668785 256053.7360754907
168753803.0999363065 472786.6777670532
167471584.9824181497 443225.5136953071
173712205.1784700155 554630.9935697317
167131800.2084000111 433890.5948720649
168229398.6175667644 461760.2474599555
171384534.9093251526 521964.4108671923
164878599.1759631932 342914.2848274708
195009514.2458766699 753640.6040039062
182384206.9154648185 658676.2415559272
167523973.3150827885 445617.9945302680
173931846.2966839373 561745.5822538137
167449129.1941330433 443164.8608632758
193357426.7143132985 741206.0717773438
164757637.7486749887 334886.0513718128
181996792.2048610747 635627.8132691383
181696009.5814239085 634220.7322144508
171635309.8604424596 529079.5944609423
164388759.8565120101 308780.1672953963
164808982.8167605698 340652.1338913441
169065804.3856843114 486307.4314310551
195384199.4930736423 758167.7695312500
177434024.9612236917 610283.6155023575
171678206.9432530701 529589.4061445971
171655645.7539802790 529573.1784453173
167691390.5594584942 449222.0507818926
167692950.0160146058 449959.4925771430
167634112.9628555477 448155.7885748614
166940096.4310284853 427649.7593007758
167254004.4936268032 437688.0793463457
167675701.1429447234 448951.8297353461
194562933.0364864767 747019.3085937500
186428451.2391125262 681341.5091934204
195105988.6942581236 754375.8388671875
194878092.7155568004 750689.6738281250
195168962.2488714159 756072.2944335938
171756658.6215770543 531824.8316435595
171520353.0668039918 526680.4389443179
171702653.0518049002 531818.5617513438
170865238.8130338788 513094.0319483429
164512359.9950698912 319964.7936220169
168552327.8888770044 467968.0396179706
185058781.7838471234 663203.2878713608
171370451.1953938305 521511.7271513720
171020619.1005677879 515856.1566833034
175081552.8773198426 573768.0327768326
177179510.8079302013 609754.6984571218
173088866.9409210682 545178.0452054739
170720587.9391315579 511247.7992615253
177548382.1272569001 612503.3676465750
171410361.2152550220 524067.2808623095
165744779.9141012430 389026.6195089817
179365005.0380593538 631648.2989934683
191400235.9109327495 723952.1567382812
164092514.9568832219 264119.0100225192
177630552.1169222295 615961.2260450125
165061755.2674307525 356123.9140540659
173722347.2045708895 555773.7292875051
173892061.4807317555 561566.8525785208
192925091.1744266748 724552.6433105469
192166476.5887133181 724441.7894287109
188331656.4520580173 691579.4528198242
187933723.9654808342 685796.4989318848
193073663.8239700198 727066.7785644531
184408615.6358498633 661846.7683143616
173631211.1974876523 552888.0339876711
173248098.4162568152 546346.8468968868
193011342.4301495254 726145.6502075195
175195826.1445988417 579037.7427098751
174878899.3345682323 571896.0957372189
191379284.9551344514 716078.0124511719
191052186.5785515308 714387.3806762695
