96635838.2240507603 1215864.6748046875
96740782.9211120605 1216585.9218750000
90156391.0390102118 1058634.7543945312
95428815.4162266850 1205638.2402343750
94591129.6303129047 1193835.8857421875
94967677.3525652289 1198403.9882812500
94547153.8520409018 1193278.6474609375
88659813.2014907897 933482.3120117188
90917947.1412464976 1094336.0083007812
88955655.1626870185 972206.8872070312
98204408.9127005935 1221814.8691406250
89450605.6171227992 1016160.3862304688
90377590.9640047103 1071153.5341796875
90845628.9613406360 1093077.9121093750
90345727.8937895000 1069776.1137695312
89247606.9796273708 1002989.3776855469
97413347.6970988363 1218622.3447265625
89403470.4942067713 1013749.6665039062
90896067.8369679600 1094064.2329101562
90794618.2601569742 1087262.7504882812
90938999.2387882471 1094589.0048828125
90077613.2318561971 1055188.9196777344
88388668.7292638868 889134.0979003906
100332936.1629720479 1226309.9140625000
102059991.1383301616 1227923.5439453125
90829123.4604917616 1092533.4658203125
97049976.7447477728 1218206.2666015625
90673805.8576322794 1083540.1450195312
92264832.1622649580 1145140.9941406250
89237850.5095182359 997825.3146972656
89118309.0048637092 987405.2927246094
90359519.8116862774 1069941.7431640625
89577155.6755111367 1023945.4853515625
100685661.8789364100 1226557.6005859375
88779697.0006098747 950871.9130859375
92915732.4426498860 1161267.5927734375
98475824.3996346593 1222178.3789062500
90239924.5732994378 1061409.9062500000
91349598.8876031786 1111518.3764648438
99661123.6237755418 1225872.0615234375
94242761.7759685814 1188710.4619140625
89386745.5075278878 1013097.4523925781
91786558.0145602524 1127094.1508789062
96129642.6284968555 1213356.4453125000
90646136.4064197987 1080618.3427734375
97191331.6506393552 1218509.7998046875
88309608.3630124629 873467.4179687500
96266190.5344755054 1213643.0527343750
99239475.5231535137 1224709.1738281250
89154974.4020000249 993521.6291503906
97875783.5956793875 1220736.5205078125
92227910.9381668270 1142577.7382812500
88341792.8026359528 880318.7340087891
91797456.7610590607 1128878.6108398438
92267585.2461652011 1145264.6386718750
89015930.9161644876 977719.0917968750
92118019.8745681494 1140604.3818359375
97578147.7472371608 1219699.7890625000
95470972.5175474584 1205664.5761718750
96945198.4668696523 1216775.2890625000
88879621.5703314841 965732.1765136719
95202377.5555584580 1201793.4384765625
97440144.5665991455 1219407.0371093750
93947149.5823899806 1183325.3652343750
97546323.1302846223 1219491.5761718750
95399732.2435533255 1204070.8564453125
88734741.4845515192 943269.7817382812
90048436.4166603982 1052225.2917480469
94808054.2075982392 1198357.5019531250
94607720.0692373812 1194015.8408203125
90360396.1082981974 1069993.0463867188
96467242.2248825282 1215165.6943359375
90270235.8655041009 1066525.5217285156
88295929.0950568765 865930.0236816406
98711487.5246357322 1223451.5000000000
88825715.5870304853 958818.7700195312
88736164.3396617323 944421.5007324219
91307903.9785782546 1109468.2939453125
90023090.2076764405 1051912.5402832031
90662360.3055637330 1083143.6552734375
96132395.7123970985 1213469.8603515625
90816944.5279352367 1088950.9052734375
90116184.9079537392 1058542.9626464844
90543286.7592851669 1079369.0654296875
90891534.4055081308 1093289.3295898438
96496825.3061819226 1215780.3515625000
90254026.6757673025 1064961.9348144531
89994486.0866227746 1049002.1037597656
97769605.0319939405 1220651.9814453125
98225173.6255256832 1221925.1025390625
91093067.9625118822 1102760.6708984375
90582400.7089670300 1080223.5781250000
89048289.1509778202 980494.7707519531
89154113.8869494498 987907.6853027344
89003816.5694733858 977195.8103027344
90157247.7520054877 1059723.2639160156
90525326.9663061351 1076846.0356445312
95216500.3071612567 1201878.0048828125
90423029.7424274534 1074754.0834960938
99476771.9472480714 1225272.5673828125
88332990.1398196965 876188.1630859375
90107872.7607274801 1056675.1247558594
90090480.6740390062 1055208.4711914062
94235796.3850435168 1187682.8632812500
90069301.0846299380 1053321.0817871094
90060822.3672744036 1052860.7194824219
88380335.0337133408 886532.1317138672
90694525.4104859829 1084334.2670898438
90826826.7809570730 1091687.8378906250
97765098.6478843242 1220150.4072265625
88371521.9602535814 883116.5305175781
88379956.8150390834 884497.3771972656
97677187.7613301724 1219886.3134765625
89995378.6687666625 1050306.4951171875
94531408.5786221027 1193114.3769531250
96356557.2770874649 1214579.5810546875
88356457.0599859208 882624.2961425781
102366088.3906224668 1228341.6855468750
88745477.8254398108 947231.4099121094
95399150.2720135897 1202470.4238281250
99418118.8941029757 1224930.1835937500
90485181.6172427535 1075261.9741210938
88650379.9948491156 929978.7498779297
90723379.4370234013 1086557.4531250000
98945552.0200341642 1223514.6240234375
95732644.9712308049 1208607.1962890625
88908190.9286206663 967366.4597167969
88721978.0703866780 942545.8269042969
89322934.1058176756 1003596.3928222656
88355519.1588478237 882166.4426269531
96306450.4112554789 1213694.7373046875
88754916.1611864120 947699.8317871094
98085446.3504506797 1220920.5908203125
88872613.3467895836 962457.1462402344
89895153.0410026759 1046198.4421386719
89355872.1966174394 1008750.3977050781
89637148.1397638470 1026986.1760253906
89715033.5432876498 1033125.8488769531
88691431.9966235608 938839.7700195312
97466980.1242828965 1219451.2109375000
99227010.5923931152 1224093.2910156250
94696516.8630725890 1195862.2402343750
88760732.6555436403 950625.1865234375
89788090.8222830892 1036957.5893554688
89205070.9196464866 996071.7016601562
101756834.5143171400 1227868.8876953125
88954424.3292410970 972066.2119140625
96736322.4286234379 1216336.3554687500
89589254.4672799259 1026433.8605957031
92816705.5285643339 1158749.1386718750
101388351.9275621325 1227237.5205078125
99015737.5807505101 1223720.1093750000
94736813.9336041063 1196752.5810546875
101268240.4730297625 1227089.2060546875
95798303.6126777232 1209973.0292968750
95843095.6846228242 1210260.6416015625
95871241.2655244768 1210781.7382812500
88980529.8427227437 973271.5063476562
101159033.8828176260 1226961.4785156250
95524535.2211793661 1206296.7050781250
91380533.3953948468 1113670.8168945312
91442921.7931146920 1115923.6264648438
89046787.9966424853 980476.8623046875
96068424.7007757425 1211401.3242187500
89521699.1111342460 1021988.5568847656
89042956.6895797253 979328.0385742188
89069700.1242884845 983606.5922851562
89520327.4570600092 1020170.7829589844
91187464.6560321599 1105866.9780273438
91406746.8909716755 1114885.6342773438
88432942.8505595475 896939.2966308594
101744405.2154575735 1227745.2412109375
90949046.9093184620 1096478.7421875000
95534612.3107205629 1206882.1103515625
88548949.7860261053 915489.8359375000
89958028.6869858205 1047084.3093261719
96087784.2281095386 1212551.8007812500
88941626.2000806034 967446.8029785156
91536800.6082928479 1118249.0903320312
94614812.0694477111 1194992.4599609375
89950247.7043448985 1046394.8820800781
88541697.8122292012 912906.6445312500
94323984.4399146140 1190367.9560546875
94311380.0700031072 1189607.3632812500
88560816.6374442279 922241.4473876953
89973127.4589662105 1048494.8120117188
95711717.5666320473 1207426.3769531250
91241497.0590394139 1109232.0263671875
91214627.0328618586 1107266.2148437500
89503345.9864903837 1018244.4934082031
90103519.1784510911 1055338.8525390625
89702218.8077198267 1029095.8229980469
91383875.9013238102 1113917.6240234375
91148139.0616233647 1104911.4599609375
90978740.0224743634 1097665.4731445312
88496094.2603557408 909823.0400390625
91618527.3112043589 1123715.4731445312
88543987.7130045742 913564.7015380859
88625332.9297805130 927062.6368408203
90998573.6900263131 1100251.2031250000
95632887.6360283345 1207165.3515625000
89344499.4075719416 1007052.4189453125
89872815.5050091594 1043423.7966308594
91068691.6749394387 1102504.0126953125
89754766.0161947161 1036731.8083496094
88683264.2620547265 934625.7713623047
88641221.7398346961 928899.5142822266
88747205.9118497968 947272.3388671875
94028372.2463359982 1184936.4423828125
91311615.0439524949 1111484.8359375000
91462135.0731692016 1117611.0097656250
93465317.0649554133 1172307.4082031250
93465070.3304211795 1172170.9062500000
93472333.9790497422 1172405.6386718750
88797100.5656388849 954381.5310058594
88656488.1555356383 933207.3857421875
88842022.2440778017 959202.7204589844
91788127.0852358788 1128651.2045898438
88795974.1557696164 953879.5192871094
94089090.1667689383 1185722.0292968750
93278282.8802505434 1170087.5419921875
92297241.8277805746 1146426.3535156250
92637907.4400390834 1154629.1982421875
91859597.6651223898 1131067.9340820312
92680350.3239667714 1156867.0644531250
92604408.6898761690 1154476.0507812500
92463896.1634638160 1150712.8730468750
92003358.7240990549 1137050.5981445312
91848836.2568685412 1130797.0864257812
92327109.8528021127 1146675.1904296875
88536546.0069808662 912518.4766845703
92503841.2780265361 1151547.1152343750
92644046.9271689802 1154809.6650390625
93791383.5073181391 1180441.7070312500
93659086.2208130956 1176916.9375000000
91894064.2570770830 1131804.9360351562
94692704.9473934770 1195458.0761718750
92493764.1884853840 1150961.7099609375
93399101.2479413152 1171889.5527343750
92170013.0597822666 1141353.9028320312
91548646.6528193653 1118934.4311523438
90523917.4672783911 1075643.1225585938
93685351.2707159221 1178157.1191406250
101621961.0026314855 1227551.6074218750
93559765.0782547295 1175539.5439453125
102317557.8684132397 1228093.3105468750
94720853.9242510945 1195922.5634765625
101536534.0945604593 1227509.2021484375
92396176.3889186382 1147244.7050781250
93719786.4425219893 1179218.8583984375
88448936.9841111451 898985.0729980469
92729306.8180412501 1157303.4853515625
88613370.4333944172 925704.0334472656
88589778.3816888183 922668.1832275391
92884045.5810000896 1160103.9453125000
93898190.9416852295 1181902.8535156250
89637679.6924232990 1028066.1750488281
102329609.6291482598 1228116.6787109375
101526244.8017047048 1227364.0009765625
102061813.1031839997 1228005.7919921875
93755465.7279725075 1180242.7441406250
93001690.8453979939 1164531.3857421875
88454354.7159090787 899510.1101074219
89705596.3096677810 1030997.2412109375
93188913.2234779000 1168445.1660156250
93101158.6780406833 1164962.8085937500
93071290.6530191004 1164713.9716796875
88431876.8156231791 892816.4929199219
95022317.6429375559 1200634.6025390625
92946195.8448226303 1163090.7353515625
95095168.8442839682 1201180.7294921875
91729831.1793169379 1126742.8403320312
94994764.4707577229 1199493.4521484375
89618062.8654687554 1026728.3671875000
91963646.6489842683 1135585.3071289062
91813126.6197675914 1129571.2934570312
94048146.4440649450 1185294.1796875000
93723820.3559609354 1179912.7958984375
88528948.5972570628 911906.5659179688
92931797.8722977787 1161892.8876953125
92992996.2874665558 1163603.4384765625
95343199.7165528834 1202226.1669921875
95330536.0976871103 1202168.7617187500
88404884.3013985306 889379.4730224609
92899402.4948947132 1160218.6796875000
88470093.1681825370 900478.8325195312
91612013.0355478525 1121780.6054687500
88476652.6292217970 902344.3090820312
102034681.8216415942 1227906.0654296875
93500412.6830647290 1172552.0292968750
91940355.0602232665 1132451.2661132812
99229440.5525048524 1224096.6640625000
88495457.8390828967 902814.0895996094
98099822.6731084585 1221033.0849609375
101490080.6264378577 1227271.8505859375
88522901.3549772203 910737.1467285156
99136586.8569197804 1223760.1298828125
98622893.6716756672 1222440.6630859375
96995517.4030034542 1216849.4902343750
97422013.2799896598 1218752.3964843750
