44454611.7935610637 31389.4626293182
45275567.8682168573 35937.4721832275
44975132.1469278038 34512.2002258301
44893399.8188334629 34209.7640914917
44776618.8432547450 33514.9964864254
44913050.2584768683 34238.0298385620
44275244.9977229908 30018.2758848313
44480628.8893954754 31450.6617889404
45294158.9754258618 35951.2086944580
45287292.9953832701 35947.5641632080
45316550.7258470953 36065.8992843628
45441292.1907784641 36533.2685241699
45367276.8152008280 36413.4166870117
44688271.6615333557 33083.0540752411
45402554.6347605512 36437.2280273438
45209462.3945422620 35693.3426818848
44548264.3899338692 32171.3264904022
44418217.1748731583 31141.3804607391
44459504.4307624549 31403.4304389954
44967688.9174427763 34498.4808654785
44784998.4737222120 33574.2755391598
44707425.8917591646 33178.9713726044
44976459.0576867536 34589.7439727783
44067727.2573748976 27281.0424587205
45468026.6281175166 36738.6335372925
44026340.2375725135 26164.4494455829
45350324.1825892106 36282.2275695801
44928615.5161678270 34305.9037170410
44925516.8942367211 34269.0431442261
44544573.5662910119 32069.4658539537
45393669.0204265639 36423.5086669922
44723538.7336263433 33334.7107353210
44421728.4637441039 31156.5747849941
45192360.9310029000 35629.4391784668
44731265.2146477476 33354.3056030273
43978423.6349271908 25070.0589077473
45201086.7322583422 35633.0665588379
44121386.6564999074 28180.5671264604
45778753.6237080470 37759.0197753906
45420431.6286154538 36492.5971069336
44143418.3774277717 28319.2986514289
44673411.8818983063 33017.7848472595
44345547.3244277090 30411.8489179611
44444680.7815367877 31337.0910949707
45156386.2003163621 35333.2286834717
44607191.7706636935 32398.0251674652
44849270.6644112468 33917.1471405029
44666240.0662146732 32997.0552406311
44216497.7693416178 29356.5818235520
44820813.4368333593 33898.0923881531
45198170.7969036996 35629.9989318848
45833730.5875600725 38250.3967285156
44199198.9568406120 29029.7060062885
44572144.8045464158 32220.5234470367
43989051.9187225252 26127.2786471192
44995705.9415656105 34641.2193756104
45608439.2398068011 37162.4070129395
44266528.4073415771 29886.5308229811
44927679.1151853725 34279.9477844238
45461254.8985258341 36718.4909515381
45153470.2649617195 35326.3430633545
44639414.0634076670 32772.7371098995
44229039.5453081205 29415.9230919722
44314449.8120952472 30257.6470902208
44721179.2539384738 33260.6840209961
45259840.4230488837 35840.6006164551
44936058.7456528470 34339.2268371582
45412629.2475903928 36478.8755493164
44029059.5692849979 26178.1153028980
45534221.7242292836 37043.4375000000
44861604.0818068609 34008.1697235107
44860667.6808244139 33982.2137908936
44389121.8103688210 30999.4428088069
45522496.5970628709 37035.6636962891
44513183.6956418231 31861.6273951530
45481931.0096081644 36852.6585235596
44335085.7353692353 30359.3500072006
44033142.8787923008 27055.8066563196
44315554.9725032449 30327.3077652697
44481193.7192922235 31508.7679345608
44487533.5588046014 31579.8980216980
44110599.0525626466 27997.3674806952
44865341.4082685634 34054.2308731079
45861031.1872100532 38260.2538452148
44873721.0387360305 34113.5099258423
44539902.1522134915 32037.6449616197
44061553.2757254690 27130.7219700404
45046128.1961706579 34937.7597351074
45189338.7575603724 35540.2521057129
44814182.6410466507 33739.3146171570
45190275.1585428044 35566.2080383301
44114614.8963957876 28005.7550219074
45404012.0715651363 36478.4984741211
44204200.5658410490 29184.5245401338
44360131.1776390001 30552.4622020721
44808956.6171514615 33642.8274650574
45037748.5657031760 34898.0844421387
45525075.8563591912 37043.0432739258
45561908.3914734274 37103.4920959473
44795969.7529183552 33615.3043937683
45639931.2997451723 37469.8921813965
44561517.9146333560 32171.4919948578
45683745.7108084410 37664.2002258301
45682809.3098259717 37653.7842712402
44100655.7088707089 27916.8544872603
45336507.8933750540 36257.8874816895
44962693.4403336793 34457.7258300781
44815119.0420291126 33765.2705497742
44155274.5963013619 28827.6792489067
45133139.0496992245 35289.5146331787
45040188.3679445237 34911.8038024902
44172069.1081497297 28884.7013436574
45048567.9984120056 34971.0828552246
44963629.8413161337 34483.6817626953
44410534.3748333976 31119.0690612793
44955250.2108486518 34444.0064697266
44294202.3862012923 30157.2313997559
44594460.9088309109 32278.0613174438
45344310.2744001299 36271.9479675293
44251668.8677778021 29475.3357634619
45343373.8734176531 36261.5320129395
44204292.9657477066 29277.9220773820
44330183.1311045513 30338.1620034575
45675943.3297833726 37650.1397399902
45467170.1597914472 36728.0231781006
45147660.3990609124 35325.5453948975
43988525.6801028922 25321.4559247047
45697800.9607679993 37687.0924377441
45812343.2581557781 38228.9185180664
45635433.0581153184 37449.3030853271
44373275.9951039553 30919.2146677971
44399034.9811794087 31054.1751017570
44425356.8295319527 31226.2354600430
45453585.2114121988 36717.9483489990
43983414.3969564065 25234.4547379911
44263812.2249462456 29816.7332714573
44179044.9624635354 28903.5991250053
45746620.6286149696 37747.5412597656
45592492.8779315203 37161.3447570801
44569819.6485269889 32181.4290523529
44596218.9804636762 32296.6645510197
45626287.1902452409 37448.9088592529
45875892.1523826271 38294.1507568359
45655874.1802516803 37504.9433593750
44384320.1397558972 30958.4760502689
44505087.2645905092 31750.8397248033
45145130.0735488832 35313.7386550903
44329342.9749259129 30336.0094563961
45159981.4414121062 35464.5846633911
45137686.8440638557 35300.0192947388
44404847.4569420815 31080.7729234099
45623707.9309488982 37441.5292816162
44660640.8956289738 32827.1257305145
44529518.0742037520 31928.7812423706
44422042.4789814427 31161.6159257293
44513030.4859255925 31857.7420548797
45503643.9549795762 36989.8705444336
45814922.5174520761 38236.2980957031
44306842.9419369847 30194.0542215779
44094290.9732988924 27822.5896458216
44350320.1979339197 30482.2785091400
45468042.9516513944 36753.1769561768
44654212.1913579926 32793.4667165279
45122113.2559674308 35154.1520996094
44204189.7188698128 29176.1124980170
44441034.4491207674 31248.4127502441
45025733.3647002503 34810.3436508179
44522477.9512611702 31894.0863628387
45316596.6733936742 36166.6243743896
44958807.2738752961 34448.9263229370
45017353.7342327610 34770.6683578491
45024796.9637177810 34784.3877182007
44126402.6083234251 28253.5156594533
45821679.8722645044 38236.6923217773
44024800.9722760916 26150.4065493122
44515062.5042136908 31887.9295213223
45034655.2411955446 34843.6667709351
44811210.6303232685 33680.7110137939
44660777.9084450155 32899.9021911621
45498110.3022121862 36943.9387817383
44530637.7636672482 31963.4397103786
45115247.2759248316 35146.4437866211
45126273.0696566254 35285.8701019287
45918171.6620488018 38319.7655639648
44950427.6434078068 34409.2510299683
45296261.6698058024 36019.3163528442
44495773.0549695790 31750.2653636932
45171208.6055331603 35467.8349685669
44695729.3379608765 33089.4088344574
45705388.9590643495 37700.5137329102
44656585.4049998969 32793.8799724579
45470292.8167205751 36773.4598312378
45182784.8732265383 35488.1254577637
45660960.1576911807 37608.2440185547
45665184.9862764552 37640.0649108887
45737273.6506538391 37747.5397949219
45726776.2884686440 37724.6490478516
45751079.6233571023 37757.9721679688
44623259.9344808012 32643.7539787292
45895798.4262198582 38295.1900634766
44283055.5163431838 30101.1196968798
45861593.0424868762 38260.8276367188
45845384.8232023716 38251.1333618164
45548702.4948464036 37069.0590515137
45572680.3677977324 37128.0056457520
45254746.5889580622 35778.8579406738
45580896.2452659607 37128.0216369629
45565641.1162725240 37117.2049255371
45566577.5172549710 37127.4383850098
45445952.7737077773 36647.7646560669
45017093.2709699050 34700.4984283447
45216052.6078434512 35731.2008972168
45725839.8874862045 37714.2330932617
45356277.5865086466 36401.1289672852
45394407.8447828293 36432.9184265137
44445629.7931898162 31355.0521526337
45255682.9899405241 35804.8138732910
45353939.6377382725 36387.6517333984
45188729.8585031256 35502.0368576050
45519810.7671114355 37021.6914367676
44996642.3425480649 34667.1753082275
45426667.7303446457 36525.1881408691
45604139.6701237634 37161.8843078613
45187137.6090360731 35498.6355209351
45609930.2327773497 37186.9595642090
44776003.2347023413 33363.4448165894
45585626.8978889138 37153.6364440918
45541198.0965157300 37061.3667297363
45493413.9942288622 36918.7850036621
44597203.8403261527 32350.7156238556
45091845.0302873701 35013.3555603027
45425731.3293621913 36499.2322082520
44988262.7120805830 34627.5000152588
45087828.3097266778 34979.0008544922
45334957.0892727077 36195.5093078613
45718973.9074435979 37710.5885620117
45033900.8192783371 34814.3095016479
44611335.3493256196 32418.3934497833
45418288.0998771638 36485.5128479004
44533900.9618265033 32016.7462139130
45564239.5684846044 37113.9611511230
45508820.4131141603 36991.7696533203
44575771.4232232198 32242.4651947021
45588910.5876868218 37160.7593688965
45555407.6855120063 37073.7030334473
45770610.8746303394 37758.4963989258
45560138.3381349593 37083.7778625488
44701650.3663597926 33128.0840950012
44491142.6848612651 31688.3713207245
45788308.4303769991 37783.5869750977
45246615.1484552696 35765.1385803223
45118985.7788821980 35153.5667114258
45034259.9708183706 34814.6506271362
45099821.8153907135 35121.6266479492
44114887.0464257896 28063.4360876083
