554401387.3134372234 45110186.7734375000
589106128.5452787876 47739295.4687500000
556777076.3169785738 45504721.1875000000
569558677.4337234497 46831721.4375000000
571318231.3248918056 46965542.5312500000
554409926.2304223776 45116271.9765625000
571157493.0902822018 46955805.7500000000
565638056.1783490181 46534373.1562500000
611561240.2644922733 48334002.5468750000
611313300.5721666813 48330602.5781250000
553732738.7098002434 44972535.1171875000
554233264.7549518347 45056113.9765625000
555764931.8478324413 45336969.1953125000
558544165.4364490509 45754510.8906250000
567901129.5234557390 46704799.8437500000
552773003.3303518295 44740793.3203125000
568275342.6750692129 46745100.2187500000
564610138.0779224634 46456258.0937500000
577058744.5206266642 47279877.4375000000
576755647.7619805336 47270796.2343750000
590949608.1061314344 47826239.9531250000
554088626.6100970507 45048538.6640625000
554634755.3945319653 45141395.8515625000
558844591.0128179789 45828821.8125000000
563664557.5898306370 46369587.9218750000
604561016.7115184069 48194596.0937500000
573319470.3136872053 47047334.7812500000
555848481.7496064901 45355346.5234375000
573941223.7864893675 47094762.6875000000
558049988.5740684271 45716755.4218750000
568714538.2344554663 46784073.9218750000
568384283.7692213058 46745875.6250000000
578465230.3330368996 47361150.0781250000
555948670.4037585258 45369867.1796875000
565400287.6961313486 46533203.0468750000
576009212.4746624231 47223640.4687500000
553700081.4941834211 44960644.3984375000
553506155.8450115919 44911304.6484375000
554012431.2063930035 45033619.0546875000
556440678.7135777473 45418462.2734375000
555733351.8066347837 45335990.1796875000
557564457.8484956026 45639114.0312500000
557611854.7703577280 45647770.2656250000
564016771.8985673189 46408190.3437500000
572461337.0701019764 47015983.9843750000
576696058.5383608341 47244764.9375000000
576009212.4746623039 47223424.4843750000
553696569.9442164898 44953373.7421875000
572014193.2958867550 47003413.5156250000
556580609.1849672794 45480255.8593750000
599508349.2910951376 48025628.2343750000
576449444.0327898264 47239658.9375000000
565859333.4225934744 46561152.7812500000
590761095.7740401030 47826121.4843750000
564730083.3961300850 46481552.7812500000
575910760.8194980621 47211437.9687500000
557568937.6431221962 45647546.0000000000
569791358.9225959778 46855107.8906250000
553076178.9256006479 44815424.6796875000
561758674.0479794741 46165828.4375000000
570951286.9613510370 46942935.1406250000
558109613.9078742266 45727381.4843750000
561814744.1330175400 46183593.7968750000
589250163.3026127815 47758549.0312500000
562349440.5350366831 46237477.5781250000
555171115.0302460194 45239466.0390625000
557068074.6597180367 45566232.0156250000
554321757.6241656542 45094894.4921875000
553148843.3037523031 44833323.4296875000
564848770.3654090166 46482291.2031250000
572311202.0953974724 47009009.3750000000
585953783.5889703035 47617260.4062500000
569666285.8732564449 46849237.9843750000
557815502.2684817314 45684439.9843750000
577870962.1661309004 47316748.7343750000
589830412.3927106857 47786741.3906250000
554219363.0313639641 45050628.5937500000
563730443.8834223747 46371896.3906250000
589368542.8894473314 47773646.7187500000
578510695.7538509369 47372511.2031250000
552851272.0103280544 44759829.2265625000
590094693.0844416618 47804228.2500000000
655479372.3346936703 48791913.9375000000
565332808.1228998899 46510842.4843750000
555304561.8314180374 45257869.0078125000
604175999.0935199261 48152559.4843750000
581740060.7984875441 47447602.9843750000
581774846.6487882137 47452281.1718750000
566956109.0970011950 46644327.0000000000
560574542.6909325123 46060316.1093750000
559310124.0735477209 45883581.2500000000
556814446.6522234678 45514599.1093750000
563525327.6981974840 46353525.5781250000
608158840.0130604506 48256125.9218750000
556737424.5466858149 45503980.0937500000
557014481.3322616816 45537201.2187500000
576973747.8758311272 47273026.5000000000
590639375.5373671055 47819564.6406250000
556938520.7526056767 45525874.0937500000
552971346.7674065828 44789651.0546875000
640799492.5020753145 48617223.5625000000
556876024.5846307278 45519850.7343750000
590960126.0376747847 47832631.1875000000
617150271.9183762074 48398506.9375000000
617161606.8048293591 48408092.9375000000
581723993.5399901867 47442294.8437500000
590690085.3309239149 47824667.4531250000
556879532.9055896997 45520265.4218750000
563402178.1522721052 46322774.2812500000
562933988.3170841932 46285979.9375000000
553932426.2627416849 45008146.9843750000
579190145.4769431353 47390605.9375000000
602370362.7087451220 48118594.5000000000
602516467.1008502245 48133972.2031250000
611604307.0212477446 48335711.8281250000
557214268.9036098719 45587983.0312500000
559137030.3310369253 45868793.0937500000
613330371.5448387861 48372476.7187500000
599792772.8029855490 48039390.4687500000
678829200.9924327135 48978454.5781250000
613011294.1639417410 48369846.5312500000
555353298.9257079363 45268325.2734375000
556130565.1023145914 45400341.4218750000
556948785.7477929592 45534509.6093750000
555420957.9465401173 45281143.5859375000
556624378.9756712914 45490785.7812500000
567073589.9421352148 46659732.3593750000
553644422.8049976826 44944354.0390625000
661783264.0456401110 48824177.8125000000
553389299.2352501154 44889256.8750000000
558030001.1965653896 45712270.5312500000
613399585.8241319656 48374015.1718750000
617185157.8348894119 48419389.7343750000
555106226.5809736252 45230395.4765625000
555349790.6047488451 45267857.0390625000
556597276.3234210014 45484647.8437500000
556211921.3701946735 45416768.5156250000
557876562.5522170067 45694495.1406250000
553314564.8889635801 44873832.4843750000
556581355.9558371305 45484603.4062500000
563007254.4184916019 46298720.2968750000
613547526.2437738180 48376188.0937500000
612813142.7260252237 48362982.2031250000
556678036.2890297174 45498655.8281250000
553030521.8441492319 44803954.2734375000
558003895.3826473951 45709494.5781250000
611184703.0615360737 48306720.5312500000
559738049.2682976723 45934743.5156250000
555285335.9549745321 45255236.7890625000
580946873.8766213655 47431491.0937500000
612596437.7887556553 48354605.4687500000
558755326.0442533493 45810555.3906250000
647486829.7413809299 48718351.1406250000
617283516.6352612972 48421241.6406250000
557160338.3246240616 45577243.6718750000
628212267.2047919035 48474409.6406250000
666766949.6469857693 48854421.9687500000
601201209.1757743359 48075561.4062500000
600940968.0297930241 48063299.0312500000
586110355.8918439150 47630693.5156250000
668234969.7280285358 48878655.0000000000
553094715.1621398926 44821296.8281250000
556063651.8099025488 45388499.2968750000
564258925.4823803902 46429607.6406250000
565787449.6511402130 46558263.8125000000
568400484.2937843800 46757661.2656250000
564471148.0661377907 46451312.9218750000
574167576.9012991190 47112379.2343750000
611823889.6928079128 48339589.3437500000
602319136.5703030825 48080091.5937500000
611507511.8347197771 48333316.2968750000
562581644.1196820736 46255828.3281250000
595067448.7243139744 47944260.2968750000
559901611.9799747467 45949789.5781250000
580275437.0257256031 47417876.7187500000
560359691.1410677433 46020212.9531250000
570579455.8684635162 46921063.7656250000
585983645.0553611517 47620072.7187500000
585590518.2178223133 47599613.7812500000
559726284.6399496794 45927417.3281250000
587856154.3232212067 47696896.9218750000
579866087.1641206741 47409959.6093750000
569239444.1707211733 46824887.3437500000
561263616.6063637733 46118769.8750000000
674873359.2155625820 48938359.6562500000
568344903.4118319750 46745560.3593750000
560833187.7544059753 46073905.4531250000
556914818.7563238144 45524080.5312500000
559357308.9222579002 45897800.8437500000
567271862.4764065742 46673752.3125000000
559637709.2716850042 45924574.5625000000
568473325.5502277613 46763199.6250000000
578164549.6955152750 47337546.3906250000
561642406.6828683615 46156037.9843750000
561384115.2947394848 46133684.9062500000
560213554.2421119213 45998525.9843750000
613706639.6133898497 48382449.1406250000
561077442.1523848772 46102759.3125000000
563170432.1229730844 46320046.4375000000
572514793.5975023508 47018476.5937500000
568621087.4103425741 46773507.0156250000
560722227.1171654463 46063024.3437500000
562879101.3861069679 46283830.8281250000
665143074.9662407637 48833242.5156250000
665354190.1108056307 48845025.6875000000
572636652.6006557941 47029385.1875000000
564048358.9705513716 46415695.8125000000
592401418.9884266853 47868324.3437500000
572371511.1838564873 47014795.4218750000
560009760.0467237234 45973280.0625000000
678740114.9249609709 48969214.2187500000
676345093.6234973669 48948822.4062500000
587332999.4937161207 47677020.0781250000
560140274.3157290220 45989770.8281250000
568218647.7083841562 46729439.7031250000
646969220.2955410480 48643334.7031250000
678761585.6139172316 48972102.6093750000
610972528.6938661337 48289319.8593750000
571540976.4558734894 46973764.6562500000
671436683.4699926376 48886897.5625000000
572486685.7394144535 47016942.4218750000
567369268.1676961184 46684025.5156250000
600638729.9820847511 48045677.8125000000
632552548.8824821711 48515638.1718750000
631943096.6408395767 48505314.6875000000
665627138.9324256182 48845100.4843750000
566717012.0028655529 46622519.2968750000
587337719.9732320309 47683569.4687500000
609084125.8215818405 48286738.0000000000
579336567.5993514061 47404768.9062500000
638989613.1942509413 48577445.0781250000
565779891.9743002653 46549236.2031250000
678499490.6515625715 48965258.7343750000
625956675.1775664091 48462924.7500000000
673158308.5857273340 48917628.0781250000
596774895.3346797228 47959938.7968750000
569218389.7831522226 46817585.5312500000
678462264.3856722116 48957766.0625000000
569870682.6977946758 46864311.9687500000
586728927.4980025291 47661956.9687500000
569959254.4620110989 46874662.4531250000
672010556.8745787144 48895841.0781250000
588145854.8799154758 47715994.4375000000
654465671.1189532280 48742016.0781250000
661318808.2456033230 48800862.6718750000
654795735.4323737621 48750440.5312500000
660747455.2516528368 48795579.0937500000
585561451.4648284912 47592627.0625000000
567549701.0926868916 46691160.0000000000
678421394.4348978996 48957484.0156250000
623649202.3192571402 48442795.3906250000
623244621.2863700390 48436014.0156250000
586856601.1931514740 47670223.7968750000
586550924.7289180756 47659226.3125000000
632779462.0478993654 48531036.0625000000
632610045.3497079611 48525653.4843750000
621507452.1363111734 48423576.0312500000
574763544.5861525536 47150033.0937500000
574591054.1007145643 47136870.0781250000
596144002.2668768167 47957049.6875000000
621866816.2961302996 48426250.8906250000
574257075.4592183828 47126152.7187500000
574198289.1859626770 47117309.5937500000
574449774.5771389008 47135173.2500000000
637698068.8253171444 48571902.7031250000
637081140.5258547068 48570037.8593750000
569654570.1019393206 46846344.1406250000
597665991.7374882698 48006212.9062500000
597450180.2307770252 48001737.9062500000
607096472.1780637503 48251200.3593750000
597309509.6615520716 47974977.2812500000
594403360.4811511040 47903621.9687500000
644402369.4301387072 48631711.0781250000
644458034.1030718088 48641766.0312500000
620806969.1530153751 48422180.5625000000
599574260.5157041550 48033573.6562500000
591350653.8560782671 47847193.1718750000
605770977.6051872969 48209419.5312500000
606623099.9746459723 48230264.5468750000
636356857.7516413927 48555640.2656250000
582981199.0323361158 47487724.2500000000
582788218.3695245981 47485657.5000000000
635390275.8283985853 48535063.4062500000
607040693.0771752596 48243753.9687500000
594453252.0821938515 47907186.2500000000
594828878.6635968685 47929000.9531250000
606308210.3492033482 48212929.9843750000
593287392.4715474844 47893709.4687500000
592942840.8536641598 47882560.2968750000
594404725.3806337118 47905703.4531250000
603561254.2652956247 48147135.7500000000
605401504.1065547466 48201035.7500000000
588585140.6607109308 47717955.4687500000
588774932.1586804390 47734222.5625000000
589188567.8070924282 47748874.5312500000
584160669.1167968512 47536860.9375000000
584478373.7396637201 47566376.1093750000
584276097.8329732418 47543062.6250000000
584396715.1287419796 47552307.9062500000
583754427.4865419865 47516633.8125000000
