154278339.3837455213 6692.1670834329
161428723.7770323753 9151.6319834590
153784736.6210821271 6267.5717706675
161581590.7864220142 9180.9705397487
161596915.3580387533 9188.4729277492
153528171.9385703802 6157.7669968337
158015270.1536174715 8175.9006420224
156056405.5543697178 7497.2234985238
161929875.1937172413 9304.8953581993
153010419.2108083367 5594.0294323090
153038802.0772064328 5694.3236189011
169936526.8635314405 10255.3487739563
158015270.1536174715 8176.0006633847
166206715.1801729500 10038.9060821533
163153332.6385379434 9591.1816206872
163430667.9172886610 9673.6241989136
153187828.3699794710 5864.3877680182
169800027.9806405008 10254.9440116882
161205079.4667986333 9080.2078501582
166206715.1801729202 10038.8199386597
163565722.4402170479 9686.1219787598
153528171.9385703802 6158.0945954054
154263014.8121287823 6680.6271969583
154327204.8323125839 6728.0829426553
155474846.9166823030 7207.9440037996
156643039.2653119564 7678.3275331732
160436383.8702026904 8884.1738940179
161905315.2452471852 9269.4229667783
155491516.6550204456 7236.4144864285
175971910.7725088000 10281.9165458679
159409795.3404092193 8605.1263845491
166206715.1801728904 10038.5519104004
164248145.4743654728 9807.3874301910
156599260.1045134068 7669.0400614020
153222414.5568158627 5890.0804650310
163296669.5601404607 9635.9793205261
163296669.5601404607 9635.8866081238
169799609.4214956462 10242.3109169006
160591927.3713170290 8939.0578890741
162945559.6698842943 9540.8892851770
160872109.7980288565 8984.1958628595
153187828.3699794710 5863.2949640632
152916439.3592012823 5516.0600261811
162945559.6698842943 9540.9339171350
168590898.1122615337 10200.9396743774
163037855.4725582600 9574.5872450769
154475553.7678467035 6799.2929932382
160528669.5321775675 8922.0937586725
162945559.6698843241 9540.9426070154
162429385.9121892154 9433.0231782108
154278339.3837455213 6691.6798168924
154263014.8121287823 6683.8738858011
153688306.1600585878 6228.7011940006
153461580.9438010156 6154.2904300216
156693062.1456952989 7699.4295923289
153461580.9438009858 6152.2153415207
167695294.8157175481 10154.6620903015
167309937.5909644365 10150.3067741394
168085836.3256554008 10192.0293006897
153393642.7233881056 6102.3927294735
156320799.3855224848 7570.6056436774
163284740.7161919475 9621.8209805489
167036792.0975356698 10107.1676292419
160847626.3588613570 8967.4264304042
162960675.2771728337 9551.8161040246
157137232.7569347918 7789.2178396460
160528669.5321776867 8924.5607157648
163828284.9579373300 9703.1320233345
155017125.0487122238 7026.2545899004
154263014.8121287823 6680.2866665628
153393642.7233881652 6102.7176196102
152916439.3592012525 5516.0196437959
162945559.6698843837 9543.9500990808
167077150.7289173603 10115.3966560364
156220801.8856346011 7553.3073572394
159862288.3171635568 8736.0712763667
153171644.8758681715 5796.8996708274
154005081.2302670181 6455.1504365179
153143433.5004556179 5781.5930370681
153748823.7070963383 6229.6084892277
153245586.5390335321 5941.9041678432
153313773.8957965970 5973.3131033901
153252941.2434288561 5954.5004591860
153222414.5568158627 5889.7945839886
161754879.7696860433 9234.1114165187
155147094.7482697070 7036.1686817557
152980291.4535880387 5571.6105471171
154085543.4267486036 6515.4889057644
153639962.3346110880 6193.5568987850
154475553.7678467929 6799.8349320199
155540382.1035875380 7272.7020421231
166209196.8576289415 10051.3403358459
152962461.7568503022 5516.4563667059
153999994.9424984455 6429.9182053778
167309937.5909644365 10150.3038825989
166879018.7082431316 10078.1461410522
169800027.9806405008 10255.2082176208
154142941.0823365450 6571.4064770315
169244274.3819023073 10223.0871238708
153542929.3660399914 6165.9932963375
154501294.3075067699 6815.0933644082
165534778.0665755570 9995.4721603394
153965834.6427198052 6412.6294221498
168051927.3673139811 10182.4272117615
153278028.0693250597 5960.1546034936
154065453.6938177347 6485.1069222066
169516516.5777736604 10225.6474609375
161808629.5205880702 9241.5227280765
161749720.5015986264 9229.3246880714
153142292.7878324091 5779.7790024161
156401856.3260185122 7645.8239359137
160855131.4337201118 8970.9606466218
158962209.3320105970 8442.6289920099
153878880.3852019906 6378.2611833189
165826720.1700526178 10021.7251586914
160631858.4367176890 8960.5334678798
153542929.3660399318 6165.9860560421
158669894.2808987200 8387.6251277216
166364029.3034657240 10060.7558631897
157336598.0377854705 7914.0666755940
155147094.7482697070 7038.1577030569
158766850.6263439059 8427.9651133604
158766850.6263439059 8420.7901255675
155147094.7482697070 7035.8723102957
158766850.6263439059 8422.7991129942
158766850.6263439059 8423.6357295103
154080562.8756540120 6512.0634041402
160978032.2594036460 9031.5891462266
159007694.1609146297 8479.1639352143
158200267.1145410538 8232.5480865389
158181587.4220419824 8215.2102131136
153828481.8941898942 6271.1925906010
157688873.4680602551 8045.1965996436
155086968.5017458498 7028.7516201586
165739510.6551472545 10013.3192367554
153429755.9732090831 6125.0105473522
153326009.4583615065 6097.1142498974
159589524.1161108315 8655.9782947786
161444934.7510196567 9176.2711278796
154355786.1277800202 6783.8583845608
154283425.6715140641 6722.6448437478
161444934.7510197163 9179.3738271594
164391928.3933101892 9822.3596706390
154148216.3166894615 6588.5517502401
155693318.1054672003 7337.7282259398
162518172.0044847429 9475.1352196842
153828481.8941898942 6271.1876314945
154767130.2908829153 6925.1037586778
167262392.0134947896 10133.7316665649
154819720.8752735555 6940.5014047399
154283425.6715140641 6718.9197384622
165117119.6853271723 9935.0714530945
161444934.7510197163 9176.9004003406
155561394.3423878551 7312.9477391446
154898484.0735013783 6980.4059877172
154739338.8458494842 6869.8066632058
154855916.3831784725 6967.2559841722
157575482.9763944149 7975.4959460347
157688873.4680602849 8045.4710137061
154590080.3998023570 6857.4953610208
161022174.5435991287 9059.1276866794
168395164.8736443520 10197.3874893188
156257119.4202099442 7569.4258038436
165638681.5448104143 10012.1368331909
154283425.6715140641 6720.8646008279
161256441.7057990134 9107.3157677352
161326982.2451988757 9135.4534909129
155086968.5017458498 7032.6416119188
165253194.6487995982 9973.2748413086
155651970.1588152945 7321.6113218896
154819720.8752735555 6938.8182916418
157259856.2787824869 7872.5498003994
156386141.8408116102 7634.1488966976
156922004.4329065681 7783.7839503323
167719881.6206293702 10166.4062652588
155876712.7692165673 7432.6314722140
154177379.4581408203 6629.3697128866
155772080.7458834350 7405.8838444647
154283425.6715140641 6722.3571697976
154283425.6715140641 6720.8461529519
156922004.4329065681 7781.6390528713
157206697.4859873652 7839.4320380371
165117119.6853271723 9938.5526695251
153833568.1819584370 6298.7227648564
155876712.7692165673 7431.8608728487
168137426.6861953735 10192.6519241333
159452909.1325770617 8643.7931484468
157472673.0012578368 7957.4365295674
157408958.4940513968 7955.4221975319
160415996.0300776064 8881.1528984218
155764931.0156082511 7371.7899113593
156354647.4712109268 7587.3402814005
159204901.8326003850 8541.3874916323
156072390.7015029788 7518.1233166789
168852584.0593647063 10205.0079956055
159316834.1691045761 8595.8186573274
167543975.4312707782 10152.0825576782
162060926.1187671721 9322.9213606715
155874186.7788006663 7414.4426208136
161353200.8782095015 9138.6261917949
153671517.8873080015 6225.8600508097
164019031.3425804675 9756.2992992401
163946428.1368038356 9731.4786453247
168928535.3213153183 10207.2355346680
162866271.3386801183 9527.7086111903
162066012.4065357149 9358.1945158839
158408427.8105231225 8314.0591327243
157331511.7500168681 7886.6987098958
156386141.8408116400 7634.2606520687
164631586.9866148531 9878.3694953918
155930318.5157968998 7450.6268592474
162866271.3386801779 9529.7361533046
159259896.4429093599 8562.3267576098
162202087.3700081408 9391.2929922938
162866271.3386800885 9527.5669562221
159259896.4429093003 8557.6906949878
159221789.3841014802 8551.3115959347
165360244.7916739285 9980.5231933594
162202087.3700081706 9394.3538061976
159090012.9604885578 8526.8445693546
160103156.5825110674 8829.2642957568
158698668.7389093935 8400.3394977145
156837587.4228805900 7734.5202574764
160935638.0236197412 8994.1115204692
159575737.3974594474 8652.3689691424
155641239.3304986060 7315.3001942531
162060926.1187671721 9331.5167891383
159967081.6190386415 8786.4209844470
162202087.3700081110 9391.2436148524
162706247.2914382517 9501.2380367685
169999020.7781206071 10257.0443382263
165000714.8270768821 9918.2125282288
159967081.6190386713 8794.5260946155
162640093.9427257776 9492.4541022182
160330455.1246921420 8869.8598228603
159651240.6644885242 8691.2368127704
159711812.3609318733 8695.4473344684
167262392.0134947896 10133.7453994751
155930318.5157969594 7451.3703895208
165219383.7352636755 9964.5829772949
160466530.0881645679 8912.8606430202
156689799.5914736986 7687.8280425106
162147710.5895243883 9358.7853514552
155155123.0960160494 7077.1033512529
156777089.9039714336 7717.2957243954
155189881.2552346587 7077.2850758013
164616736.6151856780 9862.2128715515
155437041.9032464623 7162.0369838708
158048609.7304643393 8199.0403667539
157949691.3590787649 8160.7366500943
158048609.7304643691 8202.1987758725
155368745.2123573422 7155.0542108853
157902000.8401429653 8126.1508956998
156135674.7781842053 7531.3150106844
164047046.9717126191 9765.0190486908
164047046.9717126191 9762.4694805145
163650274.0859630108 9691.4268112183
163650274.0859630108 9688.7822952271
163650274.0859630108 9688.9194183350
167223612.5886517167 10123.9814910889
168609320.8394021988 10204.7799835205
153662159.9717576206 6197.8655681044
163650274.0859629810 9688.6932678223
153863990.6933793724 6300.7700032063
170179213.3907228410 10258.4589347839
170489781.9049396217 10259.6072731018
161763989.1741949022 9238.2000662684
158400579.2821034193 8284.7925449460
157879411.3282323182 8126.0263839811
157902586.6176547408 8128.4355636686
167914791.4996196628 10169.2669792175
158092574.3693799376 8209.6653223782
157799733.4634265900 8102.4117129072
165443296.0591077507 9987.3662643433
165443296.0591077209 9985.0353622437
175752234.5778351128 10277.5942497253
161719318.0763833225 9225.4927846103
157232534.7160441279 7858.8214160278
157605879.2468015254 8016.2330375760
169472807.6084128916 10224.0666999817
169239263.9974676371 10208.2909355164
175832994.6702683270 10278.0799064636
166662158.4247945249 10069.8862037659
169219066.2906145155 10207.4692649841
166711254.2022581995 10075.1484413147
166763089.7638727725 10076.3979682922
175695506.8973470926 10276.4456977844
175484667.2126262784 10275.2472496033
175275311.8186777532 10273.8274192810
172737459.6739187837 10261.2956581116
172737459.6739188135 10261.6513710022
175174822.8573976457 10268.4129676819
175217560.3445663154 10272.6501121521
172731177.3015783727 10260.7011375427
173172913.9344904423 10264.3811531067
174891762.4004531205 10268.2569084167
172790323.7984475195 10261.8745994568
172801171.0058384538 10262.1595954895
174621288.7025036812 10265.9523811340
174685602.2468824685 10267.2524147034
