309867311.2389347553 6839614.9785156250
311400950.2160678506 6917453.0585937500
310608855.4684314132 6888581.0654296875
313105540.4240795374 6951863.3046875000
318975152.1648201346 6984981.0078125000
311383365.0508577824 6912708.7500000000
310301054.1136500835 6869919.3144531250
309973876.5497252345 6848692.8144531250
309682261.3140854836 6821130.7314453125
311025018.2469378710 6903460.3320312500
312581526.5580822229 6943083.9257812500
312681529.4361374974 6948136.9414062500
310399684.3537465930 6876632.3945312500
308886748.9646528959 6741848.6816406250
311689022.7466724515 6919733.4443359375
311703441.1871591210 6921524.9492187500
311153750.6259854436 6910395.8242187500
312062827.0310014486 6932750.4140625000
316335358.2263929844 6977955.9912109375
311564092.0498437285 6917700.5234375000
310974483.4238421321 6898997.5517578125
311090156.8598341942 6906859.3046875000
310086248.1911416650 6850462.3798828125
318857275.7647179961 6984283.1279296875
312393816.7683899999 6942577.2851562500
308983389.7648741603 6749853.0175781250
311274681.6493337750 6911615.4960937500
310125563.2681461573 6860606.5878906250
310284933.6198641658 6867383.8789062500
309635865.2154164910 6818611.3369140625
319395929.1871466041 6986331.5625000000
310732079.4320051670 6897255.9531250000
310238749.6087650061 6866329.0000000000
310707562.9140407443 6891055.7578125000
314164598.0552297831 6966810.4521484375
309424257.3088075519 6801906.4316406250
309377555.2610086203 6795706.4355468750
315724428.8221947551 6974808.1572265625
317661809.1859579086 6982701.5576171875
313488298.8349645734 6958987.8945312500
310234327.0366848707 6862839.1621093750
313370841.5094178319 6956593.8750000000
309336440.0668361783 6780206.3222656250
317319856.5645602942 6979772.2041015625
312563679.5366922617 6942996.9570312500
315086664.0641700029 6970992.0419921875
309572317.8810237050 6806399.3378906250
310611342.5638045073 6890698.5468750000
315323889.2423324585 6971687.0810546875
310567263.6657732129 6885225.2470703125
309990027.8409053683 6850105.1689453125
310171747.2792452574 6861661.4667968750
309707878.7767450809 6821954.0761718750
311778136.5380696654 6921757.8164062500
313603319.6086189747 6960342.6289062500
311872603.7282588482 6929838.0546875000
313303361.2073591948 6956021.6718750000
310104018.2144349217 6853927.5214843750
311848478.9434726238 6928681.6171875000
317098520.4624777436 6979599.3369140625
313287795.3536564708 6955912.1796875000
313503864.6886672378 6959097.3867187500
313242182.8182374239 6952297.4492187500
308699581.1980665326 6732963.1503906250
314149107.7567542791 6966470.8281250000
312975798.3450317979 6949353.4414062500
310512903.2240728736 6883485.1523437500
311862114.5137460232 6928752.4257812500
309599174.5908682942 6808167.8222656250
313028359.3897036910 6951676.1640625000
309116490.7819876671 6772918.9082031250
310466316.2250389457 6881479.1582031250
312112743.2513222098 6935373.5898437500
311805734.7264022827 6927134.5585937500
314939991.3076401353 6970175.4169921875
309378073.2977083921 6800851.5527343750
311683309.7197254300 6918874.5224609375
312112743.2513220310 6935360.5039062500
317051949.0153053999 6978348.2900390625
319000452.4334339499 6985757.5039062500
311648784.8882638812 6918750.5234375000
315264242.1084325314 6971455.1337890625
313370841.5094177127 6956580.7890625000
318201618.9487066865 6983694.5927734375
316096260.1833797097 6976856.1826171875
313983895.2809726000 6965368.4687500000
314077782.6426003575 6965476.9648437500
311637125.7086262703 6917819.6435546875
314308653.9480277896 6967320.7021484375
314686865.9356304407 6968519.5117187500
313436613.9299511909 6957903.4179687500
315500142.7562254071 6972188.8544921875
313662966.6267637610 6962682.4023437500
318598065.9569360614 6983850.8662109375
309966728.0292758942 6844695.9589843750
309614498.2235510349 6808796.3652343750
309598022.5825569630 6808138.9667968750
318810028.1663749218 6984115.7919921875
318258049.2346599102 6983778.0693359375
314774399.4245231748 6969539.8085937500
314664245.6316126585 6968391.2617187500
314311712.3880841732 6968325.5654296875
318131468.0216283202 6983610.4169921875
317925847.3165274858 6983536.7568359375
309290256.0557370186 6779151.4433593750
314119132.1203938723 6965689.1328125000
314119132.1203938723 6965676.0468750000
315784563.1513965130 6976832.2021484375
315462805.2856695056 6971804.4404296875
315479013.6604082584 6971840.9326171875
314277856.9601976871 6967120.8164062500
315500142.7562254071 6972176.0029296875
315656811.0457673073 6972770.7607421875
