624945626.2806748152 1507167.3474794533
624846081.1365171671 1496681.3088441994
626785204.5431486368 1707299.9282565899
627684083.4708021879 1781276.8708733283
628160876.8140041828 1805410.4471062385
627785953.2752579451 1789058.4979485236
628229782.0784969330 1815075.2542351447
629009238.4506272078 1848236.3983791219
629077468.7190955877 1851811.5781667624
628321776.4627457857 1817981.3650374888
631695003.2102909088 1973265.0709403083
644088015.6830934286 2375829.4013268184
643792281.7793586254 2365520.5992027950
730193349.6236596107 3120981.1435546875
730201721.7454339266 3124775.5927734375
625937832.1063177586 1616758.8184546251
626080130.8449335098 1634094.0425757188
626162405.7126036882 1649360.9118991680
629066130.1135208607 1850035.6785304891
669398702.5605185032 2717772.4197387695
625050794.0542925596 1527859.7291441835
625018878.5970996618 1525830.4022514024
626636855.9138708115 1682797.4468620978
628347677.0661908388 1820883.0660027228
629184575.4896095991 1860521.0834796238
631274587.9786047935 1968996.2921317145
643737580.9859218597 2358738.8903404903
643410822.9247927666 2349888.2344567012
633647057.5981056690 2056109.1836788878
719296375.9875113964 3059764.7384033203
631184605.2763507366 1959130.2587912604
631783998.3521918058 1981443.7702660919
624973839.8640524149 1523513.4720943053
626331211.7234913111 1662462.2897576056
627136324.8149169683 1736605.7069939338
631871534.0042039156 1992654.8594813095
625971153.5359534025 1624853.7603491563
722978906.0117303133 3078581.6855468750
722882067.6520202160 3075359.0039062500
668676769.4372740984 2714680.4428100586
635221601.8932979107 2118864.5658282172
640569268.1781699657 2290085.7126910966
636709452.6544882059 2153764.3307903521
637969389.8918821812 2188151.1491823923
626440189.0324711800 1671702.5719841681
626516926.3341883421 1679656.6884392463
633684475.6858315468 2056467.8125851378
625091744.5772070885 1529783.6207457460
635296545.8054563999 2120303.2761553656
725444298.8414857388 3081504.6901855469
629626193.7954415083 1885352.9208819675
631249594.2589893341 1968246.4342062995
631837240.9843302965 1985060.9849483073
625024394.7156113386 1525904.3628908950
629265877.9896422625 1867559.9634425985
643718682.7172684669 2351732.4361168575
701425423.7539993525 2890092.8474121094
627510286.6416974068 1764353.5322502814
630682195.9774903059 1940100.1689475104
631042218.7493622303 1957335.3808615729
736460796.0497616529 3162262.5100097656
628901498.8859152794 1845798.2346229302
627587023.9434148073 1772307.6487053595
630244871.4092307091 1914472.7421896979
630731237.0189824104 1941637.6043723151
736424661.8183423281 3158274.7873535156
627238194.6193732023 1744387.3340691291
636677110.0503851175 2153225.1647747271
644308684.7487581968 2376137.8136803340
641137262.3636959791 2309633.0020653438
643768124.6807590723 2365513.8653160762
649188105.8188061714 2397631.9589812178
629740082.5142427683 1890349.6254953239
624895071.4291154146 1504773.6928101177
627299417.8828843832 1750669.8290642463
635590318.5024126768 2134472.8508623969
625101147.6457382441 1530245.8530336525
627171056.7623896599 1737128.6903923713
630567728.0403532982 1929923.9185812995
649197270.4320557117 2397688.0136687178
624996662.5011316538 1525009.5538088637
625049334.5540133715 1527092.0816832460
625077066.7684930563 1527986.8907652772
627045291.9501385689 1726719.1445959825
637850675.7072365284 2184020.7630244028
625939441.4303749800 1622264.5163306016
627362684.3104205132 1754137.8198479377
627310305.5733287334 1750681.7773064338
652005367.4759000540 2463689.9997790381
628064904.0736335516 1800862.6303432332
625550855.8307803869 1579913.1397120622
626022352.6710437536 1629807.8532435563
718926152.2636830807 3057565.1794433594
626937323.7535318136 1714552.0240040384
628081050.3869141340 1803226.1519154538
625581214.7818943262 1581962.1943995622
626751609.1428343058 1697357.6253223978
641988230.8405959606 2326273.6765745040
643086076.1834686995 2336434.4769188594
642935745.4646416903 2335320.4122215938
625315930.2345540524 1557423.5856505311
628694996.4995908737 1832497.1756773638
628753350.3037210703 1843675.7406423483
648390953.7241216898 2379622.4397881031
625152501.3576232195 1539144.4177428163
630609674.8467420340 1934324.1902320310
625520433.6841033697 1577488.4331389344
626863365.8134428263 1712265.8987463731
625498981.2648321390 1576257.4001799501
625295675.0822607279 1557296.4240294374
627936567.1853529215 1793158.0572866080
668603123.2185556889 2711947.8666381836
625725230.1873396635 1600173.3232371476
655597897.5373822451 2542941.5827331543
625592358.7818567753 1586271.1809416688
631723570.4234744310 1978556.5338497143
662433664.8443158865 2606475.5074462891
661645519.3706136942 2572604.7285461426
668473714.8628286123 2711700.6416625977
656184112.3799237013 2546611.1901550293
639920857.8351439238 2259974.7205689233
713370659.7075922489 3043237.9677734375
662621886.1280430555 2610281.4459533691
662480818.0311661959 2608924.5914611816
668363963.1311401129 2702811.0079956055
668955950.2122651339 2717169.1734008789
625474305.5765560865 1572923.3062315858
626638543.9223231077 1687539.1434973497
638310260.9474384785 2208534.9368348494
639242130.0349625349 2239455.8455811273
626989337.8271561861 1724809.3087971900
649292532.6272828579 2409337.5784270186
639193374.7479885817 2238558.8942757379
637920918.3705892563 2186052.3218622934
638966403.7316702604 2230948.0407601129
643331141.3438037634 2338780.3970543575
626095695.6756228209 1637373.5008265642
639339747.4955126047 2240836.6999398004
626937591.1739842892 1715384.3360036490
668611929.9183670282 2712950.6002807617
638279453.4655293226 2202407.0262079965
638891561.0159660578 2228661.7053108942
655006113.5407773256 2522583.7582092285
649131295.9666593075 2396396.7026335616
655151229.9709361792 2528396.3627014160
635501067.2402046919 2126910.9322832953
634119867.4455299377 2076286.8312703744
634295926.0098779202 2084979.1872274056
634729952.9026381969 2101365.2955648080
626270091.5439106226 1652652.6960169938
640618293.4313310385 2294254.7129390519
628488206.5714441538 1822414.7256496297
633817734.1361484528 2069193.0600216612
634998202.1367098093 2108718.5121172797
636057237.7241574526 2141999.7069860864
655096953.1650441885 2528305.2210998535
629791511.1523171663 1894641.7930168258
628427312.7595611811 1821590.6250636922
630464638.6329344511 1928293.9630841012
634492813.0442348719 2098208.8034383431
640357322.8950160742 2282660.9032932948
630250197.7437111139 1916865.1456813687
655206598.2033714056 2535455.8002014160
633177419.8215299845 2042635.8451854899
702339183.2142329216 2902471.1884765625
634480719.9932466745 2091200.8562947884
630847599.1909265518 1946808.4933575387
655798028.0093201399 2544017.3340148926
626475466.9861631393 1673703.5079688625
630366300.7460247278 1920507.3775277049
630060195.9683419466 1907048.6820523688
655398715.9414645433 2540229.7097473145
668231271.4913345575 2699095.5241088867
636786657.8700970411 2161263.7581030298
629768604.1382269859 1891116.0489980029
634756650.4461876154 2107588.9577352181
632654254.0037358999 2024759.4875892373
638098951.6910920143 2195804.5867548715
637623480.7914552689 2176285.3221064340
628468181.9883948565 1822136.4815090047
639492485.8341641426 2253340.4734022897
631840108.9034053087 1988796.1286194250
638790451.7575833797 2224151.7669129744
634111639.7313330173 2075584.0262166634
626612462.3718029261 1682645.5825526384
628530277.3907550573 1827109.1099269735
629173730.6027899981 1859420.8327622162
638622792.9564410448 2215718.6746454965
629334608.4558292627 1869740.4786855029
668368540.9633532763 2704186.9913940430
655155807.8031491041 2529772.3460998535
629587922.2391356230 1878605.6069315020
640075024.2810865641 2273869.1956659239
639928642.4388691187 2271478.0325799864
641638831.0214949846 2318751.2915779781
641205053.4994431734 2311529.1884667110
625778657.3208278418 1604127.6692835954
634456090.2904170752 2090251.0971395150
632134556.8344463110 2000736.6969398232
641259978.3224860430 2311879.3287235927
625885445.5590697527 1616748.9419886735
626768644.5458737612 1703318.0079582673
636564060.5845760107 2150158.1072546411
636505596.4271705151 2148117.7476355005
632323847.4380382299 2010885.2173255654
629385643.5802346468 1872601.5187245654
633391914.4914087057 2049505.8671058388
639374795.3869451284 2246163.9123116266
626637902.5469635725 1682985.9921491183
654527596.3151631355 2503354.0397033691
632065224.9550775290 1999154.1326087685
638567156.0492218733 2211782.3353157770
728402322.6987966299 3111739.9438476562
632937657.3667451143 2037733.4942427287
641483722.2202481031 2312235.6692429585
719036516.0438458920 3057573.0280761719
711139939.2872579098 3020846.1334838867
710704573.5343587399 3012187.6796264648
638821318.3526130915 2226630.1464730036
639129556.0055133104 2237041.8012581598
649239407.2902679443 2399645.7675930150
632411906.6469454765 2016946.4534095498
632824610.2368065119 2030551.9796546670
632296952.2477693558 2009133.8567298623
632654249.5462461710 2019831.6070960732
652563186.5588004589 2482794.3310909364
625991360.8621554375 1627600.8675868181
650752090.4889286757 2450047.9294582494
638466819.1253237724 2210931.3438149225
632098277.9683219194 2000014.4874671670
652164795.2367507219 2475470.7949581239
736173547.4214999676 3147026.3867187500
625807676.8533689976 1605527.8003871110
661226050.8643922806 2561125.7603454590
653473823.4648579359 2486345.4928741455
649929777.8112561703 2426723.6963039525
681241354.9326447248 2756838.7894897461
632560216.6792088747 2018788.9264320107
649929898.3004018068 2430309.0119167455
649084214.0403267145 2390426.1899562962
668340908.2833584547 2700856.5556030273
649592512.6567280293 2416666.2015529759
632139330.9518883228 2004659.2923134640
636514232.3005853891 2148516.2949987818
649716355.4320777655 2424451.0737453587
649955104.9543436766 2432053.1264797337
698632216.6957069635 2880642.8729858398
698038410.5739082098 2871299.9271850586
658882795.5805565119 2557878.8765869141
658865392.1558083296 2557248.1431884766
661339289.2904499769 2564200.9802551270
735642370.3189394474 3130634.8750000000
667713077.6762281656 2677927.1404418945
650208332.1927355528 2433797.7489328813
631653279.6633934975 1972599.2992090017
727067241.3651707172 3087763.0328369141
651435945.4480298758 2454258.1124273986
695884099.7744220495 2837844.5078735352
695851873.1117353439 2831217.5420532227
735955677.7219465971 3137988.1284179688
649508237.5377587080 2416154.2746251766
651043607.9647635221 2452544.8509226274
650696296.2276233435 2444413.3225412797
636279495.2337199450 2144418.8110809494
735465326.0454807281 3129704.5219726562
654594299.4857268333 2504326.4250183105
668035903.7542750835 2680983.2863769531
679054784.2842261791 2724203.0544433594
653889333.2277454138 2490858.5119094849
687560595.0207401514 2813227.0548706055
654936328.3660403490 2515670.3532409668
649671127.9114323854 2419900.3932199907
686412935.4769376516 2767944.6666870117
727931377.2531253099 3089122.6551513672
654481084.4411200285 2495109.6661071777
710186952.9087697268 2990334.9270019531
709652044.7052847147 2980208.2017822266
665645801.8910956383 2637913.7031250000
708846990.7783095837 2941747.4306640625
663979965.0007524490 2623685.5532531738
668158751.4301246405 2696362.6231079102
668110688.9238228798 2682077.4351196289
709443007.8937952518 2943605.1760253906
663340645.1558301449 2615525.6747131348
667668489.1203374863 2673831.6492309570
666170441.3682249784 2639203.5007324219
666458639.0295133591 2651158.2736206055
666441909.7270882130 2648499.6618041992
666273257.8145275116 2640926.2091064453
694753832.4299533367 2813394.6655883789
666905361.7847162485 2663807.1311035156
702705520.5594992638 2932672.8067626953
703040581.8070220947 2936654.4815673828
667031482.6191586256 2665502.9724731445
667161297.1285221577 2673176.9564819336
665959061.4030255079 2638678.6496582031
666966855.7126910686 2664193.7542114258
666827527.1870131493 2656921.7052612305
666562730.3335896730 2654042.0894775391
648833329.3983317614 2383303.7064781976
