110789734.8666656762 956007.6157226562
111434271.1768220812 1039067.4560546875
111823212.7300151438 1079348.6474609375
114396924.0480134487 1270602.1884765625
112559167.1537992507 1143818.0048828125
115896422.3200617582 1330595.3681640625
115952656.1270780861 1331931.4599609375
116940274.2473947108 1357687.6279296875
112147648.2117083818 1110404.9228515625
115840230.8347286582 1327836.7353515625
110894305.7078391165 974927.6181640625
116826097.5827423185 1354339.1337890625
113584657.5998274386 1224081.7519531250
111930846.2551335096 1090082.4462890625
111021686.7824728340 986532.8076171875
111849776.4347124398 1084264.8955078125
112334512.5245233178 1126282.1479492188
114266930.5784151405 1265156.5312500000
113203964.7599621266 1198508.7255859375
111144297.8640204817 1009069.1816406250
111461283.6437723786 1043039.8325195312
116480030.9034724087 1346143.8115234375
115655504.5433461815 1323978.6904296875
116320368.6119656116 1342676.1025390625
116320368.6119655967 1342652.1337890625
112057710.1672635823 1104479.6992187500
112465766.2732643336 1136695.3808593750
113196392.7462180406 1196968.5068359375
119179785.1581924260 1377914.7724609375
111362681.2492933422 1031760.7109375000
115007498.2647217661 1297194.7851562500
112050399.8382700980 1100744.1035156250
110921067.6262935251 979297.4873046875
111624914.3858789504 1059445.0878906250
115451599.9881692082 1315441.7226562500
114982434.2648460865 1296804.4492187500
115568749.4619531482 1317639.4394531250
111649940.0337409079 1066751.8330078125
111988581.1793989241 1097172.9541015625
115849409.3232514411 1329430.9296875000
112602468.7093054503 1146008.8388671875
111812225.0273823291 1078505.5747070312
110747216.0492770821 952151.9545898438
113374081.3151031435 1210849.8330078125
114770335.0162198246 1287863.8701171875
110722721.6701912582 937133.1840820312
110871031.0247913748 967454.6289062500
112958126.0397481620 1180867.5107421875
111210314.0240544826 1016375.9267578125
110976817.0847703069 983372.1083984375
111340269.6925185621 1028688.2524414062
113090206.5505907238 1188785.4160156250
116295304.6120899320 1342285.7666015625
118568129.8178332150 1375682.1708984375
116009832.5831911415 1332208.9648437500
118597867.6964302957 1375726.8642578125
112278824.6277889907 1124481.8803710938
110994856.3133398145 986019.3657226562
113774143.9088127166 1237947.3623046875
116116767.4790415019 1337233.8427734375
111277561.0333350301 1023427.8081054688
110700484.7542850971 935599.8916015625
111080503.8364710063 998261.3969726562
111507813.8060997576 1044949.9638671875
113121487.5122504532 1190581.1513671875
111602054.7851650864 1056191.6494140625
117894922.5307666212 1370430.5419921875
113618487.9988419414 1225895.2851562500
115632994.5290855318 1320617.5507812500
113111392.2968550473 1189486.6230468750
112613140.9814436585 1148322.0541992188
112011975.0921311080 1099915.8168945312
116761737.1143462658 1352613.9072265625
111032060.7834649980 994829.1513671875
111551786.4015148729 1054528.8398437500
116647560.4496938735 1349265.4130859375
112749581.4705395550 1161986.5200195312
111431515.1088812053 1035650.8012695312
110881018.9119314253 971829.1054687500
111085382.1961489171 998656.1845703125
119738395.4066724330 1378463.4560546875
114854913.4809680730 1291682.4082031250
110723135.7860257328 945186.1879882812
113690075.4807744175 1231361.7167968750
114626624.6432089210 1283041.5000000000
113928635.1301570088 1246655.7822265625
112268468.9875828326 1122758.4560546875
114740736.8163156658 1287259.1972656250
111699871.1089837849 1069023.9638671875
114050721.6685382277 1254564.0224609375
115382130.1764042675 1312815.1201171875
116622496.4498182088 1348899.0458984375
113807827.2551851124 1241773.8583984375
113762030.3414964974 1236057.5078125000
113815622.7184327841 1243838.4775390625
114498326.5460645556 1275367.1308593750
111778186.5071836859 1076958.1503906250
112356227.6589289010 1128496.6899414062
115094847.8851624429 1301550.2441406250
110809847.3779057860 959261.5732421875
111450607.4326629043 1041909.3012695312
110621888.5488731265 932130.0419921875
116116767.4790415019 1337212.0458984375
116142559.0060371608 1337337.8623046875
120577221.5264041126 1378874.3017578125
117920156.9416392148 1370431.5810546875
111097972.3604046553 1000161.8217773438
111916922.7062320858 1087840.2192382812
112834885.9709260315 1167654.3852539062
110857554.5864327550 961671.9584960938
111344266.2073721588 1028991.0971679688
112103478.1795191467 1108329.0869140625
111521337.8888075501 1047408.2446289062
111199922.6193162501 1014656.9458007812
111117181.5076660961 1002532.9731445312
115607930.5292098522 1320251.1835937500
111400405.2428109050 1034602.5561523438
110840091.8803054839 959615.5673828125
114681859.7832169235 1284179.4492187500
115932030.1336731017 1331286.8222656250
114130043.9225186259 1258883.5761718750
117501293.6883159578 1364838.5761718750
111311520.0572858900 1026884.6147460938
111319479.9164647013 1028677.3325195312
113801890.3935947716 1238059.5214843750
112627140.3404839039 1149546.9453125000
111198838.3926992565 1012024.3833007812
111442158.4419451654 1040008.7065429688
110725004.5959379822 945738.7714843750
111244948.8421477079 1017047.4428710938
111268086.2297524959 1021963.6909179688
116817266.5199389756 1352862.2548828125
112196388.8041113168 1115714.1806640625
111980140.1829308420 1093833.9628906250
110977814.9119140506 983618.0649414062
112750478.3370722234 1164042.0693359375
112796037.2591400594 1166837.9472656250
112164376.4196749777 1114383.8959960938
113160477.0234145075 1195301.2421875000
111022480.7825402766 987105.6757812500
112051730.1104595810 1101140.7080078125
118377711.9949986041 1375624.7607421875
113095859.2099241912 1189457.9716796875
118958919.8334165812 1377600.1357421875
120181474.3606251627 1378743.7705078125
113039538.7401868850 1187028.0527343750
113075221.3567675799 1187858.5400390625
112337856.3637214005 1128295.4848632812
112659035.5962517112 1155623.9516601562
112734118.8201332539 1161903.0263671875
112683777.9796200395 1156879.5375976562
117495165.6513993591 1364425.8896484375
117599732.5377338082 1366265.9462890625
112862998.2100954950 1169820.9316406250
112636350.7073148042 1150663.4204101562
112913266.5937457085 1177449.1767578125
114965809.5646348447 1296414.7568359375
112175068.1070479006 1115635.8320312500
112995179.8340941072 1180953.1425781250
112916467.7146260291 1177504.3505859375
113323405.4607626945 1204699.2773437500
113493309.0424585938 1216841.3144531250
112097876.9527338445 1105636.7128906250
112228737.1172388792 1122663.2382812500
112223997.5362330228 1117519.0097656250
113605435.4240006655 1225840.1113281250
113565766.6179490834 1223886.0244140625
112392642.5957011729 1135526.7182617188
112363960.2258488983 1129314.8881835938
112365077.4476377219 1129518.7153320312
112201171.9691754133 1116655.2353515625
112379316.7357696593 1131691.4770507812
113246848.3873792589 1199102.6767578125
113533379.7052319348 1223489.4531250000
111520424.6267658770 1045169.5322265625
111545676.6256615818 1047614.5014648438
113655127.9799208641 1228492.5341796875
114130043.9225186110 1258828.4023437500
113233240.4760178775 1198962.3945312500
117100223.1936654150 1359230.5849609375
112128418.3086482435 1109627.8291015625
113599640.7736663818 1225062.6787109375
115118890.7996824384 1303696.9267578125
112056160.1778987795 1102637.0166015625
117614113.7164336294 1367774.3837890625
111745659.7363517582 1072022.3525390625
113512279.9504700601 1222098.1611328125
112866616.7953460515 1171441.1738281250
112007948.7121536732 1098092.5541992188
118360117.1611047387 1373914.7373046875
119643935.8686794639 1378407.5126953125
113712168.6225186586 1234675.8984375000
113765354.3347825706 1236210.2324218750
118082696.5571286082 1372637.8896484375
114402820.4327864945 1271334.4423828125
120479935.3235381395 1378870.9990234375
118886063.0491625965 1377244.7939453125
111735180.3006464839 1070659.9619140625
113142238.4630245715 1191369.0820312500
114906683.4320217967 1295323.9023437500
114881619.4321461171 1294933.5664062500
111598124.7478659153 1056164.8378906250
116744989.6426205188 1350530.8105468750
117381336.6336262375 1363502.4843750000
118301479.0342359990 1373649.8466796875
120453778.8415161967 1378870.4892578125
116170831.8301137388 1337578.4130859375
116739410.8956879824 1350489.9218750000
111876076.6304841787 1085470.2636718750
117700845.8932494521 1368802.3369140625
117360418.7508679330 1362234.8896484375
119966031.3257914931 1378628.3935546875
111806747.8262502551 1077652.0195312500
118302881.8562785387 1373913.4248046875
118208396.2335367203 1372909.7294921875
113448526.0982344896 1215566.9755859375
114594175.9471822828 1282160.9589843750
117471328.7217913717 1363633.3837890625
114784684.5244306773 1290621.9394531250
114504706.4812819064 1275671.6445312500
115804052.5056851655 1327277.5595703125
113965801.6760002822 1249763.7011718750
111418534.2128130347 1035598.6674804688
113267010.4510843754 1203206.4882812500
116719081.7707978487 1349920.1757812500
113319033.1114784330 1204318.6474609375
115804052.5056851357 1327253.5908203125
114207155.0913861692 1264002.0156250000
114683349.6564879417 1286838.9531250000
113973572.4984621704 1251748.6630859375
114426402.2065953314 1274206.1914062500
114477724.0771890432 1275163.1152343750
116567676.0858922899 1347543.5849609375
114609776.9318386763 1282527.3261718750
116428435.4213642031 1343828.7236328125
114068030.1650957763 1256091.8300781250
111909491.4144480526 1086948.4614257812
114586789.4044529796 1280913.7294921875
114356739.7987039387 1269205.7666015625
113690492.2968509644 1232449.3837890625
113939782.4805365950 1248631.2792968750
113006631.2844844311 1182500.0410156250
119011444.5314562917 1377704.3525390625
113702167.5810780227 1233056.4404296875
117820923.4756452888 1369371.4306640625
112502500.6706291437 1142541.5048828125
112853347.7611545324 1169358.7460937500
111842533.1893308163 1081524.6630859375
119944732.2080335915 1378585.5966796875
116264324.6717195064 1339192.0097656250
115429835.9414467216 1314346.8750000000
112654957.4686860740 1152431.5742187500
119644690.6003815830 1378457.9365234375
111981458.7614626884 1094644.0957031250
116264324.6717195064 1339215.9785156250
115404771.9415710419 1313980.5078125000
115038564.7702536583 1299078.3906250000
116239260.6718438268 1338849.6113281250
114354007.6796939820 1269040.2880859375
115175592.6182420552 1304116.6904296875
117332844.3994067162 1362152.4648437500
119050078.0072557330 1377910.8837890625
113968018.9352631718 1250891.7958984375
113635951.4933512211 1226156.2822265625
115482220.0098568797 1315969.7773437500
115342979.3453288078 1312254.9160156250
114425517.3783658892 1272592.2431640625
115182233.4693848789 1304808.2753906250
113504925.7291791290 1219961.0039062500
115296410.1340372860 1309231.4863281250
115289769.2828944325 1308539.9013671875
113967641.5157772452 1250585.4628906250
118754098.9067056775 1376351.5908203125
114239831.0150415897 1264617.0771484375
114097080.7160336375 1257252.8662109375
115501570.7692010254 1317072.6689453125
113412170.8441109210 1212118.0839843750
116043499.4576513469 1332210.0664062500
116055011.5863048881 1333058.4199218750
118799584.5335600674 1376494.7744140625
117332844.3994067162 1362230.7109375000
119473111.8856628686 1378332.4951171875
115252144.2616291940 1306502.9287109375
113251391.3207929283 1199342.1357421875
111947666.5580129176 1092777.0087890625
113335445.3364379704 1207909.6103515625
117239473.6392184794 1359350.9687500000
112534566.2858436257 1142981.6220703125
112544868.7914096415 1143293.5166015625
119463476.2407126576 1378331.2255859375
112635803.3423725814 1149852.7597656250
112477324.9529728591 1137376.6372070312
118806038.7637499869 1376745.5263671875
118022367.6973077059 1371535.0166015625
119439412.0413621515 1378228.2783203125
117980051.0877745599 1370704.9521484375
118722470.4226399362 1376348.9345703125
112788941.7038090825 1164047.1484375000
118023948.3420467526 1371550.7392578125
117959815.2838739604 1370689.4677734375
