228116870.3080713153 36922.4224090734
220614966.0968111455 24219.2335784159
225588042.6823118925 34563.6111737043
226613199.7825188935 35635.8455104305
227827448.8666520715 36813.7742347876
226262272.2579592764 35230.5962314083
223810993.2204660773 31994.9760346413
220434626.8232446611 23608.6058767292
224872247.1995567083 33346.0955599546
220321704.7284817398 23202.4074082657
220562814.3636588752 24020.1458940789
226783603.7533110678 35777.2624721005
225985402.1498765051 34928.1372032911
226695443.6372056305 35764.5204371884
226935240.3586334288 35856.1439189388
224911809.7153496742 33559.1256979704
226784193.1030159295 35785.5668620541
226381239.3105678856 35487.1253413632
228150733.4646786451 37029.6581230322
228155012.9667328894 37093.4604454199
228308045.2929253280 37177.5220462270
227863620.9756592810 36846.3295822302
227075961.3202114105 35946.9821593761
227878059.4915746152 36849.3338852087
220808938.8224535286 24817.5862840746
226488143.8269928098 35492.8254857137
228742367.2083414793 37543.6518985219
220337619.9622264504 23508.6499047562
228733433.0193324387 37489.5564776845
228243532.2378693521 37126.3396721045
223130393.7236279547 31230.3165682717
220599031.2747914195 24204.5749373104
223428648.1386722624 31480.6639880105
223251124.4667364955 31313.0022295876
228379798.5973990858 37241.9743428985
228490936.1409719884 37394.5431109853
224086141.8915919065 32488.5915129540
224059784.8907576203 32478.3251738548
222917639.9980415404 30957.2597148432
220916563.5554562211 25669.7262280334
220706974.4740319550 24374.4729244694
225881714.4963780046 34768.5066661312
227098263.2665205002 36045.4789007157
224730061.8040908575 33213.9613031074
226162893.8232667744 35172.5475149824
223430386.5383334160 31568.0236687660
226208241.7108393610 35215.4180727675
223573529.0625270605 31665.5267319679
225976034.2257685363 34812.6397181227
229505770.2625576258 38109.4177425168
231092703.0628957450 39342.3216618560
225866672.0172778070 34718.6116542294
220265143.6734002233 23195.7815919205
226646567.7680848539 35753.8541737348
223883268.0462943614 32269.2160201073
226113921.9814487696 35171.2850207760
223746219.5067932606 31932.3115601540
248510373.4142772257 47814.2346343994
249721560.7682771385 47869.0646972656
223870369.0304813981 32176.6264586449
226229800.4072401524 35216.2241945936
223873785.3094189167 32213.8494734764
224148304.1618941426 32511.2044005394
226045596.6805852652 35015.0515727474
248510373.4142772853 47847.7214508057
231110922.4637455940 39426.5334113501
225917139.9318761826 34778.9196201479
220492045.3962779939 23832.9807074384
222800864.7546682060 30608.1788319956
223612559.7194749415 31890.1750435829
227046448.4136443436 35898.8361549536
248440198.4141655564 47790.6346130371
220936967.8585419953 25887.7859149317
227306630.7193466723 36159.1565933386
227212260.7079553902 36075.6875305334
223098344.0541024506 31082.1469855667
251370884.3119344711 47925.6962432861
249959356.7933493555 47873.7711486816
227363138.4521984756 36318.6163552664
227321069.2352620661 36161.8115158239
227336747.1486888230 36270.1091461340
227257667.6597519517 36155.5096645514
251403241.2025148273 47950.1073303223
251418407.5939794779 47961.6699676514
227640491.8805595040 36668.9838877739
227435765.4319939911 36443.7357254187
235087572.6786794364 42324.3171854168
220885451.7485902309 25551.6713353481
221930058.0991789401 29154.6826705348
222116187.3425000608 29563.7428346297
226104244.6623496711 35120.8981089750
220999148.9653741419 26014.8315111484
227756885.7856568396 36733.6697857240
236239544.1969477832 43300.0135250092
228015957.8514914811 36894.7269799709
248392402.0289025307 47782.5627441406
220878624.5899696946 25019.5916387866
227373569.4952757359 36337.9642671011
227446196.4750714004 36463.0836372534
247120179.4002098143 47635.2792205811
248229852.2040648758 47772.3936767578
221484895.0650011599 27948.6567267302
221023758.2769826353 26616.6399747480
233304759.1138961017 41234.7344694854
235111475.5529370010 42418.2289953381
248510373.4142772555 47816.1461639404
221540090.6070934832 28129.5980101892
246013154.5216874480 47468.6552429199
222274297.6884821355 29972.4380872372
223428314.9741652608 31414.3467455829
223706547.8697693050 31911.2920546569
222170574.7919018567 29849.6811522853
222354961.7335655391 30116.1219252955
221367971.3382416368 27588.7125901107
222159023.5131676793 29651.7720639828
221571704.3420281112 28379.7625434521
221946605.2041774690 29411.8408043507
221799932.6018536091 28782.7841228370
222011472.2071895003 29481.7594788197
223284184.8326403201 31326.6705061235
223378504.5620307922 31370.8035581149
223538025.7222569287 31574.5849729814
248510373.4142772853 47818.4699554443
222290178.8782437742 30084.0567764167
221127954.5758274794 27467.1801767604
221236290.0162630081 27554.9594087856
221659169.0864507258 28563.9584607474
221379381.5803271830 27814.0316211054
247974667.8825098276 47720.1488494873
222557586.7405383289 30282.4417410914
222484637.2389542460 30236.0612115405
237783230.8896173239 44315.7090339661
222464980.6221887171 30170.6337837718
228062038.3936608732 36906.2269435410
237481457.1061506569 44135.9759559631
221562055.2321425974 28259.9445824019
237797669.4055325985 44315.9466133118
222879821.1651898623 30735.1380079513
221778123.0982532501 28580.6479722796
221368184.5269460082 27623.3212106351
221854060.7624118030 28915.8935301427
222833719.6023837328 30645.4507444625
238313730.8792865276 44619.8544731140
238264269.0068077147 44552.1093692780
222673261.5760216713 30445.6519853448
245563678.8984501362 47311.4395751953
247887358.9907081425 47686.0216217041
238502697.5299706757 44722.1743850708
231399995.9226067662 39806.6522462554
250525971.5554035604 47921.3732452393
247928284.4901900887 47712.4340972900
248114216.4586463273 47767.1379547119
249996933.7104823291 47883.4904785156
235088109.0263860524 42415.6856371164
235112113.2623734176 42424.9717394114
225346708.4140709937 34103.1171141714
246145719.2259419560 47521.3271026611
224689365.0991943479 33189.3106641993
224792869.6428570747 33216.6262731776
239439374.2997581065 45264.8843555450
239391424.6957640648 45229.2761116028
238900056.5537612438 44972.8975620270
238686874.4584521949 44901.2628364563
225128845.3668607473 33765.7362928614
237812777.6749809086 44370.4895267487
237629686.7157340646 44277.1278934479
225099789.4024690688 33625.0107300356
247384434.5296733081 47678.5049591064
246564469.4925040007 47598.1510314941
238120079.0787623525 44499.6068992615
236963143.4162997901 43847.3158174753
246441968.7190626562 47579.1109924316
237079640.3870567083 43911.5397707224
228923276.3207309842 37590.0961004049
236697972.2504899204 43653.3171602488
228953194.5181215703 37610.1441884786
246441968.7190626562 47576.5386047363
231848788.6775211990 40136.8800183982
228909836.7463838160 37574.1326509267
236460563.6337381601 43508.0762697458
246441968.7190627158 47586.3256530762
237164517.5431782901 43939.9226570129
236817369.7326115966 43803.0125108957
233752674.9340690076 41628.4074766908
237195590.8337202370 43945.0606975555
229042993.6573434174 37736.1172694042
229078244.9354426563 37751.1490693837
236418503.3925013840 43459.8421236277
229273495.0429609418 37970.3813520223
229032513.6681464911 37634.3538671285
234692595.8266563714 42244.7729863934
231522058.3301703036 39942.3185292929
229143436.0501969755 37968.2841363698
234008199.1008376181 41845.2836348563
233922586.7964780927 41782.8435198814
229723106.3040666878 38432.5419360250
229681046.0628298819 38383.4836627096
229828599.1149608195 38551.0957442373
230080070.2615308464 38743.9079391931
229603108.7501348853 38337.6958972067
229665619.8785317242 38370.3881121725
230078394.4198542237 38627.9244692300
230440735.0446345508 39023.5085593313
225282852.8748847246 33824.6390849948
236548113.7123898268 43533.8711071014
234824368.0282711089 42310.7487283945
230220918.9427634776 38948.7421624635
230500890.6253194809 39127.9021356080
231192425.8935217261 39643.2331693147
230781741.5521341264 39329.3169097763
230672108.6800454557 39261.2593266938
233454898.3898113072 41506.8171384309
230815560.1390692592 39331.9624211763
231123666.4759730995 39601.9736020539
230608077.1953332722 39236.7177889023
233633505.1890093982 41546.2275262690
233350293.1206493080 41422.1294195924
231403064.8420394957 39885.3083344019
236092437.0367151499 43262.3833098412
234437285.3666139245 42096.5606778078
234362475.0048395395 42081.4640183449
224658117.9712641537 33047.4187442886
224305861.0296286941 32603.4249393346
234494266.2262924016 42124.3232662483
236258988.3843239248 43388.4104080200
231434391.0692273378 39905.6018103026
234630085.8373689055 42239.3684170052
240864737.7513397634 45826.4023017883
235469459.5260582268 42868.4701194763
231571860.6721916497 40062.4493359290
235574747.0057018697 42967.9868888855
240454714.4848615527 45643.4180870056
235524338.2503700554 42931.3431816101
235248070.7543395460 42750.9642906189
231910441.6839224696 40331.7773971818
232161552.9848910570 40445.3946743272
240577611.2040359676 45711.0156822205
235747542.7967653275 43089.5824604034
232704745.4997049570 40942.1908283494
232448618.8940673172 40716.1344765387
232332641.0483789444 40639.8092613481
235794247.3655716777 43127.7126789093
224619495.6409763992 32973.7879843852
232536124.1002991498 40801.3568083346
224539859.4440940619 32926.6863530418
232832113.0908047557 40998.1629810594
232044776.6243517101 40398.2148285173
232878817.6596110761 41036.3265857957
224255796.5236613750 32596.8537694616
233015346.0851268768 41129.5467548631
242459742.7918876410 46519.8046493530
232337244.8787954152 40653.4947641753
232304059.8425744772 40559.5027235411
237965255.5675118864 44411.4791221619
237385620.9398638904 44122.3428688049
240895498.1209302247 45861.6907424927
237205668.0327817500 43996.1394786835
233859639.0206211507 41722.0959898233
241952786.3091635406 46336.6712112427
233743973.3932757974 41601.9054018259
241715924.4063737988 46198.1499710083
235420673.0174415410 42841.4081058502
235380963.5691942871 42788.8302230835
239962036.4821488857 45455.0193405151
239264842.6289539933 45134.8842391968
242264091.4729489684 46407.1203536987
242346903.5264214575 46443.1072921753
242346903.5264214575 46440.3389511108
236678980.8068812788 43642.0534000397
245088229.6500702500 47295.7078552246
242749813.0716837645 46561.9080963135
242888108.7722432315 46654.7566375732
245701691.1270275116 47331.1650543213
238205548.8964103758 44511.7998981476
245701691.1270275712 47333.5408172607
236317310.5368739963 43437.4606952667
242888108.7722431719 46654.5458526611
245489493.4665532112 47297.4344787598
239705431.8975638449 45314.1355285645
242888108.7722432315 46654.9387054443
241926190.3420248926 46308.1843948364
243224127.8136416376 46712.4922485352
239541411.8029357493 45299.2149963379
239722079.0695601404 45352.5907287598
244287777.3163910508 47060.9150924683
240153272.3210754395 45517.9096527100
244763984.4308202863 47270.7879180908
241202119.5411067307 45959.3085021973
240354926.5099950135 45618.9545745850
241316395.9509162605 46052.6587677002
241316395.9509162605 46052.9337005615
241316395.9509162605 46051.1759796143
244333967.6999777257 47161.3290557861
244502679.5521979928 47194.3411865234
244333967.6999777257 47159.7643890381
244333967.6999777555 47168.1642913818
244333967.6999777257 47162.1401519775
239353647.0372592509 45153.2962875366
243542331.6697381437 46873.6759719849
244184459.9345025122 47060.4653167725
