995370613.9415812492 1374.7942760595
995404993.6069967747 1375.5049967980
995427970.5352339745 1376.1402248420
995427970.5352338552 1376.1287157231
995675103.6621549129 1422.1941190398
995541303.6603711843 1399.2088678919
995541303.6603713036 1399.2215267790
995370613.9415812492 1374.7816696436
995370613.9415811300 1374.7788061359
995442002.3790901899 1397.3927770284
995404993.6069967747 1375.5161247914
995427970.5352338552 1376.1364798539
995584594.5568326712 1416.2075388925
995440469.7144405842 1376.5037001588
995440469.7144405842 1376.5018044626
995417492.7862036228 1375.8969915443
995440469.7144405842 1376.5350952788
995525024.8615076542 1399.0136379489
995440469.7144405842 1376.4865331566
1129903990.6385576725 6686.5617521380
996415386.7335404158 1481.0303152422
996013488.5560525656 1432.3438391936
1121058031.1724381447 6351.5658726001
1120995411.3136544228 6348.2296224589
1161391174.7374086380 7851.0366185308
1160970677.8623967171 7850.8018592000
996300593.5881112814 1469.3998105815
996328407.6392543316 1469.4897115359
996123355.5447661877 1448.5446095346
995938571.8357384205 1428.3623034775
996183682.1123046875 1469.1663241577
996096319.5056314468 1446.6329709125
1122309594.3338861465 6447.4119169419
1121822289.0289282799 6434.0556172137
996510701.5061168671 1490.5950572217
996984351.6352031231 1539.0576842498
996596038.2291371822 1517.6221636009
996366232.8813689947 1476.7240051713
1160793685.9350306988 7819.6986840367
996786038.4419680834 1518.5704984544
1151464003.6192045212 7445.1342115540
1139289331.8600459099 6935.4262638935
997492776.6410020590 1586.1355474257
997104457.5478392839 1545.1117327178
997118867.3931447268 1545.3898043224
997118867.3931447268 1545.4644039382
997390862.5599552393 1569.0461629381
1136780012.7951538563 6752.3469690959
999928095.9888386726 1620.8076965980
999489465.0306062698 1604.5242383188
999627317.7853246927 1605.1376475453
1000269616.6495382786 1669.9402861700
999969805.7890095711 1646.2665936000
999815250.6773283482 1619.4115633460
1000244744.3207553625 1660.7098955495
1000724703.2303546667 1689.2506596489
1003426638.5326843262 1787.9097886032
1004793003.3251874447 1917.6497249948
1004416256.2155640125 1898.9803707944
1004787162.3525004387 1911.7177909367
1004575764.9466571808 1899.8300641669
1004314240.9498385191 1893.0759428105
1004280573.4131232500 1886.5997421303
1006319447.0851585865 1950.9030861360
1006113682.1823053360 1921.4054822567
1007055748.8608791828 1977.1051612627
1006712985.2765843868 1956.1334069502
1006750992.6761156321 1957.2142122225
1008746829.9818036556 2054.0520478812
1009114787.5090700388 2099.0089382515
1009164898.8666195869 2100.4713012053
1009231239.2209693193 2107.4484891729
1010350419.9361104965 2144.9101497088
1009905462.7623437643 2129.1352982153
1009639534.4098976851 2109.9095384387
1010016668.0166720152 2136.0222328061
1010093477.0102673769 2141.2033360858
1011100806.8946976662 2225.4147959189
1010864081.2623908520 2203.2413405710
1011770726.6391600370 2242.8623557021
1012889082.2374190092 2246.7142790188
1013059756.3861516714 2258.8126359893
1013326711.0868140459 2318.5667926761
1013128070.9869645834 2280.5501436549
1013237999.2831209898 2301.1388858715
1014102417.1076771021 2413.0684966727
1013965608.0859240294 2392.4016786262
1014960137.4638780355 2471.7390938587
1014765745.7002665997 2446.5979724111
1014895636.8704011440 2464.3824343082
1014798970.4740316868 2453.5222013424
1015178688.7573573589 2481.0395184551
1017637361.9354200363 2582.3956401316
1016756268.8018122911 2508.1407224193
1017585013.4735804796 2576.9057477115
1017828466.9259527922 2611.8817803330
1017778057.6686159372 2596.6609637710
1018205288.8219072819 2620.2341619787
1018056729.7864754200 2613.8655499518
1017794282.4038522243 2599.4485210510
1021043932.8692998886 2667.2044969859
1021072427.8585451841 2670.9358336222
1021676442.7478889227 2703.7987833361
1021993570.9709459543 2713.6454496336
1022549635.5267144442 2740.4771244130
1024662339.5429750681 2868.4377598797
1024372822.8330918550 2846.5110034586
1024372822.8330919743 2846.5315798446
1024464562.7896443605 2859.4740172711
1024641389.0170699358 2863.3770253243
1024912319.2520554066 2879.5751053375
1025383943.0046788454 2884.9326524846
1025304970.3635069132 2880.0336729503
1025608597.0924748182 2902.6684473375
1025814782.4174257517 2915.3565547030
1030071484.9541954994 3034.7455965345
1030185723.5550673008 3051.7489012554
1029699231.4716206789 3022.8488572175
1029993894.3362052441 3029.8507922927
1030383861.0749011040 3084.2372429427
1030364129.7360274792 3082.2566682042
1030264449.9605336189 3075.3865242866
1039478040.2626821995 3491.4041091318
1034610620.3177964687 3238.5107231219
1034620999.0181727409 3243.7267155207
1034479454.0871224403 3235.9121081651
1034289386.0524173975 3214.6701685977
1035188813.5063344240 3250.8332820989
1034446505.7616816759 3223.1234884776
1035388371.6448063850 3260.4092716215
1036573422.0661787987 3318.8599010758
1036467081.9036597013 3300.6116558558
1037750234.2185590267 3338.0206245387
1038294696.3842635155 3378.2142435661
1038460389.5914441347 3415.7487082868
1038057453.9265376329 3375.7653798454
1038057453.9265375137 3375.7492857008
1040479232.2706457376 3494.3064564158
1040826191.0076757669 3504.0250528624
1041361172.1785107851 3544.0671570510
1041361172.1785107851 3544.5518829654
1041640423.2365691662 3567.3324544690
1041361172.1785107851 3544.0265812109
1043339327.6319611073 3619.4361607614
1045011000.2114636898 3665.7181858216
1045011000.2114636898 3665.6417548080
1045398095.2076398134 3707.7542685600
1045132882.9888061285 3684.9985269054
1045380844.3828492165 3698.1153825255
1045566792.2529600859 3729.9883599015
1045692858.1347194910 3747.8990140933
1047394517.6853976250 3775.0189370770
1047701212.9648933411 3793.1598952490
1049873134.6880109310 3913.8368371128
1049736389.3810071945 3902.2173554761
1049804083.2990332842 3904.8337270197
1049704508.9741252661 3899.3814510282
1049704508.9741253853 3899.3892857380
1049704508.9741253853 3899.4315466609
1050300144.0841326714 3925.7916490011
1051798169.3867852688 3975.3098361900
1050935605.0474298000 3960.0923119972
1050765403.7514948845 3953.7180696235
1051321447.2799466848 3974.0085705414
1054128499.3089816570 4104.5940030955
1054414297.5511043072 4108.2962465828
1054436982.2864791155 4117.7651499070
1053819514.0452660322 4099.6542945479
1055502217.3165925741 4134.2059961357
1055381846.7999888659 4129.6375348257
1054684160.8661998510 4125.9598265939
1055591448.7571762800 4149.5730619190
1056360172.7733114958 4186.6014588147
1057336638.5579898357 4215.1249805744
1057694360.9008976221 4232.3918393593
1057783727.2039080858 4241.1840238712
1057964492.8898954391 4245.0321278936
1058844992.9903298616 4306.8601752082
1059272134.3821437359 4340.8617436120
1059420766.6902375221 4369.8715120070
1059656736.4969549179 4391.4755012620
1059385675.6508365870 4361.3811665511
1059769697.9236890078 4396.8108426840
1059479350.8908407688 4370.6805841234
1060620772.8368912935 4408.5409120087
1062218474.4108210802 4462.9978424244
1062218474.4108213186 4463.5002688885
1062337206.5957440138 4483.7728050471
1062451910.6530400515 4494.0534308337
1064927633.1287916899 4500.8264954528
1064794896.2894788980 4497.8119517669
1066064243.3531193733 4525.0210870824
1066011756.6296720505 4520.2772334866
1069558318.8625559807 4641.7892377647
1070018280.4989979267 4684.2389671230
1070185473.2485958338 4684.7141323340
1069565708.7752571106 4661.3839364224
1069565708.7752572298 4661.9804249578
1069565708.7752571106 4661.3700722628
1069590836.8164961338 4662.5946056624
1069602274.1055018902 4663.4785364975
1071577190.0276067257 4707.2710701574
1071658844.2458111048 4707.5837165263
1071799728.3383222818 4730.1365289661
1074655408.5565645695 4835.4426331042
1075122413.1580924988 4864.3742549090
1075462595.3902478218 4867.8114447711
1075760391.7835109234 4872.7491687901
1076006116.3089196682 4880.9411364362
1075993492.6853380203 4876.5821441278
1075993492.6853380203 4877.2691350743
1075993492.6853380203 4876.5877746508
1076285622.0332074165 4902.7424785976
1078374647.4803261757 4943.0490049272
1079851718.6588525772 5027.9966315274
1079436662.2031424046 4989.2268131414
1079965417.2548837662 5046.8503213226
1080009390.4493007660 5062.9898412525
1080151230.9546453953 5066.7203665581
1079915747.6899442673 5044.9779753965
1080558534.6153726578 5092.9314517919
1080252762.1560337543 5077.0392412227
1081635136.9584999084 5162.2888430502
1081635136.9585001469 5162.3003259409
1081635136.9585001469 5162.8288077820
1082347650.0076954365 5186.0525304378
1083737334.6257202625 5328.2283998701
1083540677.1897783279 5308.4733279916
1083540677.1897783279 5308.7887766334
1083229579.7373168468 5288.5824836466
1083540677.1897783279 5308.3173704120
1083885518.3708887100 5333.7201283994
1084094086.0939600468 5336.4553544383
1084452015.2783200741 5345.0403658162
1089883151.1544861794 5446.3890650214
1089883151.1544859409 5446.0895144881
1090027982.5002176762 5454.2578464092
1089883151.1544854641 5446.0266877950
1089878081.0185472965 5444.3323087485
1089878081.0185472965 5444.2872958721
1089883151.1544857025 5446.0767655314
1090017637.5297334194 5452.8920207561
1094653235.6929035187 5524.9692762146
1094569435.8902041912 5523.4582060525
1093147517.2319822311 5505.9125498048
1093493460.7293641567 5515.5313256121
1093280705.7185106277 5508.5441890544
1093140588.6236937046 5495.2005465812
1093140588.6236937046 5495.1554119772
1093140588.6236932278 5495.1432247943
1099729921.8039751053 5703.6169262464
1098733598.3428623676 5671.3965948066
1099191804.4633021355 5673.2547868481
1099325877.5243721008 5673.8939655712
1101481191.6260676384 5742.1316559416
1101481191.6260674000 5740.5943072093
1101481191.6260678768 5742.5174777759
1102021086.0332667828 5778.3016454456
1101587128.8366765976 5754.9856195701
1101743514.5968694687 5765.9788368540
1102404312.8739953041 5780.1806730697
1102404312.8739948273 5778.9479293296
1103905603.9058051109 5938.8073217770
1104031065.3230659962 5947.2193241766
1104154349.0193276405 5976.7119135609
1104130159.5451278687 5963.1278217038
1104076953.6632058620 5959.2516024014
1104076953.6632056236 5958.6172962090
1104119989.6191732883 5962.3388994834
1104076953.6632063389 5959.5235414406
1108594123.0611941814 6062.0164295001
1109528045.6936073303 6127.7989021037
1108394809.4061970711 6036.3158997944
1109404591.8795650005 6112.4196289275
1108594123.0611941814 6061.7571646733
1107671479.9942736626 6017.8564073984
1109270566.3247740269 6089.6155773420
1108186240.2179341316 6025.0742412973
1114469700.0303177834 6176.6767799389
1114255718.3389909267 6154.6962087136
1114924575.3446838856 6177.9236191493
1115233541.2014503479 6198.5303954910
1114979274.2184097767 6182.9407581072
1115735630.9132397175 6213.0888395291
1116389220.6329705715 6219.7585658785
1116389220.6329708099 6222.6561335083
1119381739.9224255085 6319.9205928743
1120008865.7016210556 6325.2760983407
1118188829.7523758411 6287.7253231164
1118134898.7310633659 6287.2091139182
1120665813.3639400005 6341.0784277171
1121720427.6043648720 6353.2497485429
1126761584.7188477516 6480.3134236746
1128022770.1197443008 6511.0084635876
1128186298.6686289310 6511.9811796807
1128750010.0663542747 6521.0521896742
1128837777.4554710388 6522.7136322074
1128629874.6170861721 6516.4554430060
1129024351.8963630199 6529.4006058984
1129438162.7776589394 6545.6636981890
