235406292.9283718169 406008.3973050974
234798205.2125755847 381633.4284316003
244217299.0103752911 514891.7583007812
240252634.2935160398 479773.9033927917
244016886.0046785176 512474.9619750977
236921435.4710352123 436000.8966017850
239156045.9192717969 467636.4550070763
243592750.7690736353 510294.0859375000
244025404.6348020434 512975.8942871094
242427523.8839117289 500594.9389038086
243424707.2826839089 508825.6328125000
236112519.3581025600 423587.4831133969
235646747.0287400484 408917.2503005154
237610137.1824668646 446831.0566569455
240433357.7273475230 480992.4943351746
239055465.3611853421 466648.0273489952
244018050.6876392365 512843.6374511719
236863236.3155600727 434809.8095255978
237837645.3363970220 450878.8158732541
241184153.5976059735 489229.6982116699
239840309.6839624345 476169.5193991661
241921735.9260377884 496054.1407470703
237442841.2300080955 446243.6900035031
239126442.9956352711 466984.4218089581
240252634.2935160398 479766.1739006042
236545418.5090508461 430746.3606425412
241931187.2553434372 496616.3889160156
240742564.1947492063 483583.6869354248
237837645.3363970220 450857.2984171994
242192494.9268390536 498541.2138671875
245437513.4206005335 520070.6687011719
238228559.8859220445 456061.5365153439
238944239.9972686172 465733.8130760193
242192494.9268390536 498485.9201660156
236468432.2091711760 430079.8609324582
246691106.9653193653 523406.6015625000
240663398.8536790311 483341.9721069336
238803833.9632885754 463241.9808604717
238956797.5965356529 466158.1402182579
243592750.7690736353 509925.6359863281
246154147.0575269461 521481.0878906250
242192494.9268390536 498484.6812744141
238813900.0930682421 464059.1659750938
238956797.5965356529 466298.5792136192
238604585.6405524611 461638.0199840069
244370145.6973156631 515940.8100585938
238215018.3212760389 455778.1060649045
238021274.1903932095 453118.1408854611
240433357.7273475230 480966.0227775574
237121967.5504187047 439645.4741622098
237940145.7258397937 453084.1332865842
241498495.7376067340 492542.6036987305
241498495.7376067340 492620.8665161133
237100011.6281554997 438919.3674174435
238956797.5965356529 466082.7999167442
238930869.6166171432 465676.8687033653
240252634.2935160398 479803.7030143738
239231670.1919718981 468810.2664694786
243417528.7409383059 508803.5310058594
242211019.8157436550 498945.0997924805
237940145.7258397937 452718.4991923459
245122841.1750320494 519542.1682128906
238021274.1903932095 453129.4707804807
236023087.6468076706 420259.0832284599
236840879.5523117185 433719.2224894650
246665178.9854008257 522650.6853027344
238697970.5655019283 462269.9369406700
235338229.4658460319 401358.2159715556
238604585.6405524611 461686.9347789288
240986599.7295675576 486957.9084777832
238263346.6017283201 456342.0963297971
236365934.3282706439 427266.6103373654
238120869.1596712768 453839.6981669553
237811717.3564785421 450848.3157511838
234950655.2094399631 390569.2773085535
238600572.1522658467 461313.4941356182
243764605.8925701678 510931.8535156250
237940145.7258397937 452702.9237528928
243496454.6307996213 509013.7248535156
239697412.1804950237 473717.4325461388
239814381.7040439248 475330.1231589317
235574864.1538005173 408377.8318720944
235664294.6839779913 412214.5957270749
239212483.5627382696 468329.5262656212
237837645.3363970220 450893.6543742307
240538311.3315443695 481803.4205222130
243211265.6877517402 506928.4680175781
243007212.5643966496 504990.4147949219
238122454.2856677473 455255.3393352032
237172489.7673398554 439775.7767439969
240598443.0148435235 482500.1315612793
237920903.5364013612 451811.6732035764
236670948.7339748442 433336.5725566037
239506780.9147281051 471560.8629660606
239257598.1718904078 469198.1706137657
239338726.6364438534 469631.6938071251
237623819.6225264966 448209.8126994260
239736714.0639268458 474093.0833690166
239361126.9369775951 470130.8782858849
237340343.3491075635 443435.8765421994
239389262.8508817852 470728.4485373497
239506780.9147281051 471559.1268820763
242987210.9643282592 504922.2287597656
237269149.0566684604 442669.9635783322
237000426.3152312636 437751.6092330106
239231670.1919718981 468786.8132224083
241931187.2553434372 496294.3292236328
239506780.9147281349 472504.5187277794
243156887.9728676975 506897.6149902344
240543315.8720130324 481808.8394012451
242363866.5026839972 500216.2734375000
241778328.2980069816 495233.1781005859
237102926.7046740353 439514.8890410550
245160884.8256849647 519675.0708007812
238737755.2117442191 462422.7811179161
235804522.1679158807 412954.2690592892
237102926.7046740353 439564.4638777860
247440582.7173711061 523585.1958007812
236875418.5507438779 435445.6752425320
239361126.9369775951 470200.1941428185
236595272.5248280168 431502.1509257443
236275616.1740116477 426163.0525923856
244258847.8298026919 514947.8334960938
239779455.5269732475 474543.1236166954
239193800.3759894073 468107.7791087627
235902683.0303086042 417028.5111669212
236428013.2954992354 428425.0486861356
240938184.5260684788 486557.1250305176
242011771.4930075705 497171.2818603516
238800482.2153309286 462917.8959605694
241204198.3856169283 489371.9606933594
243121531.8616565168 506263.7406005859
239840309.6839624345 475783.1623435020
238892999.8006346524 465029.9721019268
244370145.6973156631 515819.3398437500
237665068.8822242022 448640.8351908810
235854750.4635718763 412991.4908782132
240242515.2966582775 478758.3255462646
240242515.2966582775 478985.7269134521
246691106.9653193355 523084.8256835938
242867563.4991439879 503890.0513916016
240598519.2647873461 483027.7168426514
241126808.2787543535 488293.7682495117
238807696.5972819626 463503.2274119854
239687346.0507153273 472897.9381663799
236875418.5507438779 435416.9584990628
236595141.4037463069 430821.0351287015
238534455.5781467557 460199.5045421124
239126372.2743572891 466782.0099437237
240073752.8789630830 478017.1512351036
243592750.7690736353 509884.7583007812
237194943.7804785371 440103.6577788480
239141616.1365822852 467029.0972850323
240073752.8789630234 477703.5594382286
241844402.3755122125 495680.0329589844
239181468.9690037370 467907.6180675030
243369597.8506694138 508383.1767578125
242770706.8961601555 503395.4687500000
236557112.9112372696 430819.6252165921
239840309.6839624345 475736.9031882286
237678782.4852082133 449272.5824748166
242537263.7011595666 501441.0190429688
239757708.4413833320 474418.6625876427
243589778.0601671338 509461.6145629883
239532708.8946466148 472845.7636008263
240882366.8950629234 485955.9733886719
237239304.3367465138 441574.2195597775
237194943.7804785371 440102.5161238797
240851935.6833181381 485720.1312866211
238619758.7814994454 461943.0584056377
236936844.2500773072 436020.9375029691
236994448.4081251323 437174.9029418118
235330421.5481547415 392616.8354907930
238662569.4066185653 462163.7754161358
236299013.3808360398 426736.9049407132
241056906.3347499073 487390.9555816650
237191198.6400800943 439918.2767497189
239141616.1365822852 467028.4730784893
241778328.2980069816 495198.9019775391
240039558.0066985786 477351.5558371544
241151955.3640035987 488822.4273834229
241351203.6867397428 490942.9888458252
241920597.8753830194 495842.5744018555
243311850.8362016678 508105.2152099609
248721476.4881844819 525347.2966308594
245343258.4855645895 519799.7861328125
239478654.9516184926 471425.9715170860
238353732.1443152726 458342.7439219952
236959802.0222215354 436556.1188822873
243859439.2029956877 512006.5122070312
240039558.0066985488 477287.4529318810
242539977.8866043687 501589.5579833984
237225828.6594056785 440144.1524821408
241204198.3856169283 489314.4869995117
249075476.0160967112 526122.1198730469
238662569.4066185653 462115.0353038311
244709434.9840016663 517625.0600585938
240532493.6215623915 481371.8157196045
243865662.6904627681 512132.8101196289
242592878.2186157107 502030.1016845703
242537263.7011595666 501489.9450683594
249075476.0160967112 525594.7993164062
244495745.5100033581 516082.2636718750
240039558.0066985786 477337.9713644981
243711397.3166744411 510839.5581054688
240903397.8102621734 486284.2259826660
244042786.1224251688 513010.1550292969
242911211.1137508750 504760.2954101562
241056906.3347499073 487370.5471343994
244709434.9840016663 517691.9716796875
246185475.5120516419 521829.7678222656
244069983.0618502796 513929.5424804688
243829708.4747089446 511769.9348144531
242629912.3976007104 502551.6124267578
241110259.3186129332 488284.9309387207
244340260.1805640161 515213.7905273438
243327914.0451825857 508243.9726562500
240073752.8789630234 477689.9749655724
242993689.3472522199 504929.1276855469
240073752.8789630532 477760.9627585411
243384841.7128943503 508661.9013671875
241079306.6352836788 487966.9999542236
242993689.3472522199 504963.4038085938
245056786.3033316731 518520.0874023438
242886088.3880486190 504505.2752685547
244495745.5100033581 516069.6049804688
248426375.0514087379 524798.8999023438
238454897.2320476472 459217.8815821297
241351203.6867397130 490579.3957061768
241226598.6861506402 489960.5305786133
243236799.8265731037 507593.4888916016
236963200.4954049885 436581.0722437985
241477527.7226522267 492142.4880371094
241778328.2980069816 495239.8256835938
240224943.9258690178 478727.3191375732
245996948.6375032365 521207.4526367188
241398673.4786951244 491575.2968750000
241676776.0453883410 493921.7859497070
242011771.4930075705 497153.3516845703
241676776.0453883410 493912.8452758789
242211019.8157436848 498986.0050659180
238353732.1443152726 458359.2306468487
244625475.7128135264 517093.9560546875
240756105.7593951225 484331.6326446533
244495745.5100033581 516115.6149902344
242211019.8157436848 498993.5994873047
237704710.4651266932 449331.2658244260
242652645.1930480301 502557.8330688477
240756105.7593951523 484427.2495269775
237868517.8459335268 451460.2089136727
241454058.1938522756 491916.3545684814
240467691.5993129015 481193.4841766357
241863182.5225658715 495814.1215209961
241385398.5590041876 491048.1435699463
242886088.3880486190 504513.3480224609
243295606.0965412557 507648.5196533203
241962210.1355004609 497010.5765991211
242737499.4176069200 503340.7822265625
244913076.4121639431 518384.7666015625
238297992.1976304948 456921.9463099129
241519076.5420795679 493111.7416992188
242490583.0483902097 501083.0953369141
238314891.2090778649 457500.4676113129
240813854.2039569914 485569.6251983643
238700887.2460528910 462382.2764232159
237704710.4651266932 449308.0272990353
237868517.8459335268 451522.1615809090
243012491.4320348203 505334.2327270508
242447525.4839801490 500843.7847900391
242652645.1930480301 502558.8983154297
237191198.6400800943 439945.1430750974
244495745.5100033581 516529.0205078125
245546899.9137268662 520435.1918945312
238619758.7814994454 461724.7113902569
238600572.1522658467 461245.9144237041
238314891.2090778649 457478.7524929047
241819877.1174343228 495248.0594482422
246630065.9936889112 522009.5246582031
237868517.8459335268 451487.8854578622
237704710.4651266932 449364.3483439572
243012491.4320348501 505912.0610351562
238908172.9415816665 465067.7487132549
245718023.5446229875 521046.3566894531
240556857.4366590083 482490.8655548096
245959683.8528402150 521052.5744628906
240780814.6424442828 484614.9870605469
240756105.7593951523 484477.1024322510
242103979.6647293866 497845.0807495117
241375912.5697888434 490973.8012084961
241665221.5018741786 493670.5872802734
242283706.2314103842 499167.7049560547
241351203.6867397130 490619.6798248291
241665221.5018741786 493849.7550048828
239666721.1838896573 472870.2777659893
242337422.8597299755 499782.0919799805
241665221.5018741488 493645.3424072266
241141760.5593087971 488396.0284576416
242330410.9931614399 499730.6287231445
248596030.4734393954 525321.4155273438
247873258.4062527120 524495.0085449219
