196449794.3437598348 36499.5629085060
192352747.1967231035 32060.4353018719
191677605.6539514661 31028.9527629930
192550150.2084615827 32239.5991653520
190158059.0226228833 27903.5777546795
193709197.6369652152 33666.7732400614
195640656.3173993528 35548.1866795141
190199969.4832941294 28235.1107277306
201576301.8960534036 39376.2322235107
195979146.4927777946 35996.5846964028
202674147.2789304554 39397.7101898193
198356420.4506854713 38098.2025480568
198033860.5194225013 37846.2914076149
194249053.3671596348 34210.2489221394
190764948.8492622972 29460.4475401672
197122846.6367443204 37068.4650789797
191359129.6270585954 30418.9535389114
192750427.8485090137 32362.1434310991
193242315.9474128485 33082.4079345557
195245389.3393214643 35207.7957960683
190182902.1490003467 28195.2408597501
193569954.3170194328 33444.6006094384
190928785.7434133589 29581.6339928079
200038171.7179008126 39163.7891693115
192047525.1506786048 31573.0517044979
190056488.7703168690 27877.6069130333
194292375.0474893153 34289.3706450033
191374296.2086403072 30498.0809192825
192268093.5891381502 31758.9693070370
189825757.2224353552 26171.3609530809
195722552.8752426803 35775.9762445595
191235487.2754343748 30007.6213068682
192248159.4151994884 31718.9876220840
196696709.3592408597 36642.9184557498
190307051.8746695220 28411.4966313871
192284598.3759173453 31759.8763647992
192079196.5190395117 31653.0861426312
190991328.4310679138 29689.5385672170
191081429.4296569228 29980.6102925855
197683700.7553810477 37563.9629666805
191351723.5167021751 30215.4658473748
197209493.1269021928 37192.8470869362
193327949.0317750871 33173.3676041532
192842219.9666953087 32585.3324951250
198197904.6600185037 37961.3901557922
195125956.3036733568 35079.2039345819
197466086.7444372475 37413.4555387795
198455525.4256972075 38128.7700691223
197996794.8419635296 37757.6541893780
195393250.3935027719 35426.6947981435
191826547.3649161458 31121.5822751689
198801837.7832554281 38392.9712333679
191006495.0126496553 29768.6659475881
195532227.7756925225 35511.1245619375
196322388.1142896712 36333.4978425950
191671490.0760650039 30852.8430508691
193585120.8986011446 33523.7279898095
198061246.7996451259 37875.4855420589
201014310.6865907311 39306.3704681396
196691221.3797132373 36641.0439799782
197715581.5059348643 37627.9100523293
191921791.9193173945 31347.8717423397
196416059.6350068748 36397.8633769508
191351976.9862757921 30248.8195670414
194596388.7246441543 34562.3942331430
198021304.5496590734 37761.0506818295
193914423.3803410828 33873.0094362255
197598453.6254454553 37527.2923612893
196401861.1479593515 36368.6628173757
193060278.2580928802 32854.0470031592
193267604.7519979775 33158.6657928321
191521063.1961413026 30509.8622216302
192840124.3562073112 32492.5706237871
193491946.0183412433 33298.9544578958
192233187.8953087628 31717.2338581699
190347059.9320145845 28511.2565350155
189913128.2724523842 27389.3776201638
190961171.1817027032 29676.4001901466
193022069.6652356088 32741.7523717600
196662847.0328365564 36598.4944411274
198523174.3883151114 38167.9337043762
197879656.0154714584 37747.9008131325
197864489.4338897765 37668.7734327614
195088396.8155443668 35042.3549927231
197437712.3975605965 37370.9059999287
199021483.7480422556 38503.3417737484
190958343.1152253449 29659.8966552931
197194326.5453204811 37113.7197065651
192447713.3158047199 32092.7207132894
196120491.8620199859 36150.2814620900
195950948.2020515501 35945.3432907033
190008165.4076596200 27503.9160023309
198320681.0225377083 38044.3183896542
190276964.5675464869 28295.4743227395
195892760.9468692541 35888.9720018357
198538340.9698968232 38247.0610847473
197613763.7742772698 37529.5194578469
199139237.6646614671 38640.4532966614
198856619.9833844602 38465.4424400330
191336810.4046940506 30169.6921866703
194601264.5258879066 34621.7113306243
194063275.7871094048 34013.8231993821
193978675.4680842459 33923.5389911252
194427827.4707891047 34390.6862437296
199154404.2462431490 38719.5806770325
193426736.9655540884 33240.1549961287
194390193.8574611843 34357.4621716589
193109360.6232656240 32944.1563159543
193100220.5080788732 32930.9428964350
193899256.7987593114 33793.8820558544
195829647.4751212001 35779.8177820351
193635185.3715906143 33597.7543609905
191663978.1993054748 30768.0129556092
194646453.1976335049 34636.4206043240
191524807.9612607658 30553.9548684600
197326787.9033048749 37291.2376814187
193099794.6947566271 32859.9334162566
190130188.8253960311 27894.8640324505
196280250.6837914586 36294.6247371193
199759522.0696818233 38948.1894912720
199654379.6994735897 38867.7166481018
194369162.3635785878 34319.3240280468
190651822.0081622601 29012.2557888347
190732434.3793835044 29230.3500068422
195842781.1529031694 35826.7364671677
197181429.2431889474 37071.1701677144
194579472.4925596416 34549.6680432409
196813979.1738988757 36836.2352794167
193532801.2397311330 33330.9494280535
195831562.0385429561 35806.2516878098
194270131.3103262484 34288.6864156034
194757129.9525289834 34739.9676901456
195931981.2673894763 35926.3640731740
196171880.5854336619 36213.4649007041
195848459.2863386869 35874.0404993203
191544501.5051368475 30637.5287438873
192534983.6268799305 32160.4717849809
195276072.3594025075 35209.0217420030
189770805.0361018479 25893.0606740094
193457993.6007166207 33283.6690796185
192793026.2633947134 32387.9728155899
195896250.8367861509 35907.9512193650
192628959.3800427616 32357.1678694654
192598276.3599616885 32355.9419235307
194407110.0895456672 34370.1883615609
194386697.0862043500 34353.2476007659
190260074.7762151957 28283.8404080900
196381143.7667159140 36348.1649352070
190042913.1709657311 27581.2892279477
196081271.5414997339 36112.8893907517
193509945.9626324773 33303.4377660471
191854298.5484211445 31279.0191393066
190816869.8060041368 29470.9184521604
200116264.2385951281 39183.5944366455
192583109.7783800066 32276.8145431596
194575975.7213027775 34545.4534723479
193224362.1890222132 33057.8548806161
195241899.4494044483 35188.8165785390
191845991.4556775987 31154.4320358130
197810294.1554428339 37660.1264646053
197284520.0258056521 37222.6070509255
189718408.0772913098 25802.7052638383
192302605.9052224755 31961.8128052670
196446384.7410834432 36462.8128854800
191259438.1754190326 30147.9948913771
193847551.9455249906 33721.5239688474
194060977.8761031330 33989.8386916238
192556471.0645216405 32253.5999664384
194176854.4272648692 34070.8054152634
191244271.5938373208 30068.8675110060
199623478.6659525037 38850.2244300842
190177322.4612641633 27930.4799966844
190222844.3989863098 28272.6144762071
199524838.1151955724 38813.7905686200
194706714.0949124098 34671.8917740341
200205077.4901962876 39258.8189239502
196548202.4727409780 36561.2034799624
192157199.7969219089 31687.9431737381
191039764.8097300529 29811.1706840712
194339777.9998446405 34289.3862555474
198246289.6034610569 37972.1087029278
190308484.7325648665 28447.2983569162
190400620.5607672930 28625.1349936383
196928803.2667309940 36909.1498658955
199076882.7785897851 38575.7281487286
193577439.7195062637 33499.1068933997
193988084.2610885799 33947.9787703659
189876855.3999071419 27244.1903653370
195118844.0990974009 35051.1596625149
191642355.5417963862 30692.4607565659
197778117.3134553432 37658.6003639996
195278124.8824294806 35234.9416127652
189861688.8183254600 27165.0629849659
194001464.6691795886 33966.6004927027
198693034.6769135594 38323.2600784302
195363357.7113766372 35361.8110812660
190054631.5616881549 27596.7108827682
195351119.3593211174 35336.0665996373
194972020.8912190199 34974.7210276723
195695936.8406806290 35639.5967652667
194658108.2856438458 34656.5197999346
196876514.9814193547 36870.7303576767
190497659.0499033630 28761.9775571214
192925742.4537129104 32692.2659309226
197106880.4966196716 37019.1725797951
200856639.1130124927 39295.9688262939
190295147.6343067586 28331.0346211047
192762563.2419776917 32367.2609237898
195705049.6638745070 35650.4264929164
190482492.4683216810 28682.8501767503
196262562.3068269491 36246.4449600148
198127766.6344490051 37931.3256492615
192910575.8721311986 32613.1385505515
191651207.4359412193 30742.0787938032
194813757.1048043668 34857.0290561672
194798590.5232226849 34777.9016757961
193847269.7978364825 33678.5759394038
194468318.9176757634 34429.9243640602
189860122.6981242895 26295.8463897557
196576474.9124021232 36563.1865637600
199799464.3196677864 39025.2701187134
195719448.3840514421 35657.3138912022
195019100.0513262451 35026.8576553818
194265934.8302989006 34224.6507933009
194352848.6776967943 34294.1623894143
193892421.1456495225 33754.1395551431
198252277.0409080982 38032.7293618023
197314123.4184148610 37240.1288826764
194200826.9603904784 34188.5599735677
202541708.1276234090 39392.9264678955
195575875.3194367886 35541.9576440956
197636213.7645616829 37560.2097695172
190628742.1256883442 28997.0739815160
196232217.2523517013 36228.2331378758
195910126.9062048793 35908.1522510350
190638560.3140614033 28997.5238638776
196526495.1184360385 36500.9510290921
199657334.2157766819 38928.1936111450
194076656.1952004433 34032.4449217189
190039464.9801064730 27517.5835023971
194245217.4490554631 34205.6125351246
195151579.6364807487 35148.8111733961
195291820.2743645906 35273.4223407265
196134910.3423835635 36158.1662835777
196798899.5724281967 36782.4996303078
196269774.4424199760 36275.6455195900
190547408.9624966085 28850.3149557965
190562575.5440783501 28929.4423361676
194932172.7381494045 34905.9290721714
194545108.6858379841 34485.9955466744
194782296.4130234122 34741.3514201939
195574067.1960343122 35513.0654646474
190432204.6216830909 28641.6385284918
197115268.3835471570 37060.9808764756
194747152.0334359407 34703.3610790074
200358438.2383051217 39282.6418304443
196541884.9946007729 36533.4908717629
195003710.1751615405 34994.3178127110
192829677.9550437629 32491.4797185379
190587965.3947822154 28976.9505492839
200329275.4624224305 39282.5112152100
196974409.3569272161 36998.6509669777
196869145.0460616350 36842.6736044455
195521041.9383908808 35454.1824812461
195655563.7911577523 35610.4749644753
195326964.6539521217 35300.9524768349
199527416.1771641970 38849.7675209045
197429693.3614528775 37312.1800786722
196677144.8712334633 36622.9663958848
195670918.2635169625 35618.7601332236
200463664.0350192189 39285.2291412354
199076456.9652675390 38508.1058647931
196944175.8124556839 36971.8428454697
190385453.9791855514 28546.0076132672
190400194.7474450767 28554.3585461038
202660619.6554750800 39395.6443939209
194960028.5588843524 34918.4469583482
199432247.9470104575 38786.7169907391
196723252.4270928800 36721.9451689292
191666374.0175228715 30821.2061741743
195141943.9492385387 35108.8446887489
190688887.4670761824 29072.0259484904
196591864.7885668278 36595.7264064308
200468866.0784139931 39287.8216705322
195507182.3745563626 35438.6269367039
201305489.4141479433 39308.4958038330
