594350619.3262702227 7662231.6191406250
593021747.0831774473 7649918.6347656250
592522487.3928250074 7641243.9863281250
592514872.7488353252 7639429.5136718750
591112447.0919647217 7618242.8593750000
590473078.3304920197 7607318.3789062500
592908592.7892696857 7644849.1484375000
590981193.3614796400 7615809.7968750000
588809791.6970795393 7555706.7265625000
592319948.5266096592 7636981.6699218750
591960513.1922532320 7633008.4355468750
593278383.9684175253 7652196.1992187500
593991594.7995647192 7656837.3144531250
590251435.1908549070 7602777.1669921875
593569767.5034296513 7653512.4902343750
593308584.7989324331 7652718.4882812500
588779820.8558889627 7542684.0507812500
592973849.4863523245 7644897.5058593750
591988678.3224122524 7634526.3144531250
592299261.6447492838 7636390.9902343750
594903743.0540647507 7663945.5546875000
592249168.9250725508 7635594.2753906250
589087080.7027143240 7566704.1162109375
589215406.3975257874 7572990.7236328125
593241067.9779324532 7650659.3730468750
595083638.0698643923 7665210.1777343750
590877369.0213587284 7613486.7373046875
591324033.6676889658 7621143.3222656250
594235344.6350409985 7660084.4648437500
595708869.7109549046 7667393.0927734375
592828115.3199512959 7644584.1816406250
593742151.2044157982 7654496.4160156250
589446352.8083984852 7579317.3066406250
591494423.9072880745 7621778.0859375000
594165134.3798434734 7659814.1591796875
596182825.4353399277 7668301.1591796875
590818859.7701627016 7610717.9277343750
592817760.0646430254 7643622.6699218750
596441253.2288353443 7671864.9140625000
590423031.0077259541 7603472.4052734375
591570773.4984973669 7621915.8652343750
593846461.3999214172 7654763.4042968750
593581019.2436380386 7653539.2675781250
594633988.4657077789 7663176.8339843750
589696490.2111017704 7586019.3095703125
589687163.8624114990 7583337.7724609375
592828115.3199509382 7644492.5429687500
589854740.2154165506 7593136.9931640625
592828115.3199512959 7644546.4238281250
591581602.0299969912 7623618.3164062500
593742151.2044160366 7654634.4589843750
591747106.5011764765 7627790.6855468750
591747106.5011764765 7627774.6464843750
589854740.2154164314 7593072.1904296875
596931621.3644250631 7672066.1474609375
594235344.6350409985 7659961.5625000000
596551389.8664836884 7671981.4150390625
591494423.9072879553 7621725.5664062500
592077873.5233770609 7635208.9257812500
590981193.3614795208 7615798.6972656250
590039705.4339494705 7599318.3789062500
589400371.6160591841 7579263.8203125000
593101433.7877038717 7650270.0449218750
593908851.6589143276 7654996.0585937500
590740963.2857528925 7607427.7724609375
591164702.4467890263 7620560.2880859375
590876220.1911362410 7610865.5390625000
590748607.2645199299 7609013.0361328125
591617590.8432034254 7625244.6542968750
594072072.2688829899 7657130.8027343750
593949460.3729090691 7656060.4619140625
595521666.9318811893 7665267.9023437500
590377049.8153867722 7603351.8642578125
589326644.2869476080 7573165.1318359375
593036177.0906211138 7650259.1289062500
592331173.0088847876 7638167.4863281250
593116654.5599393845 7650564.2089843750
593036177.0906209946 7650249.1484375000
591869811.7527072430 7629408.9394531250
593947153.2728763819 7655483.6914062500
589983613.9234937429 7593365.5712890625
589655277.4710628986 7579758.5097656250
591570773.4984973669 7622069.7773437500
591780616.5517425537 7628734.3398437500
588952303.9783968925 7565121.8369140625
595967602.5608839989 7668281.1796875000
595670127.6714589596 7665852.8574218750
596283531.6625272036 7668728.6328125000
591842388.2501964569 7628899.4980468750
595633802.9557963610 7665452.6308593750
596428691.6626379490 7669509.3759765625
596273508.0062553883 7668703.6484375000
596348788.3596097231 7668854.7500000000
596348788.3596098423 7669007.3222656250
596348788.3596097231 7668976.9765625000
597022590.2530312538 7672085.6660156250
