229465504.6620144248 73355.2110996693
290598617.5783066750 224621.9650573730
290086095.3254475594 222723.8303527832
222391932.1760690808 21206.4231798649
291561656.5712087154 228559.0034484863
224007447.8340150118 40107.1840168685
289158524.0717896223 220093.1962356567
289002807.3043159246 219317.7469558716
223646628.6633438170 36268.9489492029
222571808.2200103700 23576.9194759130
223631610.5314449668 36046.2999554724
222478459.8197322190 21591.3583559990
222708386.2020144761 25615.4426267929
290594328.4527149200 223760.9870300293
268966228.0189408064 158025.0720999837
222453320.4784890115 21585.6088784933
223967935.2687645257 39927.9988613576
222512694.0211707354 21889.3616145849
222959888.3399617374 28916.9387739152
230539300.0920476615 77951.7763310820
222518267.6274757385 23003.2396570891
222890179.4833967984 27801.2728414387
222487769.0718705952 21656.1243320853
291715738.4667373300 229702.1472778320
222929652.1534680724 27803.2008184679
290846451.6898171902 228503.8822250366
290643414.4098609686 227621.8928604126
293100154.9377707243 232600.8876342773
228208214.9372471273 65916.6308607459
222419226.1296179295 21543.7776302099
229924401.0734637082 75829.5917607695
227765844.8265601397 63883.4890150428
293103589.1738100648 233095.4619140625
292108161.6984953284 230990.6306152344
276638312.3855156302 188241.7520942688
222929179.8323640525 27801.3312294371
284810365.2745244503 208500.9479813576
222872053.9864633381 27719.5084142536
284264055.0770829320 207604.7824597657
278051775.7213958502 190243.1631812900
290637470.1826593876 224837.1535034180
227874254.1404764950 64166.2480581552
230019752.3018651307 75918.6344853789
223137569.7394063771 31167.0577160269
229660531.6273923516 73885.4926396757
230978295.1484559178 78104.2350655943
280676292.9044093490 196311.4993844032
277998137.5929586887 188912.3887659311
292543563.9423304200 231369.6329956055
222716917.1993599236 25768.1309957355
223499831.8426816463 35545.0027769953
293249369.2375677824 233201.5661621094
293603439.4670916200 233590.1459350586
225321568.0797667205 49916.3844066998
288243826.5256096721 217094.7354551163
279621907.0366936922 192726.7067137957
279083783.0234294534 191854.5917878300
223822667.3766343296 38103.0080166310
224206392.9096378684 41985.1437507123
290269465.3811703920 222842.3048019409
223557262.8862893581 36044.9452049583
291657853.0952041149 229436.2793579102
285445902.3988773823 210534.0898270607
223728117.7960845232 37828.8434898704
223499895.3892242908 35742.9232082814
223067881.3804259300 29834.4146871418
290594435.1895829439 224347.5772476196
222651535.6485579908 25218.4436646104
268833881.3951753974 157891.5000784993
223787453.8273738623 37918.8600593060
291573111.3804509640 228659.1962890625
227754831.5788422227 62539.1551626474
292988209.4646582603 232297.6674194336
290328604.9697790146 222881.6014404297
223133039.9505739808 30950.0806196183
293474133.2366776466 233456.5739135742
223126935.0096671581 30098.1726868004
224100714.0239181519 40111.2288963646
222804751.5528582931 26965.5613553971
225428445.0212090015 50264.6622352144
267403610.7876962125 153832.7380922437
222768377.5941503942 25770.0589727648
223180660.1838423908 31623.1664829552
222567509.7018595040 23178.3727999479
230228039.8545835316 77357.0826607198
233829911.4756534696 82559.0858719796
227692675.8184669912 62489.8942983896
224525593.4629577398 44032.1309371442
230340881.8480197787 77450.9444771260
222490322.6335352063 21847.6364797354
227946924.4132484198 64171.4326997250
266487046.5304095447 148807.3361147046
236875096.1050097346 95688.5991244465
287237737.9213762879 213899.8109364510
224432991.2110125721 43875.4905910939
222375876.8234812319 19440.3881233931
281808598.3379824162 197251.9509224892
223699694.5619336069 37776.0650539845
224188233.6164840162 41922.3892945498
288628498.7982367873 217566.0694525357
283922987.2845976353 203382.4657935947
225395788.9017449319 50117.7111335248
229777212.4235286713 74975.2281268090
223253105.6432463229 31978.6615135521
270499435.3566558957 160837.1260539889
274253969.5334409475 181815.9813485965
277107051.4514673352 188769.5584846437
273762306.2595540881 181459.3636957034
271745153.8837705255 164903.4097453952
236532439.0337718725 95583.0415375531
223361052.8555325270 33511.8609312922
222750218.3009966016 25768.1893837340
222647346.0472075939 23709.7995519489
223377708.7467679977 34011.8033592552
228616963.2399864495 67631.0775335580
227101298.8464390337 59813.6352475435
276601796.7332236767 187679.3433266580
287761122.6576457620 215540.8250565529
284692274.7411201596 207744.1346428990
285154418.8344376087 208546.0018609166
223044867.6995609701 29752.6502599567
275941250.3882720470 185115.9199409485
222840503.7569480836 27301.3304134756
230484229.1046767235 77470.6474094838
270664845.9643331766 161304.6531378329
287174952.4382959008 213083.0263346732
223676459.6753340960 36382.4569728225
222619638.8687028885 23661.4922685474
268189982.3883403540 155897.6480277181
236503789.9272872508 95503.2940116078
226085198.6527781188 54324.0926313996
223548538.1365931332 35849.8250554651
280141522.6905733347 193171.8132271767
225055300.8835514486 48331.9254548997
234380924.7811435759 84592.2277176827
222830324.1045744419 27219.5659862906
222992096.0016528368 29252.7078319937
229359270.6101460755 71920.3888130635
229534226.7805819213 73384.6607857198
275878789.3082883358 185102.0659370422
244494111.3819500506 96993.0357086957
225045273.6583403945 48084.7152777016
223013826.1962662935 29650.0798234791
276301563.3627936840 185264.3872309923
276519311.9393458366 185684.5981684923
227051750.0014142096 58833.6573675424
229862427.5621235073 75388.3529453725
236449650.4423804283 95423.0987429768
225924002.1693797708 54076.8824542016
222677365.2327348888 25532.0084915459
223496831.9419644773 34094.5715206265
224864264.1893744767 46298.6376193166
222625412.4475309551 23690.0634242445
267111144.1707446575 150826.6239565015
236682401.1485459805 95656.1250419766
225470647.7862884104 52043.7406084985
271079403.1943492889 162856.4138957858
224347691.2817281783 42317.9006476849
224435359.1087642908 43976.3994498700
224104462.4948430657 40444.2866012007
248592513.5590671599 119456.1321108192
224142513.4451845586 41593.1051845998
225464360.8452039361 50278.5075759431
224665587.7839994431 45802.1838813275
222870675.0965561867 27698.7024049610
269944188.8654385805 158790.1302043796
226608807.1369016469 57751.0437157899
229421689.7011571229 72662.0270176381
228863340.0450962782 68225.7070780098
224157289.7687721848 41842.3487453908
223640255.7047383785 36195.6231225133
275471445.4989008904 182578.7693881989
275646632.3653370738 184193.0253086090
269878540.5627738237 158215.3033453524
224921799.3207724690 46368.3413138986
224406240.8226259351 43732.0480212569
226531853.2313581407 56116.3698414108
224294481.4628766775 42103.2935935259
223157306.1815114021 31285.8496776968
286857357.1847777963 211193.6669754982
287531579.3608657122 214484.6171097755
225869127.1795932353 52710.9418683499
224821947.5322650969 46051.5734319985
224466738.5095736086 44018.2855964154
223930207.3103488982 39809.2068996876
228579054.0357187092 66937.8934515268
227620187.0137635767 61734.1965741366
223775773.9136603773 37894.8570156544
236115236.8939259052 94729.9146609455
225004029.5316651165 46469.8874676079
225017084.5845411122 47835.3257270306
224720314.5726385415 46051.4274421185
289591396.8189496994 221561.6086578369
235198086.2905670106 90889.2879677266
229419049.1036608219 72190.1089593321
226878985.2294746339 58202.8007293344
226472810.1470904946 56028.4376602918
224824762.7473424077 46202.3698402792
235404572.1743075252 92761.4129519612
225221876.9730691314 49868.4675727338
227683836.9529228806 62414.9309194833
227661221.6269962490 62408.7335317880
222663807.6039371789 25268.1885677725
229202441.4480600059 71784.5694914311
227959470.3687183857 65260.6188825965
225027288.0585428178 48084.5692878217
236348259.9931254983 95416.5029253215
223857130.1656730175 38227.8616747009
227205506.5505991578 60251.7126453370
290366486.2644540668 223651.2954711914
223923083.3130646050 38290.5291610211
235495154.5998316705 93234.0671267658
236421609.5932250023 95416.9013552815
234398044.2019070685 84738.4890644997
283094011.9752079248 197816.5917388946
224568948.8996808827 44252.6831820607
223912038.3563495576 38238.7530560046
236210949.3752364814 95225.4640300423
229187912.6938373446 71376.9715758115
289990520.6105470657 222290.0307388306
223546355.2228323519 35798.2610514015
255817996.0656064153 138078.1190031916
225367537.3951836526 49935.9175714403
226430314.6896814406 55945.1269913465
226318508.2821875215 54401.3447647840
289017692.6713033319 220052.7549209595
224909615.5694443285 46334.7444366366
223013209.8578866720 29590.0246372521
222849980.2438219190 27638.6472187340
234635279.0554161966 90152.7378234714
225004699.8954178989 47602.3924249560
222819185.0430389047 27188.9152752310
223351589.4849679768 32983.2224653214
223342044.4651596248 32128.1883755177
223895989.9093387723 38229.3958495110
223458069.5834697485 34088.9843953252
223181606.7739621103 31905.1646320671
232440971.1596276760 78236.6404829472
222554541.5485608876 23161.5498405844
235842427.2981899381 93653.9462764412
226671542.8830043674 57831.4846852124
232684214.6951715350 79987.0901524872
222946242.7665645182 27838.8809406608
235720126.2789905071 93462.2931926399
227525235.8584054708 61660.9483589530
235009039.3625022173 90494.4219619185
226958676.3585876822 58333.7039894313
226395952.0528867841 55943.3450544626
234997994.4057871401 90357.3744515330
226672779.2980076373 58014.2976606637
255798900.8529529572 129615.6564977169
233865876.9155619442 84053.3738438934
235962759.8803374767 94561.4369914681
234535898.9665710330 86086.5156895965
226747423.2459307015 58102.5349038392
235847825.8244569004 94108.2915752083
235367608.1286330521 92454.4888713509
235874409.8485310078 94477.0447032601
228040553.4544829726 65726.6442058682
235907232.8306649029 94487.6307170540
226586252.9210968912 57476.5060265809
233166074.1921142936 81946.4257237762
235238344.5879669487 91924.2073313445
228939614.6242786944 69711.2928730994
226384927.8528701365 55522.3024366647
243259092.7947786450 96139.3360088021
226359704.8203749955 55230.0561599135
272651324.1294322610 172841.4074294120
227633481.1478402913 61799.4098654091
263365405.7952821553 148135.5933103710
261787410.5777419806 139269.6901938537
262276413.6610606611 141353.5371432807
248039015.6571642458 97408.2818822701
248497074.0679776073 99200.1649056514
248046628.5123603940 97723.7449456294
247864099.7860614657 97404.6958753903
