921373293.7701220512 5200.4775286658
921529766.2701407671 5539.6314800243
921529766.2701408863 5539.6520660095
1087399110.4373853207 32249.5388886929
962470458.5459450483 13948.1815652199
921032739.4960758686 3740.6214668254
921095776.0529630184 4236.4433363962
921233364.4803681374 4702.1316852673
921043485.6865458488 3851.4004720517
921072608.9511945248 4056.2099663513
921529766.2701412439 5539.7990246256
921072608.9511950016 4056.2099710166
921085419.5396372080 4151.3692457618
921085419.5396376848 4151.3692551402
921060184.4431092739 3944.2244357595
921072608.9511948824 4056.2099684994
921095002.8975890875 4151.6531601695
921128707.4535363913 4364.0648513201
921069767.8010600805 3944.5083314215
921082965.4645209312 4141.2840569857
921529766.2701407671 5539.6314824001
1086888061.3138201237 32109.0950629711
921671799.6507731676 5750.1696112316
921459916.4920519590 5426.3658505403
921459916.4920519590 5426.3658411344
921174966.3660085201 4488.6917643854
921260338.3747631311 4794.9915626631
921684962.7157943249 5754.7656847026
921162088.3989851475 4467.3219310592
921138729.2044452429 4455.8177824876
921127860.3088501692 4358.7101098689
921139576.3491318226 4461.1725356693
921442978.9378271103 5399.2741633029
921239034.6423363686 4703.4042105779
921390231.3243472576 5227.7252411758
921244775.8805881739 4788.7759161203
921119883.3202031851 4259.8935605457
921318805.5115277767 5002.1897254046
921172086.1010454893 4482.4046875989
921055080.8377187252 3854.6575259217
921055080.8377187252 3854.6575210458
921082118.3198338747 4135.9293085528
921127860.3088499308 4358.7101028872
921138729.2044448853 4455.8177803087
921384134.6926753521 5227.1281916645
921746541.7206389904 5859.6297646851
1087182139.4276781082 32152.9667065144
921242671.8139344454 4768.0573544089
921242671.8139351606 4768.0793036257
921373293.7701220512 5200.6359666036
922084797.1506632566 6271.9025699952
921057866.3800014257 3879.6540041174
921219820.6003572941 4683.1727647755
921529766.2701407671 5539.6314848982
921350600.0690006018 5104.9499353819
921529766.2701404095 5539.6314754923
921671799.6507737637 5750.1696157324
921119883.3202036619 4260.0682057177
921174966.3660089970 4488.6917713131
921944165.5897357464 6010.1582008848
921117054.4486577511 4255.5794546230
921174966.3660089970 4488.6917737627
921260338.3747627735 4794.9915557215
921318805.5115278959 5002.3508429583
922004107.2827438116 6038.4639326536
921156418.2370175123 4466.2145606202
921103041.4323179722 4255.0166811326
921180636.5279771090 4489.9642990732
921239034.6423358917 4703.4042012050
921671799.6507738829 5750.1696206421
921569833.9058411121 5645.5043984742
921055080.8377186060 3854.6575186979
921213210.8681600094 4675.3760914181
921498136.9449145794 5443.7346056680
921356636.7086991072 5117.8170649773
921170125.7012422085 4481.5783514598
921170125.7012417316 4481.5783356760
921156418.2370169163 4466.0494057487
921180636.5279771090 4489.9642985132
921886966.1225968599 5917.5010390026
921213210.8681600094 4675.3760889754
921271608.9825189114 4888.8167972925
921390231.3243469000 5227.5691971694
921180636.5279766321 4489.9642896959
921310914.8420417309 4992.4673916239
921493132.6959333420 5439.8773399357
921436888.3265155554 5396.5437517370
921876176.9438157082 5910.6184271090
922056680.2522454262 6125.3090198666
921310914.8420418501 4992.4674010298
921219820.6003583670 4683.1730523083
921271608.9825189114 4888.8168066944
921523469.6387172937 5535.8812749622
921367203.1588104963 5197.7471077721
921897106.1104842424 5925.9482995093
921414194.6253945827 5301.0161677810
922352840.1873745918 6431.2631906618
922063375.1535233259 6137.1973293877
921344509.4576900005 5102.2195332219
922012704.7302908897 6109.8844909968
922232675.6560388803 6356.9624435829
921502521.4903451204 5449.9219796054
921122896.4322621822 4264.3425510518
921119883.3202029467 4259.8935536181
921940216.4847328663 5982.3491336174
921156418.2370171547 4466.0494126763
921627768.5794196129 5654.8330602473
1078411786.4870510101 30302.1509744287
921569049.7712732553 5632.4387406468
921569049.7712738514 5632.4387474879
985323314.9357572794 18741.2136110052
985397618.6244131327 18758.9572404608
923910600.2781274319 7030.9008173595
921569049.7712737322 5632.4387428289
922182306.7856062651 6344.4921149419
921646101.7223389149 5735.3006463867
921646101.7223387957 5735.3006395456
921188036.5266605616 4575.5095497917
921727533.4011745453 5811.5742084721
923155372.8375103474 6767.0888184462
924102982.5369514227 7046.3962923220
922848872.6825560331 6683.4723612666
923546068.6088001728 6936.9361482790
921192962.5335047245 4575.5203349611
923022190.7414668798 6728.5374190975
921263201.9187402725 4805.9721198841
1080454390.3013274670 30797.7117810231
921432218.5419502258 5326.9815695838
921420285.2367056608 5303.7465793469
922315863.4646797180 6372.9650373251
993149768.1120760441 19120.8184164017
998893498.3216012716 19688.0798859319
998354331.7060981989 19669.1489626609
921211509.8412256241 4603.4011990136
921339505.2087082863 5098.3628268196
921362533.3742448092 5128.1849256188
1069269935.5935513973 28753.1389610628
921271608.9825192690 4917.2834556505
1079733262.3615510464 30471.9591795565
921886419.7742983103 5915.1680215345
921328938.7585968971 5018.4327840248
921268302.4723685980 4812.9019291157
921287407.9489905834 4986.2336643425
921125911.5510312319 4349.8815170813
921271608.9825187922 4888.8167884752
921328938.7585973740 5018.4327934267
1050749435.3972520828 26543.7108854097
1050256271.6431505680 26459.3143724692
923642516.7768212557 7012.2533637236
921217500.6958101988 4680.6566871559
923677847.9249548912 7030.6383420179
923389660.1982507706 6836.0689867582
1050114315.2624299526 26339.7596975701
978436717.7906212807 17348.6872635277
921979599.8969235420 6012.6513784734
966386778.2049816847 15223.8982264262
981311180.5612691641 17980.9571432693
1084492093.9129421711 31302.3112147874
922073122.7215934992 6143.5804873057
922327430.5197983980 6392.8702165276
1087238308.4460525513 32169.5505158901
922376194.2903243303 6572.0893551597
1057623922.6238477230 27748.7323379465
923961900.0166119337 7042.0529338701
921896608.4192626476 5924.5094279100
922325430.1024639606 6391.2163417569
1059094117.3574557304 28125.0663237769
1058548809.9722774029 28115.2338142344
1087155740.1032645702 32144.4372594357
922606951.1485279799 6620.1726785068
923369326.1477243900 6835.7584807950
923526417.4799287319 6921.1749102566
1081730371.3008706570 30966.6749014836
921850510.7195613384 5868.8267786819
921857016.1444503069 5871.9561493853
1050094164.0359575748 26225.4518587925
923135423.1614110470 6743.9343158846
1048293318.4013030529 25996.5577280656
1047981901.5070354939 25903.5576341785
964903500.1569468975 14689.2913986969
965213832.3453458548 14756.3682762909
968862652.0565412045 15856.5626857232
1071993161.7927898169 28855.7549497872
978262755.1769984961 17139.8112063910
922642055.6802116632 6681.2293454161
954072738.4006379843 13828.1820763012
954250643.7044192553 13879.3857658764
1036103564.7228748798 24478.5947028103
1070740923.0885267258 28804.9620150025
922438311.8378449678 6589.9896375257
1024915306.2420908213 23110.7071741186
922310492.9655728340 6365.7444707673
1066345353.3927013874 28595.4507293724
1086781012.6076242924 32047.2250807285
1086146906.4832954407 31985.7711284161
1086147583.8468029499 32020.3842923641
1086388268.9870882034 32046.1872861385
1029937329.1574573517 23643.4068300128
968083367.9987169504 15261.7893009229
968373992.2346540689 15315.4889886422
1086052829.9808382988 31952.7738454342
1051986984.1788010597 26765.6052304138
922327430.5197981596 6392.8361485988
922319826.8753134012 6379.4705642766
922319826.8753139973 6379.4705736194
1072380782.8811770678 29136.2386401991
1072245111.2903171778 29041.6114017982
1051408352.1096630096 26689.5193249512
921994980.8576509953 6016.9655262528
1017611580.1715536118 21859.3291821245
1053770103.4638607502 26773.2838059737
1037477170.2682535648 25060.7247911279
1037483177.2157120705 25142.5145555322
1086133343.2166724205 31985.1819875240
1078011897.1847264767 30064.7281999267
1086123151.5136258602 31975.3966000080
1056330775.7530617714 27564.2001667268
1063671782.5005486012 28125.5433924487
1047896237.0379720926 25855.9900138149
1086086219.9060657024 31964.3255460262
1034394022.5362167358 24002.4463357672
1085990642.9097046852 31931.5279781818
1034694787.8370907307 24007.7864828644
1048688577.9407205582 26056.5182299794
1079852685.3228993416 30501.8023789949
922597370.3771280050 6595.0346095914
1013159196.5222649574 21560.4484125092
1012862893.5894787312 21506.7696634247
953635254.6969860792 12120.9920784051
1021774917.1382893324 21908.4265641796
1049412437.7432169914 26210.8186821559
1085873630.8561115265 31926.6294314861
961112360.1043547392 13917.8804008782
1080390250.7513616085 30509.9782241411
1049408815.0403186083 26097.7405548202
975440406.4448257685 16909.3904201311
975180721.8518887758 16820.3452032925
1054106476.3925539255 26819.3458111513
943148597.4241832495 10917.6696288507
924350295.3927438259 7092.4064865354
1084278293.0572228432 31103.1370114088
1078687907.3706030846 30307.6541979369
937256541.0764511824 9386.3983770033
936749676.5959976912 9361.2862550520
1055312415.0915806293 26953.8582950904
1077943057.3268768787 29842.4177103764
1045166391.0949590206 25571.2628667869
1041740779.1058877707 25512.5206955879
968661954.8794003725 15408.4352502247
999484396.4820722342 20265.9210141981
1005708541.4114785194 21284.6153491876
1005560190.6738216877 21160.0317298314
972415244.4024779797 16429.6040644830
1023543271.2056558132 22117.7885339747
1055434111.3245586157 27060.7837466992
1024103721.3420341015 22193.2270693625
1024433308.9203743935 22213.1872744407
1056936238.6035784483 27573.0238166101
1085830462.5285756588 31680.2282993793
1055847218.3873556852 27063.4630355634
1077479864.2156000137 29827.6801221049
1077817585.2540459633 29830.0739113963
1046953821.4309225082 25672.5125518217
1047509213.4945040941 25677.7771850004
1030485180.7216216326 23934.0958904922
936033961.1910613775 9141.0937688578
982022755.6947820187 18026.4180816288
1075327529.6939268112 29286.0420327089
1075500441.0179529190 29340.1240906618
938767543.1712639332 9950.8901401517
1075845484.4234528542 29698.2778712339
1085804505.6483619213 31483.9143273830
1035272725.0481717587 24249.8524429000
949804240.1445277929 12106.2670925261
949035347.4683438540 12024.5808437468
935732930.5110702515 8334.7089453664
944162224.9689102173 11078.4540643943
1028958653.0026365519 23376.2149640359
1028608257.2489709854 23274.0750083050
924327002.8157547712 7079.8471723305
946260769.0860763788 12020.9230056089
946053195.4597057104 11955.9471767606
938517031.4017822742 9414.3725440860
924343694.7222188711 7087.7602287732
924964372.4247486591 7113.4763455215
924375146.4285197258 7094.0569356665
924556184.2536327839 7095.8595208241
938933484.2764302492 10064.5574662956
953789634.1241766214 12466.3030666313
971485339.6075170040 15891.0991876297
941671161.7924207449 10387.3886754607
930957463.2983287573 7174.1213897478
931333741.4165049791 7265.2485364379
930846730.9987701178 7160.1728955762
931122118.2657891512 7217.4531504928
931865342.6246479750 7331.5732177199
931164734.9780607224 7226.0324122726
931514398.1769366264 7326.6679740645
932023127.8969478607 7340.6619059728
932278347.5239396095 7414.6793734865
