358712738.6815369129 10315.4818308311
392021477.0992615819 15757.2744493125
322890349.8907405734 3481.2856984325
403067269.3141509295 17294.8359303474
322775231.0360295773 3389.2613764708
323500694.1009514332 3712.3189467615
323053141.5445318222 3604.1839656061
322626454.3989243507 3184.0138610508
323606700.3804900050 3785.6921368373
323128996.1041839719 3674.3976789764
322814495.3310884237 3411.0719850622
322866458.1070544720 3464.7102550347
323249724.7443310618 3689.0141107868
322914770.8293258548 3574.1794439931
400061215.6753225327 16734.4741920233
389219152.2653955817 15488.3077129927
322901992.4294317365 3495.2733717551
322949873.8613496423 3578.8858026317
403024688.1295594573 17269.3818726540
322794369.7246432304 3391.1133272591
322698335.4977093935 3259.6767533650
322661838.1499980688 3192.2215348384
322693937.6693143845 3257.5391980638
403093967.4350075722 17343.2078557014
322631867.6120806336 3186.5740853627
378465923.6401226521 13289.0091659922
377865202.4393472075 13283.8591573138
322714764.0740885735 3278.5519312224
322731079.5767931342 3296.8964374652
323353308.5431026816 3693.8400885222
353849522.3118950129 9329.5059543081
336331777.0304225683 6603.4699323330
322742321.9364709258 3320.1403970770
391846451.4469138980 15565.6981132999
323552097.7332025766 3745.7958175163
343989156.0333794951 7621.0992537290
343918917.2138299942 7617.6565320343
322651984.6294059157 3189.0254093013
347045924.4938979745 8270.6093569895
346588206.1382597685 8230.3312871241
359662396.1899976730 10367.0788795591
384670852.1087564230 14473.5583954230
322728432.2917767167 3282.6550119725
373101378.9603478312 12752.2087081857
368946677.2252233028 12094.9632085016
348544040.0863956809 8394.3115379931
389050424.9463486075 15233.5909339306
376871883.7200019956 13257.4835846034
376901539.9113093019 13281.7495376674
332669262.7694776058 5658.6622823977
348246715.7202392220 8377.1237515360
347900801.5885300040 8294.7860363871
402531014.8807139993 17262.9427952766
387825733.6285899878 15088.8404844925
387104260.4965516329 14929.5132711902
402758039.8572606444 17263.3173451424
397821563.1627981663 16733.5368022065
379273277.3935024142 13607.4320554072
384748806.0140178204 14807.2922076373
394031192.5624583364 15996.0726507567
402458698.8812267184 17260.3640599251
402260041.6222180724 17238.0580220222
402392949.3824698925 17255.6964344978
370705160.0290297270 12316.7253765243
369862202.1342157125 12232.3778182941
401762819.1566368937 17196.6890435219
397130657.8632267714 16666.1956357174
401909284.6257990599 17230.1940636635
369961665.7004299760 12269.3863634265
402043183.2026594281 17231.3733506203
402043183.2026596069 17237.1449265480
345450814.9638007879 7861.7892466309
379518344.5126023293 13669.9679266620
356228496.6513839364 9650.6019919235
380635307.3116379380 13937.5796264079
323609369.7386055589 3816.2548040129
401150291.8012474775 17122.6509318352
395968705.5687767863 16230.4955926389
364754170.3168705702 11479.8466093620
392065182.7369033098 15770.7921113782
392418822.5521317720 15831.5239949040
379587984.2193619609 13726.5152888268
400951127.7520589828 17075.0757594109
401279611.6276236773 17163.4412913322
395989748.6962184906 16516.6400721800
401170349.2123070955 17161.7136998177
381960844.0614585280 14272.4757693805
381306725.4709303379 14233.1149109625
324490911.1558908224 4257.6432324964
388291321.4501800537 15160.1267555403
349861665.8483442664 8547.7375809771
371368772.4854515791 12392.9673606367
370900024.6842294931 12342.2597710104
325126064.5756551027 4340.6140662673
324694726.1598469615 4339.0128156412
324336064.1067010760 4229.5526715982
374724157.2961656451 13008.8278783332
374874248.3570803404 13071.9369252692
324023198.6603288054 4153.8083901931
323804718.1825094819 3954.1141396761
323523607.7727606893 3732.2448653062
323682991.2392097116 3830.3922861894
350608319.0643827319 8937.9319388925
323839967.7634758949 4011.9303958394
350311147.3246495128 8856.0453911929
361366578.6327998638 10820.3766772659
364596374.8507311940 11307.5050489749
386318298.0982927680 14833.4846546203
366493041.6465004683 11651.6199192093
323782123.7092953324 3931.2250072825
323644838.6318278909 3829.4554995486
393480271.2959164381 15974.0604380351
323689421.1585475206 3855.1645258494
400605499.2867305875 16893.3860979080
366161844.5785033703 11589.1195177517
375754249.3110990524 13247.4095210539
387245876.7744555473 14986.9328358900
374050333.3230633736 12866.2222989122
374108100.8997339606 12894.2370217363
379067152.6267897487 13527.3176167421
323415950.0962216854 3709.5212158789
358169684.8775469065 10037.6971758008
363795100.4059846997 11140.9721972407
363120385.4839270115 11072.7416769923
383424022.1746662855 14389.8647488169
373957673.5744369626 12858.2968654621
373523228.2682712674 12803.3422279290
329913601.6336349845 4951.6371729947
339721410.0341155529 7109.7501501448
395595782.8565645218 16029.1098359227
348386065.8337631226 8379.7680181505
341840800.8375894427 7396.2613928754
360038723.4391375780 10452.1127439191
354406573.7344620228 9347.9106855605
354950415.2912731171 9474.2513117234
355079926.0919094086 9499.9850475459
349002861.3465506434 8496.2221611764
362020209.7145384550 11001.5445787847
333529732.5685395598 5956.8571887575
338487318.9784657955 6840.9488111511
350136312.7355720997 8586.5666006766
333585755.0867191553 6030.5368607335
372632166.2281636596 12701.1902333684
372320374.8702223301 12633.0344156958
334806035.3727037907 6216.3171112508
343161702.9216504693 7580.5764173925
356628317.3509023190 9760.5327577013
337682745.0331459641 6712.7169829219
330330798.5641906261 5400.7052778331
330106298.8530062437 5290.9137614546
345380497.2380897999 7725.5932766568
339792349.4737141132 7351.3703722132
342156082.3670721054 7549.7465481072
357376214.6105986238 10007.6741057124
357152033.2142242789 9831.2498775210
338104002.3606210947 6755.6991843531
336257956.0450715423 6327.8615879058
346280673.3977128863 8121.0811054934
345980727.3762930632 8039.7756161153
345522564.5304872990 7867.7582072750
329735581.7306966186 4944.7632720619
325460805.6800712943 4363.3551108636
326433627.8328512907 4677.5615745769
326007113.9425683022 4566.3928627172
325710027.6463594437 4456.7678054967
327787799.9250937700 4905.1773860974
327548088.1356847286 4796.4436431381
327423007.5020649433 4757.3667972607
327509680.9850174785 4795.7172420544
326971079.0070510507 4686.1032913250
327296982.2420055866 4699.7020061435
327225369.0642577410 4692.8662636794
344899727.6630069017 7635.5549848173
329612904.6196750998 4923.1672721150
349939675.2786791921 8554.6188422852
350266075.5898732543 8617.3326373735
351124378.5251595974 9068.2961415070
351107339.0655177236 8955.0555275696
351448072.4368055463 9108.3777298200
351580886.4863575697 9199.7095328438
351758051.9217472076 9270.5965977775
351599062.4059059024 9262.8775464165
351332331.1688335538 9104.2790642845
354780762.6655675769 9356.7616430726
356186604.8741100430 9554.0695521527
366686975.3564864993 11869.4436651468
366987812.3879438043 11915.2166273594
366905230.2471661568 11890.3758456707
367428306.2988847494 11994.3723081350
367057591.8684656024 11992.4319193363
367097328.7902507186 11992.9750597477
370926663.6914445162 12346.1985098124
373098293.8930901289 12723.3867903352
373625248.4620497227 12813.0874913335
