157037335.1848870516 962224.9825439453
157706255.4685855508 967956.0585937500
146091213.3121908009 599587.0727879619
147077199.1540119052 667210.9892066121
146716203.4801763296 658397.2504002666
149018060.4421092868 750888.5180849135
161096162.4477837086 1028136.9967041016
164672452.2126842737 1074464.7858886719
149638427.2917173803 777110.3597396016
149245552.8301023543 764935.1768286824
163367998.0556490421 1054986.1682128906
146068173.7111614943 592358.0110203838
146533178.5981113613 633584.2467111424
168873426.7912929058 1110649.7568359375
146814624.9007221162 667044.9845311260
156285215.2178780138 948900.9667358398
169840091.5884167254 1115270.6650390625
157236498.5925278664 966381.3681640625
149663932.7474247813 778021.3956375122
149666234.7639642954 783819.8843765259
151719052.2888427675 844681.6192016602
159482427.7167804241 1004785.1397705078
146490538.2228348553 622603.2117990330
162249258.1910963655 1044225.0834960938
145982812.1932239234 581754.1367528057
149314498.3486031592 765380.4397681355
146622597.0645496845 639515.1862863377
165123713.9242077470 1079414.2558593750
162281846.9327452779 1044644.9643554688
161779522.2311366498 1039157.0258789062
166358413.3514538705 1091373.5612792969
146701959.4221476614 655055.6955636814
148756651.9321005344 743785.9976840913
147615555.8694103062 696823.6285435772
146457203.3604988754 605136.7060887432
148318742.9159692824 726738.3144286941
164929098.0546604097 1078369.6770019531
148628841.3568473756 734842.9140380691
165511311.3877237439 1084301.4272460938
155554891.5612857938 936658.2319946289
146296619.3676475286 600292.1741063213
163073634.9191914797 1054883.4147949219
147842319.5703970194 711127.4139744854
147161845.8266555369 684142.5062964559
159992634.7905405760 1010095.5998535156
174617043.6093007922 1133011.9628906250
158970153.3806769252 993814.8540039062
163010605.5345391929 1053888.9860839844
164992127.4393126965 1079364.1057128906
146004850.3596529067 589762.6733738994
149185780.4106898308 759258.7136569917
164454126.8321233392 1071434.3828125000
147608603.3050319850 696760.0818869621
167671612.4824330211 1104489.9072265625
167410124.2933994830 1104177.3828125000
149503216.4657825828 774480.9743598104
147638312.3627594411 701303.0145604229
168021980.0143046677 1107494.3354492188
180296100.4601995647 1144094.5786132812
149464932.8304490745 772496.6419165730
149163376.8364938200 754145.7632631361
147141230.1045108140 674983.7022193074
148839344.8166213632 746140.1609682143
147210134.3802298605 685207.5399878621
166493723.1258749068 1094301.6469726562
164700259.6633923352 1076214.3168945312
168242617.6238229275 1109390.8354492188
145798400.8004644811 554041.2504613018
164055507.9897137284 1063700.5957031250
146366877.1447097659 602110.4661612064
169133059.1307098269 1113035.3920898438
150267090.3468665183 803860.3825416565
150144882.5615679920 796266.8576393127
164232020.3428657949 1069952.6987304688
165453395.4446443617 1084186.0483398438
166365081.5810022950 1093921.6289062500
150064892.2618339956 791769.1738014221
164069799.1671893895 1065425.6562500000
149441716.5693674386 767875.6082382649
161042680.9214975536 1027079.2714843750
160302512.9159931540 1016930.3328857422
151910787.4402804673 852429.0087280273
151464904.3379009068 841147.1686401367
161355271.8513983190 1032678.3818359375
150225403.0765751600 801665.8910865784
146373874.3008551896 604432.4815744236
164877559.8151035309 1077568.8745117188
177492016.3388607502 1142033.6630859375
150835985.7515761852 817648.5262680054
166063085.1297889054 1090447.6665039062
162380306.1481807530 1047942.2414550781
168892972.4620944262 1111428.8447265625
159693915.6757197976 1008943.5002441406
147984118.3245049715 717291.9125732253
160773164.2050361037 1026758.0258789062
148706322.5904369056 742436.4389404128
162931927.6109406054 1053854.1857910156
147362241.2928332388 688685.5369321704
161232574.4759806693 1029615.7324218750
162845201.0395098627 1051286.4863281250
148305807.8816432357 726445.5677830791
162856735.1701923013 1052432.9155273438
163460378.4095928967 1059438.5703125000
160117886.8270921707 1015205.1184082031
162044125.9621658027 1042060.6413574219
176748252.1661570966 1138566.3461914062
160633385.8971281350 1021725.2204589844
161968698.9760033488 1040125.3806152344
152329024.9110859931 859603.8365478516
160935911.2652612031 1026800.2968750000
148389046.4869683683 733802.2555908035
166577162.5607326329 1094652.6845703125
160315753.3794279397 1021086.7185058594
160209481.5284037590 1016103.2534179688
167153329.5991660058 1100669.7885742188
166496033.2025422752 1094587.6318359375
175355784.6493419409 1137821.8774414062
147115301.2071618736 667568.6081918553
162592387.1279110312 1048673.2971191406
160189460.6901119649 1015504.6555175781
167175661.5275089145 1102053.9018554688
154046359.7882356048 903619.3649291992
162048651.3747579753 1043079.6518554688
171185813.9814677238 1120473.6113281250
161515705.1189540029 1034391.5771484375
147503108.1240606308 692655.2804295635
149463228.0895781517 768971.0691757649
159633775.4727385044 1006816.5637207031
160701051.3364010751 1023336.1142578125
155580189.0321530104 936734.0971069336
161677670.6979613304 1036818.0336914062
152883770.4454853833 873783.8961181641
151133418.2570157051 827222.1001739502
150356711.9544557333 809413.1019897461
167766809.9455446303 1105127.2978515625
178514257.7235472798 1143093.3217773438
151535390.4373005927 844328.1201477051
159020339.3988881111 995075.8775634766
150710016.5822586119 813694.2452545166
154727384.9521284401 918959.1847534180
154777703.0366016328 920549.6539916992
154698542.4251697659 918481.8619995117
159494068.5763090849 1005893.8809814453
160016842.1736151278 1014825.1003417969
155013637.1512745917 926075.3869018555
150917621.6574564874 824327.6625061035
159789756.2049311996 1009407.6687011719
170208683.8647147417 1116228.9702148438
147983797.7521739602 716677.0472752666
148177606.5395724475 719201.1878034547
166634825.7174756825 1094964.4179687500
155797738.2957441807 939997.0287475586
159061000.3808443844 995860.4759521484
154274280.5925223827 911421.5280761719
175072035.8961680532 1135052.0532226562
159322061.7095943093 1004573.2468261719
153767581.0710493028 898820.0061645508
158257384.1274135709 983423.8217773438
147973932.8035904765 711659.1414116696
151440403.8480078280 836132.9421081543
151043679.7089048326 826245.4879302979
179687671.8898309171 1143982.9711914062
153699808.1735633612 897831.6087036133
178746960.9357659817 1143289.3803710938
147543601.2337470949 695147.3555229977
147654011.3620995283 704548.4522026852
157954877.1559815705 977607.7336425781
148266366.7260341942 719469.5153613761
157084620.0028049648 963203.4254150391
157074631.2798590362 963107.3624267578
150184484.7243915498 796349.9141998291
161303849.9099273086 1030936.4335937500
157898191.1742665768 976935.0694580078
157186841.5505723059 964704.1987304688
157118527.4968339503 963542.7808837891
180289324.7084833682 1144050.8325195312
158086900.6806652248 980463.3553466797
159149977.5924777985 1000665.4398193359
173488841.1929883361 1130521.5473632812
150913675.9443742931 817965.9913787842
150198580.1555130780 797892.9055221081
159091092.2450438142 996034.9564208984
172430485.9376336336 1126027.6655273438
149960375.1194036305 787128.5213775635
159175826.6429161131 1000775.4439697266
150128068.0410478413 795776.2555084229
161753321.7682582140 1037198.0517578125
157749137.6938358247 973545.2706298828
155443618.6234600246 933108.0940551758
150018684.1242072880 788703.4654693604
170376248.7629394829 1117004.5605468750
170252903.1384733021 1116229.7666015625
151174214.8376854956 831859.6351623535
150746662.1451601684 815620.7798004150
154845369.3122591078 923317.6523437500
156560585.8136650622 954356.9879150391
169519348.6112012267 1114690.3466796875
177054137.1622936726 1140160.1196289062
154448739.1692790985 913348.8022460938
164006804.6882590652 1062856.3894042969
154204948.6774508953 909949.7902832031
154550688.2660334110 918229.6700439453
158832207.5040521324 992670.8443603516
156449203.0958099961 950964.4306640625
177616101.8886289001 1142492.8432617188
158728288.2544500828 990735.7259521484
151830773.2486887574 850314.3087158203
148136732.5143611431 718210.5714575946
158274783.3104409873 984700.0582275391
156510978.2371066511 952139.9666748047
155423747.8951302171 932030.3652954102
151739904.0729326904 844807.6026611328
154141801.6573817730 908171.2947998047
155641881.7194542885 938847.9238281250
152674873.9648824632 866004.4247436523
158325868.6981340349 985245.4031982422
153828192.9016647935 902480.1825561523
151898898.0404771566 851295.2237548828
152994165.3205596209 881232.5958862305
166057584.1277454793 1088234.7368164062
156988899.0812823474 960957.3824462891
152900175.6790863276 874109.0243530273
152850207.0971205235 871866.1644897461
151433009.4138402939 832950.3554229736
152794516.1893586814 871689.9782104492
154498480.4052229822 916275.8944091797
154061228.3932039738 905936.2083129883
152429929.9962568581 862472.4146118164
156029919.8337065876 946952.5234375000
155943452.4036445916 942331.2685546875
155368435.0793553889 930743.3242187500
154790404.5574666858 921874.6692504883
173717577.2548608780 1130618.3032226562
150965406.2070802748 824917.2032623291
152681992.1975758970 866580.2671508789
155878851.4308887124 940274.1303710938
155163462.4795857370 928762.5718994141
152920984.4731779695 879503.1713256836
153395650.6609261036 889727.0090942383
157802882.2865730822 974530.2882080078
162842734.8838238716 1050377.7231445312
156432581.6234346032 950359.6389160156
150657709.9123053551 812174.5792694092
152227952.1488461196 856338.3270874023
156867829.4267821312 959582.9141845703
155190113.8181079626 930659.0821533203
158456804.4777989686 986313.8065185547
151396671.5586180091 832646.0605010986
156914015.0924236178 960523.6348876953
157013347.9687443674 962214.4962158203
152201326.1369710863 854367.8150024414
156462396.4924046397 952022.4727783203
154430357.8094350398 912369.0764770508
152915302.4576332271 876349.1887817383
156765465.2291052043 957327.4466552734
153510382.0819410086 890886.6565551758
153153463.5738198757 884453.7883911133
169252900.1167456210 1113524.9501953125
158741624.6643966436 990867.8446044922
153550048.0738307834 893249.3312988281
166051498.2733299434 1087569.4550781250
153539125.8270107210 892613.6021728516
176983059.8393232822 1139611.4116210938
154945732.7313144505 924038.4323120117
155921933.6940041780 941140.1448364258
165399634.4924102426 1083072.4423828125
164639791.2258201540 1072727.9179687500
170452834.9908315241 1117132.2268066406
170118046.8492901325 1115682.0410156250
173067086.2194553316 1129895.1777343750
172890961.2115920484 1129546.5576171875
171252570.3059508801 1120575.0541992188
171905441.8925068974 1123176.6791992188
175295830.7197341919 1135432.0712890625
172569129.7374694943 1126367.2114257812
172844835.2980335951 1128250.0639648438
172655690.0996868312 1126428.3720703125
174142134.7377566695 1131086.0639648438
163792649.9097102582 1062698.4794921875
175218417.0065967441 1135083.4511718750
165307528.6577725112 1079844.1201171875
174273712.8929432929 1132023.2851562500
170609915.5755235255 1118784.6005859375
164162685.5480214059 1066909.0820312500
172810783.7840437293 1128229.3183593750
174413949.6700217724 1132371.9052734375
165882737.5004289448 1086593.8432617188
174132716.6144218743 1130706.0458984375
172034073.4066841006 1124808.6059570312
172663376.4698408544 1127491.8056640625
174660116.9663659930 1133361.8886718750
171461427.8522844017 1122776.2563476562
158649892.5019449890 990079.0042724609
172213002.4056151211 1125980.8784179688
171714791.4215712845 1122778.4575195312
171986322.8609872162 1124098.0258789062
172200657.4543258846 1124841.4907226562
170927440.5218552649 1120232.0273437500
171412070.8592194319 1121502.7041015625
171734566.9955428839 1123124.8764648438
