116231503.6921533793 313822.9666716456
119341659.5393560231 436801.2162475586
118563088.1720133275 413849.2543029785
117721480.5513380468 390415.5306527540
119237010.2063493133 436770.5800170898
120159699.1805257797 456829.1402587891
117443885.3827382773 382704.0449904235
125832440.0181026757 491768.6201171875
117338683.8539683074 376568.0071091652
116080015.6779338419 307453.7501005530
120329958.1636771858 459270.6345214844
123235872.7593461871 483594.7719726562
118267156.4030704200 404814.3030195262
116601873.9179153591 344811.5792497428
117589579.0963574052 386978.1167765856
125841848.2544023246 491793.1152343750
120506011.2153055072 461644.0417480469
117265542.3247535676 374220.6911606789
120429893.5696723014 461410.6519775391
118246341.0938031673 404718.2585859324
116846161.7527783960 353149.2724009752
116225936.6113231331 313615.6317107081
117343518.1078077704 377173.6294325622
119674081.1813312620 447668.4522705078
117956788.5466993898 396772.6491498973
120931757.6676044762 468840.1325683594
118443102.5062940717 411764.8816146851
119008584.7119381428 430733.6203613281
116182643.5188937932 313441.5706755519
117458261.4586327821 383065.3249892028
118636873.1384939998 417537.8515488505
117934680.6856237948 395690.7116947174
118035729.5558107197 398034.8668012645
117254929.4509728253 373739.8759446144
121604084.0447307378 474789.5390625000
122474841.7589212358 478794.9628906250
117584012.0155271590 386770.7818156481
118412680.2004846185 410398.5312668681
120044387.1334475130 454887.9801025391
120513619.1796903759 462900.6284179688
115754129.3735224903 278713.9617136042
115807690.9773469269 280167.1533639948
117831615.5836248100 391856.9321458265
117706505.2342081666 390183.7005746290
117574603.7792275101 386746.2866984606
117137129.5743952394 369850.8382426500
119231443.1255190670 436563.2450561523
116026242.1769018322 303606.0487028956
118727306.6837487966 420062.1114463806
119075701.0599702746 431528.6510581970
121109395.4553391039 470549.7954101562
116507754.0156262219 338178.8389860988
120716362.5099263638 465931.1547851562
117142696.6552254707 370058.1732035875
119809118.7013937533 450107.3874511719
121340292.7235725522 473402.7021484375
120517297.7595103532 462984.7070312500
121955003.5569787920 475878.2866210938
118626540.8113596886 417220.0093776584
125265631.8570635468 490149.4941406250
122777283.7121566981 480067.0034179688
117940247.7664540410 395898.0466556549
117347651.3967346698 378882.9927531481
116368271.7791112363 326949.6176115870
121949436.4761485457 475670.9516601562
117282883.3685918748 374237.1927348375
117826048.5027945340 391649.5971848890
120007410.4285856187 453507.2938232422
118631306.0576637536 417330.5165879130
120169107.4168254435 456853.6353759766
118036660.0407870114 398754.2049729750
120361046.4849122763 460658.8369140625
117380285.6755785793 380112.3867173195
116085582.7587640882 307661.0850614905
116741888.9183477759 350044.0839595795
120884212.7856334448 468768.0642089844
120058089.4651566446 455236.7182617188
123658526.7375374883 484708.4291992188
122145414.7347714007 476345.2929687500
120768900.7385551631 466826.9040527344
120763333.6577249169 466619.5690917969
121334725.6427423060 473195.3671875000
120154132.0996955484 456621.8052978516
118062845.7871730030 399176.5457322523
120817298.4811101407 467664.9799804688
120120863.2836061269 456282.1291503906
119668514.1005010009 447461.1173095703
116381358.5952308923 327917.9555022120
116150669.8843793720 309689.0329558253
120551617.4780444950 463083.4682617188
116257048.8231574297 314728.5154997706
124504104.9152218848 487502.9736328125
116380205.9576145262 327091.0955168605
115947483.3050504774 289651.1992013971
119361491.3119324148 437726.2584228516
118621743.1989769936 414426.0221052170
117815553.1248769015 391351.8503208160
116056476.4006621242 307422.8347178698
120710795.4290961176 465723.8198242188
115966058.7792825401 294681.6185576320
115978327.0344578922 297450.3647429347
119952315.5680394471 452915.1866455078
121231861.7459287792 472750.0273437500
115931826.4405679852 288913.5275095026
115937393.5213982314 289120.8624704401
119074507.3290844709 431087.8421936035
117481251.0949493647 383087.1018446715
117109668.3451235443 366957.9174510837
123291030.5519761145 483795.9638671875
117104101.2642932981 366750.5824901462
115956323.5912249088 292392.6261380832
119927500.0669711977 452638.7788085938
115838307.0350556970 283966.8386056940
118756682.8314070553 421352.0625915527
116714435.7043024153 350032.8273118766
116989796.4795211256 364036.2235091412
120725770.7462260127 465955.6499023438
123667934.9738371372 484732.9243164062
117525359.3824458718 383639.8825950623
117374718.5947483331 379905.0517563820
125230752.0712765008 489837.4467773438
119568442.2046341747 443287.7161254883
116948243.6732616723 358851.2513104879
116311068.3357976228 323458.1289641261
116049013.3496739864 304765.6752898097
121124069.4341398776 470710.1059570312
115895141.8442243189 287954.1222318332
120878645.7048031986 468560.7292480469
116976383.7024176717 359916.5865462506
116145102.8035491258 309481.6979948878
117425125.7221612036 380241.6392375231
117194330.8847634494 371091.7220317125
116966381.6293374300 359478.7297374606
115988011.3911104202 297641.6534392238
117207417.7008830905 371200.2957621813
116642483.6644883901 345976.8866329193
118236932.8575035185 404693.7634687449
118885716.8522708565 427846.1905097961
116286643.3018184155 323101.8691012263
119218627.7829944640 436016.3915596008
119843444.0751263052 450341.6987304688
117735970.9204383194 390436.1539878845
116876495.0611819327 357833.3883067966
117727945.8976580948 390427.2265189886
124326340.7709162533 487444.6157226562
118684015.5162244737 418247.0045639873
116770514.0304766893 352320.2661067247
116767318.7911871821 352149.0277110934
119828052.4641339779 450338.4930419922
117095421.1056436151 366683.1749251569
125819562.9592787921 491209.8178710938
119849011.1559565514 450549.0336914062
119554552.3807597160 443167.0954589844
119423837.4321476072 442656.0295410156
117373400.4775347114 379749.1853648424
116035926.5335543603 303797.3373991847
122469274.6780909896 478587.6279296875
118963613.2672521025 428152.4919319153
116418303.2875865996 333327.0757052302
119203652.4658645689 435784.5614814758
117085559.9724124372 365600.9471419537
119346515.9948025197 437494.4283447266
121226294.6650985330 472542.6923828125
125217665.2551568747 489728.8730468750
119138262.6591082811 434042.5173530579
118228123.8624392450 404438.0174970652
121241269.9822284281 472774.5224609375
117331849.2699418366 375753.1959214211
117771172.0649737120 390516.7300539017
117566939.2449650764 385477.6664567324
118616176.1181467474 414218.6871442795
118267826.0696707219 406539.6029052734
119206073.3565113395 435953.0412788391
115950756.5103946626 292185.2911771457
118011189.3457394540 397916.2916355133
118880340.0066285580 425210.9512519836
123685290.9780372977 486198.1000976562
117898714.4438611865 394001.3544921875
123325262.2649842054 483931.3291015625
116857515.1432338059 353713.7513439059
119008548.6346385181 429688.5894355774
118552356.9018498212 412631.3468491435
118077305.1129895896 399638.8687424660
115841580.2403998971 286500.9305814425
117893147.3630309403 393794.0195312500
116165003.8339595795 311547.1305510402
116571609.8910261393 340289.3683454567
118772603.4049379826 423750.3910102844
118094350.6647237390 400766.6491699219
122091952.3007668406 475891.0830078125
116686353.2418511659 346181.0639020973
117220081.2649990022 373252.8480082750
118977387.6187285930 429580.0157051086
123652959.6567072421 484501.0942382812
119914413.2508515865 452530.2050781250
116314500.7416414171 326758.3289152980
118103758.9010233879 400791.1442871094
120612657.2988931090 463609.6970214844
124638775.5524258763 488866.1455078125
116405018.9060679525 331083.5513274074
117214514.1841687560 373045.5130473375
116635183.2185616642 345395.4678937965
116553979.9712826759 339950.8975798488
117720995.6033084244 390204.3239097595
116280899.2386892736 317059.7991273254
118080983.6928095669 399722.9473557472
116757446.3046760559 351188.4022199684
123024543.5216301382 482431.3051757812
117949937.0479003042 396722.9513511658
122649235.0319211483 479098.6938476562
116840122.9814477861 352644.5521223121
116472720.1585634351 336901.4264742732
117324088.9171472937 375630.1504135132
122662321.8480407745 479207.2675781250
123893657.8435984850 486376.1713867188
118067896.8766899407 399614.3736252785
117968154.2792642117 396975.0669517517
120841082.7933042943 467896.8100585938
116744359.4885564297 351079.8284894996
116689234.6541063637 349490.3481933647
116453262.3986991495 334699.4107634425
123421163.8873606622 484184.9702148438
119167369.1716126502 434622.0848999023
119368572.4733054489 440970.6153564453
122437986.4592460990 477385.7426757812
119553691.3421710879 442822.9221801758
119633153.4949945211 444613.4307861328
117519792.3016156256 383432.5476341248
120839194.2922940254 467773.5537109375
118205505.7686074227 402236.1765136719
117317466.0157810599 374612.4853868484
119783826.1475792974 449402.2774658203
123386932.1743526012 484049.6049804688
117958746.0429645628 396950.5718345642
118276878.3360250592 407951.0653381348
119624461.5603976995 444330.8759765625
119690409.9116849005 447825.4370117188
116281704.2786660939 317683.9610099792
120835515.7124740481 467689.4750976562
123018976.4407998919 482223.9702148438
119657235.7807764113 445463.0122070312
119998002.1922859699 453482.7987060547
116429552.2638051361 333867.9133269191
120115296.2027758807 456074.7941894531
120199304.1810017973 456876.0859375000
118361772.8923081458 408239.2270507812
117976272.2832175940 397318.3570919633
119677323.0955652446 447716.8632812500
120009502.0879338682 454404.0437011719
119686731.3318649232 447741.3583984375
117079353.3073536009 364912.2548534274
120113314.2393642515 455423.9588623047
116528149.9336108565 339788.5200126171
119569776.7290626168 443996.2108154297
119699818.1479845494 447849.9321289062
120204529.1581037939 457359.0935058594
118136768.9201167822 401453.9869384766
120216892.7446061373 458895.2827148438
120239387.7970254123 459028.3515625000
118180480.5161366314 401790.7170410156
119355924.2311021686 437518.9234619141
124320773.6900860071 487237.2807617188
117911080.1739686131 394565.1396789551
120009392.3919972479 454158.1291503906
117530575.8380641937 384349.9773606360
124633208.4715956300 488658.8105468750
119802043.3789432049 449682.5185546875
116272053.4133525789 314892.8375568390
117889241.3669608533 393443.1056781113
122740178.2240356207 479218.0097656250
125646263.7169728279 491161.4985351562
117884996.3831238896 392523.8958740234
117690823.5031601936 388801.5093369484
122827134.4541292638 480564.0253906250
122840221.2702488899 480672.5991210938
124124886.9299402684 486926.0141601562
117701477.0531937480 389406.4744834900
117698555.2883413285 389268.1425743103
117681043.7057461888 387514.3441147804
125621138.4844629914 490272.8242187500
118686852.6187492609 418748.5536170006
122431040.5737129152 477150.4926757812
122814821.4434059560 480217.0371093750
125608051.6683433652 490164.2504882812
118534942.6295989454 412056.7925634384
123965530.9155224860 486913.4848632812
123445219.0703526437 484372.5981445312
118556988.6984253526 412636.1304950714
123466034.3796198815 484468.6425781250
122895549.9741902202 480748.9238281250
123463730.5480660498 484406.9687500000
122897853.8057440519 480810.5976562500
125142100.6738899946 489048.1250000000
125144404.5054438263 489109.7988281250
122292712.2165564597 477137.9633789062
122437614.9552697986 477217.0874023438
