245856225.7244995236 306621.4794868249
286075619.0315503478 621959.2359619141
245730468.8622905612 289329.1923798341
246116284.8929723203 332295.8294864316
245652418.4823130369 278348.2428022437
247165122.9410051405 396391.8240124285
247240721.7963103354 400918.1501046121
247114781.3182905018 393753.1332623065
247100726.5198054016 393148.3146383464
245696340.7333480716 285350.4516571779
247099093.3727617562 392863.6429974139
245692408.9211915731 285280.1311005373
245680640.3407934904 283801.7273882646
249209338.6018494070 458001.2709962992
247100726.5198054314 393148.5748769939
254181565.5611167550 514305.9319660664
245716703.2319915891 287604.3389796037
247664159.0144845545 417191.9841944277
249209338.6018494070 457898.7148439554
246444890.4381903112 354025.7473901957
285366033.7706956267 621859.4818115234
248234421.6196873784 433851.4527629316
246268865.2077432871 344497.2608850896
250652139.6018077135 479902.5799470395
247958162.3028941453 425638.5703760684
246674612.6922543347 369243.8063499033
285748400.0917642117 621936.2059326172
270952439.3399528265 583360.2055733055
248049851.0495402515 428978.6482238360
247345381.6234482527 403135.1278420389
250348628.7189992368 479493.2058501393
246515251.8940650523 359716.4366203099
246615702.0363095701 365204.1818381846
245846044.3801501989 306321.9273048360
251648028.9038382173 491379.9182465225
273402830.2617841363 601633.0384323448
249209338.6018494070 457833.9296877054
247502079.4115687907 408785.3178888857
247198207.9204269648 397270.4188711345
271589397.4199771285 589022.0394661278
271718489.6196963787 589839.6932747215
246674612.6922543347 369244.6628867686
249448932.0032706857 464434.5737116007
246250628.9073653817 343223.5146254003
246333887.4193434119 348603.7089937627
247284036.6670924723 401587.2605180889
246867433.1845736802 379812.8775626719
245760802.7359658182 295787.5658288915
247258506.4317364097 400980.8725658953
282366387.8010337949 617754.4945068359
250478201.2301481366 479796.1624768227
247648436.5293073356 416799.9094416201
245649137.2248691618 278118.0520826392
246787871.5880570710 377257.4155845195
248413322.6835981309 438233.0044337697
246250628.9073654413 343224.3711622655
276610692.9976875782 604143.5634033531
252853043.9227686524 504788.5330689400
252740477.4157806635 501363.7663453072
245770809.7225190699 296377.8343225438
247703544.6669940650 417444.8248125613
248836759.3973792493 448526.3488275832
247574734.9221763313 412161.4843012393
247648436.5293073952 416864.6945978701
248836759.3973792791 448527.1953852004
252688078.8921778500 500249.8421333283
263171792.8522965610 557294.1564395279
245833197.5227809548 303887.7501874883
265737890.3390966356 575474.9470436424
251474604.9443928897 487825.8125488907
246580274.1056651771 364029.6979614049
246722222.7266905010 371799.0147697031
255334733.2212060094 520535.3094476312
246137876.4264627695 333408.7381381691
272627705.6998015046 600145.5471718162
247634611.2923042476 416295.7356406152
247710797.9796363711 420306.9436567724
245787268.3187397718 298779.2969840784
245645867.7313399017 277640.5420349855
248221077.4363548458 433649.7537883222
246080925.2217116058 329380.4672589023
245892306.9414158165 310535.6179997642
255142033.7708024979 519245.0280030817
276238975.7785983086 602827.7800094932
277372842.4746720195 604616.8755030632
246524799.6013597548 360260.2789876014
246239558.6462368369 341671.1125106514
246042202.3610155880 325761.0874371249
245987232.3240653574 321415.7239758391
248358214.5459114611 437717.6593753286
247431805.0904806256 405362.9956330806
246069441.3020434082 329041.8341201264
246278412.9150379896 344834.2900199592
247658152.1271152198 416932.4945093691
246361093.8241888881 349542.0866546333
246428226.0059325695 353817.8173822612
248530303.3489947319 441417.4639231153
247606555.8238017857 413628.7005767971
245663570.1498633623 278672.5599142127
248084292.0800315142 429517.9444774576
246405122.5655217171 353286.2797083110
245798369.5882535279 299926.8935876805
246143884.5807896554 334023.4618096072
245781422.0962509513 298535.2661720235
268797369.7102743983 579827.8113343567
246343435.1266381145 349147.5513610542
245614544.4910020232 269701.8175517116
246388822.4775173664 352014.9939893931
251541131.9769178331 488673.4679212719
251238445.6389250457 487432.2179212719
245759201.3499305844 295052.7041311283
247060241.1965569556 390067.1292034686
247003740.3473255634 387461.6923479140
245740725.3518856764 292754.6311683673
245706953.1070799530 287507.8835066576
246143884.5807896554 333816.6485771853
245897913.7452126443 311388.6207185406
245663845.3901801407 278795.8933912329
247944600.9918876588 425519.8613916934
246468445.1599479914 356058.6648878306
246057428.4483077824 327871.6974845547
246485996.7449910045 357329.9506067485
245959335.6321153939 318097.7070832867
283619089.1017513275 617887.6402587891
248413322.6835981309 438297.7895900197
272183132.5298184752 597293.8540131897
245748287.4977199435 292757.2244300861
246475836.0403687954 356579.8390344828
255724143.4030877054 525898.6679299921
245641184.9312573075 277639.0850895662
246605544.2981370389 365172.4283139259
245844968.5023175478 304442.5915826578
245688592.6344053149 284280.6943813376
255526886.0400704741 525010.3150895685
248285421.5638556778 434792.1233687103
247501223.0309100151 407490.9221074730
245924105.7368210256 314376.9558903892
246014471.2650931180 324696.4706588406
246937249.7061144710 383807.2703661025
247537778.5613283217 410271.9600982815
254537263.0739739537 516705.3693522066
246359157.6118153334 349539.6261138618
250505019.8846369088 479877.1733727604
276110282.2999565005 602539.2895309776
247216625.7262307703 397744.8785448223
246891284.7524080873 380060.8770103008
246827555.5195823014 377872.0080827773
246891284.7524080873 380061.4733085185
255947138.8745060861 526228.0162423700
245674048.4485169053 282052.9419752173
246578337.8932916820 364028.0939574987
245677980.2606734335 282123.2625318579
246014471.2650931180 324489.6574264187
245726323.4531243443 289190.7807389218
246591758.0253334343 364575.1443326026
245627507.2586652935 274413.3529096656
255474861.5993007421 521829.8326131105
255369700.0680582523 521805.8010438532
247570048.9353303015 411026.5005037338
246068912.3679760396 328417.1438557524
246922885.8304836452 382536.7321142256
285239815.4775403142 619036.6043701172
246025955.1847613752 325035.1037976164
245834787.1579682529 304143.0394006688
251633230.4105033576 490727.2333252579
245732574.9334135950 289564.1285608523
245823045.4038073719 302656.5291419942
247501223.0309100449 407555.7072637230
246920949.6181100905 382535.1281103194
245912457.9311010242 313409.5598922390
265493882.1394444406 570658.4286377281
245912457.9311010540 313616.3731246609
245799701.3988566399 300252.8370080907
247548605.1741391718 410454.3886871487
246153102.5137549639 335519.3481855989
245908863.8498803079 313138.7373214383
245814245.5847450495 302480.5894142110
245955433.5286602080 317574.3860852141
248126056.0343855917 429592.4639591165
245944256.7265062034 317457.7110152859
248195119.4099639058 430449.8434757181
246635209.1638391316 367440.1264201701
245929405.4231035411 314801.1873078961
247570048.9353302717 410962.8318635970
250941361.8311822414 481900.8351299441
245877305.1090696454 309326.8338180203
246188064.5750526786 337392.6226978004
285221208.2372620106 618021.4429931641
285112421.6449592710 617979.9320068359
248126056.0343856215 429610.6687931009
245830004.4976070225 303553.0950837750
251528593.1657113433 487886.0511257797
247549751.8339945376 410455.1174469143
248026075.6844939291 426399.3211872131
251001201.2653031647 482745.1779738069
245968128.2837995589 318420.5671296734
251528593.1657114029 487954.8133328110
246740829.4921073020 372636.5956077129
246295491.5655399561 345447.3251495063
247025130.3231971562 389234.1646801531
248282048.0135240853 434672.7901126333
252239059.6906449497 497154.2282207161
245979851.3188106120 321089.1401534695
248282048.0135239661 434608.0049563833
248413322.6835981607 438320.9472285695
248413322.6835981607 438315.9944240041
248449848.4353841245 439266.8232242055
248026075.6844938993 426335.6525470763
246235437.1000489593 341271.3083284795
262157940.0976713896 549503.5914424174
246235437.1000489593 341064.4950960577
248282048.0135240555 434609.1214724965
260362499.3474451005 547849.2527993768
246996909.7120530605 386584.7422392070
271724104.4570476413 590592.1796066612
260718481.4083396792 548793.8201821893
246651509.2518434823 368505.4554435313
246589821.8129598796 364573.5403286964
268992871.0625526309 580194.4021546692
267636562.8056993186 576676.6323299408
271933010.8535405993 592969.6433315277
271692069.5277566314 589421.3812668175
246246921.0197171569 341816.7546996772
246285775.2885183096 345186.7454414070
260061256.6124284565 544797.3082498163
251098433.5825352967 484408.7268993533
254622722.1185356677 518859.9357584566
259936798.7206837535 543502.6226724237
269086412.6569620371 581641.0164124817
255343701.4946806729 520729.1275209039
253211448.3922731578 505970.3212159127
255281546.9375453889 520031.1933764070
246903954.2584694922 381912.2814158499
256753422.5054833591 533819.2374185175
251600541.6703570783 490014.5475342423
248026075.6844939291 426400.6066791564
257739069.6764619052 542254.3805459589
254046650.6837382317 511966.6350573152
254250334.9547548890 515754.5054606050
254080198.0834507048 512204.6958292574
249520720.6271591783 465105.1818029708
259365264.3121159971 542343.1262124628
254111325.8338362575 513032.5725535005
251835799.8387772739 495591.1633894891
252014845.5155254304 495672.4571669549
252083452.7189900577 496050.6591458917
246846595.3337329626 379021.4140889943
251784791.3258905113 491859.0239241570
253386015.9610005319 507928.3269775957
246846595.3337329030 378814.8610952199
246846595.3337328732 378814.6008565724
246895443.4778372943 381793.3483200371
253586692.0350784063 509011.2356127352
246830525.9345232248 377960.5370407403
246631723.8327579200 366500.7478653193
246704069.8132019937 370787.9870336354
252053102.4349932373 495967.6094696969
252428932.1150701344 499336.6165192574
248614512.8413880765 444884.6311831301
248679596.9477750957 445797.3466799086
252231630.4174838960 496248.3944733590
248905715.9783186018 452128.9349024123
249584071.7058940530 468247.1510997540
251787471.3701151907 491966.0464461297
248905715.9783186615 452193.7200586623
248168736.5585750937 430355.8820576221
249404636.5493447781 463638.3471033400
248879826.8357771635 451920.0623674518
251690748.3836366534 491384.2054696679
249066242.0609756410 455959.3834123737
249052905.8032812178 455816.0317735797
249211087.7965216637 459299.8886225349
249152628.3762598038 457079.6815118915
250194762.9730263948 475071.7783225030
250336028.5688236356 478103.4534068257
247996662.6929501891 426112.0422069877
249298915.4385402799 460779.2202959186
249378747.4068032503 463513.8258867389
250068249.3054711521 473484.5820451379
249526580.6381048262 467123.1070757037
249020828.9657278955 455725.6009397632
249984036.3737738729 472456.8400263786
250286376.9421694875 477932.5327277780
249360612.4806793928 461542.4756555980
248712167.2254954875 447855.2615778571
250094138.4480127096 473776.4445703328
248738056.3680370152 448082.3389468020
249378747.4068032503 463346.4845781451
248879826.8357770741 451837.0723772174
248588069.9594832957 442421.4717035419
247892061.0216282010 422354.6761524528
247892061.0216282308 422419.4613087028
248138861.9115583003 430048.4978836535
248670640.8202666640 445727.2901921472
249353874.9943075180 461237.6995814924
249978109.9588648677 470625.1771247512
250053917.8581783772 473057.6301887161
249493753.6375147104 465105.1264430766
249967378.2391095161 470431.1991706616
249906505.2791461349 469897.8963113552
