91422475.6038176417 351559.8406677246
91998199.8511036932 385244.7452392578
91851033.7894509137 378876.8540039062
92104010.6886570454 390691.7543945312
90983260.3741047084 313603.1511449814
90861234.4535719603 296620.9291448593
91016709.4302768409 314408.8194417953
91458974.9722006321 353874.0861206055
90869347.7154668272 298016.2595701218
91503989.1562273800 356109.8385009766
90794525.7109702379 289136.5142660141
92324248.2781770229 400331.5053710938
91309872.9805869311 341736.3384399414
91749761.4386291504 373153.5411376953
91010588.6517866999 313851.1553497314
91049969.1167064458 321087.5660238266
92080809.5698304921 389713.9337158203
91493826.9369556904 355718.7996520996
91810224.4573555589 378011.5527343750
92306542.7822070569 395195.3515625000
91692252.8921521157 372443.6098632812
91954970.2222477347 384373.0650634766
91915480.8742309958 383386.8300781250
91671403.5524698198 371332.8061523438
92808361.7185714245 408658.6865234375
92140524.5769913495 391008.8457031250
91418293.5292616338 351097.0573425293
91548675.1799996197 360388.9128417969
92524612.6259251088 400660.3068847656
90935747.0408377647 312500.2957754135
91564353.7290920317 361834.9524841309
91643291.8980257809 366161.5705566406
91391400.8062217981 347756.8171997070
90773844.2730133086 281750.6193075180
91581580.7826882601 365175.1926269531
91638984.1159382164 366159.3172607422
91668714.7461105436 368936.2883300781
92169539.1684698910 394956.2280273438
91094301.0567377210 323474.1735677719
91557231.4457436353 360925.9372253418
91221037.7134775072 332376.8437042236
91896421.5372888744 380155.8122558594
91683887.7992397100 371536.8479003906
91152809.1579215080 328792.5710525513
91669813.0707945973 369994.2551269531
91388811.1495206654 346062.9565124512
92162084.0896099508 393978.4073486328
92011422.2859389782 389192.1275634766
91109487.6823098958 325304.5840606689
91239790.3006704152 333856.9166946411
91636169.6146773845 365252.5552978516
91205604.9056328088 332224.5214996338
92322647.8813775331 395874.0270996094
91775069.4876700342 375369.5324707031
91027592.3141359836 315989.7586889267
92079716.3986883909 389509.2188720703
91646106.3992865831 367068.3325195312
91533862.5981259346 358890.9000244141
91097251.5833909661 324099.5658794492
91540984.8814743459 359799.9152832031
90932243.1192703694 299410.4697713852
91798387.2307313234 377622.7296142578
91321360.5074701756 343372.1792678833
91913076.6179102808 382328.8632812500
91222486.3354891241 332689.6797256470
91936942.1762617230 384055.9737548828
91366510.9684620649 345647.9378356934
91785427.5773210526 376738.4046630859
91438650.0653507859 352148.8382263184
91409592.7955765128 348191.2417678833
91553301.9685696065 360776.9856872559
91242971.8168872297 336938.9351272583
91092680.1482921988 321124.1370315552
91529933.1209519058 358741.9484863281
91755491.8549372405 373501.5766601562
91900521.1482338309 381481.5362548828
91223877.1800205857 333838.7432556152
91242631.9277030230 334950.1845779419
91829057.7367519438 378680.6964111328
91131550.8261696994 325868.3627395630
91164456.4288583547 330654.6425247192
92799385.3694066405 408561.7871093750
92102885.3303816766 390169.9482421875
91514499.4738580287 358615.2694091797
91376326.9027507603 345858.9147644043
91286504.1329692304 339701.3012390137
91261389.4506498277 338379.5205993652
92851887.3255127817 408878.8784179688
91885727.7271742374 378997.7877197266
92770990.2406230569 405446.5866699219
91327100.0341831893 345076.5785827637
91301961.7980819643 340848.9823684692
91975550.4969557375 384444.7968750000
91415332.3222894967 349895.6410827637
91368031.9586041123 345721.7799987793
92917191.5511007011 410221.1562500000
91890410.8165192157 379658.5170898438
91148478.2636961490 327421.8756561279
92650548.4731030315 405434.8764648438
92598046.5169969052 405117.7851562500
92484504.8880439103 400648.5966796875
92864689.5949945748 409904.0649414062
