114605093.0465263128 1550.4502134323
91865539.7995252311 740.9311558638
91859905.1664679796 734.8402329584
91837380.3088145405 697.5740954501
114336852.3759347796 1547.5263547897
91865052.5885530263 739.3143225122
91843793.5770701915 718.7130830054
91838596.5441737175 700.3687174575
114265701.2369427085 1546.6378049850
114290300.5481202602 1547.1960506439
113941223.0638033897 1545.9499349594
110511646.7139979005 1473.7517079785
113409976.8884152621 1541.0307235718
113430457.4650457203 1544.4087104797
113665729.9559512287 1544.5559034348
108214604.8262159675 1428.7486090031
109083034.8400539160 1458.0669984738
112841290.9542959481 1531.7417964935
113356464.5345508456 1532.6601934433
112254823.8392950594 1516.4217629433
111147163.5955838710 1500.8153864741
112167332.2741289288 1507.1832966805
111704662.1758184731 1504.0152058601
108758433.5851683617 1446.5647818446
91963278.1930640191 761.1240112593
91916899.1145926565 760.8132743701
91893762.2787704468 754.1810041656
91986902.4806144089 763.3576971583
91954785.6155052483 761.0291468195
91971231.1707400829 762.2217394404
92004428.8678056598 779.1576118193
108505817.2041711509 1434.6289809942
91986506.9346454740 762.8028371546
92055007.5271678567 779.8434063131
92082562.2522916943 781.6655157154
92173152.2366556674 782.5036273367
110762277.1945601851 1475.9770483971
110875152.1201032847 1481.2582869530
110881392.4502782971 1482.2625298500
110398891.2801169306 1466.6501998901
92224324.4809979647 802.2773922470
92134501.8340921402 781.9497150077
92309761.2347537130 805.2872518955
92334012.1753084511 821.3632375139
92287486.7864988595 804.4443239774
92494360.5310037583 841.3255503780
92218257.0150629133 797.8770779239
92267722.6874584109 802.8759584454
92355616.4337684363 825.3938197189
92324670.8363027871 805.3960303962
92345958.1179911792 822.2784065902
92484723.4862905443 828.6963068148
92399151.4990183264 826.0218712986
92451556.7073856443 826.2195715392
92465984.3291511983 826.7117933964
92505919.0491072536 841.7632574814
92535559.3188513219 844.6687357038
92980951.8381154537 885.7841298175
110302287.4669067264 1458.8081319332
92886673.8779582530 885.0587934521
92643069.7542599738 864.4783672360
92702020.9211750031 882.8390194494
92607055.9417921305 862.9632696602
93061712.6696599275 905.2820658383
92586203.5618057251 861.3836581255
107565227.0943229496 1427.9749571085
92984152.2050088793 886.1323927492
93677163.3412103355 906.0347121815
93811755.2457168400 921.1278057162
93923925.8881616443 923.1820774142
93850578.9424830228 922.3658525758
93689803.0832497627 916.7115773122
94333256.7962534726 963.1215595241
94480950.5509983748 969.0556222734
107194088.8684273213 1377.7057917118
94331345.4122565240 947.6674308787
94296141.7626135796 946.7513640380
94138184.3755802363 925.6589595090
94152370.8750556260 928.2780845395
94264683.0803494602 946.5295565581
94174830.2611853331 941.9098524234
94305411.2955744117 947.5222151993
94684194.1505486667 970.8386702929
94545183.9668546319 970.1480988404
94806481.0927501321 1004.9198395885
94741960.9327450842 981.6950433976
94759361.5914295018 988.1222503955
94966029.8784503490 1014.7972024227
94769357.0518497676 991.0498009375
94758195.8388996571 986.0320892851
94935351.3870041370 1007.0100006989
94743126.6852749288 983.7852045081
95109032.8140692264 1021.0365069471
94953352.4875805080 1013.7034657588
95160738.3215137273 1026.3874828493
95090928.9069064558 1018.2969030347
95659650.2671337575 1026.9606996309
95788985.7183086872 1027.5938249757
95791505.3236837238 1038.7074106013
99109994.4869827777 1170.8293034073
95968321.6020589471 1050.5891768891
95831823.6708094776 1043.3314922112
96181367.0356751680 1064.0965430397
95911625.0426446944 1044.9976018700
95949459.6784966141 1046.0131517681
96127719.3568867743 1062.9500170793
96371892.6279627979 1064.4998128400
96429284.9318958074 1074.9949843870
96373759.0355403274 1069.9223757829
96722096.0561827719 1097.5478141403
96862387.1049747765 1119.8764159847
96514652.5318551958 1096.5964918938
104101395.5525299907 1318.4920920655
99030998.1957854778 1144.2070723511
98700946.9222501963 1125.9176565520
98846069.5445043296 1127.7379587628
98884335.9111267477 1142.3379202820
100179053.3501854390 1189.0759740435
99555794.6993587762 1184.4830782940
99785609.5659324229 1184.7913575470
99539181.5704677701 1176.5197311677
100235245.5606614351 1199.1531751789
100379494.1908117682 1215.3598349914
100337788.8659142554 1209.7754485235
100268273.9274047613 1206.2658007964
100610071.7199500650 1250.6497383639
100386677.9894709438 1229.6625384018
100912801.1716293544 1258.5310749635
100511340.3301426321 1243.5797381029
103115150.9321507066 1291.1923876405
103275203.7533617318 1310.7996409126
102849450.0142083168 1285.2657204457
103024661.2050392628 1287.8996119685
104020853.6825452298 1313.7805902958
104427300.9704402834 1337.2886787653
104541758.3133185804 1348.0798994303
101134180.5514097512 1258.9993460402
101413288.5085321218 1273.9064653143
101314020.8414718211 1269.9798765406
103145858.6407291740 1309.7860186286
104141311.6751291752 1320.3338932693
104913911.6878526211 1365.6388303041
105210776.8151901066 1377.3737207651
104639613.4003468156 1352.5822128057
