360602514.9923003316 16.7672807540
360610824.2887936234 22.1356863576
417905047.3423247337 368.2336552379
411058531.4221802950 338.6849960939
424922026.6830902100 397.3898916277
387366432.5131495595 215.1650973065
360641680.0332755446 25.3296435233
386806142.3584749103 212.5666874601
397301844.4626788497 271.4278778781
440643205.5961011648 450.1208965128
440687750.2687556148 451.1175245589
444579473.9407604337 463.3910777420
445421002.8278494477 464.5197380632
421573060.6607773900 384.1341218453
432794580.9130961895 425.3326500542
432950239.7166587114 426.5089651234
394470894.5259491205 256.3539400792
412363851.0839195848 341.5529170539
412502474.4808464646 344.0314174201
393961821.8051100969 254.5808452795
425809856.9516085982 402.2065334425
384936480.1839274168 200.2691422600
411623743.0865188837 341.1866123472
405671624.4599388242 313.2208061055
405154552.0030566454 311.9732731236
443212963.4169108272 458.6912298054
429000616.4721323252 415.9855178743
429317580.0081726909 416.3667438179
423557037.8779457211 390.0287955697
423594453.1348738670 390.8974110778
420219142.4947049022 378.3838472596
402102856.7065759897 298.6181975463
401424742.6656803489 298.1707041414
388700825.9283269644 223.2778407745
395969834.2354640365 264.6907457004
392859877.7255414128 248.3539612480
393732149.3780658841 252.7748953393
426486712.0601900816 404.5781142721
420774995.1408092380 380.4300859988
432235375.3514527678 423.7762408638
444867362.0129280090 463.9235584587
360622289.0153856874 22.5361195642
395723490.0009978414 261.1530626852
389512782.9795766473 229.8077449158
421159253.7807433009 381.9945940772
360668064.0507032871 28.3993319574
405214298.6989137530 312.6281258716
360606982.2668263316 19.5091203061
439219025.6335564852 446.1229675460
388098677.8869166374 217.8158213077
360603210.2914820313 19.1721848446
360632561.7127226591 25.3222281042
444770552.7730391026 463.5815218538
360602749.6372023821 19.1718359869
424140101.9967132211 394.8559480031
389496063.7264217138 227.3458314169
428841211.8554549813 413.9949398413
428706049.5240901709 413.6194384471
398021467.2799320221 276.6174352521
390349022.0129927993 233.1170319202
389775022.4188507795 230.2926317336
360612393.2425305247 22.2705847164
414922581.3393684030 353.4584611278
435782042.6164465547 436.0293077268
431618081.2986286283 421.2213433651
397689684.9389074445 274.1995299289
360604470.1817256808 19.1757846746
414404198.4525072575 350.6508654766
360607618.4987248182 21.8503178478
402188013.3878012300 299.4009251428
423658421.9479027390 392.6882655571
430269489.4718840122 418.2203698121
402168986.2668831944 299.3810166860
433809669.3881524801 426.6705865972
433920933.6762380600 429.0549201779
414894765.0721002221 351.8337413394
398723905.4013197422 280.0616465293
398473523.6093547940 279.1057949745
415233793.9684780240 355.9342369759
406730919.9570557475 320.1971083522
415158339.9362420440 355.8713177412
414924063.4414129853 353.6890933239
418375843.5830154419 370.4763845197
406498259.4753397703 316.6728610448
406379668.0459676385 316.6023189477
394239815.2890173197 254.8038994985
395591758.0047825575 259.7819512001
395737390.7275543213 261.2123371473
384708994.6874989271 198.7991485017
427572603.6924163103 406.6984032310
427614589.0982177854 409.9084401048
435818567.5473420620 436.4361779735
363901273.2845787406 58.0037204883
442376910.0784078836 455.6770807058
362955432.1367125511 48.2774123020
397976286.5441324115 275.4719243208
397361394.6950048804 273.0257972763
413985431.6540783644 347.7413016671
392569351.1062358022 248.0852551866
398141689.5075466633 278.1795088331
396998139.7406314015 270.2453758687
430167450.7755187750 417.6373990737
430183626.0478094816 417.6672141515
432139663.4496672153 421.7972848797
427299409.1505050659 406.6149581020
443706364.9125198126 460.3246307224
403418658.5150548816 304.3662821140
406306665.7660960555 315.8451989438
406044919.2309152484 315.3639154002
386847974.8872140646 213.3176871860
392147816.7046023011 243.7644594107
390436820.0759335160 234.1654672912
414325513.1618707180 350.1483493905
402974533.0034292936 302.5911561941
407900496.3694700003 320.7284186130
360606856.9782085419 19.3275881022
363052424.8443784714 50.8501743237
362957525.6383098960 48.5501116673
436868487.9288868904 437.3872337387
398633166.5007421970 279.3149351419
400834762.4884648919 290.2842698652
360623374.5603196025 24.9052668078
435688356.0189099312 433.8199790791
400740069.2267131805 289.6193686312
422878724.5857496262 385.7687470427
422422996.5914525390 384.2857285282
440252703.5710560679 446.1724135774
440443831.8912888765 447.3809709448
362965019.4824666381 48.6060605798
395124600.7595537901 256.9073940120
441974337.5639371872 452.2503872020
399227424.3163526654 281.3755257468
395450335.3128085136 257.9689095320
395135898.7731677294 257.5705402198
408096127.4400962591 321.0702278218
419939531.3712846041 371.4498361667
431005807.3747417331 418.3541263901
431600731.2476506829 419.8514923463
361564137.0541006327 34.6971107640
409610637.1481187344 329.0045585015
400643751.6549340487 286.7658390258
416772316.5713706017 357.6767658432
386486540.1278570294 208.2086189779
417448131.2636606693 360.5160744077
395966063.9140429497 261.5757571749
395569311.1599259377 258.9870931200
417432330.2048737407 360.1643997602
405043406.4743657112 307.3096043666
400040695.5994793177 283.2839573614
409066218.7068306804 325.1492939577
388481057.0866399407 221.9234718453
386062647.6462544203 206.3868284836
385259968.5490223169 205.0857726202
388217949.2499499917 220.3595190275
391997804.4119660258 241.6643922739
388471749.8779784441 220.8092829608
379121601.8498569131 154.0802037335
374421464.5759372115 125.4585515524
374194860.6305078864 123.0408777262
385233925.2318594456 203.3131564360
380925579.4545825124 176.5605626699
391630342.4299272895 239.9864208693
391624092.8871878386 239.1212521657
375044889.1569471955 126.6909728264
383913383.9038133621 198.4357012395
383696210.6711806655 196.4521646682
411028052.0434628129 333.4314726610
372609812.5689004660 115.9261965804
372063740.5744735599 112.8490927272
375055471.9860789180 128.5183958028
374864489.7150907516 126.0797196840
388197411.0358929038 218.7198740663
378078142.3955839276 145.4047536690
389265929.3361783028 226.1089112513
367660970.1850049496 87.1335915988
382914919.8751215339 191.3085019891
391217115.6594288349 236.5964405223
382887964.9526584744 189.4199865010
408956741.4010168314 322.3451416729
367963957.5519214869 93.6975318849
383132906.0307701230 192.9289514126
381418479.1525135040 180.4630501402
360785216.5949688554 29.7310102953
360652178.0630893707 26.4944424024
410882488.6544198990 331.6155082602
360755813.1906127930 29.6187546475
360649365.3896063566 26.4312098672
363113933.4750245214 51.9833832439
363140853.6098065972 54.0254185525
360644965.0367764831 25.6589053466
382860792.4534043670 189.2510480283
381920063.4123583436 184.4688399695
410849408.4234678745 331.4843606239
383476762.5728750229 194.3407898385
383129004.6132141352 191.5374882508
410210422.0675697923 329.1012167332
386307474.0923940539 208.0372374677
371211378.1887379289 110.3731530793
367672497.3356082439 89.3424927689
376909824.0228700638 139.9706221166
367667840.3182706833 87.5965980690
399410595.6003640294 281.6297959454
371207428.4076105952 109.0963082360
377066311.6790835261 143.9026855437
381052431.5036350489 179.9303134172
375952603.5681674480 134.3168966849
380557863.4828481078 172.8019854134
375461228.0323922634 132.2916793060
389894179.6434963346 230.9528386096
384848198.0850208402 198.8271938762
391613791.6386585832 238.7930630915
390814296.8397393823 235.9312375657
372299508.0723436475 114.2488949592
376223475.5943987370 135.2686541972
376300607.1014890075 135.4816969332
379456634.9218434691 163.5858133036
372597013.4784410596 114.5996572259
386552968.4207978845 212.1771693172
382421304.4238021374 188.8042275571
382241041.8264735937 187.2230103873
385706480.7360929251 205.6413757276
386094529.5867598057 206.4213173977
393533604.3080273271 250.4244057011
393506042.7715850472 249.1182998254
381687790.3144811392 183.9510651721
371202548.0355043411 108.5650970252
379983436.4785414338 170.4168335321
380286453.4802001715 170.4425232637
379721535.7108029127 167.8698145005
382031138.4112328887 187.1595143702
399896009.7914357185 282.5133932804
400115293.4316849709 285.1836317753
410977237.3153576255 332.8765159331
367018530.9312253594 85.8835226511
366351357.2735245824 82.8064187978
404618565.3515726328 305.5151459372
379167428.7798922658 159.5929869454
379416257.0304133892 163.3488583740
380739598.7025561929 176.1478442140
365878149.9839761257 79.8437468323
396658404.7649237514 265.1051622144
371843177.5391464233 112.8207801457
363143699.4310898185 54.5376255288
375629676.4069243073 132.8919466745
375429977.4499405622 130.9699784528
409382117.2718447447 325.8524190261
408749961.0575766563 321.8761575407
369461243.8107457161 102.0389570317
370058265.3282579780 103.8917485290
370079149.2955614328 105.6329298246
378152399.9039533138 149.1422785394
370562861.2472505569 106.7549013496
408721547.4003795981 321.8658694810
363122815.4637863636 52.4130061825
380460126.5091323256 171.4054309352
378652391.9351910949 153.7416040854
387830608.8424407244 215.9304451170
373365806.8766871691 118.2700888935
378010783.5841995478 144.5986359065
365258999.3475939035 70.6985804760
369175608.7933554649 97.7756685442
376508572.6433511376 137.2747333025
368621724.3018970490 94.3907061500
360695466.8393061161 29.2840003341
365260912.0643108487 70.8819873428
367758420.5221827626 89.7913904921
367441499.9841413498 86.7142866389
369017272.5401990414 97.0675882622
373056956.9898846149 116.9215353048
373697179.9368218184 119.0075314357
373074455.6767411828 117.1806731537
368964550.3207519650 96.1687553790
364968437.6844468117 68.4759938184
364716156.1072825789 66.5896173845
364678905.8670229316 63.8133034454
364713452.2424899936 64.1476800433
364988359.2904650569 69.0169417812
364779611.5281037688 67.4019842102
364560098.3128129244 63.4687421439
365056329.7484265566 69.4991001972
365703930.2052405477 73.9913862173
367371873.6346489787 86.1658635347
361716395.3693929315 39.0035576348
361943628.2522088885 42.5193642084
361785602.1134313345 40.3930523218
361981255.1613470912 42.7223754410
361756091.2265230417 40.1132768831
361920312.6220529675 42.4000340662
361898634.6050279737 42.1151240225
362144258.8438332677 42.8058416345
362179888.8184435368 43.8169393895
362362480.4869396091 43.9539159365
362491893.9659397602 44.1055823486
363503036.5057436228 55.9293459762
363418508.2020448446 54.7519769382
363374310.4731438756 54.5721561150
363595297.5105628371 57.0844816078
363738325.5343136787 57.5338031024
363959847.9609784484 59.7362983523
364186679.8498733640 61.6205416093
