821244627.2607016563 8250847.6513671875
811870778.8599592447 7879128.8359375000
848309765.3244196177 8628103.2558593750
819133059.7466062307 8182991.4033203125
819215441.8211324215 8187704.3564453125
811723832.0821530819 7874673.7880859375
834645528.1905615330 8515136.7929687500
811797195.5383775234 7877205.0791015625
821898464.6670147181 8278145.3222656250
826176719.5070139170 8374196.5234375000
813256660.4075882435 7968578.0361328125
822306269.0107671022 8284394.6425781250
812456303.9272052050 7917353.0195312500
848177390.7708346844 8626825.2949218750
827229253.0984754562 8391651.9394531250
811060795.8620637655 7817019.3398437500
823413046.5828591585 8312592.9345703125
821058676.6537066698 8249371.9570312500
841140342.6625131369 8591903.3476562500
824681175.2890976667 8337300.8759765625
817183103.2451934814 8124503.7441406250
816303827.6447825432 8099881.7812500000
814646007.4504458904 8029863.9326171875
811565529.2592362165 7844915.3642578125
817783219.6857402325 8145516.1074218750
813192424.7169438601 7963946.2587890625
848434223.9971109629 8631016.7382812500
827795474.3952591419 8404731.6210937500
834041696.9350953102 8511296.5195312500
843411068.3321467638 8604637.6816406250
822865851.8727612495 8303774.7695312500
839187065.4038660526 8570583.2460937500
848035475.8701399565 8625380.4785156250
834720087.3927855492 8515217.5546875000
810732720.7771238089 7801163.8544921875
832117549.8858079910 8480166.2597656250
826469926.5334972143 8380842.5175781250
818015504.3761022091 8152020.5468750000
830152167.9183866978 8447128.3046875000
846165174.4918631315 8624187.4687500000
830741802.8156145811 8459062.8300781250
813181991.5080727339 7962321.3759765625
826605858.4956183434 8387557.1269531250
826531802.1796088219 8386386.0937500000
827622898.2099709511 8403563.7949218750
829929472.4105185270 8441706.4042968750
844928918.6211446524 8616357.4726562500
827515317.2733181715 8400558.1914062500
813136403.1056112051 7954755.7314453125
821361850.8481535912 8257632.7636718750
824687793.9311608076 8339762.6865234375
825415944.2589142323 8356761.2460937500
827446799.6100383997 8399897.4160156250
826264188.1706624031 8376982.2031250000
830030255.9087545872 8443314.4589843750
810525837.9116301537 7798930.4511718750
825333489.5402941704 8352640.9121093750
825367025.3803060055 8356413.9843750000
820312534.8254698515 8221011.5644531250
829734346.0914497375 8441127.9707031250
825549935.7964358330 8357131.1269531250
834874327.8108026981 8518929.7177734375
824539572.1058139801 8335862.6005859375
812062033.6443780661 7884735.4326171875
832246980.9332506657 8483573.9257812500
821633902.6900019646 8265548.1757812500
810859540.8504288197 7814502.9580078125
810463797.4428647757 7795415.7548828125
810837130.4180095196 7802339.9169921875
845814986.5227115154 8621968.1933593750
811490541.7819212675 7841179.9179687500
810857489.2240997553 7808185.0947265625
811871864.4378930330 7883461.7392578125
821413975.0402908325 8258228.9179687500
821554963.6518065929 8263270.3359375000
817106976.2020691633 8123966.4375000000
823894646.7366906404 8324412.0107421875
817935885.3680549860 8150091.4179687500
811260381.6467378139 7824936.9003906250
812098710.0492367744 7885289.9619140625
811068040.1298445463 7824292.5673828125
830079250.0299501419 8444583.6835937500
823973475.1145656109 8329598.9931640625
832318687.2685616016 8486019.5332031250
816797879.6108473539 8114272.5156250000
847712407.1899254322 8625208.3847656250
825909433.5064778328 8363393.1386718750
845787994.1338616610 8621850.8847656250
812936214.0588009357 7943752.0468750000
830462995.8387197256 8454364.1875000000
817043621.1831835508 8120813.0117187500
824141113.0577687025 8335150.3798828125
825692498.1069073677 8358782.9082031250
839829114.8700118065 8574198.6406250000
839841461.7130272388 8575429.6757812500
819678168.4483933449 8201465.5292968750
820554180.9067473412 8226856.1699218750
830166095.7494562864 8447676.9902343750
830089710.8562766314 8445910.8730468750
844606436.6643999815 8613165.7167968750
826057291.7843317986 8367296.5458984375
812855427.7508453131 7939217.7900390625
817570821.5168131590 8135690.8125000000
819725846.8589915037 8205837.0644531250
817656045.0464118719 8137417.1191406250
825892944.1938669682 8362601.5517578125
845020816.6446982622 8617955.2011718750
812817443.3592423201 7932468.0937500000
826900955.4649925232 8391458.6113281250
825876221.8500366211 8361112.6425781250
825844846.4202632904 8361050.2324218750
814829266.6937738657 8046408.9746093750
819763642.5441888571 8206436.9218750000
844855614.7284756899 8614776.3945312500
825013939.3503535986 8348947.0976562500
812987733.0153733492 7944827.1113281250
855105008.9382246733 8638564.9687500000
824885711.2666319609 8344339.5625000000
825969577.7846436501 8366158.9765625000
819864667.7340706587 8208789.3125000000
813050887.5849956274 7948854.0244140625
844402179.8664394617 8609039.1992187500
825027391.4974237680 8351905.2070312500
826110566.3961598873 8371200.3945312500
816528334.5543687344 8106165.0234375000
818637688.9185636044 8162781.4355468750
815240158.3845324516 8061090.4277343750
829685946.8469412327 8440072.2431640625
829237424.9265333414 8434782.9814453125
830244997.3606872559 8452001.1718750000
811325187.4786558151 7839996.8925781250
827968270.9572056532 8407059.4375000000
812718639.2836196423 7928566.3759765625
829405586.9998350143 8436427.1201171875
812648386.1390579939 7922015.4902343750
814756168.1826103926 8036431.7412109375
827317295.4400202036 8394399.5058593750
812647708.1409536600 7920977.9511718750
814070281.2488104105 8002330.6923828125
818353401.2413482666 8161573.1171875000
813983641.5008765459 7998217.3544921875
854945280.5724537373 8638412.5761718750
854595731.2259118557 8637374.8593750000
816446597.8908410072 8100002.1748046875
815312232.4329844713 8063228.4970703125
815519003.8742551804 8068833.4697265625
812711227.0764961243 7926268.1767578125
812808524.3637501001 7932376.3056640625
818188430.6817220449 8156538.1894531250
818116724.3464113474 8154092.5820312500
812338165.1011892557 7903062.0205078125
828288367.6325656176 8411432.2890625000
815559700.8906198740 8075049.3427734375
814394422.0285673141 8019704.2539062500
845866027.2099651098 8621992.9414062500
815073072.6434817314 8055090.4501953125
815074405.6746661663 8059415.7373046875
828127391.0784233809 8408178.4257812500
821762211.4756067991 8269161.0244140625
822549804.2709672451 8294976.9208984375
830861129.4270865917 8461410.6347656250
822260324.5726654530 8282688.5087890625
814900250.9344279766 8051058.1210937500
821035547.6007510424 8243468.2001953125
817297947.0377291441 8130042.9843750000
839930803.4857316017 8579499.2089843750
845628838.5845404863 8621263.1699218750
822120733.6319690943 8280936.2119140625
842467352.2311139107 8596809.8710937500
845291294.0573440790 8618266.0058593750
822176324.4996125698 8281076.6650390625
817353142.1458582878 8132274.2373046875
814688347.2890698910 8036195.9101562500
817446664.4732066393 8134438.0341796875
820785550.8957929611 8235181.5302734375
814805554.1490075588 8042205.2714843750
819940104.8895560503 8216346.1435546875
854271654.1779168844 8635114.7167968750
812115881.4959110022 7902157.6718750000
830601379.0009973049 8457579.7304687500
854221392.2438025475 8632537.4042968750
854512290.3764503002 8636565.8671875000
831173775.0713208914 8469780.5644531250
820016086.6350939274 8217231.2119140625
813711228.9093726873 7993256.2587890625
813882664.6271331310 7997706.7197265625
813474925.4523985386 7985663.2451171875
813627917.3191002607 7988253.2412109375
820432336.0593760014 8225625.4326171875
831238066.8460166454 8472176.8984375000
823245043.3325166702 8307689.8007812500
833812113.0990644693 8503814.0195312500
830924729.9500591755 8465784.8085937500
813161500.4040824175 7958576.2753906250
819168316.4871170521 8185549.6152343750
813751267.3833227158 7995695.5517578125
841772032.9012038708 8593056.3652343750
818641811.9595608711 8169642.0703125000
833923173.8081719875 8507081.6503906250
854312728.5589309931 8636520.7695312500
822696140.4802818298 8297308.9208984375
823253693.5104485750 8308698.9697265625
819057203.2500997782 8182078.5195312500
843597933.6242809296 8607956.7597656250
823836636.8837860823 8320911.3105468750
823077261.2865031958 8304361.1943359375
817665930.7889119387 8143474.6689453125
811581015.2295590639 7852656.2421875000
822403527.6722899675 8285517.2480468750
820344904.0346851349 8225511.5126953125
823101316.5907268524 8306860.6835937500
842516212.7983858585 8598240.2187500000
838189279.4309720993 8555949.8496093750
819014588.3874959946 8181258.7246093750
819407814.4172506332 8194424.2519531250
828744143.0477316380 8419708.8671875000
819711504.8668333292 8203152.5214843750
812102174.2552441359 7885739.6582031250
828731536.0396933556 8418963.7031250000
815399463.8959777355 8066945.3564453125
818891588.8164516687 8177120.9677734375
819164424.1897219419 8184142.1289062500
818756712.2026394606 8170805.1767578125
837778890.7789788246 8552326.0390625000
842672226.4079303741 8600521.2246093750
841005151.4156420231 8587416.5019531250
819181777.6628628969 8185895.4453125000
814220383.8340587616 8015877.5888671875
842774761.9160829782 8600825.4140625000
832853285.9909691811 8497166.2246093750
833358498.7758070230 8503385.5605468750
832523849.0930790901 8491047.5585937500
815881229.6754320860 8084558.6679687500
812439771.3245486021 7908189.7705078125
832683399.0078870058 8491495.8339843750
840613135.6641094685 8585578.3261718750
843083472.4174062014 8602152.5058593750
832443222.9143174887 8490413.9238281250
816246579.0679595470 8093839.8769531250
816043999.2736854553 8092344.1152343750
814471982.3129059076 8023986.6201171875
839508524.3746211529 8573501.7402343750
835263547.7197704315 8526202.0781250000
814349683.4401441813 8017187.5751953125
839885008.0792605877 8576194.5527343750
834394159.4559887648 8512691.8339843750
839133551.2724446058 8569909.2363281250
833236568.4151954651 8501181.3652343750
821845030.1799116135 8272222.3349609375
840255508.9369235039 8583811.7304687500
835588287.2319519520 8532837.0468750000
816262010.8999021053 8098282.6308593750
832324890.6160044670 8486914.9707031250
814456163.4421006441 8021517.6064453125
831843887.7626338005 8479017.7265625000
823545209.4821070433 8315781.1406250000
839082524.2553895712 8567332.8007812500
836001985.6355174780 8534319.4140625000
832939524.9973080158 8497764.2714843750
831686859.7453193665 8474527.0859375000
816763681.5274847746 8110990.9394531250
838590600.0839836597 8565545.6699218750
815931329.1029354334 8086567.9433593750
817227209.4162552357 8127418.5761718750
834763923.9346216917 8516150.3652343750
820777458.8619825840 8232794.6210937500
814617002.0595946312 8026413.5830078125
816691699.3814001083 8107732.0058593750
814628474.2017323971 8028132.1494140625
829128579.2297457457 8426810.5078125000
832369392.5591048002 8487097.5976562500
817026398.4365922213 8118748.6982421875
816038894.7300765514 8087604.5332031250
838462775.4369156361 8560865.4335937500
828792297.6436471939 8423757.8593750000
833820642.9575414658 8504465.8730468750
815709576.8703136444 8077378.2890625000
823347715.1215902567 8312012.8750000000
828587134.8058422804 8417742.4707031250
838333381.5048363209 8559440.5488281250
835588014.3537700176 8530977.5117187500
836056912.5473453999 8534366.9609375000
829048823.1671117544 8424835.1328125000
838232004.5741578341 8558093.5488281250
828386131.4628390074 8411728.5781250000
839819254.3352547884 8573728.2812500000
828074416.3055187464 8408136.5019531250
837008628.2338590622 8543143.0664062500
841962130.9934070110 8593717.2207031250
841925376.5945955515 8593229.0976562500
843218630.7690744400 8602734.1035156250
834644945.6296638250 8513406.0195312500
834723115.6783674955 8515336.7089843750
837171463.0666218996 8548118.0253906250
837394090.1944539547 8548935.0253906250
836401392.2270357609 8538279.4765625000
837126955.0360355377 8547099.6269531250
836685263.8301289082 8540982.4121093750
836430987.5949532986 8539744.7714843750
836146016.0748617649 8534796.6777343750
