737774446.1225981712 3152025.0584106445
738412502.9016792774 3187182.5735168457
738885237.8058011532 3211359.2544250488
739027199.1838071346 3218539.9916076660
739492464.1649643183 3244851.9547424316
739879732.2428182364 3264042.8238830566
741486035.6919921637 3339219.8767395020
741113817.0797976255 3325251.5315246582
742781278.5679527521 3400017.1937866211
741673929.4184607267 3345564.5239868164
742506862.1709239483 3388885.2268676758
746357580.8989368677 3530561.9755249023
758766042.6694906950 3892313.4232177734
776196345.3782542944 4258910.1237792969
761035033.2338454723 3956839.3367919922
760610392.9776210785 3954184.2762451172
769941390.0101320744 4127034.0410156250
737285426.9333224297 3117462.0662231445
737938507.9024298191 3160084.6384582520
738814109.2501204014 3211013.1501770020
741566390.6345686913 3341851.2732238770
745980276.4906109571 3516096.6432495117
754374664.7935363054 3781690.9869995117
737657657.2615420818 3146833.1404418945
740426888.8282151222 3296778.5891418457
740765761.3845139742 3310203.0317687988
740848609.1554521322 3317277.8330383301
742224372.8860639334 3377697.8972778320
741768015.1373540163 3349473.1470031738
743002530.4644937515 3405732.3676147461
742250246.3849796057 3385684.0016479492
745784351.0395613909 3510006.8899536133
745214165.2989854813 3496197.4492797852
746908283.8381466866 3549988.3856811523
751766896.3602823019 3707944.2849731445
796465103.7993757725 4559080.3110351562
739590790.8402343988 3249238.9472961426
740037543.8557858467 3267331.3139953613
741715696.9047396183 3345663.1194458008
742643304.8715701103 3396186.0520629883
746197037.4043997526 3527468.0863647461
745842348.5307796001 3511753.1307983398
760208233.5639762878 3937327.4405517578
808531287.4476964474 4706922.5434570312
775847566.5564652681 4255534.3356933594
743477184.6645923853 3431212.8430786133
748049928.2467690706 3583898.9968872070
875545460.4449020624 5374105.3261718750
738555860.0418707132 3198604.2302551270
739065484.8816496134 3218699.2693176270
741235922.7020553350 3337926.1335754395
742446231.3130351305 3387805.9743041992
746620430.4282954931 3539088.6068725586
808778728.8696247339 4713632.3378906250
757668331.0153306723 3865272.5048217773
757881816.8517065048 3876330.6376342773
737308801.2395732403 3127507.4133911133
738151813.4115473032 3173405.4038391113
739532910.1323138475 3247507.4781799316
747160964.2020617723 3560983.6881713867
756217361.1918667555 3824432.8354492188
754096699.6832304001 3780648.9284057617
759120266.2043421268 3911913.5733642578
737426838.9971562624 3137789.4505004883
742035555.1956722736 3365021.8177795410
751229946.5903376341 3695176.0470581055
747580943.9288604259 3570411.0220336914
775725326.6874662638 4247407.6286621094
739089811.7454494238 3221925.1609191895
743988436.4891909361 3444140.7582397461
743565788.5595340729 3435147.2053833008
808674356.9851748943 4710468.7031250000
738277158.6073756218 3182845.8191223145
746670543.0032157898 3542130.6049194336
760305347.7999686003 3945300.9071044922
878569272.8799920082 5395116.1313476562
864390052.7568877935 5274464.1855468750
744002840.2047085762 3445268.4723510742
750187317.0959336758 3654008.5761108398
763998124.1752408743 4017758.7823486328
737615900.7646239996 3145673.8457641602
740014973.6868714094 3267299.1201477051
744284290.2625809908 3459735.5548095703
769099249.0740782022 4102220.2182617188
757192306.1756163836 3853514.5097045898
758575984.1235017776 3888208.8029174805
741013811.7302194834 3319497.1264953613
744920832.0734601021 3486403.5397949219
743850256.9922603369 3441336.7617797852
750197544.1647479534 3654563.8606567383
740153518.6359069347 3273428.1112365723
750256836.2142246962 3659627.3280639648
749018906.2512462139 3600979.2715454102
746043240.3590407372 3518082.5017700195
755095519.9325933456 3800316.7809448242
752582707.0408945084 3725983.3735961914
752175187.5958387852 3718308.0542602539
809105738.6457545757 4714547.4868164062
741891424.4436079264 3356552.8928833008
746387006.4196178913 3532486.0800170898
751962684.4377335310 3716966.5120239258
751412569.0849788189 3702370.2410278320
809776415.0391824245 4725230.1904296875
808789619.6379473209 4713993.3071289062
751393124.7651669979 3701212.0831909180
746867639.5325425863 3549151.3739624023
873492495.5292267799 5352207.0253906250
743069919.1051537991 3415107.3497924805
749291677.5853557587 3616442.3659057617
754008936.2435548306 3767584.4230346680
878908381.5193958282 5397497.7294921875
758048823.8980232477 3885528.0951538086
773960996.0825437307 4210738.2902832031
743688084.4993224144 3436007.9033813477
757728332.9546120167 3871045.2792358398
753634828.3670901060 3766598.6427612305
763723852.2194876671 4010458.2935791016
744743152.2988413572 3475152.5868530273
751013268.7914792299 3689152.9298095703
749432621.8963252306 3623100.1988525391
797668161.7007898092 4584658.8891601562
750352303.6588197947 3665071.3750610352
749094176.0183142424 3613582.3380737305
748556635.6412757635 3599943.3211059570
750508152.2184401751 3673170.9871215820
749633158.5032949448 3644196.9888305664
742161991.9225395918 3372948.8220825195
749396613.5000224113 3617584.2562866211
741669648.2235931158 3342751.2615356445
885230890.3192199469 5434876.1074218750
868798760.2068718672 5336778.2089843750
868449658.9005666971 5326415.1069335938
775536937.2848762274 4236411.4040527344
763927584.2189240456 4015592.9781494141
778345385.7279794216 4305087.0012207031
761163138.2784112692 3961808.4532470703
752913531.7592004538 3736970.2467651367
769839971.2702317238 4124513.3979492188
775356354.4223097563 4227146.8735351562
778643810.0540267229 4313753.6018066406
787899898.0421259403 4426063.2685546875
879274703.0657645464 5398230.3706054688
809302704.9204481840 4724510.7231445312
755439333.0086978674 3806067.2026367188
810342394.7358874083 4743446.6645507812
761068049.1007010937 3961314.6400146484
773677415.0381278992 4208318.9919433594
816872838.4317690134 4816360.3920898438
816905468.0688408613 4817574.4790039062
808486002.0608044863 4697594.8251953125
770398402.9793577194 4159523.8586425781
778016703.7391856909 4298246.8288574219
754802596.1917997599 3789342.5244750977
850309224.1338466406 5113961.4538574219
835627596.7945342064 5010118.6098632812
755881240.4383791685 3822016.2639160156
885169471.5562264919 5433994.2070312500
758593831.9966924191 3888980.7176513672
761285442.2005344629 3965621.0205078125
883879297.3699773550 5430408.0410156250
756228788.6393667459 3830529.1638183594
810238591.6493128538 4730110.7973632812
760516493.3136665821 3949815.4019775391
852303896.7734788656 5146199.0927734375
839723126.8177523613 5051698.3312988281
759359207.5401145220 3918500.8255615234
754576436.9729785919 3785747.5125122070
755852809.6077630520 3818128.8142089844
797581092.5333621502 4562842.3310546875
755764902.3426580429 3816739.3986816406
864111464.7975646257 5247510.9873046875
843529506.4750826359 5083008.7700195312
759858256.8073488474 3931234.7982177734
759556199.3625262976 3927488.7171630859
762112149.2727336884 3975235.1617431641
763335516.7867959738 3993282.5660400391
874848059.9103571177 5355908.5522460938
763549951.7923903465 4009408.8868408203
807959989.1010838747 4689224.2534179688
870509652.2513549328 5343252.2485351562
774955411.2469089031 4224635.6857910156
774429617.5886232853 4213945.3789062500
873273507.5533148050 5350770.5078125000
862759849.7490446568 5227683.0268554688
769766070.9694293737 4122283.3928222656
864322454.8063093424 5252071.0717773438
875957524.9580848217 5375796.7363281250
862248287.9407423735 5209033.3823242188
863907153.8500527143 5228026.6987304688
797722872.3014043570 4592610.3081054688
883610784.6865195036 5409850.3808593750
858550057.6069892645 5203957.8510742188
857990437.6021356583 5193215.4653320312
798768545.9185993671 4594570.7080078125
766352638.6516257524 4078212.1749267578
765297823.5307835340 4054915.6881103516
765903603.8118318319 4067026.1417236328
776912850.0119122267 4265986.1315917969
777489027.1662666798 4287590.9670410156
777029305.2560024261 4280041.3903808594
765585894.1919842958 4060576.8155517578
883672760.1932677031 5411033.8344726562
851619979.7216283083 5128350.3989257812
883453506.4261856079 5404420.6870117188
832080124.2524377108 4949141.7138671875
765015795.7724922895 4039208.0222167969
762886273.7549835443 3989642.1165771484
770761470.7584223747 4164597.7358398438
763336749.0127118826 3996399.0682373047
880459092.8900283575 5398621.7817382812
880589146.8810358047 5399360.4018554688
771895086.0648492575 4178212.9531250000
772643751.8217462301 4189180.9143066406
883081646.7076396942 5404244.2944335938
883520818.0103241205 5405891.5922851562
762693374.5386241674 3985489.1229248047
877840487.0991985798 5388406.5190429688
878168145.5618904829 5390341.7231445312
764364464.2113726139 4026823.9876708984
820824433.7821475267 4829210.8203125000
799555901.9719508886 4632606.4794921875
799250268.9641665220 4622964.4672851562
796448311.6493202448 4555624.3212890625
770007461.1605161428 4135927.3901367188
883076863.2706543207 5400002.0366210938
771428919.9128948450 4176865.3164062500
798940988.9257590771 4617731.4882812500
769060482.3927205801 4097183.9819335938
807929923.5418525934 4678777.4306640625
834567992.7264850140 4974748.8510742188
856136260.1136738062 5180587.1831054688
807446529.6663354635 4675605.3198242188
768357938.8156931400 4094474.3735351562
795799974.9435276985 4552126.8017578125
772123733.8635438681 4185812.5380859375
855612216.3917577267 5175769.9746093750
769247766.1762995720 4110933.9101562500
825917576.9434990883 4832926.4614257812
826019149.3134685755 4835263.6147460938
767967139.6331487894 4081022.3073730469
767626101.1945799589 4078952.5524902344
787650608.0262486935 4419026.2590332031
800412169.9034507275 4653705.0473632812
780239364.0789644718 4331487.7302246094
827131960.4395744801 4889107.3935546875
826602023.8213267326 4878311.5893554688
854284973.0663245916 5156395.7841796875
857009787.5527410507 5189096.6271972656
786567003.6031297445 4413019.5178222656
790853278.6174643040 4462350.6979980469
779896187.3860902786 4324848.9799804688
830765674.9239277840 4918661.8305664062
779447545.5819168091 4316297.0522460938
845381854.7057621479 5087826.8906250000
845103557.9870655537 5087731.7031250000
779803008.8903181553 4322728.5815429688
791300983.7091139555 4466237.7438964844
802366554.6888041496 4673919.2382812500
801964923.3056398630 4656430.8071289062
790667230.6542350054 4459075.2526855469
806441093.2806270123 4675346.6889648438
854922423.2109074593 5167278.5805664062
781534119.4305992126 4339589.8220214844
842223779.3977675438 5069927.3378906250
841937561.9733316898 5064082.2626953125
782495522.2416051626 4354214.8261718750
782692040.4902955294 4357298.3125000000
782778296.0944373608 4359502.6586914062
782885038.7771128416 4362317.0913085938
781775334.6245166063 4344290.3981933594
791634853.7050688267 4477796.7705078125
813425339.6021336317 4767330.9604492188
813152543.7814270258 4764987.7905273438
792977720.8808594942 4492217.9777832031
784444059.6296900511 4378379.0061035156
784795400.7584663630 4381542.1022949219
784599872.3345805407 4380034.5837402344
784095110.5846580267 4369012.9169921875
783951667.0921121836 4367274.9313964844
786088114.1674178839 4400984.6042480469
815780739.7345060110 4771108.5380859375
815714636.0474914312 4769831.5136718750
793257516.7802902460 4494568.2233886719
792843476.9475891590 4483256.5065917969
815870472.3880187273 4772212.6899414062
815882148.3726390600 4778219.0288085938
815933133.8598215580 4781899.9741210938
816264718.5829726458 4789313.6484375000
787830894.3783746958 4421966.6105957031
795154855.6933588982 4522752.8498535156
795098569.9816036224 4521484.9353027344
794794283.9082400799 4517198.6696777344
788353316.0585124493 4435644.1047363281
787665956.6121832132 4420169.5485839844
794275633.5690219402 4514032.5295410156
795413496.5280116796 4522791.8349609375
789241494.8565653563 4445008.3801269531
789712740.9328522682 4452842.3269042969
789852764.4341411591 4454829.4953613281
815668080.2177789211 4768019.9438476562
