317585572.0288058519 2655.8208058445
290937714.7978867888 1233.0909052514
333942114.8276748657 3194.8007274459
334176716.1428178549 3205.6853962730
290945513.3722243309 1233.5604410040
329424894.2660892010 2959.0810209398
290900280.8860794902 1209.5457659635
290900280.8860794902 1209.5138191842
312035232.5619662404 2322.0983568742
290900280.8860795498 1209.6213898069
314323462.9838486910 2452.3077539206
313887861.1132361889 2431.2141321167
290907979.5569788814 1230.2170477783
290900280.8860794902 1209.5142397440
290900280.8860794902 1209.5446128334
290900280.8860794902 1209.5427467479
290900280.8860794902 1209.5450832333
333234673.8899847865 3156.8650030657
291115513.9234313369 1303.4586625151
290900280.8860794902 1209.5142642388
290915581.6044188738 1232.9641774247
339406170.3663774729 3435.1838963032
304024722.7066988945 1958.9910584884
290952393.4918361306 1237.0232879479
339397038.5385922194 3434.6739485264
339223673.5863329768 3423.4195492268
291017828.4988834858 1275.4475668849
333128652.3403914571 3142.4707290570
290973316.1925550103 1251.0695248795
339613417.8607631326 3444.0690538883
290983394.3799465895 1252.7590845707
290953687.7117173672 1249.7683901640
312577358.1888544559 2374.9796294065
304093726.1124373674 1984.7745571453
290976818.0796413422 1252.7470097863
290976818.0796413422 1252.7476422382
291000137.0438706875 1274.8386756287
330739555.5428771377 3028.8987928384
291078395.8385086656 1299.6311673557
320477755.6651719809 2768.0639796828
291247708.1132708788 1323.8506287368
318569706.6401520371 2673.7779887545
315548308.7322649360 2530.3123701176
290976597.5244531631 1252.7358332512
290991431.9509065747 1253.9802177839
291065281.0378849506 1298.3671964895
291038759.5932578444 1281.3686428792
291027189.3010874987 1275.4665061299
338600793.9919396639 3406.2637546062
323610579.8560912609 2818.3973184542
338625155.5299641490 3421.4940769672
291065281.0378847718 1298.3423572075
291065281.0378849506 1298.3703206670
291047589.5828721523 1297.7448829155
332110360.4416396618 3081.6429204196
335401997.2558056116 3259.2965621846
290993523.6829442978 1258.3384000789
291065281.0378849506 1298.3669687617
291047589.5828721523 1297.7446551877
332978725.7060287595 3141.0088541931
290993523.6829442978 1258.3394049894
291038759.5932576656 1281.3370116841
291047589.5828722119 1297.8165771468
291047589.5828721523 1297.7455154024
290993523.6829441786 1258.3364996802
290993523.6829441786 1258.3112473380
291361620.2124004364 1329.0240985345
290993523.6829442978 1258.3366196267
298081422.5131821036 1701.6339993904
291554067.1744901538 1341.1726574815
291182030.2598110437 1322.0477782084
291173200.2701966166 1305.6465944114
291173200.2701966763 1305.6469257517
291014481.8005474210 1274.8487831742
332307742.7338539362 3115.0872494273
336953312.2505454421 3360.5899890661
335677095.7495883703 3281.7184753758
330323647.4912773967 3020.2874739980
329724003.6195900440 2997.7761788629
333176030.7335897088 3147.4943964289
294157531.7044672370 1440.0899013688
329197044.0405781269 2944.7374014593
332809896.6501900554 3132.3016002508
312200864.1952176094 2340.0271274232
331292257.9812282324 3063.6509721263
311869780.0561031103 2316.6920425080
331924952.5178862214 3077.5154488070
317290674.6924399137 2616.8004254286
328595198.3903280497 2942.3338509531
292861647.4719471931 1373.7439443729
303776416.5773729682 1950.3132028539
293270132.4898151159 1394.9458311751
296614620.7357531786 1641.1833168355
300589697.2735508084 1889.0831730082
296563987.4648798704 1623.4219700428
303082889.9673038721 1933.5297393515
296514943.2006507516 1598.1813937683
299075602.6250935197 1803.4908696287
298680985.3790744543 1789.2307553463
321550814.4170764089 2768.1482578766
321655602.7890850902 2778.3775459778
323694042.2423615456 2850.4757587723
297298232.9155434370 1669.4514266891
298186455.0287110806 1714.3667311665
296998429.8690873981 1669.1086796253
317325989.5681045055 2622.9233292513
302117290.0480959415 1891.0023200671
297619523.2965305448 1682.9996756424
296976410.1655572653 1666.6010102102
293280972.2399401069 1402.4477585675
292997621.2675533891 1379.0064678719
296889010.8130796552 1661.4907490054
297341339.8837243915 1679.2326817832
300501642.5262743235 1887.6618687842
291733723.8179187179 1342.7126093299
303041929.7238424420 1909.0485258844
292415456.5600526333 1357.7432906415
292526134.5757579803 1369.1653430225
292499808.9221361279 1361.0642621239
292607669.9773141742 1369.3060329502
292302870.7753660679 1345.9040256684
303351870.4243925214 1944.5571666789
293670862.3200281858 1416.6653662064
293951883.8778831959 1422.5732673265
293932871.6105856299 1420.5903379445
294470593.8578472137 1444.9914418641
294470593.8578473330 1445.0200382695
294470593.8578471541 1444.9231831017
294470593.8578471541 1444.9565542721
294479868.3527033329 1453.6576648168
294609415.4388461113 1482.2270169759
294501426.3147655129 1477.8021828486
294785417.9165185094 1506.8317509755
294677468.1204518676 1489.5421829168
304743741.3297901154 2060.9571603968
304473968.5112329721 2042.3280266731
294945248.1224612594 1513.9771317011
294895638.8062069416 1507.2544800479
294936236.0873124599 1509.5366241942
295035573.4480433464 1532.4967252304
294921398.2623078227 1508.8218174657
295226546.5731003881 1543.8283521890
295412001.8283215761 1564.9740553154
295303752.8828483224 1555.4916518471
295232453.8721779585 1553.0766731628
295625450.6273326874 1580.1049854251
295215293.9384411573 1537.9639098125
295346140.5450266004 1560.2374387502
295475650.7987163067 1565.2001156047
295500879.9803819656 1568.9178708089
295972645.6740328074 1581.0415109485
296071247.7185523510 1589.3101770393
309665247.5530724525 2196.9859660381
313866056.9809596539 2408.8506602340
307510208.5144242644 2122.2909465980
306085342.4000647664 2070.5365816191
315357952.7225905061 2479.0174428879
307762737.8593552113 2147.2773367845
302755341.6592426300 1904.5755486874
302955604.4997236133 1907.3542791366
303027063.3318538070 1907.7141750533
303027063.3318537474 1907.6538331121
306991479.0880743861 2075.2085316563
306993658.7181543708 2087.5738293650
306801421.5867530704 2070.9057066757
308566744.2064885497 2148.9646359621
310014458.0173093677 2231.6098049954
310057654.8092461824 2237.5363419801
309804776.7775938511 2215.2331739739
309767086.9146845341 2206.8032034030
309767086.9146845341 2206.8027372276
309832065.4613081217 2221.1725673471
309767086.9146845341 2206.8432543194
309947932.4693390131 2230.8675709739
309767086.9146845937 2206.9294958757
308851848.5189474821 2182.4532103775
308663912.6257761717 2160.1995171609
308663912.6257759333 2160.0102828445
308663912.6257761717 2160.3059475365
308663912.6257761717 2160.3064492049
308663912.6257761121 2160.1539553704
308721288.9612195492 2162.3711034373
308757119.1479886174 2164.3754021243
308757119.1479886770 2164.5741900519
308757119.1479886174 2164.4356630758
310606190.3799503446 2245.5005405322
309634495.3591746092 2192.1806666089
310679889.9339062572 2255.3195025213
310885794.9166454673 2295.0384464748
310679889.9339062572 2254.9927889593
309649922.4225968719 2194.7965610843
310522123.1233324409 2242.3119989857
311866304.5240229368 2295.3909148276
313832657.5605732203 2408.0839550048
314080410.8568016887 2447.6083440781
313832657.5605733395 2408.1133356243
313832657.5605733395 2408.2329663783
312990601.0567013621 2382.6692417338
315134670.6273955703 2465.8330524266
316973076.3349605203 2582.8038819432
316895575.9765657187 2577.7487706542
315134670.6273954511 2465.2449138463
312794268.9797189236 2376.5196555741
313539486.3583495021 2406.1876276024
313274214.1674454212 2406.0835330971
313091364.7739248276 2392.4845064171
313091364.7739248276 2392.4894645698
315410950.4967417717 2484.2343094051
315232852.7019301653 2470.9111541435
314743836.8912034631 2456.3700692942
316508937.0773217082 2535.9856410623
316769509.8421132565 2550.2255568206
316742844.4451832771 2539.1853174865
325678013.3918138146 2887.9912419319
316716456.1649461389 2537.1840957403
320011014.9703371525 2685.1438751519
320011014.9703370929 2685.1148166955
320014406.4311714768 2686.9327839613
320014406.4311714768 2686.9083489180
320040589.3158988953 2719.9476596117
320188453.9785272479 2720.1184488535
320102382.2162237167 2720.0302357674
320018360.2690706849 2713.6609343290
327145538.2959996462 2922.6719251871
326851383.0810951591 2914.1053564548
325732330.4731056094 2900.8760975599
320313252.7204856873 2734.4092247486
320014406.4311714768 2686.9680999517
325529823.5518193245 2859.3418289423
325521130.1186916232 2858.7025673389
322447020.8653317094 2788.3945589066
322059508.5392721295 2781.3370536566
