128453992.8509551436 10.0975095685
132293208.8243743777 12.0489065214
133327677.9587911367 12.4743167013
126280926.9910637140 8.2971371114
136334021.1735929847 13.0615998581
126809037.0239660591 8.7888616053
130110101.0703814328 11.1133741280
128542751.8560059816 10.1569863166
126002210.8846043646 7.3673807496
132693455.0599342436 12.2546341319
128409748.5572188050 10.0586671214
130908818.0057010949 11.4927017470
135578883.9993228316 12.9294972345
128541835.3044932783 10.1226191576
130424592.2384883463 11.2849825164
126047340.3305763900 7.3953154677
127481761.5482435375 9.4046741296
129565206.0648785830 10.8368306076
130660855.9790941328 11.3300694604
126241509.8220719993 8.1276591690
127132483.5269672871 9.1720263604
126939658.0175251663 8.9414452957
127105740.7230398804 9.1189153437
133984841.4807266742 12.6717521399
129169522.9051018208 10.5838857860
131205477.7844403386 11.6146017988
126236219.1956574470 8.0202401181
132494999.1397784650 12.1956728448
126835730.8587559611 8.8104324136
129579579.0940101743 10.8444709843
126681512.7933456600 8.7072090823
129628607.7184736282 10.8865389442
126140421.3429841846 7.8994092041
132190626.2985179722 12.0319023545
126417305.2330617011 8.3832737599
127181508.8805340976 9.2072548959
133696124.8685906976 12.5822120383
126561034.7118474841 8.5695845112
127167721.4182362556 9.1750634704
126510810.8520571738 8.5459496677
126777462.0083841234 8.7503851820
132487286.0772572905 12.1538024063
129979756.8241890818 11.0101790656
131052957.8198992759 11.5235307147
130753797.3410456330 11.4147597332
126061964.3839747459 7.5074210431
135103505.4977427423 12.8794678599
127312129.8740932494 9.3598385863
127233333.8763999492 9.2287284080
127584017.3236949742 9.4832784105
135313435.8949302733 12.9184087887
129907552.2642599195 11.0086757843
135158110.0517563820 12.8817052767
136610349.3991670310 13.1043003127
137517499.0932626426 13.1545424461
127615052.0018043220 9.5797239281
134454020.7590548694 12.7703440636
127012008.9225022942 9.0685386779
136783274.1913296580 13.1082474813
133520896.7566240579 12.5677384883
130365974.9156205058 11.2384996927
130375563.6140247881 11.2429145565
126235828.9904026985 7.9253699285
127395191.2678011060 9.3885620870
126670169.1489165872 8.5978014916
137846935.5621469319 13.1868025661
132791658.9185177982 12.3175728966
127180210.7736804336 9.2011347944
127233337.1472967565 9.2355678324
127532192.3278290480 9.4618048985
126073203.9657218605 7.6346070686
132990114.8386735916 12.3765341837
134531483.1008027494 12.7854839563
126820712.3931208998 8.8067231718
130416235.4723914266 11.2461400693
133817358.0529833883 12.6257832795
127191100.8498352170 9.2185091842
129407414.8963260055 10.7743067433
127321721.8433943242 9.3710928746
128815733.1828763485 10.3313223849
127483166.9742623419 9.4265763629
127541784.2971303463 9.4730591867
127493485.8865358233 9.4540759046
127684822.3969614208 9.6288683899
128086869.9142090529 9.8478380404
126884387.6858545989 8.8912959341
127263104.5205264539 9.3246100508
129084101.8474605680 10.5569610138
130474852.7952592969 11.2926228931
130875030.5254383534 11.4583309744
128211505.6232025474 9.9734502845
130802825.9655091316 11.4568276931
128247452.8110068142 9.9741844200
138734638.9726378322 13.2029789165
126835779.8278934062 8.8419726221
129891142.6251814365 10.9957505989
129417003.5947302729 10.7787216072
125869006.1888590157 7.0834929509
128326932.5507464558 9.9890709482
128773387.5011194348 10.3169816787
127587045.1638941020 9.5260490365
129769909.4407887757 10.9521793577
128193539.1182797700 9.9259793647
128121334.5583505183 9.9244760834
126966400.8214525729 8.9945563124
128263392.4369310588 9.9827156179
136481569.3393952847 13.0674028918
127873114.1384188831 9.6856163749
127613787.9678215086 9.5791600533
128822416.1255828440 10.3590496386
134579771.6081735790 12.7880399078
128903065.8625692576 10.3707939665
128901039.7660059631 10.3675684537
134806712.5011526644 12.8224131092
128003174.2712686360 9.8340161406
136815149.2701439857 13.1176905558
127878716.3986036777 9.7750424705
126616724.1926570386 8.5947443247
138022191.8822200596 13.2007827386
128562585.9275639206 10.1648453678
127929512.8174888939 9.8247508071
127927745.0230671763 9.8171104304
130185677.0994943082 11.1568885585
129173888.7230684161 10.6066693504
134374729.6880277395 12.7488065809
129738550.8695147634 10.9519425695
137689199.8870882690 13.1664456576
129049345.1982483268 10.5017342185
127609003.6370944530 9.5759345405
127672405.2906893939 9.6256428771
127745874.7150961906 9.6431120895
137086366.5327662230 13.1194029376
130162134.6650212258 11.1492481819
131099485.7442484498 11.5787277450
129846857.8604974747 10.9878166233
135059021.3826313615 12.8724046871
127898212.1341990680 9.7972512655
127778386.1137667298 9.6454134273
131882237.0565850586 11.9154769047
128569556.3160924017 10.1678717191
130043946.6041472852 11.0720403036
132899097.3788590729 12.3392916222
129107260.0926894248 10.5653355260
133894580.7887464762 12.6411733255
131157172.9305248857 11.5863681217
129298621.5935472697 10.6770315011
134924237.6278110147 12.8251077235
135893383.4603938162 12.9654305875
129454567.4153892100 10.7879745577
134754356.9427024722 12.8220762759
128455760.6453768015 10.1051499451
134069696.4372566044 12.6955380589
128820719.6758676469 10.3583155031
133574779.2207414657 12.5785319805
132897167.8714241832 12.3190761779
136279471.9412679970 13.0548919812
134291633.5141553879 12.7307134271
132206806.0224259794 12.0427694260
132946196.4958876967 12.3611441378
135876458.1047137976 12.9460666254
131565668.3288975954 11.7612696484
134006222.0038380325 12.6734902784
133109680.3787222803 12.4201717600
128728351.2697076052 10.3090917672
136067870.6449840963 13.0262510553
131880678.6358935982 11.8876746236
134499810.6879863441 12.7716652974
128448547.6844370663 10.0769047401
130134117.6689993739 11.1210145047
132907700.6630147994 12.3438102205
128687964.2274159342 10.2695618252
134386554.3928832412 12.7606123462
136064924.4534829557 13.0005272478
128965979.1698386371 10.4653786699
128486469.7158050388 10.1212088278
128617090.7093642503 10.2143350298
133354644.0935342908 12.5087772012
131214993.5437069684 11.6391595230
136225589.4771505594 13.0440984890
134216968.8796807975 12.7213368863
137612318.4339707494 13.1570613012
131659717.8157111853 11.8105380883
135259553.4308128357 12.9076152965
129286190.1625923067 10.6737864752
130898742.1411263794 11.4644680698
131467419.7276989371 11.7233443335
129564345.6632532477 10.8084585656
128956255.4790494889 10.4246229053
126863325.4472781867 8.8884554459
129107858.2436249852 10.5688320835
136618189.1550323963 13.1044337079
131645014.1111790687 11.8101205839
131055569.0195210576 11.5536747913
131709686.9540027678 11.8254288037
129379144.8416096270 10.7710812305
128446062.2369222790 10.0592780899
133233410.9091416150 12.4652059600
129066418.0115081072 10.5126196210
128337352.7340533137 10.0034598390
130802422.4136706442 11.4565909049
131376896.0689869672 11.6881337241
136516109.8974754810 13.0755047649
129137969.1631176472 10.5813944087
134843986.8807533979 12.8230043873
131633048.9425361902 11.7772255883
131180661.1512185931 11.5942705915
129492141.1033240855 10.8069552843
129708579.2853667736 10.9008584473
129330116.2171460986 10.7290132706
130753393.7892071456 11.4145229450
130514653.2969019264 11.2931272055
131541958.2132215947 11.7356036574
134933431.3047480583 12.8279444948
134200824.9858411700 12.7199551761
129985450.3944420218 11.0376042267
130345336.1173471957 11.1908852459
134983733.8897966444 12.8616464362
131180708.0354685336 11.6061345432
131835454.8125558197 11.8814453979
131331618.2367566079 11.6570223347
131731187.7387364656 11.8602464249
134015813.9731391519 12.6847445667
134728363.2676697373 12.8068759069
129647306.0393591970 10.8968412046
135925310.2314997315 12.9728774503
131937487.6304031312 11.9192077120
127798632.9607026279 9.6669234224
131560058.2814776152 11.7424079672
129248990.5880363435 10.6501837809
128928890.4972723722 10.3842941345
127003744.3794729263 9.0410391362
134220745.5010035634 12.7220447212
133705907.7693260461 12.6029490978
137235836.1991505921 13.1454284340
131078993.5203553438 11.5564262066
129180429.3025614917 10.6185404201
133806524.8703226447 12.6078277379
135823892.5701540709 12.9415573776
132185626.6579737067 12.0314373090
133934177.7575305700 12.6585072428
131805758.2990543991 11.8777156373
130499949.5923697799 11.2928596814
133069175.3439879119 12.4048496783
133438159.4051042944 12.5415011644
126915392.0126174390 8.8917368827
133399663.5722313821 12.5241672471
130819026.1381624490 11.4570476760
131024019.8945825547 11.5181926209
130521558.4525098503 11.2934547742
130690181.7451206297 11.3364103327
132318215.4601408541 12.0984498293
132785155.8120878339 12.2691165982
132367244.0846043080 12.1405177892
132342849.4503755718 12.1109446914
126763844.6476879269 8.7175580561
130864235.3272916973 11.4576903100
132011233.4204339385 11.9819964964
134253221.0719787180 12.7306150720
130842626.4671517015 11.4570952172
130536262.1570419073 11.2937222982
134684151.9646911323 12.7926198393
132006832.5584715307 11.9387212798
130457994.2012406737 11.2854868288
126675985.6604320109 8.6384203881
134419576.1008135676 12.7619145885
133870855.2750321031 12.6364431754
131717585.1701156050 11.8598289205
130582031.5432132483 11.3234923447
131463081.4242724776 11.7132433132
132073343.2229131460 12.0228366454
132145547.7828422487 12.0243399267
129224213.0129313767 10.6413155933
135822318.2206536829 12.9408495426
133302928.9198826104 12.4734743387
136477649.9918989539 13.0661355555
131362437.7468706667 11.6792655364
131429787.5913776755 11.6914151610
132491927.5274440944 12.1603699822
135823507.3280853927 12.9414237812
126671867.3170207590 8.6287824130
132066412.5903265923 11.9821464767
132313897.1349458992 12.0831757237
133201528.3612141609 12.4348325953
132681068.7042312026 12.2442673919
128602923.0116354227 10.1699770713
133223576.5092846751 12.4605501294
133215389.9660023749 12.4503519237
136786288.6522757709 13.1158834174
130075712.6138247997 11.1121463170
133738909.4625041187 12.6038108319
130023255.7376758605 11.0590099609
130128398.5044745058 11.1197866937
130118809.8060700446 11.1153718298
133336623.1503950506 12.5075493902
132609205.6952989399 12.1960356210
130286475.3963845968 11.1650287474
130264866.5362445861 11.1644336546
132597826.3178856671 12.1959483151
133377424.4364968538 12.5195706934
130307107.0820591897 11.1674211587
