195632642.4245737791 10886.7245445251
159737893.9888761640 4002.3558267995
180466258.3762545884 8226.5255021758
167618261.6808082461 5776.5875560099
159788076.9485072196 4095.8790303774
159684244.0209204257 3982.0324892446
159691818.6482013762 3985.8573247835
159666827.3488566875 3891.2002415764
186768594.9105202258 9321.3660659194
176112540.2964672446 7512.2597872577
167030168.7054238617 5557.8073171545
174578779.6442832351 7028.5046273838
181375252.9946686029 8304.2720856108
178438904.8635273576 7890.3589286270
178478719.3975833058 7987.9145383301
192419915.9737509787 10322.5061958097
169655376.5244293809 6073.6867460181
195217174.8684877455 10867.2891845703
168475131.5449552536 5962.4735582988
168482378.2718592286 5990.4444597880
178525284.2623710632 8066.2433974184
184134222.3423127532 8812.9860598217
182121255.2361100316 8314.5744529138
166085065.1281036139 5446.7250186258
159514710.4591384530 3479.3299358259
178960703.9804421365 8204.0203689970
193297760.7909423709 10490.2624942325
185535957.6009947956 9041.0379175949
183112636.0198947787 8528.5653472315
175467390.2973701060 7391.2910453474
189557946.8595082462 10050.9895110040
190227173.9169558287 10119.2212805657
182547097.0789844096 8426.9607215296
159559548.1305772364 3667.0970616448
159549392.9930378795 3581.2307032854
167528739.4398717880 5668.4091810156
159588244.4372874796 3687.3917753207
160187574.4806255996 4414.5662869195
159584930.6049181223 3683.8777979384
178745259.5521662831 8097.1653124727
183766969.1074759066 8803.7601761259
160347231.6185069382 4520.2168936522
195175065.7751627266 10811.1030654907
194922082.0258458853 10793.0104827881
190550420.6370629072 10220.6747607887
182362720.4154572785 8314.9335532556
159504292.8488616049 3466.8170969626
187125392.0987873077 9379.0123484503
159594302.4744721353 3776.1353623974
184687310.8921376169 8992.1437205672
159631677.4047044814 3800.3041679966
172975305.6066889167 6809.9646281397
178723946.8978979588 8083.7660109438
172164053.1930678785 6581.5782102441
184678733.7531130612 8976.4871657263
159656258.8643371463 3890.5445752251
174562268.1081857681 7028.1395805250
159545786.7086786032 3578.2451463481
169268513.6633106470 6002.1184858252
192683393.8182607293 10441.9080583118
159533784.9942998886 3569.0384888756
190608262.0874038637 10222.4330615699
171475813.7825025320 6457.8949585592
187110442.3187781572 9378.9100783239
182731488.9933600426 8505.6246132292
159679826.5778265297 3892.3577733147
195064748.3575117886 10810.0486907959
187389382.3335118592 9401.4446214830
159688103.9129610062 3984.7130691383
168151362.5096907318 5917.7230061810
159571732.9011899829 3678.4986329186
173432552.0814506412 6961.3028701638
173566181.4301019311 7015.2772582864
171419406.4119904935 6390.3274549414
175306342.7027559876 7215.6369342004
178485196.2236820459 8000.0474004211
159625382.8691456914 3791.3530602562
189818794.3027633727 10091.0715783313
177812547.2619288266 7877.5089853178
159598683.5387578607 3779.5383546459
190306766.1893533766 10191.6418513954
172702424.7656224072 6676.5447003245
176986154.5307375789 7669.8555947339
159662267.0516313910 3891.0995701291
159647952.4424277842 3888.9984986889
182371784.2239213586 8371.7363203764
182490080.9386291504 8371.9320407282
183400982.3210237026 8715.3779014982
192970839.7115017772 10444.6923213005
171964169.1291531920 6528.4341001878
194828892.6726951301 10771.8703136444
188736576.0097520947 9873.3922915368
188879333.9271705747 9942.7291159539
174710621.9671193659 7156.7893580591
170830035.7667241395 6330.3088926245
159508479.8995276093 3470.9563377271
159601877.1017530560 3779.9601979363
186541172.1847477555 9276.6738188635
159609504.5489724576 3780.5174359952
160041871.8017613888 4324.4816431792
159579307.5284709632 3682.3147595036
159612998.1479614079 3781.2183087373
160101912.3625945151 4328.9184279235
160571451.4870655835 4535.2203726561
170895591.1027377844 6374.8687075297
170373948.6675203741 6316.8918017070
159506635.4566976726 3468.2206095965
160203747.6354582906 4436.2295057475
160339545.1760815978 4514.0666780265
159881340.3658268750 4218.9852688105
170713997.0606016815 6318.6357740332
170435526.1806231439 6316.9112032573
160560843.1358662248 4520.3244752677
192261911.5780981183 10245.6422263645
159902146.3674860299 4219.4422237666
165868013.1139818728 5403.3601504618
160217050.2490982115 4506.8739415733
166561987.4393231273 5514.7755404764
159913546.8207843900 4313.2523333521
159527355.5346546769 3560.8867332251
159971730.9931857884 4315.5912213118
194352408.6390952766 10699.6359176636
176862578.4985971153 7656.5940124189
182719651.2349123657 8434.9446883569
194516530.7273917496 10741.2382278442
188981516.1408145428 9976.9597533420
159529726.8711211085 3561.1548741828
159502443.3535364568 3461.8375189444
184268380.9994170070 8931.9842284094
194704166.2499849498 10742.9771804810
186048013.2344681919 9233.9910964370
188273881.7723669708 9766.4950112738
159500404.8970868289 3460.4114042064
159535612.2140418291 3569.5828885770
183227529.5048450828 8636.1585564055
194400632.2904548943 10724.6142311096
159525012.9268185198 3559.4828391215
194223390.2367775142 10688.7930412292
162221971.6290962994 4761.8310418897
175380891.7531376183 7220.0081130659
194083517.6078414619 10665.0834197998
187550805.6064536870 9466.5034447450
187861801.9612938464 9576.2923256117
159561586.5870268941 3668.6781861889
185583566.4065809548 9051.8283064733
185677876.2636103630 9129.5874445806
188032449.9459154308 9687.0149820808
159545647.0995576978 3576.3104018481
159645774.9417851865 3871.8274680946
159627129.5985482931 3799.8288726806
194199975.2793405354 10672.4124221802
167024893.0247716308 5523.0369616484
167094230.5269464552 5617.2168455955
174618437.3025777638 7040.7569266950
188003359.3438478410 9630.5375365801
187612527.3206743598 9558.9751602369
159519780.9073737264 3557.4798712870
159541359.6215808392 3572.4334981118
188327155.7488039434 9766.6597453265
159784362.2132667899 4094.7347747323
159556354.5675820410 3666.6752183544
162710732.0552391112 4826.4514962074
183059733.4354783893 8506.0997214685
159535587.8061459959 3569.3032858511
177549661.8993031979 7670.6573508216
194194230.0981354713 10670.4068756104
159522974.4703689516 3558.0481336853
188607378.6219265163 9825.3019711881
193506496.3288405240 10583.4310722351
167957197.6297618747 5778.8877207209
193827781.9436483979 10634.3049011230
193753074.4506313801 10614.6702156067
193658000.1290089190 10592.8700332642
174222238.1840353310 7022.7927276289
159497211.3340916336 3459.8431418082
174686124.0110653043 7066.4022170698
159834568.9265982807 4189.5437342201
159818446.1159742773 4097.0330000755
159641628.3145230412 3802.9786209629
159758211.0304457247 4079.8263331493
170220032.0164641738 6174.0709789862
160169547.2326059937 4406.7061220345
159563929.1948629618 3670.0789365445
171526666.0746095777 6513.6903835447
163434497.7041253150 5148.3116515742
162967272.5659150183 5036.7648452388
163188911.0255931318 5043.7203679224
161318993.9897318780 4621.1450887835
161337856.7864814699 4625.5682795399
161529157.6157268882 4680.6105090061
165328378.2399407029 5331.2625826856
165203536.4913577139 5159.5144261380
165249203.9025887549 5254.6801623662
165556086.2146230340 5355.8582374265
165220877.5702963173 5234.4834727307
