234466273.6011710167 187632.9380702972
233022702.6976507604 172293.3148220063
230453987.0940212011 131558.1555940195
232574493.0370824933 167360.1844970584
240956046.4630548358 220046.5275878906
233251783.8804634809 175589.5463436128
233887014.3678726852 181646.4909319878
240431183.6020208001 219997.8104248047
231165760.1983998716 144810.7428566499
235034420.7823762894 192399.8545932770
230109405.4100464880 123000.7747747584
234051248.4012050927 182987.3423643112
232254442.2803389728 161967.3839588147
232933606.6315181851 172037.0232204199
232979368.6251268089 172272.2902568579
231780712.8849753439 156969.7605585977
230235729.9523363113 127514.5712739511
230799319.9513181448 139101.7107674165
234876239.0586491227 191486.1666355133
230370360.9840258360 129697.4191876932
230386629.2684466243 130008.3882657571
230493721.7208960354 131824.7093881650
229924081.1038693786 115651.5531739455
233498512.2463346422 177985.2252426445
232293381.8635974824 162735.9226244365
232686599.1953927875 168748.6468183137
231919223.3394434154 159046.4274535328
234523028.3693129718 187664.1579313278
230978424.0247222483 141773.0134102388
240384571.3762918115 219631.3916015625
229914084.8309986293 115500.0749807804
234892109.5361399651 192050.4571628571
236146568.1141915917 202819.1709136963
232303738.9810809493 162978.3702984378
229924344.9198542237 117414.3067157541
230978424.0247222483 141772.9504070564
233402934.3305919170 177179.8305536000
240213168.3380874693 219625.5480957031
230235607.2045462132 127153.3216337843
230233507.2077318430 126216.5745374246
230890460.9144859612 141263.3247967048
230799319.9513181448 139079.6927620454
233402934.3305919766 177191.8833795277
230842612.7384360731 139520.7357918306
231151713.9905349910 144443.4855705781
236918612.7645530105 208278.0139007568
230309476.8923336565 128082.3442365213
237417064.4358304143 210565.0095062256
230620945.5852403045 134380.8377744837
231743531.8368584812 156209.7553283498
232782047.4128495157 170029.0744975805
237525173.3514047563 210616.2319183350
241427544.7003938258 220209.9920654297
230842612.7384360731 139498.7177864595
235157914.5661233962 194404.3926334381
240964298.0943306088 220063.4941406250
230169067.5407044291 125344.5502493067
233687586.5414920151 179479.2819628716
230510086.8031790257 131961.0827485605
230515219.5957278013 132369.5507772549
231015930.9557351172 142915.7337591904
230972681.1879416108 141684.9493530912
232900576.5341170728 171458.9898723364
232900576.5341170728 171426.6030315161
235068252.3572031558 193766.1109409332
231966545.0679434836 159225.8086794292
230574432.2572520971 133880.8629304452
230785830.0553992987 138332.0030092879
230789032.0673489273 138559.1933493300
230520794.3920815289 132787.5676252528
234348113.0158981383 186605.2737760544
230442015.4915213883 131462.2949690504
240384571.3762918115 219643.9409179688
230418628.2863713503 130659.5864736720
231678036.4319192469 155605.9800760075
231158379.2254014015 144664.1430179400
230235607.2045462132 127153.7834207697
234618826.8442438841 189166.6315708160
232779237.6518978775 170028.4034770727
231799375.3141384721 157004.9172097966
231772836.0369215608 156410.5271484181
230919765.1145490110 141446.5725994392
230362640.1444414258 128985.1657682045
234726498.4074018002 190208.3489599228
231621778.5534347892 154058.4561330602
231799375.3141384721 156994.4997426793
231004931.7515838444 142817.0925274177
231571632.5219096839 153967.7756826207
230655328.0542684197 135674.1982172790
241820071.1798895597 220249.3389892578
232305453.8725818992 164310.8631519079
232305453.8725818694 164293.3391345739
230060540.0819359720 120891.4768697901
232562328.0363375247 167266.2431736792
245926167.1317196190 220737.5114746094
232374095.9569610059 164824.6016377865
231652921.1490685940 154156.2404537753
240384571.3762918115 219650.9841308594
231610552.0260970891 153991.0365173146
230059199.8590108454 119982.5006562753
232398338.6255097985 165510.3678818549
230034039.3812013268 119554.9256860300
232519677.5077290535 166909.3050156439
246119079.9465128779 220747.2330322266
230118391.0975023210 123687.5016576904
232519677.5077290535 166910.0425949896
241267016.6057358384 220084.2263183594
236353987.7373538315 204574.0381317139
232614988.7527916729 168051.6174358130
230223873.2419814765 125448.3062632042
240845798.8196256757 220030.4025878906
230628150.8260742724 135547.5040786224
239869506.8009850085 219316.7082519531
231437756.6992664039 151379.6373169795
235956786.9810262918 201487.9102363586
231491267.3753094971 152859.5612471178
230287291.7269699872 128077.0602770729
232117062.6707622409 161178.1652709767
234455521.3248403668 187385.9553763270
231019267.8185341060 144276.1755473856
230596590.2032559514 133932.4562722726
230596590.2032559514 133890.0293923898
234920235.8812851906 192392.5147495270
230687236.0625535548 136024.7245545450
230730354.4234598875 137512.9225151602
230714481.1578490734 137262.3006868644
231348858.2106598020 150097.2601890967
231192511.5996755362 146264.8585009295
231192511.5996755362 145794.4227291066
231384952.7262038887 150149.6932886019
236459573.9521620572 205209.6354827881
236459573.9521620572 205204.0554046631
230526965.9899773002 133044.6303026362
234898898.9428996146 192350.6928405762
239795147.7557130456 219187.3879394531
231411895.7477945685 151121.6175909564
231304898.4364831150 149607.5183023617
231239673.3714725077 147664.4937720019
230704256.0261400044 137258.4645730539
234920235.8812851906 192374.5098667145
236231057.2912254632 203380.3367767334
236459573.9521620572 205203.3509368896
236459573.9521620572 205210.9214630127
236651707.7661724091 206391.8388519287
231192511.5996755660 146296.9962897021
236511476.8835334480 205316.0939788818
236459573.9521620572 205284.6850128174
230088678.5840366483 122013.8661271615
230072571.9734245837 121365.9140381280
236459573.9521620274 205191.0359954834
231238477.5695795715 146731.0704850873
231239673.3714725077 147695.9334234912
239624566.2220396996 219033.3978271484
234920235.8812851906 192389.6341342926
232394689.8481359184 165326.7446732521
234920235.8812851608 192356.3410434723
232117062.6707622409 161195.6892883107
231239673.3714725077 147663.8229649619
231422651.0554259717 151135.4351477344
231456450.1612117589 151546.1553015430
233466726.8166037798 177663.3067457676
238926572.3715151250 217290.8280029297
231279223.4782432020 149342.9771246631
230082294.8503296673 121537.6244411154
233466726.8166038096 177753.1404860020
231279223.4782432020 149312.1305821494
239631905.0539754927 219074.5175781250
233624783.2217794955 179302.2953283787
233473551.9371578097 177955.9307520390
240081192.3805886805 219520.4343261719
231546479.6500499249 153141.6859717090
235204450.1827306449 195182.4121284485
230082294.8503296673 121515.9792024179
231984579.7136200368 159713.2947519738
235424456.0593855083 197149.8328437805
235479411.6652360260 197524.2723884583
233044983.2518005073 172967.5401989594
231546479.6500499249 153154.0138525683
231984390.4012108147 159411.2209716756
232032646.0205169320 159854.9756446797
231984390.4012108147 159416.4663330037
231546479.6500499249 153129.4375586230
235355362.4232634604 196616.2323188782
238884463.6410028338 217181.7363891602
233446395.7963957191 177484.3487723246
239082911.5777428448 218567.1253662109
232140116.6416759193 161706.0286482293
234078945.1520608962 183622.9251148701
234205332.3226328790 185162.7393209934
239687427.4791527092 219088.8897705078
234650202.9486369193 189558.4754047394
238884463.6410028636 217218.9528198242
234762960.3201651275 190885.2456302643
238948807.4499258101 217800.2934570312
231985609.3897148967 159715.7278991658
234650202.9486369789 189586.8139057159
233711532.9025207162 179946.5660192966
231853232.1207584441 158021.4513488729
234781842.2229161859 190989.0742816925
239267517.0069970787 219030.1011962891
239082911.5777428746 218588.2573242188
233158129.1982053518 174426.5716034919
233712558.2231460810 179974.2721426487
233109326.6982681751 173849.5309267417
233722906.1637752354 180571.9478566647
244250171.5213207304 220631.1668701172
234285280.3943368495 185755.0751059055
234639764.2391909659 189457.7302913666
233109326.6982681453 173823.9616976157
233109326.6982681453 173845.7613039389
239754367.3573682010 219090.4349365234
237577372.5970661938 211415.9190368652
237354641.9721151292 210263.4974670410
239243650.9102623463 218709.6907958984
233962578.4627120197 182791.2641394138
237354641.9721151292 210256.4857482910
237044918.2129501700 208386.9777984619
238274531.3241569698 215596.0040893555
238350939.9371211529 216370.9829711914
238562866.7654981315 216626.5385131836
239168501.2468119264 218601.3475341797
236289443.3463427722 203808.5510482788
237153482.9050687551 209821.7196350098
236569721.7031642795 205961.1214752197
236538638.3462964892 205577.2697906494
235045638.7074025571 193235.3442306519
235583564.4784589708 198498.1008796692
235791994.6668649614 200536.4250640869
232754119.2851383984 169871.3709452808
232754119.2851383388 169839.7216838062
234341692.7584403455 186299.8136694431
235674081.8079673052 199076.7772293091
244755838.3864115179 220718.3225097656
236910814.0851331353 208133.4900054932
232738765.7812980413 169625.0126282722
238670425.7621828318 216883.7186889648
235618562.3633757532 198956.9157257080
239078552.3671754897 218104.5910644531
236106524.2138714194 202571.0593948364
236202694.5832163692 202985.8494338989
236596284.5381266475 206120.1732330322
235763983.3141415715 200110.9057769775
235599701.4454161525 198585.5032806396
235729240.1700523198 199731.4858856201
236750267.4408008456 207089.9111480713
234275796.0802688003 185553.1883337498
237088130.5593996048 208977.3479156494
236155092.8798809648 202888.7921829224
238084766.6073925793 214186.0807495117
233504850.5439511240 178098.2405582130
237946945.4536349475 213845.6375122070
237773513.1501456797 212207.8313598633
235502023.5571868420 197530.2474288940
236750267.4408008456 207125.6927642822
237773513.1501456797 212678.2776489258
232859815.7692137361 171000.4454743415
233347141.0542600453 176393.8790794075
238735775.3001016974 217090.7647705078
235966883.7250128090 201718.1675491333
233067442.2105839849 173479.3891909778
233347141.0542600751 176458.0084129036
238107492.0979671478 214820.0538940430
233347141.0542600751 176412.1406760872
233796732.4333656430 181516.4202291965
245497164.1462291181 220724.2780761719
234166187.4952089489 184821.1539632082
238157441.7942643166 215107.7549438477
233889752.6522555351 182068.6651631594
238282048.7088403106 215601.7555541992
236697075.0668740869 206403.3669586182
234166187.4952089489 184842.7419301271
244484365.6540518403 220687.6295166016
237946945.4536348879 213820.1759643555
237674843.0073716938 211918.1432495117
238144692.3204139769 214943.7711791992
233592274.3867143989 179002.0430811644
237984145.6760817170 213948.4338989258
241906551.7517789304 220320.2456054688
235121228.2311286926 193822.7395801544
242480465.6840732396 220416.5806884766
233771306.4547629654 181128.5832120180
236077281.5708839297 202296.5475769043
242579797.0770891905 220428.6988525391
234062191.4676944315 183384.7867484689
233906734.3132566214 182486.3232365251
235367800.0188944042 196950.0480499268
235053340.0923521221 193420.5724124908
235853899.5710975826 200866.9482116699
235367800.0188944042 196904.8827667236
235266880.8878408372 195476.9568023682
244310692.1832870245 220652.2416992188
237066344.7837716937 208833.6710357666
243887716.5471719801 220571.3986816406
243178595.4191541970 220518.1783447266
244705719.6017736495 220689.8852539062
242901004.0555317402 220516.8745117188
242726104.9579868019 220439.2644042969
242240405.4514625967 220357.3282470703
