177157342.3802144825 8878.2122348039
174585446.2293362021 8685.9613701442
181818888.3834272623 9547.7617530823
174529349.4216619134 8598.8293568233
183283290.4974039495 9617.2260971069
184048245.4305978417 9624.3085708618
150926418.0739275515 4848.5469459188
151102324.1019097269 5047.9020719868
177990359.1004807949 9036.5664926916
179332257.3401075304 9410.4383001328
150816725.5487247705 4713.5842565191
150660823.4980121553 4220.0256493049
178819205.2269531786 9319.5392351151
159517344.3788151145 6284.1266705570
169910310.8340585828 7969.9098974212
150731044.5180841386 4440.7836896076
171872459.9009520710 8249.2995833197
171435109.4095346332 8187.1462881714
150856922.4041140378 4744.1963859088
150687433.6725207865 4331.3240659667
150889397.5628031194 4839.5637420308
150704855.8118099570 4425.3023295826
150799110.4324654937 4628.9559628409
151620734.5996854901 5066.2812327871
158544664.5231442750 6118.1527311668
150644842.9120089412 4023.3830638415
150845959.0326974988 4741.6936353338
170187463.7250114083 8088.0581549021
150775963.4302737713 4626.6311160815
150690269.1123355031 4338.5649351465
150727963.9039712846 4439.9393733699
150674622.4782449007 4247.4241270448
150655307.4306803644 4129.8769666567
165970818.9566399753 7487.9860354426
165617966.6410375535 7413.3748761566
150732352.5847104490 4517.1714924406
166393280.5904293358 7730.2373304876
165994362.6001174450 7650.2935416016
150746477.0260610282 4532.1103906673
150957720.9554734230 4862.2863202223
150702866.1804977059 4422.6507670264
150658114.7035354674 4130.7753212207
178551953.4815370440 9241.0830354691
178713705.6185578108 9307.1321153641
150649496.7998401225 4041.4020106366
164789004.5754396319 7142.8211608852
182940890.3917039037 9571.9718894958
150734038.4274183810 4517.7311769715
150713292.9656255543 4435.1767445723
165457157.9579928219 7311.5622809592
150697938.6357229352 4363.1771355497
181734740.7097533047 9423.6293020248
150719019.9154690504 4437.2854963435
171895381.7362416387 8449.6681404590
182184792.5127660036 9562.1806221008
150801791.2114884853 4630.9745913637
174613448.2233444750 8797.2895178907
178509893.4764029384 9231.7666281015
151158968.2988265455 5052.5191068989
176189728.3188216984 8845.5257402211
165344480.0683746338 7199.4333542331
155243535.0104778409 5395.2144322355
154591940.0067455173 5303.8580358584
162428272.1991156936 6879.7267637691
178003147.4592769444 9179.4528586790
178375546.8497481048 9188.3427479565
173176723.7099836767 8535.3084146592
150646182.1297906339 4031.2247609325
150658901.2951963246 4140.6365586603
162500944.2131940424 7005.7062492809
150660390.8936653137 4142.9517135803
150970591.7130874991 4927.6644257200
150668026.5960859954 4237.0127609813
150662587.3974339366 4225.5342484449
150673212.5661371350 4245.2433378381
150675409.0699057579 4327.8258727027
169438035.7451742887 7930.2172552093
150697680.9222528040 4339.2216014540
150793817.1294402778 4627.4974256498
171628865.9311870635 8192.3685549527
178570634.3211866915 9260.8424882889
150650383.5126059353 4114.3150275790
151092652.7293122411 4956.5888653141
153538399.2657593489 5173.3357156554
150822053.5105692446 4721.3253287566
150845402.0570517778 4738.1954420698
153870017.4624347091 5213.3783129861
150888840.5871573985 4836.0655487668
158401874.7168082893 5985.0196004623
151301842.0030689836 5066.0490093571
150653956.3047701120 4127.8449300372
150925861.0982818007 4845.0487526548
151294345.5343268514 5056.6351986271
150642865.7052748799 3965.2444647293
177241738.9292128086 8901.5875604078
177335209.6683973372 8939.9127786085
171037679.9436397552 8158.0661890265
150871782.4465438724 4754.9354483527
150813483.8740085065 4646.3262792118
150955450.0136095285 4862.1110581797
150972508.1542230546 4943.2411585939
160758653.9171541035 6446.5323898923
150802684.7439738810 4641.5918063563
176611449.7739276886 8875.5015954897
150752428.3906526566 4533.1966627426
150743488.2715847194 4531.2637599595
156651445.2674582005 5752.9257825204
150841332.4088843763 4726.9141174447
150758348.3140144944 4542.0028224033
150867885.1138341427 4752.9955832404
150767288.4330824316 4543.9357251865
168985940.0371418893 7923.8804494737
150699877.4260213971 4421.8041363186
150731795.6090646386 4513.6732991766
170036767.2188379467 7981.2985991232
150769728.3073211014 4605.9958802724
156885856.9648492336 5820.0353293602
150775406.4546280205 4623.1329228175
150816168.5730790198 4710.0860632551
150807739.9527800679 4642.9561854494
150795042.9600263238 4628.3309230250
150824529.3642391264 4722.8516484392
150807471.2236255705 4641.7215480250
150802118.4773148596 4632.3933920306
155496375.9007438421 5541.4084338385
159779224.4948644936 6284.8184420951
159978506.0495054722 6359.1254765601
159825067.4169637263 6328.0215236009
159960363.3133504093 6328.9630279155
160225985.9457341433 6423.4801663072
160064338.9644084871 6375.2094453187
161281971.9812242985 6465.1882382929
161281971.9812243283 6473.3458904326
161281971.9812243283 6469.1424831450
161274769.9922157228 6462.7440479994
161274769.9922156036 6458.7776402235
161281971.9812242389 6465.1760753691
161775057.1746639013 6729.6895300746
161996078.5280612409 6757.5903671384
161424133.5939719379 6635.4665791392
161493986.1283558607 6646.8902656436
161553719.5878594518 6720.9269341826
161293148.1332591772 6633.4709786773
163787086.8541679382 7039.2519723475
163442240.6891024113 7007.0205070078
167269093.2712100148 7774.4860560298
168100641.0889443755 7845.7718309462
167900077.3532833159 7778.1313489974
