335018996.8066418171 12008.3763314886
335156621.1386772990 13665.1096290246
335111862.6736862659 13086.0706469861
335312612.4943399429 14785.8476197468
335395157.6660740972 15194.1693747090
335015472.6501333117 11793.5687725348
335602495.2356028557 16213.9951730362
335184351.5394855142 13827.6308501586
335235099.2306304574 14290.8091575697
335132907.4753706455 13442.0022380575
335050551.3365750909 12396.4193714022
335319914.2105171680 14815.8634716915
335297165.5269173980 14696.7781637353
335130013.7845319510 13408.4550857738
400405452.9520684481 57695.2004127502
400600549.1871051192 57754.7246131897
335090496.0820552111 12820.4124155699
335217981.9805125594 14070.9751893178
389930126.3759208322 52112.9544526786
335030525.7347835898 12046.4518086023
335389958.9142615795 15149.1057957607
335580621.6319133639 16176.0413778264
335425853.8965937495 15435.7765900092
335065828.9333440661 12448.9594127995
401321601.1494144797 58213.4522933960
335055917.3412401676 12412.0985061830
335099016.9040780067 12841.5738935076
335165845.9349072576 13726.5524734452
400172496.4398406148 57677.8275642395
338698973.7609073520 22739.0257110398
335178712.0900958180 13822.0032589360
335386893.6853557229 15148.0295025306
401407437.3143141270 58224.7489242554
335257343.4328384399 14445.1664664196
335563233.9362778664 16150.7667630155
335221985.9948103428 14078.6987177476
367260409.7552744150 38564.3344425957
366912734.0891224146 38408.3677581351
335422788.6676878929 15434.7002967792
372763406.4153662920 41162.6851933428
335382645.2906212807 15102.1861925170
335141358.8270359635 13457.6565977231
335023088.0302946568 12039.3438135786
335256061.4514106512 14397.3999682414
335251813.0566766858 14351.5566582277
336159417.0623218417 18335.2114737730
398594410.5790054202 56227.1249580383
336430297.7855516076 18834.3572462301
338182370.5000606179 21408.3175041478
338104752.2995214462 21390.0335676472
337911044.0229679346 20979.4489910405
388634026.6310102344 51246.0020996779
335127626.9743430614 13173.0546474062
335167127.9163348675 13774.1537008181
335174366.8486347198 13816.5209156199
335220243.4149338007 14072.6093924090
337228438.5343664289 20248.3945532976
335964230.2955259681 17593.3817611437
335760177.2517076135 16907.6858370740
335155339.1572498679 13617.5719431833
335225312.4697521329 14141.0152824574
335267328.1236894131 14456.2764009582
337326520.8488970995 20420.8403332382
337725184.6145081520 20518.3742556374
338801884.9283829331 22770.0667025249
335715105.5418567657 16694.4127612550
335124357.9740136862 13118.9375715402
388367854.6652926803 50935.5538503482
335366674.8709506392 15055.5237654196
335645361.4774150848 16537.3091273744
399291273.7459211349 56996.1910896301
335290434.5008212924 14487.9013008222
335599430.0066969991 16212.9188798062
385936219.3585116267 49527.9571829438
335385710.5195273161 15103.2624857470
335443444.7282846570 15536.4771540361
335046460.1129215956 12365.4518893122
399486460.5127168298 57045.0921592712
335236381.2120581269 14338.5231265619
335316937.8349293470 14793.5711481767
335472860.8071250319 15773.3084723102
337166772.6895211935 20208.1294242733
335061737.7096910477 12417.9919305503
335206066.2578290701 14020.9467961237
335413098.2006925344 15195.9841843741
338573519.0463513732 22408.3889349725
335050212.8412173390 12368.9391269393
335199108.6210308671 14017.5526052162
375436485.6775684953 44361.9023191445
335034960.6946460605 12174.1231685780
347929786.9830350280 26054.7238226633
335325314.7471340895 14961.9314373629
335577556.4030073881 16174.9650845964
337164675.6999647617 20205.8237868051
399878115.9090400934 57082.2348175049
374876134.8985284567 42342.1214715373
335278537.0377392769 14464.5386262581
335088250.2906637788 12788.5477979086
335291956.4337431788 14684.0707624899
375955067.0679813027 44705.4681934540
338769542.9605323672 22758.6929032409
335571323.0645155311 16172.4489329297
387377012.0403425694 50646.1367664933
335117502.1230760217 13091.6982382086
377308629.6091834307 45712.4627816826
336267178.9096542001 18449.8024986486
335318680.4148055315 14799.6604735153
336534678.3201517463 18857.9026892881
335107517.4322250485 13080.5883036700
365470319.9474532008 37281.4074760179
335054726.9171369076 12412.0985060237
345285762.5772579908 24282.2991275589
344735730.1797453761 23966.7516116898
336908147.9806210995 20205.4751969788
335070004.5139059424 12464.6385474211
335094671.6626169682 12836.0915501915
336843863.1121454239 19834.3707838755
394214473.9002999663 54522.8513320088
338483237.2903851271 22086.4007654402
335436431.1122338772 15528.7536256062
335298024.3542090058 14697.8836162584
384679487.6822395921 48569.1690404904
384703005.3895778656 48614.3552892697
335215047.7700054646 14069.1933076753
337782957.8693153262 20597.9911544572
338563773.4527264833 22384.8162078659
338085343.5925727487 21065.9939873021
335288691.9209448695 14481.8119754836
335518951.4350385070 15924.9779711860
338491555.2920544147 22384.7855987351
338215983.6105740666 22053.1725539963
335011381.4264799356 11762.6012904448
335455342.1913666129 15559.8398286002
336027709.3541963696 17957.9273246031
335422678.3394309282 15211.1371669166
336637028.1827087998 19587.2198615025
335518951.4350386858 15924.9779711860
335207808.8377053738 14027.0361214623
335497989.2142583728 15816.1147451446
336538925.5831775665 19261.3953834276
336190978.7702831626 18376.7882765036
335106235.4507973194 13033.1006574777
399156800.0410408974 56910.8146362305
393648707.7523798347 54112.4581568837
336335081.5079781413 18741.5732703905
336375780.1635411978 18816.0787833433
389007216.7898545861 51374.4567874326
336820783.9320510030 19632.0300017099
375128912.5681377649 44001.5703106324
393842227.8772752285 54518.7125533223
336112383.9021649957 18073.1727774839
336256061.3055793047 18444.6257804136
401302941.1860293150 57840.2464523315
364052234.5147939324 36100.0739914875
400020947.1457231641 57131.7302322388
363781901.7876624465 36026.0030570726
369190028.4116544127 39715.1524652045
336133941.1479111314 18087.5367825468
336568291.4306650162 19502.7577391367
335729336.4018751979 16868.2206875622
336082295.3262667060 18054.1734576662
335630040.4263570905 16536.2328341443
335046121.6175639629 12337.9716448493
347066103.7163415551 25439.4185476999
336054947.0707753301 17963.7584708433
346791630.0097088814 25079.4214010935
362131078.6214843988 35485.7588424588
335741556.3945592642 16879.2121531655
353465514.4650331140 30001.0043875182
353237154.1202767491 29655.5431448425
335941800.0507833362 17592.3054679136
378541820.2876880765 46089.6253068596
335791694.5869821906 17017.8188531721
335102629.5776573420 13004.7960862659
383810799.6539645791 48136.2399746354
382311507.1631306410 47756.9825084344
382207193.8369479775 47589.7370937006
335759720.1131551266 16883.6207159561
393162845.3288394213 52359.7341766991
393265421.2403868437 52460.8573456444
335859520.2046993971 17362.5014775236
335701082.8824918866 16633.1226933439
335996736.9413533211 17686.0032804708
335378178.1582214236 15058.7954760730
335761584.8313415051 16999.4114546318
398272446.4343659878 55687.9315910339
336524841.2040191889 18840.5911517839
336295837.2139408588 18454.5629808754
372124673.4959629774 40481.5238182345
381853506.9015341401 46653.5613810122
335073951.5044558048 12639.4324086748
335684977.3169271946 16627.1175220449
373281665.0010820031 42210.5149275875
373316090.8795773387 42317.0076033688
372708313.2556195855 41025.1507253485
335436228.3884395957 15435.8890913052
395990183.2716480494 54702.3204429746
349329307.2214641571 26910.3712361360
349040012.7079584599 26634.4939662720
364995894.4293301702 36686.5258293057
398276112.1168854833 56131.5535554886
335818746.8056116700 17297.5662237180
335078395.6055294871 12667.7258835439
335652387.8945369124 16557.3646422465
335499056.8740945458 15828.5051952524
385824235.9066476226 48653.9035971654
335673143.8584034443 16621.5475338919
396836213.7388978004 54933.0397573989
335570648.6438341737 16166.7318934424
339081426.3181905746 22861.2072415597
335580814.9480546117 16196.7515334411
339237361.5153288841 22862.8780335433
335580651.8946365714 16193.8688728435
335712917.9695093632 16649.7310699446
398653384.1018651128 56296.3683090210
399012205.4085093737 56456.5091476440
372126118.7534217238 40984.3870578314
347532532.5786390305 25547.6919447685
339697234.7463617325 23261.6155720804
397927880.1164927483 55044.6609383821
398267883.4504489303 55379.4805184603
335567945.2954574823 16155.5777506471
369140223.9775006771 38967.6818194891
339279068.6702350974 22940.5378117807
338927608.5090829730 22813.9632230050
335617068.5956781507 16453.8481529523
371681905.5804754496 40420.6196780706
343617426.1984630823 23347.5925675075
345549549.6510112286 24362.4660668099
345116908.2443790436 24215.2101502144
344684777.8140097260 23903.4524141081
345072687.1255863309 24154.2320432043
345105761.5847194791 24189.5460267790
344472606.9211383462 23509.0807254826
344177711.7200507522 23450.3607563420
344455113.2847378254 23504.8207256018
344300475.8402765393 23485.9279388829
345651272.7616215348 24532.8989352403
345779730.4117999077 24553.7052223984
345958997.9058280587 24746.9978185710
346091225.7372818589 24775.7063373070
346143220.9497817159 25017.9113718983
346123406.2563226223 24856.1816823188
348746932.9336017370 26475.8543136681
349833119.1451209784 26920.7220025437
350785251.6009904146 28284.1688247425
353202566.7188485265 29047.3412423059
352718987.8483524919 29020.7592442223
352529707.5789980292 28690.5011227318
352966431.7645279765 29029.7606375303
352510313.0187579393 28364.0171773534
352464815.7729377151 28329.1076543431
352511984.7105371952 28393.9209331672
352495871.9585276246 28357.1919114690
352495871.9585280418 28357.1919114690
354642265.5889670849 30184.7932054857
354337507.4671346545 30075.0508285013
354281347.9107069373 30063.6540675011
354188617.8677439094 30036.4414058548
354854702.5095177293 30872.4858113125
354815342.2012646198 30780.1367402140
355039705.5679844618 31179.4687290797
354979059.9169229269 30974.2190756861
355214597.2926834822 31667.3472474727
355136915.7819610834 31610.7524980220
355040221.3341078758 31413.3803361568
355375593.0492130518 31777.4170542273
355451489.8539753556 31807.6595169145
355595469.7980811596 31855.1020303804
356124931.4217135906 32021.2140333715
356150944.9594200253 32130.0710795324
356140704.1283521056 32123.2129682812
356083093.9620082974 31958.7385536421
356584037.4998936653 32198.7279861558
356793092.2143896222 32252.8447864342
356993394.5856910944 32372.3618402705
357009086.0537961721 32440.0544862972
357064711.4636524320 32642.9745226131
357403061.8786972165 33375.0650456669
357341485.6590393186 33284.7252934696
357524314.2536117435 33619.3801816227
357313031.9683174491 33258.5496571781
357286557.2634347677 32688.8704683737
358091791.6153167486 33724.5633866014
357683821.9783847928 33636.7185955765
357873668.3591725826 33651.4008461954
359884564.5331577063 34068.7312357798
359631913.3780483603 33869.3048956767
360827880.7787279487 34174.0071455576
360981100.7551863790 34247.7663157992
361019618.9101859331 34273.6327518038
361285881.5114790201 34535.6052859239
361378942.9975956678 34726.6306348257
361305724.5508587956 34675.0177739672
361198403.1773592830 34329.2567285113
361776511.9033213258 34758.8695545772
362029844.1114140153 35247.9085418209
361836122.6274873018 34936.4257422909
361840318.6426128745 35054.9794284329
362892587.5838490725 35560.5780716985
