112199563.6877126545 1467268.7324218750
112678925.7155100405 1537425.1240234375
113204831.8463544548 1598310.2148437500
119234894.3118868768 1893480.8710937500
112164786.4993368536 1463208.8593750000
115163357.7391598672 1754810.3769531250
111308005.8365753442 1262652.8671875000
112477111.0880790502 1509982.1855468750
117321638.5501188934 1839841.6894531250
112483409.7304767668 1511109.2812500000
113680824.8266641945 1644670.1650390625
112365063.9980550110 1493751.5000000000
113138798.6095250845 1592371.0820312500
116730400.6088417470 1820990.2324218750
112260510.5055943429 1475866.6357421875
112571861.2485059053 1524742.2167968750
112710321.6373952776 1543119.1464843750
115543333.6293086112 1777927.0449218750
115592552.6480280012 1779904.2050781250
113168632.8118765205 1596152.9150390625
117422659.8377618343 1844102.1171875000
111944764.2016693801 1427553.5693359375
115668382.3898117095 1780538.3105468750
111728449.6512577832 1386526.5390625000
111541899.7200315297 1345964.8476562500
116374381.4852327257 1811937.7773437500
113954712.7416858971 1667891.8388671875
113175621.0791728944 1596843.7910156250
111639003.2513508350 1369377.1572265625
117680499.7282963991 1852988.0683593750
112484692.4116972834 1511535.5078125000
112479540.8106767386 1510980.9589843750
111584411.8931652009 1357775.0390625000
112394256.4537248611 1499994.7265625000
112473941.6756584793 1509837.8876953125
111557180.7087802589 1349317.1845703125
112532716.8426142335 1518371.6562500000
114743846.1957443804 1729950.1816406250
116662123.1495435983 1818531.7636718750
111913776.5294572860 1422019.4267578125
112222606.5579626560 1472215.0771484375
113734640.9319660515 1648783.1943359375
112495033.6556400955 1513086.0693359375
112787803.3931134939 1553511.5117187500
116513459.0647628158 1816995.2246093750
112083397.7553923577 1450963.1923828125
112729601.5636171997 1544343.8105468750
116308100.9564622194 1810432.9160156250
111418901.6851083636 1308590.4228515625
115747535.6819402426 1790171.6464843750
112877126.7982331067 1561073.5507812500
129358508.7637769729 1952810.1386718750
111540631.6926288903 1345210.3037109375
111925268.6486523151 1424591.6279296875
117468170.0413364321 1847662.5214843750
115895204.8863315433 1796354.5332031250
116211486.3152476549 1805194.1621093750
112942824.5977129638 1570148.1679687500
119052651.5992056578 1885688.4960937500
117351310.4612374902 1842074.7910156250
111775423.0369023830 1395456.0312500000
129702989.3819642365 1960342.2617187500
130408164.7004801780 1962098.4257812500
112526086.3245059252 1516759.4648437500
113075559.7750527859 1585149.0585937500
113923305.1059721857 1665646.6513671875
114577493.5023629516 1716595.1875000000
116294827.4526084661 1805751.0175781250
116150420.6946588755 1800937.1875000000
114038549.9869197160 1673851.6103515625
114837720.9322479814 1733566.9257812500
113087338.0520398021 1588770.7675781250
113057768.6006571800 1583615.2968750000
112509529.0847315937 1514434.3349609375
116539629.3363094926 1818348.4648437500
116759941.1419503242 1826883.2441406250
113189276.4923527986 1597635.8945312500
116052451.4212426394 1798704.0859375000
113020306.3534311801 1580540.5332031250
131002135.4803884774 1963590.6855468750
111345905.5211491287 1283154.2841796875
112419130.0637076348 1502591.4101562500
111426819.4221410453 1314311.7099609375
130290759.0554766506 1961401.9550781250
111385062.6017171144 1296871.6660156250
112511044.9387678653 1515189.8339843750
118926546.1061603278 1885605.8281250000
112120984.0923531651 1458967.3798828125
113125746.0093135387 1591851.8671875000
112210099.2722419798 1471336.1591796875
117770431.1482135504 1855455.5449218750
115336903.1128083915 1768175.3750000000
113147811.0638353378 1593148.7421875000
130706003.2427807301 1962819.8261718750
112317055.5330402553 1485504.2138671875
115316049.6317510754 1764174.9042968750
111332784.2389463037 1275326.5039062500
113120225.2298189253 1589578.2470703125
112162800.8177262098 1461315.9921875000
111300352.4812221378 1257632.1064453125
116491510.3628067523 1813485.8281250000
113155250.8117405176 1595501.0722656250
112901744.0404120088 1565295.1601562500
111345806.0985159576 1281553.2480468750
112032528.2303397208 1441836.3857421875
112182464.0639508814 1467255.6064453125
111475264.9124246687 1327675.8339843750
111321662.1039603651 1271932.0693359375
112046481.1300645918 1443409.3593750000
114991634.5629132241 1743830.4941406250
112074120.6538870037 1448905.3007812500
113067122.9237585813 1583836.5800781250
114381559.3222436458 1701641.1406250000
112102166.1098227501 1453184.1201171875
112121829.3560474217 1459123.7343750000
111841131.6364659369 1409197.3808593750
113128326.2175798416 1592046.4765625000
111290932.4018594772 1247960.7880859375
112917625.1206433773 1569813.2236328125
112499267.4013099521 1513917.7070312500
113440290.1281362027 1624273.3144531250
115305741.2404921651 1762072.7519531250
114116496.0507543385 1680322.7021484375
114070131.2959077507 1676845.8173828125
115061994.2140596658 1750590.8300781250
115734111.7749021053 1787164.5332031250
111869877.7287157625 1413560.9775390625
111681188.9233455211 1378028.7587890625
113644882.5745659024 1642218.3837890625
113636781.5868049860 1639266.1845703125
111358344.2399277687 1288178.7285156250
111458809.1500583142 1325150.3310546875
111435810.3532844931 1318322.4023437500
112612879.3237198442 1530908.5000000000
119472519.1553423852 1898412.6855468750
114998475.2398072034 1744270.2558593750
111345222.9577249587 1280350.9482421875
111907225.5009943545 1420615.9716796875
111307323.2731511891 1259849.5312500000
114513148.2243960053 1712398.1806640625
111971893.5224362612 1433704.5136718750
112821823.7811764777 1557704.1630859375
112002912.0022384077 1437845.5107421875
111960575.5460455716 1429913.0263671875
114223097.8514406830 1689620.8134765625
111291031.8244926482 1249561.8242187500
112738969.1468222439 1545415.1904296875
112011461.9051570743 1440028.7666015625
111294884.5543725491 1254825.0869140625
113013238.6716736704 1576213.9208984375
111457568.9388689548 1324135.4140625000
111398183.8839199245 1304699.4462890625
115226688.7993792444 1757197.7851562500
112444831.2918558717 1505283.5791015625
113394331.1650411487 1617443.6289062500
113821893.4105834961 1656284.4931640625
112695482.9552843720 1539750.2539062500
111389192.9527764767 1300688.7539062500
112601443.9597918093 1527032.7587890625
121329843.4777904898 1904045.8730468750
113054988.2989545465 1582251.6318359375
111354457.4313212782 1286194.8603515625
115401101.9256625026 1770085.9785156250
114592729.8240156174 1717355.3222656250
111825752.7086644322 1405655.0634765625
113291397.7629403025 1607676.4365234375
114940613.3994098902 1739771.6796875000
113376270.3819097728 1617126.6455078125
113218990.8290637881 1602099.4492187500
114898502.8855522275 1738232.5449218750
113854017.3955121338 1658475.8544921875
113320957.5676966012 1612363.0175781250
112547916.7950530201 1519722.9208984375
118975582.1127432138 1885638.4472656250
112868272.1120475680 1560322.1074218750
113209728.1568981111 1601531.7910156250
113187190.2611826658 1596960.5087890625
111338184.0177983046 1277449.3076171875
112649709.8536461145 1533750.6982421875
115874947.6784657240 1791004.2460937500
113222121.1517030746 1605671.6738281250
113620320.0798442662 1637683.1533203125
112782651.7920929641 1551594.5039062500
118791907.3335019797 1878922.7949218750
112588526.6944860965 1525582.1992187500
113299498.7507012188 1610337.5937500000
111766145.9353970438 1393423.0058593750
111680343.6596512496 1377872.4042968750
117753867.1265518218 1855185.3222656250
113795996.8434000611 1654055.4619140625
111316557.7467475086 1265693.4433593750
112344949.3415873945 1492732.3515625000
113503636.1040264368 1627596.3593750000
112427567.6613769382 1504075.2792968750
117987669.1428499520 1860840.1582031250
117619687.6593964547 1850734.0468750000
114711845.7089482844 1725691.0468750000
111383531.9905136973 1296777.2402343750
112606223.6621082276 1528085.7617187500
121969290.3059122860 1917161.3945312500
123884090.0115159154 1938106.8554687500
112029891.5840341896 1440848.8105468750
118355870.7834702283 1872937.7148437500
113877815.8289258778 1663311.4892578125
119544032.0992181450 1898445.3046875000
117308684.4393090755 1836006.4882812500
117349496.8041890413 1841238.3183593750
113723928.8985349536 1648615.6337890625
113514309.6486426294 1628031.1669921875
112974923.6919050366 1574349.8847656250
114555538.8685156554 1714352.0820312500
112909427.6534911990 1567260.8935546875
113864554.9662645310 1658879.2021484375
111320444.5553539991 1267677.3115234375
111753434.0120172203 1391148.6835937500
112306517.7409323156 1484571.8095703125
114163891.2068544775 1686638.1093750000
117100681.1817354858 1829772.9394531250
113761111.4572792649 1651618.8740234375
119295755.0963183641 1898184.7343750000
111370714.8011233807 1288853.0478515625
119058120.6212654859 1885952.2500000000
113358871.3954923451 1613825.3974609375
111812646.8489492834 1402890.0224609375
114140426.7888662070 1680441.6318359375
111794247.9808727354 1399043.7246093750
112327271.7769733518 1488685.6044921875
113485527.9576463103 1625879.7451171875
114396846.8687266558 1705533.6552734375
114103244.2301218957 1677438.3916015625
115135850.7080980986 1751807.1367187500
111571550.4106781781 1353166.1572265625
111892765.8253819644 1417339.0175781250
113516838.7039392143 1631034.4072265625
111613972.6815534234 1363852.8691406250
114735165.9808958620 1728287.8027343750
114283755.5219239891 1694358.2744140625
111519487.9314379692 1340656.1318359375
111617859.4901599139 1364822.9853515625
111288792.1337083131 1239574.3652343750
112455747.9986753017 1506531.3876953125
111553358.2921410650 1348302.2675781250
111284632.1205006391 1237051.7988281250
112684040.8200673014 1537902.2763671875
111289102.0698981285 1241759.3339843750
114241393.8295802027 1693611.9482421875
114897097.0810886919 1736853.1152343750
112519796.3103065789 1515318.6308593750
112281918.7044286132 1482337.0722656250
111702578.4559650868 1380681.1972656250
112372584.5498784631 1496812.9042968750
111824907.4449701756 1405498.7089843750
117108894.2954161018 1833892.2480468750
118622334.5673963875 1878106.7148437500
111782938.8144442290 1397184.3544921875
111694217.4147290140 1379937.0205078125
113198276.4616525471 1597907.1093750000
114410342.9340620339 1707219.5673828125
114604692.4790117443 1721139.7714843750
121790874.4538651109 1907301.1132812500
114454357.1890050024 1709117.3388671875
119125606.8149231523 1891821.8847656250
115016126.6381915659 1745195.4628906250
111552365.6284105331 1346678.3291015625
111575524.9264826477 1353519.1533203125
111566070.2155208886 1350576.5898437500
129619537.1296352595 1954813.3320312500
117840246.7676011771 1856815.8867187500
115687153.3394732922 1781345.5332031250
112305622.4892855734 1484031.6943359375
117718096.1380041242 1853561.3066406250
114986884.7932472229 1741062.6425781250
115324567.1353422701 1766323.5937500000
115486469.7173223644 1772551.2695312500
115538510.3177907169 1777111.9492187500
122830146.8467665911 1930268.0781250000
111665942.2896926254 1372531.9736328125
111513237.9402351528 1338424.5888671875
114313244.3283805847 1700803.2441406250
111600400.8183469921 1360604.5507812500
111700657.9140899777 1380334.4638671875
115267119.4976852089 1758888.6445312500
112277421.0183417052 1478132.3310546875
114597231.7822358310 1718078.6582031250
111477867.4363656193 1328533.2314453125
111478712.7000598758 1328689.5859375000
113982233.5871934146 1669402.2802734375
111369869.5374291241 1288696.6933593750
111876330.2445344925 1414193.3916015625
129119988.4014060646 1943580.0937500000
114008131.4438677132 1672409.3935546875
118881180.4062409997 1880223.1152343750
114343087.9599776864 1701109.2460937500
113798267.1823000759 1654122.3789062500
111425974.1584467888 1314155.3554687500
111431232.9589168131 1315634.8222656250
111421504.2090492994 1309447.8203125000
111392522.9216571450 1300787.9326171875
122568857.5639544278 1925247.2226562500
122343132.5030462891 1924827.1718750000
