98208226.2673609257 28163.9207130447
100614523.3056650311 68927.8346153125
98716940.2646556497 47369.1398529448
107981757.5966584831 91030.9082489014
99469740.7962118685 58676.7029644549
101786837.4897192121 74452.3939952850
100367841.7630569935 66988.1753879413
98787458.7173487097 48343.0253128447
98729837.5113752484 47551.0682892241
101296950.4191330671 72263.5670681000
100386210.3790127933 67035.1692005023
99218700.1620883644 56381.1920566075
99873733.0353757739 63002.6601062641
99458012.1510997564 58672.7429904453
98183494.6771847159 26414.3769969717
99414974.6472310573 58529.4701055586
98558099.0004217029 43208.5503951199
99215457.4771533459 56303.4925631993
113198270.2735123336 102267.3804016113
99188013.9914102405 55672.9420456327
99237941.8400115818 56442.4217929356
98346874.7233427465 35523.6252284609
99395073.4377424717 58431.5883469507
99876975.7203108072 63080.3595996723
114880131.2266077995 104919.4234619141
105955064.8749228567 82960.2829036713
99750599.3474208266 62410.8395366520
98905698.8332775980 51662.4676727690
114818464.1581309140 104163.2021484375
98258218.6566255838 30404.6880245134
98406461.3527459800 37871.3242345192
101030091.1546233743 71045.2873415053
99050048.4657309651 53902.9479469694
99494789.7734885961 59926.4785537086
98240458.9175131619 30079.4935822822
101017954.0638461709 70305.3892726898
100265788.9657339454 66969.5339574665
99654073.9436106235 62135.0268663317
99030806.7878077477 53841.7182106413
112188678.5306626260 101994.0653686523
98273759.2003372908 31921.5541610643
99973912.3434440047 64757.4774675220
115435647.9807823002 105732.8530273438
98696834.2452953607 45982.0125857480
99747356.6624857932 62333.1400432438
99766220.6836919487 62787.0371599048
100950578.4627048820 70273.2476143762
115000820.0073673725 105177.6090087891
98293290.5058873892 32396.1385827400
98426307.4895573109 38067.0251207165
99554899.5535524487 60389.5189110190
98307612.1504848152 33735.9462476112
101119688.6188724786 71941.0223036408
99319857.9124171585 58077.5382460915
99527549.5721692294 60047.9785537086
98165474.9770433307 25934.1154765710
99970669.6585089713 64679.7779741138
98972934.2122798562 52059.6205658354
98356690.1212432832 35994.4416966774
98302064.4567691237 33661.1212034039
99117880.7895790637 53998.2942118086
100911996.9591203779 69969.9184684753
99453989.6056969315 58550.2496108375
99010003.2384162396 53766.0109466948
98299874.9035064727 32499.9939236976
98221735.0580171794 28708.7211684920
98225466.9862372875 29778.3913014978
101398489.5368738472 74243.7292308807
99029244.9163394719 53827.2406830229
98788905.0669040084 49496.8636383452
98159730.3331135064 25784.4233369455
99211434.9317505211 56180.9991835915
98721041.6475688666 47479.3340668119
98281562.4970706105 32197.8846762367
98264986.0653106868 30612.4052148201
98615720.2063952088 44000.2227603085
99946024.9164403826 64551.9682503566
99949267.6013754308 64629.6677437648
98342368.4766459614 34504.9255381040
98815637.7821385413 49614.0373443998
98653408.0522887409 45883.2823092256
98824584.7943774015 49680.6778473295
98224248.0871230066 29601.3328298181
98460218.6315584630 39802.5504275449
98232655.6207798570 29798.5797696449
98771020.6677985638 48219.9839920439
98451271.6193195879 39735.9099246152
98649228.9009021074 45434.8220743574
98315415.4472181350 34016.8600602485
99508307.8942460120 59986.7488173805
98301093.8026207238 32677.0523953773
98259437.5557398796 30581.7464961931
98116347.2042100281 20564.5433559325
98216693.0353555530 28513.4086808339
98265403.9192009121 31911.0676545873
98348886.8245099783 35713.5278840400
98389511.7724109441 37383.2499156557
98383393.2995755523 36236.1630594917
98328385.6806665808 34210.7083287574
98322837.1710957587 34175.4663126655
98438626.4648456126 39196.9645796902
98504373.7628533244 41515.8835021146
98520972.9233929962 41870.6132022031
98145931.5756413341 24373.3612503111
100049430.2164999992 65053.3267880306
98401500.3878169060 37859.0273867734
98170040.9462273717 26071.9162339345
98213308.3537368625 28356.8589643836
99135026.2422297448 54136.4313439690
98572237.1821885109 43533.4130736478
98393697.0910836011 37576.0319090970
98929378.2383861989 51826.7536835112
98439366.9396730214 39342.7202330716
98152071.3320259601 24488.3065941967
98170563.8333525360 26288.5211490244
98476162.6568193883 40006.0275121070
99357143.9956234545 58088.7752207667
98960141.8423904479 51932.7089362070
108370736.5845360309 91388.5378265381
101221673.5849051327 72039.4548854828
98234910.4079423398 30044.2515661903
105826787.2865328789 82749.7538700104
105307825.5140081644 82046.2663211823
99257723.1803160906 56604.1106948219
99006040.6482712477 53545.9110931791
99300616.2344939411 58016.3085097633
114222464.6648821235 103335.9307250977
100048145.2366810143 64846.5831490383
98221111.6504701972 28633.1894795559
107641479.6795964390 90877.5704193115
99347056.2034576237 58083.5728281885
114638350.7716097683 104160.6233520508
98202481.6234311163 28014.2285734192
100554762.7226136774 67144.5903119557
98205343.2421665937 28021.5615739003
98184362.5908247083 27699.5832356587
98255891.0592842251 30366.2299044318
98842817.2457012385 49740.1125592105
98875137.3256451190 50372.4365372099
99449393.6628428996 58550.1937636696
106770710.2922464460 85048.1618677080
105958225.7509200424 84860.7739206254
107286868.9619362801 88706.7344417572
98433752.0757199973 38135.9907656796
111589573.6803587526 100421.8356933594
99206838.9888964891 56180.9433364235
98116562.2691004723 21210.7512683775
98388941.8091463745 36271.4050755836
98417246.2497230768 38055.1384435035
98417162.3139636815 37972.5506639294
98499182.5933254063 41257.6613265164
98122702.0254850984 21325.5024349596
99592690.2011031806 60718.6723737568
98106328.9002226144 19544.4968833830
98447170.2364063263 39625.7157107480
101677902.9181342870 74266.8798351288
114047694.8167999536 102771.3291625977
100838226.9132089466 69907.2169303894
101240270.3064425141 72078.0529079437
98462056.5162966996 39919.7241335995
103777434.6444088072 75023.5590190887
101343291.9720735103 72966.5921216011
98893021.7247505933 51649.3161835112
114337846.8556116670 104001.8175659180
112100469.1483417004 100536.3449401855
98274508.0020196885 32012.9190898277
98842182.7000426948 49712.9806694426
98484296.3134350330 40963.6529036649
111820665.7943865359 100513.0068969727
99742273.3368856460 62274.0289584026
99138956.3423616886 55508.5803861953
98684157.1367683858 45968.8610964902
98529835.9998724461 41875.1338515840
98483872.6190099269 40015.1456118710
98467366.7930130213 39934.2932896949
100085786.7324256003 66326.8656197414
99554019.8235694766 60248.7483587600
98549303.1366153359 43136.8161727078
99193508.5117956251 56098.0414504372
99369868.0760060251 58240.3856582008
98344701.5058373362 35520.7458905987
98842901.1814606637 49770.1613373198
98461972.5805372894 39837.1363540255
98512177.0595866293 41798.8789797910
98531161.1102744937 42050.2673600901
98499098.6575659961 41175.0735469423
98352504.8025706410 35801.6597032361
98617166.5559505075 45154.3457442410
99196751.1967306584 56175.7409438454
109852821.1935739070 92351.0900936127
99290528.4423280954 58011.1061171852
99943144.7353056669 64293.4620184824
99121695.7651288509 54053.5294579826
98494997.2746527642 41064.8793330751
98493441.4890287220 41037.6594344266
98434441.1461729705 39004.1825862490
98397315.0691442639 37666.2453933321
98197526.3605764359 27944.3326186314
99739030.6519506127 62196.3294649944
114214025.7194570750 103299.6924438477
100141109.2530028820 66791.5028668270
98645127.5179888606 45324.6278604902
98566962.0769011527 43213.0710445009
98738784.5236141533 47617.7087921537
98606773.1941563189 43933.5822573788
98354678.0200760663 35806.6207061373
99244392.7032152265 56521.2088088356
98946299.3578892350 51865.4332146086
98190107.2347545326 27849.2753752843
99124938.4500639290 54131.2289513908
98246203.5614429861 30229.1857219078
98321160.0911478996 34166.5521998741
98309867.7535024434 33942.0350160412
99583603.6645736396 60607.4440927766
105142189.5742803365 79096.9932722971
110248162.8158325255 94447.4730682373
98232851.7551388592 29917.6131906435
98240655.0518721640 30193.9437058158
98598356.8660050631 43905.8920413144
98529919.9356319308 41937.2537051328
98615821.0135047138 44024.3721133359
98807221.4539872706 49586.3471283354
98276014.8033549190 32123.0596320294
109942288.7697852701 93731.8665161133
98751778.9898753315 48159.2111038603
99091608.4147408009 53952.3146487623
98378348.3988871127 36141.2784321718
98615636.2706357688 43938.1029067598
99185890.5868141353 55509.7581745610
111481536.0560630858 98677.7236938477
110821544.4997522682 95872.4483337402
111184506.8725474924 98277.2896423340
98567046.0126606524 43275.1908980496
99054322.3315345049 53940.0784682594
98698282.6302918345 46204.1826013960
98717092.3202372491 47452.3516458906
98643899.2711850405 45271.5194502957
98339086.6418843120 34311.9347581677
99284921.4713565558 56611.1444827467
98824500.8586179912 49618.5579937808
99543622.6170474142 60086.5112075172
98426391.4253167510 38129.1449742652
98707244.6734650284 47227.8880953230
107149137.6960480958 87975.9614925385
98910136.5604629815 51765.5239471830
98367391.0824610144 36095.6681260876
98508075.6766734123 41688.6847659238
98635482.9430337697 45243.8292342313
98545201.7537021190 43026.6219588406
98333538.1323134899 34276.6927420758
98580040.4789218009 43816.4085513242
98292855.6505711973 32382.8188319542
98833954.1692218035 49703.5208343901
98287307.1410003752 32347.5768158622
98986798.9703480303 53484.6813568510
110768205.6681807935 95193.6064758301
98332117.4075739980 34212.1625059582
99247635.3881502599 56598.9083022438
98102025.5596126467 19224.7356910612
98855895.6477219164 50311.6636490263
98135565.3266457766 22959.9060456958
109358872.4487986863 91702.4847011566
98123760.3302471489 21462.3953263965
104137089.9113233685 78030.9976959229
99942816.0822393149 63287.7021074146
111530426.1346740574 99251.0408630371
98748503.2102457732 47642.8240875639
106949784.4682332873 87205.8184261322
98851418.3167214543 49822.0009064116
107545084.3541720212 89146.3545227051
98471201.6918903589 39993.7306643613
106982101.1277154684 87435.3824310303
110678829.3832759708 94854.2729949951
98141705.0830304027 23074.8513895813
104007979.2101943344 76824.8554468155
98105509.7611772865 19480.4153858814
98365970.3577215225 36031.1378899701
98387508.2138270140 36254.9137975574
110488190.9983239323 94781.0725555420
98412201.3490346372 37960.2538161837
98104451.4564152658 19343.3046252634
107245651.2540142089 88007.7042236328
106940301.4410088956 85927.7117538452
