358073412.9157544374 728254.5913441419
360899371.3421494961 915161.8805595539
357062072.2426487803 623558.4600234120
357182366.2024537325 635775.7456679433
357654577.1450738311 688645.6861681282
365790369.4448919892 1137306.6626275037
365741530.6529705524 1135092.2735178338
365429548.6238048077 1117073.5125684594
387364416.2287740707 1703287.8461608887
356563252.9639886618 551117.0730645583
358680580.0811507106 775588.1922540190
358844434.0772460103 788157.6203666083
356563252.9639886618 551115.6331288741
356630578.3332171440 555992.0265587633
361636927.7908335924 949419.3887494202
432526834.0328363776 2154898.0712890625
382739799.9210315347 1643679.8758947849
361081965.2103693485 920409.4053140297
366113967.9537554383 1145214.3258516656
357551925.5616325140 676848.9852671712
360434203.0124635696 884357.7769309818
386317703.6371433735 1691345.1341247559
386191147.9522930384 1689968.0528869629
428555302.6090286374 2085061.1594238281
428250454.5571959615 2084126.3059082031
382657140.7659156919 1641248.5017492771
362284511.1392595768 985148.6115393173
373477908.1943663359 1399473.2109286785
368768134.0651162863 1251104.5575253963
375753210.8280469179 1465622.2042675018
357575343.8498929143 678883.5966219245
382265471.4818900228 1635177.7102453709
380020306.0739861727 1565993.1626309119
359026693.4257508516 799814.5162405841
390693173.0982715487 1760382.6309814453
363672388.6921354532 1054526.0795053672
366152357.2616528869 1146067.3745044540
359013269.1188642383 798991.1690505405
362018852.6616092324 965249.8027571738
359030234.3008697033 800030.6214519669
359030234.3008695245 800030.0113979508
366179678.8707948923 1154449.8707360253
370883815.5649826527 1324459.6954657962
367079611.5298368931 1194015.7083275765
359461912.8032355309 830595.4391876901
357295338.3502407074 647488.0966664492
363743653.9090120792 1057230.6375337953
371919319.2806016803 1360437.7999227941
358936242.7473268509 795547.3920879136
359610670.0877825022 842383.2300910405
360880363.6291444302 913932.0530042588
432656856.7144959569 2159282.6972656250
361617340.0838799477 946761.7480131290
431879921.6014182568 2152277.6713867188
356631300.5355987549 563118.7502447397
358920400.9110267162 791581.4722736678
358927661.9950885773 793299.6682331846
356919546.1835653186 604691.3333145468
356965487.5848433971 607816.7813878446
377671486.3270338774 1526474.4451060295
359552302.6888434291 838816.1940629627
367997130.7938072085 1219522.6128304452
356817585.3360308409 590550.0986752599
389105440.5818467140 1727709.6324462891
367613595.9637010098 1211431.8732960671
356724518.6782468557 575823.9489176061
376981071.0538980365 1516857.6197409630
376007145.5940690041 1466789.9210667610
393404504.7719827890 1794895.3585205078
368514577.0188218951 1241925.6271148920
357535407.1332229376 675323.6803545295
379589525.3602254987 1552908.5878698826
356685532.8807095885 568374.0627949601
360949696.1530466080 916714.4680232755
376629595.2324826717 1491416.3355040550
376350032.3869737387 1489182.8477110863
387356035.7623018026 1692884.9371337891
356770358.8901399970 584893.0499939090
360657457.2341097593 899790.2583488165
370585043.7038019896 1306352.0566432178
359012209.5811076164 798971.6462195064
361617340.0838798881 946754.7659270926
378139402.0168288946 1540770.8972907066
372345157.6329079270 1372899.4391458929
373718952.8439357877 1407944.6002899408
402307082.4754645228 1890066.6169433594
361451435.4318088293 938498.2587131201
371930010.3965353370 1362024.8443235457
374233461.2249402404 1426613.2878992558
368589975.1776850820 1245925.1568018065
357255778.6631090045 643998.6102367579
374354240.6184894443 1434246.1383978128
358360588.5204209089 749487.8673206489
385070265.4107179046 1654691.1007080078
409321402.4445679784 1917980.9102783203
364914037.0207688212 1103638.3582887505
378560164.7131189108 1546177.4309821129
376305239.2471956611 1479190.4375338554
410757559.5167434216 1934807.3352050781
410937691.7174229622 1940768.4875488281
381934289.6101585627 1619567.1998623572
374243180.2671549320 1431241.5477297902
359366454.8618617654 826336.7966020252
370017432.5191416740 1294806.9288321733
390132446.6126059294 1746265.9837646484
389805798.9515311718 1739050.3416748047
376176822.9986751080 1475585.2373330593
366621181.4022778273 1175056.3958671540
373469483.8065819740 1398212.6272327304
359047587.9979915619 803124.5647113430
361548469.0969734192 945453.6139544188
378060820.8776566982 1535073.5751395226
359200195.0781170130 814572.2920286800
376805249.8475484252 1510990.6279807091
373814658.7215162516 1415994.0977488160
400060899.5857080817 1849231.4387207031
357695353.1107259393 692041.9600892006
358423182.8830191493 754960.5542291640
361326321.1688552499 937387.8442439786
386047210.4706384540 1663307.4252624512
390056589.4563823342 1740521.2290039062
370225209.4910826683 1300673.7062519789
361385203.1360481977 937483.1401424161
417703639.0051429868 2024507.9559936523
417247333.8113574386 2019028.4331665039
360465313.2040609717 885838.6617514971
368416738.4880704880 1234755.3394562006
428572242.6278627515 2089250.6984863281
401832165.5399301052 1849874.3774414062
429125759.3488453627 2112466.3359375000
367395861.9721527100 1207194.6780329198
365666022.7391330600 1133099.6465875970
377216357.2919079661 1518991.4212851524
365853467.3593977094 1140433.5918564664
374384545.0010216236 1441108.9256146848
374282951.4211803675 1433415.9537003934
357640079.6162468195 684875.4850393473
360369738.2683643103 883795.6411887943
358678385.8457447290 773951.8821611754
428761281.9577974081 2110437.4456787109
357479009.9847022891 669181.5737220733
364479232.7180524468 1088952.0857165570
364658272.7070264220 1091331.3719879915
363251505.4517815709 1039358.9096900339
363611530.0515124202 1053640.6670085306
369586372.1733577847 1279543.2791874856
358331374.2129381895 747526.7819353729
368523203.3250360489 1243822.5118194818
366473160.8871752620 1168591.9227036685
366834680.7897566557 1185091.3708817214
358133358.5003819466 732809.6365885972
366343031.5519403815 1162149.6589868516
369120812.1658988595 1265311.3605272770
369549007.4616238475 1277274.3487912416
363559570.8698498011 1052875.1726831312
380444848.2018766999 1571212.6247280799
368806980.1804694533 1255641.2741835397
357575059.4448338747 678285.7474057167
377589858.0478995442 1524257.1227215491
368486477.9440785646 1238729.9393860102
364435903.2939729095 1086173.0763386006
363663062.1914425492 1054508.5075839872
389015059.1174459457 1726086.5420532227
388537683.2867333889 1723833.9017944336
388339406.9724436998 1723090.9750366211
391552098.3359088302 1771062.0172119141
363040748.7657823563 1028952.6297505628
358223273.0833370686 740341.9912720793
364075248.2111585140 1071156.2968479227
367637433.8130054474 1216981.8041127175
360692412.1256289482 903326.0646753288
360538568.6336653829 893067.1356118745
360812851.9600024223 909475.2080277237
360249298.4339908361 877685.4201047602
360080270.8458935618 869142.8002317133
357239165.1020247936 640346.4773244350
358985899.9056571722 797543.6705423794
360538568.6336652040 892510.1762460298
359683451.7794909477 847496.5036332752
371658741.2868302464 1350843.0771726668
390407042.4318947196 1748236.8298339844
371512892.3689963818 1344047.9657825828
405734007.9084962010 1905392.7819824219
405275111.4655494690 1898863.8294677734
380782982.7201384306 1586296.5628384314
362842189.2542171478 1021320.9199756160
361103814.8135616183 925640.3568283278
358630205.5142487288 772508.8561321418
358118528.0051167011 729119.0251010298
373403926.9373638630 1393783.2189507894
360737598.3811208010 905263.2767669775
378027394.0300931931 1535056.4443920814
380729583.3674056530 1574856.3362759314
363559292.3233189583 1052506.3664554472
361480110.8773964643 942341.6438171803
359414949.1459958553 827901.7907426502
365104489.5757917166 1113186.4443081473
429516898.1522763968 2114199.5124511719
393910407.8483895063 1805640.6745605469
378027394.0300931931 1534750.2715405189
377406414.3877115250 1523228.4527939521
371582473.1547675729 1344874.0870371163
364147859.9082664251 1071485.2740785759
403242416.7159525156 1892931.5052490234
375901498.4383594990 1466591.9097834788
403706423.5220797658 1894258.0765380859
365928522.6288893223 1145211.3890845643
414806638.7585484982 1974927.8671875000
414514175.2937673330 1972441.5014648438
357972617.3375127912 717274.3611296802
359015570.1508616209 799386.8273440017
365049901.1484666467 1107749.4440378414
366440566.7848839760 1167572.7169383019
367351088.7775555849 1205137.3514759988
366497347.6890398264 1170519.0797468871
380949056.2580843568 1594752.8417080604
409558226.5033897161 1921676.6694335938
363441215.1746832132 1044686.5789626520
380899876.9543765187 1592928.0287197791
390733683.5147171021 1761382.3063964844
386177496.3081347346 1678409.1590881348
364682955.1558261514 1092593.8607396351
389721401.1801106334 1738813.1664428711
381499268.7355245948 1606872.5658901893
379733280.6585991383 1565774.1881436072
358308726.0747049451 745607.5835542863
362649276.7917393446 1007547.2006765734
379470519.8626327515 1550203.4646328650
429694414.9275003076 2120658.5810546875
399596065.3050911427 1838350.3083496094
417017557.6849623322 2006648.6196289062
401917392.2257164121 1854550.7330322266
362410275.2918791771 992050.3300862145
362096565.6117971539 972632.2234810274
381153739.1979895830 1597667.3670986854
398089494.9147993922 1836518.0057373047
396944953.5465773940 1830761.2451171875
390947210.2799225450 1762145.2095947266
362025100.9976060987 968049.2240539920
361832624.6928994656 960408.1365475487
381250008.1142314076 1601367.4608486854
386913187.2870396972 1691659.5740051270
357890377.1813076138 709051.3548605083
361781613.8843438029 957235.5308681801
382190332.0570142269 1624648.0475796424
361968483.7772483826 964831.4599015228
431447727.0432281494 2145303.8422851562
382230724.8991203308 1625126.6259487830
382230724.8991203308 1624923.1777065955
416321253.4470931292 2000312.8347778320
425932775.8392601013 2077909.1333007812
426300131.5120426416 2082666.3193359375
412097877.4277036190 1941155.2241210938
374926453.9169270992 1453076.1762233339
368470951.3573842049 1238073.7537206686
417105868.0131011605 2009280.5001831055
368143542.5405775905 1228046.1895584888
422253114.0251159668 2063720.2949218750
380674920.7700089812 1574022.5080661774
431142640.9357448220 2142604.5083007812
431479474.5772569776 2146217.8500976562
375479228.8811705112 1464857.7989443503
384615154.6981722116 1652519.2961758338
404588270.4928066730 1895046.3139648438
389505457.0846607089 1731644.6712036133
389491837.5400671363 1728737.1985473633
415605012.1830153465 1996694.4094238281
410380586.0946331620 1926796.7414550781
421960458.1349490285 2054964.7252197266
409590426.1913653612 1922370.6428222656
413709193.5642433763 1962630.0947265625
392837856.6325467825 1780373.1643066406
370850551.0532399416 1320585.3449999988
409481021.4803364873 1919726.5676269531
409320124.6536175609 1917392.1254882812
392902113.6607063413 1784537.4128417969
430799534.1774361134 2128891.4599609375
395502141.7127374411 1820017.2977294922
407658309.9817441106 1917358.5700683594
371212225.9694930911 1332695.3387850821
372013558.3050827384 1363389.9521770775
430451506.9033715725 2128065.8935546875
392917274.3460933566 1791388.2109375000
371082249.7610238791 1329418.8328053057
407518828.8522605896 1906031.3723144531
370590740.5503978133 1311503.3893770874
395305414.4952611923 1815295.1301269531
392051731.1554356217 1771511.5598144531
370394791.2641438842 1302779.1846813858
372303841.1926704645 1369751.4414753616
370665381.4099923968 1313738.1163313091
392319900.9750458598 1780148.7753295898
372234311.5482367277 1368825.6367546022
371715499.1467075944 1351619.3792805374
392115109.9573919177 1774295.0288085938
413981761.7969067693 1965643.6170654297
414032359.1484211087 1966129.6466064453
420447390.1104453206 2028366.9763183594
420383738.4439683557 2027641.9985351562
399012983.9953380823 1838004.1722412109
