325096141.6481859088 47407.0523549910
301612092.2643811703 36309.0622139317
307229734.1555494070 39458.8916718313
398794940.2479108572 58349.7269134521
305446193.5851897001 38279.5441378304
320666822.8245642185 45891.2081506476
311044704.8207157850 41345.2056973949
379717353.9918251038 57856.9384841919
324842104.1013639569 47246.0840477238
330422730.0065868497 49077.7357110376
355416559.3196648955 54904.0407867432
302425238.5204994082 36463.5739582102
339020776.9637592435 51586.7076609358
300037334.4944617152 33984.6849453039
305337758.4077935219 38196.2780726501
304151235.0586781502 37934.7644091919
303277348.4086691141 36934.4456007336
330876890.3021858931 49081.4019992426
337423055.3195934296 51037.4371211752
335066558.4852983952 50527.4929672554
301342640.2273225188 35440.4557621540
328158475.1504721045 48250.8593785837
340990388.6425899267 52069.1532206126
300796127.4749480486 35282.4614064344
364566560.3256052732 56130.9307327271
369702985.5978212357 56930.0777702332
304916844.1719859242 38186.1473943610
332421962.6020179987 49627.3311174193
327832522.3594307303 48095.4521862119
328374191.4310032725 48396.9163929075
305781842.1553549767 38651.0842887652
348319465.4023935199 53802.2421915755
323725617.0653506517 46931.7902596667
300546756.6956332326 34168.9821658246
304715486.3830310702 38055.2243996807
378337621.1074243784 57763.5273590088
308180212.8056998253 40042.2891607545
314888125.0993536711 43106.4747047722
302048958.1224744320 36371.4468900095
338159777.6646553278 51200.5517606959
375318644.1977764964 57419.4612846375
300662507.5812488198 34524.9055937051
330114412.0450156927 48927.5765222787
331123871.1523038149 49471.7311243294
307596459.7383306026 39746.9673265330
329360788.9006555676 48816.2279594019
327915564.4734790325 48158.4027963728
376711898.3906806707 57706.0411605835
299013061.0701440573 33461.8807674467
302640639.0276107788 36720.5082132672
379046887.8112374544 57846.5463180542
341740185.8687223792 52359.5381205305
320554571.6024370193 45793.7869326919
314897754.3556796312 43153.5623623729
302681955.4112858772 36931.2574388837
352943255.9563497901 54394.7965006828
334550976.1504337788 50145.3604980707
402233528.4420049787 58424.9512405396
306336775.8469668031 38993.2219242346
359856732.5008585453 55645.4183423743
368158705.3820338249 56806.7745475769
390901963.2172286510 58330.7878341675
299187961.6201655865 33586.7531683077
299697944.3013395071 33789.0994150271
387411431.4823166728 58199.3680496216
306064190.1069259644 38753.6878289473
310641021.6926259995 41032.5286606662
341338706.6879306436 52195.6130857691
398792798.1209396720 58341.2335968018
310931740.2561036348 41323.7736258954
390815722.4925776124 58250.9116821289
349315438.5494086146 53927.1023702845
306467500.1909013391 39121.5847119582
303541835.0117226839 37098.6413273830
301087075.4749373198 35360.8574177870
298529747.7760974765 33110.6669557323
370989002.6155639887 57090.5905036926
400949109.3727211952 58374.2935867310
372931211.3240711093 57360.5150566101
334500460.2625035644 50089.6593992338
372026392.1964498162 57212.9451942444
368407847.1072383523 56841.0075531006
376341292.0001797080 57700.4288101196
367518987.1726508141 56711.7064514160
299690744.8965365887 33658.1505417456
374252677.7919059396 57418.2081413269
299534403.9379838705 33606.6694454779
378615534.5106828213 57812.1432647705
375880872.6651241779 57603.3318405151
349570915.8444250226 53980.0436485168
337581701.4657419920 51099.7564067468
373664314.6209096909 57375.2787590027
343452707.4537246823 52691.7447405178
340240203.2355545759 51945.9936418850
335033697.4916893840 50302.4183675870
387217238.2446771264 57990.7112655640
369987302.4707099795 57070.2125892639
333094197.0212565660 49691.2432155884
303616355.3227342367 37183.4451436666
338298968.9930250049 51246.8304617032
349474904.3049835563 53964.1755314395
306863942.4750729799 39175.7484923475
336665825.6353579760 50860.1150781736
338572293.4585956335 51304.9746134505
343856035.4903047681 52782.0954144672
307368652.9686802030 39708.8454666683
310476073.7511965632 41005.3570539616
362252718.2411181331 55900.1957219616
345557166.0044445395 52983.8988446966
351584278.4930855036 54334.5167570263
343050256.7102100849 52618.2565546352
336432603.7252154946 50720.6497468874
306068067.9511204362 38879.8484773510
338292233.3340632319 51230.8489907011
337278231.5329875946 50991.8625497743
336064307.9029847980 50624.4547395334
355169312.0974952579 54806.9717064425
336555170.1936693192 50732.7462117430
340121883.5958560705 51909.6420593616
299901563.0726984143 33811.2598658637
340255127.7388828397 51997.3667374011
307679845.0537449121 39906.6475072205
344670030.0600044727 52921.9571135957
305328671.9647057652 38195.0659025633
372293184.7096484900 57300.5456199646
305494551.1539353728 38369.7684906200
343952047.0297462940 52802.9392633755
344507610.3027570844 52884.8817568589
310548398.3466929197 41011.5330504160
309618597.9945318103 40893.9505216740
314376469.1636492610 43055.0774380565
299943090.8434541821 33867.9716396616
350542778.1426400542 54139.3046742007
305646880.4067462087 38495.7531057470
369935741.1637206078 56939.4649276733
308809745.3315480351 40578.4482900947
360907422.8397855759 55696.7267108597
327696274.8167123199 48062.4596169800
351729941.1103343368 54353.4469757304
367957409.4276531935 56779.1577720642
379650573.1047246456 57849.9240875244
336651326.3401597142 50857.6734032202
356966315.7960600853 55060.8235850334
306982875.4182329774 39390.9870663756
348862498.4073536992 53832.6704371199
353419201.4214168191 54564.5159473419
345573802.3304191232 53105.2128174659
344075679.0260508657 52866.2573176194
339275018.6914677620 51652.3889465854
378199756.0060312748 57736.2967376709
340451512.2821779847 52035.9029362556
342346142.6535260081 52427.1689457465
314367094.3664577007 42921.9251206815
340856732.6511579752 52056.4306109305
360693353.9234735370 55676.9956537113
313506505.4518587589 42634.2422078550
337019497.5167191625 50919.9730860758
341690293.9910340905 52214.3883399535
327705775.8028196692 48063.5304754227
357918344.2075878978 55290.4529418945
369140115.4436934590 56860.1562576294
339560497.0887057185 51778.4016232062
349868867.8209011555 54062.9406345244
341128195.3432578444 52192.3952758666
314016244.3453534245 42918.3942941129
335705474.6023899913 50531.0990734026
361695915.4562329650 55869.6130312607
334831325.5031338930 50250.5711927339
344688084.9236806035 52982.9533818681
327940340.2974960804 48198.3777078241
346796272.5874266624 53367.7984826919
317140333.4434615970 44294.7069275365
359170130.5507175922 55481.4821205139
340559691.8312916756 52052.2320441771
328829074.4137687683 48585.5671182573
328883603.7726228833 48654.8802043051
347927981.8102945685 53627.0822923537
348291482.3492045999 53743.1935317870
349073806.4750007987 53850.4234288093
316325239.4893878102 44021.5472112582
375582985.2781318426 57463.0824775696
315645297.1124559045 43423.1120350049
364604353.6155591607 56244.1257998943
316998000.3978378773 44249.3688089834
333334398.3926255107 49871.7661771975
333223299.6407833695 49795.0313520632
347310889.0906664729 53526.2228832766
368447031.3667589426 56854.1226794720
363447470.2707350254 56059.5708723068
347210965.1240749359 53445.9192696139
363062306.6344704628 55946.9216179848
332248867.5725955963 49617.9404891648
366207410.4972390532 56480.3911576271
352411204.9499341846 54369.7694876548
357157882.4058275819 55184.1288595200
332240665.6551034451 49527.8505832213
357344146.3331742287 55237.3147845268
358848506.4530134797 55446.8793563843
347107253.2723692060 53407.0576000735
331720324.5896983147 49509.5549491562
322682702.3576055765 46494.7085938521
355910930.8402167559 55019.4904387351
357730907.1754233837 55259.8161697388
316214106.4342986941 43723.1475392268
350776164.8500658274 54239.2849979624
320588383.5724481344 45875.9823286980
358016444.6068918705 55407.8659057617
331053548.8763701916 49257.8783439316
322102521.2600075006 46372.7374370957
359319357.4912636876 55537.2139129639
315824643.9035480618 43524.7621334274
348243959.6220896244 53674.7686195895
321861142.0812007785 46257.0002339780
338370658.6485362649 51260.4544201419
338208022.6403158903 51210.9437237307
320517691.2977705598 45764.0348831327
320698439.6495509148 46037.1376482160
315976693.7577888370 43641.3137868098
316395256.9629943967 44036.4335693256
334140956.6143719554 50039.6251393757
317186334.6666949391 44358.5321908281
378909022.7098443508 57819.3846054077
319437954.2988606691 45385.2111520022
317680368.1793007851 44681.2259767042
319048629.5853058100 45209.4569642530
319202198.7841431499 45252.4917224497
318242713.0934450030 44872.4592912183
333800506.3543386459 49956.5051461658
309533934.2459415793 40617.5308833818
322712323.5529395938 46530.4064681007
347883709.7917287946 53565.9475939628
321831446.1134277582 46254.2296063079
319977324.4169810414 45673.3738269061
319714108.8191791773 45646.3542291365
322819841.3927775621 46538.6776725127
321672348.5142565370 46236.0730298421
322721414.4772900343 46530.5143497139
318485745.0188511014 45039.3260381357
317733249.4395755529 44825.9009797559
323181607.8583979011 46830.8242633863
324386404.9112705588 47134.9966336689
325916844.7851294279 47591.2356050438
322859086.6425155997 46717.8897911979
323993081.3877799511 47117.8636383913
309261299.0934124589 40610.3008666192
320150018.0161788464 45755.1980151385
312362134.9321981668 42065.5515599293
346472915.6977135539 53241.4592117667
317588477.6131226420 44561.2788944230
318333739.9855659008 44901.1607503132
354190829.2047088146 54726.7249660492
347012213.3272206187 53384.1382545829
353862447.0056832433 54647.8397677299
315858485.2836630344 43638.1792162657
353158599.1005349159 54506.7670898438
368156536.4498912096 56791.4061508179
307153295.6522083879 39434.1233085510
350460772.3541850448 54119.7646401282
312473061.4407520890 42110.8291440052
311535428.2768962979 41641.5306452555
355445258.1434009075 54973.3348350525
315086293.7399267554 43406.4320524931
308738924.1192653179 40216.0856092726
311777100.8911997676 41774.6651932453
315048439.6692622900 43354.9818953276
367468344.0103733540 56638.8235064186
311559107.4300984740 41756.5015217518
311226932.4701730013 41629.6108166431
312197171.3311032057 41951.5013026041
314885036.9312891960 43061.0952572427
310921845.4051207304 41163.5235778545
314373622.6255603433 42945.7498232764
371495219.4012576342 57173.5609931946
308315200.6364809275 40201.1920367037
311905200.0249897242 41899.8718520260
327026966.2044332027 47846.0009563169
326584578.6458801627 47745.5966103277
326559747.0068351626 47730.6319754324
312925886.3555954099 42416.0953793568
312763784.4103628993 42298.3036553306
353000108.8962903023 54468.7802792117
357588438.4440198541 55251.4715652987
312503265.5853334069 42276.1453714413
369613251.6997462511 56866.0245285034
313706889.7541782260 42672.4591717576
326982367.7770971060 47834.5873260698
313788523.3360487223 42773.4496426438
313176756.7706548572 42552.2438891386
326222556.1214784384 47684.1626955471
325428022.1922148466 47453.4371143780
365563357.5363150239 56379.3235797882
363178204.0218695402 55961.7894983292
362676411.0243734121 55923.6823587418
363919765.0861640573 56078.9709072113
363243088.3646581769 56029.9112758636
371491742.5414794087 57127.3675231934
364883494.9888475537 56303.2722969688
366121925.2280648351 56440.8925705589
365421840.8525128365 56333.6958962120
