667222331.1406383514 455781.1430750618
662753338.5260820389 438505.8484518955
687250933.3320643902 506626.9173495173
657172988.6928850412 410398.5278805196
661925463.6720144749 433903.0306455622
667000376.0505285263 454857.7001887092
674671273.7909183502 479862.8537628655
680383266.1486200094 491708.2535261428
657462867.6786414385 410984.0045307577
687150727.9627453089 506417.8371455073
670107266.2440173626 465499.3718228568
670240768.1616799831 465898.7960324516
669217268.6525858641 462976.7151913871
664759513.8903682232 444048.3609279225
667417697.4993652105 455799.5429468880
671344851.7879954576 469223.7910428275
673124831.0917032957 475426.8390533929
662225792.9204134941 434944.3394797275
667564553.2367576361 455955.5195093880
670723133.5894916058 467033.9253506889
685792690.1483254433 504153.9592768550
681108180.7284334898 492924.0049120188
676339999.6362913847 483638.8593742852
671102406.5714600086 468793.8554959525
686596042.0008184910 506143.3055445552
671171116.8545923233 469125.3082547416
663479744.4972990751 440308.2546468265
652616885.4893981218 367305.3420072775
681189998.8683004379 493338.2860426223
656420349.3175326586 402231.5579411740
658852322.3575422764 418253.1555392498
657400340.2074954510 410576.9792469442
662592090.6273454428 436610.7060873935
652404107.1606785059 366526.7635101061
655999561.6477173567 400610.6770623475
677468530.2295297384 485054.2141106133
659031515.2015637159 418889.4714572186
677247297.0917270184 484840.4935600762
687390118.2302641869 506981.6499049067
656533345.5076999664 403385.5518376583
663799393.4058938026 441067.9329130182
676792680.3625036478 483800.2912590508
670580475.6647312641 466825.3261685600
675652280.1275800467 481851.6330864434
676346866.7065639496 483651.1879875665
658739326.1673750877 417268.8765475506
657148940.0578464270 408993.5754421651
674980278.7122348547 480869.1071045403
695115789.6742165089 520359.2034454346
657625173.5955699682 411095.4394520223
652702734.4146846533 368404.3991361838
670377004.2738018036 466725.6461758842
669888165.9565062523 465105.6195340385
663042740.4508976936 438696.6328947077
654391596.9978502989 386906.3442112803
669094021.6657774448 462765.9446835746
655072559.8334577084 392111.7841905039
654591904.1061774492 388270.1646502893
676797557.5597112179 484155.8970482354
656560117.8585565090 403731.0269306600
686333636.5369578600 505463.9308344722
675957877.6406311989 482273.2383568292
691478548.9686231613 515319.0724678040
676062473.1175316572 483493.1744682794
670279865.7055435181 466301.0358853568
657812866.5135524273 411998.0339649618
691322928.2941724062 515213.8182373047
678068376.7814570665 485446.4638342177
656796968.9146039486 407701.1860378683
656681917.7754538059 406828.7269428670
687669892.9759069681 507336.2071864009
681521229.9742244482 494206.5481123244
674503599.7082010508 479310.6617577081
667027054.2696212530 454868.1183710823
667080841.1119955778 455458.1869745979
658245625.7874022722 415023.7323481793
664311362.2762593031 443156.6659663746
681312523.2687654495 493819.8506178176
658956740.8740298748 418460.3560473675
667997225.8915355206 457981.9226771126
656081338.1394091845 400945.0527705550
655923232.0681229830 399034.5148285329
693752869.6338570118 519363.4266204834
668096501.0470983982 458852.6960230598
657928780.1649481058 414856.2078314275
659889725.2146676779 423489.1771723980
660198863.9427977800 423907.1714350933
654188130.4983071089 385191.4128312469
658364763.6712599993 416116.6216647381
660272970.1187212467 425452.2017390484
675489831.1581007242 481108.1426689629
656484344.1623486280 403212.5196343660
670208876.8461112976 465731.6870274772
662736608.0661996603 437026.1229612360
664815671.5647025108 444160.3156395609
656404230.4144852161 401644.0113086104
658568941.5704890490 417062.2673327679
657036421.5520089865 408273.5279062390
675515081.4923352003 481461.9266350274
659808613.5578559637 422160.7138659710
673996981.3666244745 478498.3920013909
674242272.2673058510 479199.1175072198
666803267.3294690847 454478.5189977342
661237979.9380117655 430278.1374108249
667608928.8282305002 457709.2209516222
666690486.6481567621 453606.7022639046
661630910.2269940376 432062.4689545855
671862039.8250339031 470407.2201836114
661122550.4506174326 429879.8250328953
664943811.6217445135 445183.6305240223
669304522.1719006300 463205.0026924615
673850572.5182688236 477933.5128014092
668561646.7430814505 460485.4529945855
668497373.0658934116 459879.0217506890
694586285.9337296486 520262.5569000244
672983341.0630605221 475103.8829529290
673228631.9637422562 475804.6084587579
673381200.0335258245 476713.3438409477
660470899.6927025318 426036.5414500291
655764542.4386043549 397183.6153069735
672875924.2548766136 474121.7211182122
667997947.4498993158 458637.5623466973
688597260.9686104059 509054.3820495605
666014143.9891228676 451190.5443502123
666326051.8958016634 453129.8652654344
671628961.5960029364 470241.9506027703
661736780.4211554527 432231.9455183633
672819591.3150782585 474001.3128616815
674321223.5232926607 479296.3626396661
661327416.6494643688 431548.2843834812
661693444.3234882355 432207.2960257547
660634933.0983701944 427589.3626475388
665871107.9526046515 451185.3519597704
672666234.0970470905 473910.1400063043
660577457.8293000460 427125.6528086716
690067565.0563526154 512510.7716064453
690546359.1906511784 513655.3531951904
695544722.6195534468 521475.4512481689
659059641.2776567936 419960.7435265929
669561942.2739175558 463844.7731163506
672653579.9761995077 473269.4070084100
665845844.2645515203 450083.4814153368
655238217.4658722878 394560.5081247017
668290881.8683369160 459810.4936439996
668521997.5248281956 460298.2171242242
654623983.1894192696 391107.6555911303
655415230.5067175627 394577.2315438911
668924455.9476429224 461839.4106056695
656583344.1635471582 404134.0737115145
655501898.1733970642 396312.6835702583
664853844.9972813129 444547.0559275279
655172469.9367223978 392230.6285716295
688803555.8893775940 509150.1276397705
654243178.7329128981 386059.2527271640
686883566.3039883375 506320.8190180659
665451471.1516846418 447916.6424827406
663959817.7695182562 442375.1478689665
659476694.3985351324 422117.2242808396
660931655.3612476587 429169.6361460740
690491711.4047199488 513210.4080657959
669660899.5119520426 464659.0941498284
655865496.8238652945 397747.6689903736
668786724.3465639353 461279.2781593804
691480678.8609533310 515700.7438049316
690692454.5083034039 514009.7751312256
659323108.8958971500 420931.4448205382
668897155.9045733213 461310.3024513726
666684251.8450871706 453338.6055226976
664283608.6394262314 442812.0814155990
652704967.5467911959 369045.8471647482
663639618.7133824825 440320.3127706999
669245567.5654345751 463119.8090889459
659872952.1674193144 422406.3857763931
663080010.9909982681 438739.9124246592
697529055.0672340393 522702.5999755859
669077540.3508549929 462120.2947876458
653929642.1709452868 383066.0260017496
653614364.6972485781 381959.6034960132
670146794.7041969299 465557.6490852837
668623627.0109080076 460990.9047462945
681388233.7104517221 494060.8040098464
663148721.2741305828 439071.3651834482
664676891.2144265175 443988.5140303129
664590451.0843807459 443543.5508104319
653940602.6225619316 384002.9403244238
667030542.5916767120 455244.2743076438
665173989.7939759493 446847.2774627954
684165865.1078717709 500934.9988958687
664137513.3217740059 442457.6594795639
693573189.6093020439 518545.9299163818
653095003.5346570015 377186.6852928381
664974640.1932837963 445713.6509580964
665605016.1064037085 448625.7235265428
663764095.9051651955 440530.8161798472
693562536.7022906542 518489.6399078369
664559889.6018148661 443237.8334184641
667074705.6010322571 455257.5209507102
691143317.5014592409 515162.2529602051
652783185.8339785337 375639.7902809363
694064013.5018121004 519826.8483428955
698187406.5666545630 522744.9008789062
680718980.2038995028 492345.2017835891
672273327.2185333967 471533.2889707312
653044343.2624523640 376978.2816749793
657799194.2848606110 411152.9158134013
665709495.1645275354 449244.5382238085
661607706.5711357594 431974.1760923415
661087943.0657964945 429432.9615931565
662275299.8462357521 435256.0115527565
692020205.2393447161 515795.7723999023
655910017.7065339088 398293.5880553853
662430463.8786932230 436283.2440967018
700739496.7532992363 524176.1363525391
666173490.9748061895 451803.0993428880
672100722.0820142031 471530.9226224646
693359238.5567883253 518474.8870086670
692830782.8029683828 518239.2873992920
665781669.2699409723 449618.6317601854
652896845.4070204496 376876.5289894324
693617547.2180353403 519295.7630462646
652766264.4640654325 371079.7491728049
672315527.6827992201 472216.7973172888
652774495.2914575338 373361.1249662619
699836359.4146554470 523550.3082885742
672516054.0285319090 473070.2076833472
691946166.5794334412 515783.5830078125
665020740.2768334150 445878.5062225610
693587812.2996921539 518638.9623565674
698715871.4698964357 523400.6519775391
671478781.5274877548 469402.0182798132
691086580.3208857775 514527.5960388184
690830381.6214916706 514504.2347106934
692725365.6444523335 517882.7989349365
653839620.8295099735 382223.0913859606
670707538.9722439051 466862.0296704993
692482292.7302398682 516921.1156616211
698230931.8867484331 522916.4701538086
685889556.9628719091 504979.9310171455
688312470.5476297140 507996.1964569092
689308386.4878265858 511054.0632781982
689430402.8769348860 511395.3218231201
685635912.9732792377 503809.1456625313
690095424.3366218805 512936.1895904541
653181792.8078531027 377916.4048320055
653196081.9679263830 378006.9434062243
698404051.3335123062 523344.8742675781
653436392.7319556475 380628.3838206530
692531875.1739306450 517083.9158935547
685767804.8558503389 503926.2706324458
697998390.8597538471 522707.7208251953
685801588.0154526234 504472.7449209541
700055601.5577074289 523794.7937622070
689058548.4982571602 510723.1661529541
700353297.8610241413 523963.6940917969
682956374.3674314022 498329.1106232470
683939816.2732080221 500471.2085511237
653206429.7470048666 379173.6050120592
688468540.8061109781 508579.7983245850
679682038.5747040510 490100.5253201332
699889363.9938286543 523619.5136108398
679828133.8923568726 490454.9472561684
684372929.8963426352 501270.7712412234
685507663.8715184927 503608.2437448855
684773332.2875874043 501976.8471384402
678791553.3406667709 487333.7316494789
689208931.2099152803 510960.1402130127
689856842.2593073845 512134.3035049438
679929883.8357404470 491140.4101467934
689428801.7234022617 511314.5621490479
679804785.3240995407 490177.0543118324
683477322.1198229790 499801.3770722216
682626616.1378903389 497574.1336945361
679557548.6201684475 489466.8238736000
678639264.0332051516 486978.1096249428
685117514.7408789396 503399.6202097293
685045331.9340535402 502967.1969269579
692263426.0805860758 516086.7293395996
678077882.6525294781 486372.2985287514
682126310.4049208164 495633.8257060405
677827356.8379570246 485186.7776736533
678851649.9420890808 487969.7077084389
688410511.2446541786 508465.0081634521
679260837.0361047983 489417.3185788002
682419522.9309313297 497502.0716966456
681691794.8205740452 495061.4836419886
682743563.5868321657 497581.0600200053
684080469.1276597977 500797.7125352686
683034994.6178556681 498601.9802775737
682344505.5863379240 496619.3457866069
682151787.8633941412 496198.3949998682
684909316.7001531124 502276.0224833842
682240941.0970519781 496481.2862352198
684821256.9773905277 502007.8159593409
680587706.3654794693 492086.3417838570
679007868.5612843037 488573.6669979896
680240270.9385856390 491435.6593497749
682407655.6952950954 496847.7065043803
678493066.0978653431 486414.9616146889
680516796.9331113100 492042.4214347359
682805667.8809589148 498178.7029643413
