94874406.2068637609 2922567.3691406250
94217502.7816957533 2838981.8320312500
94950501.2405028343 2928195.4628906250
100680411.6885242611 3261759.0253906250
94986705.0029913634 2935275.8320312500
112888275.5133031011 3383978.1484375000
95058989.3019103110 2939845.2695312500
99180530.7894455492 3214556.4785156250
95877942.3407701999 3017128.7890625000
94452376.7606596202 2870925.0039062500
94375344.4811090827 2859813.8261718750
95002834.7902022600 2936570.3437500000
94835134.1931745410 2918220.1386718750
99706182.1174776703 3227426.9648437500
94062147.8189366311 2810552.2773437500
95981407.0459763706 3020381.6425781250
97931642.1698789001 3150692.3808593750
94765108.4853450209 2910288.0195312500
95557794.7123210430 2993741.6699218750
97956096.3284487724 3153758.3476562500
94446290.8864609003 2870344.6015625000
93930160.3660145104 2774951.5253906250
93959377.7529811859 2782765.0332031250
94119463.4033858925 2819973.3808593750
94643806.7984423190 2897401.8632812500
95213525.2765857279 2956051.4160156250
102346516.8937308043 3309438.1132812500
94951531.5036234260 2929425.3632812500
94018758.5396456420 2798404.0878906250
94323436.2242408693 2852607.1230468750
94334576.2753222734 2855130.9003906250
94978235.4958153814 2934006.6523437500
97853675.3562331796 3148671.0683593750
97377275.8588213027 3118486.5742187500
94486275.4234024435 2879001.1464843750
95727515.1060445458 3003551.5781250000
94536206.6573237479 2884253.1953125000
98096494.7525521666 3158827.5664062500
94646447.4926542491 2900484.7480468750
94276992.6447127312 2849324.3808593750
95145936.0928430855 2952318.7050781250
98676436.3435147554 3183765.5839843750
94216267.8320828676 2836930.8046875000
94028630.9230530709 2801573.2011718750
94381430.3553078324 2860023.6660156250
94567630.1739757657 2888081.9082031250
99664795.4601096809 3227403.8984375000
94032991.9687192738 2802782.0722656250
94612548.8299114108 2892434.3906250000
95699792.1300644577 3001462.8261718750
96280561.5117016584 3047462.8339843750
96862033.6653950661 3084615.9414062500
94390990.3562981039 2863624.4355468750
95231945.8184749335 2961169.6367187500
95618525.0538358837 2997369.4648437500
93895132.1829325706 2767879.2714843750
95076285.5599364638 2943692.0683593750
95497421.8731304556 2985278.7187500000
94855790.3711505085 2921074.9941406250
93914508.9438836277 2771014.4687500000
94360061.8493319750 2856577.6894531250
93891507.6287324727 2763334.7910156250
95475129.9851082265 2984728.6699218750
93955318.4213299602 2781744.2832031250
95456309.3365258574 2981246.4609375000
94199083.7431769967 2835940.2949218750
96378885.2189244926 3051177.7656250000
94260155.0281797498 2843294.4394531250
93999475.0728357136 2794247.2089843750
95696307.0656789541 3001354.7832031250
94412688.3238387406 2865016.9238281250
100657529.0917989463 3259866.1406250000
100355550.9762888104 3249955.7011718750
94519061.4441308826 2879559.0937500000
94086062.5015785992 2816981.2968750000
96706913.0115946084 3073105.6894531250
94559062.3363616914 2885067.4062500000
94220752.0576552153 2841104.2441406250
94798390.7977690697 2911874.4003906250
94718505.5270718336 2905417.4453125000
95006894.1218535155 2938545.4492187500
100127919.5941283554 3243057.5273437500
93942668.6844632775 2778285.9179687500
98406988.2922392935 3176965.3437500000
94697984.2290937454 2902561.7011718750
93912104.8944116384 2768685.2714843750
102049284.4850924760 3300855.3867187500
95181701.6532405913 2955709.8378906250
96326646.9446615279 3049103.4804687500
93882124.5288663805 2759965.3300781250
95397154.4737991095 2976835.6328125000
95246006.3292379528 2961975.4453125000
95278866.7965483367 2962224.3242187500
100090101.7580266893 3240636.1406250000
99794602.3911656886 3228341.9394531250
97403144.6894718856 3121951.5039062500
96424566.8867854327 3054431.1425781250
96846961.9674366117 3082274.6210937500
97422493.8640873879 3122186.4531250000
93861892.1561930031 2745216.2597656250
96767005.5301763266 3080644.4570312500
100565446.8237604052 3254242.6191406250
94193166.5999261588 2830691.7792968750
93951071.8933122903 2779711.1464843750
94084827.5519656986 2815029.5253906250
96710800.8140460551 3074859.3164062500
101616808.9990021884 3285606.0625000000
100560828.2558990568 3252447.3300781250
106286341.0575108528 3354249.8300781250
98761741.4837066829 3193097.8164062500
94152724.1957876682 2825904.0078125000
96749205.3979231864 3079897.4023437500
94151598.3331568241 2822390.1933593750
93998240.1232227832 2792295.4375000000
99826679.0766954869 3231737.7402343750
98314553.8991561681 3170023.0605468750
100702181.7981691808 3264194.6972656250
101600824.7122492194 3285243.1953125000
100186397.4378745109 3248662.7500000000
99045780.8557391167 3204060.0136718750
100339566.6895358711 3249443.1894531250
93923820.4557517916 2772922.6796875000
100438721.5189587772 3251581.4316406250
95302462.8792067915 2965223.6855468750
98735092.0497429073 3189445.4921875000
102133639.0535977930 3307827.2402343750
101855425.3109945804 3296689.6542968750
99576030.2584077269 3225881.1503906250
102035761.9939289391 3300844.1367187500
95385048.3002275229 2975748.7011718750
94051559.8741054684 2807574.2285156250
97516640.4706936777 3126596.9941406250
93892136.5325564444 2763441.8750000000
97709440.0002601892 3139753.8945312500
100981086.4795700908 3269972.3457031250
97300785.9700120538 3111910.0449218750
94037980.9205843508 2803228.4179687500
99828602.6892133504 3236141.6054687500
95500708.9511507154 2985283.1015625000
94014441.5668552965 2794693.7167968750
95688466.2653314322 3000014.9257812500
94803456.8214510679 2912700.9335937500
97668885.0455096811 3135055.7402343750
100619523.6000129282 3255376.2753906250
94909954.1431405246 2924240.2187500000
98904742.0238028616 3197499.1582031250
100101124.2519856691 3242545.0156250000
96570005.3643497527 3067682.9570312500
100630793.0130020529 3256622.8300781250
94465832.2845087349 2870932.9453125000
101775365.7762657106 3291233.1679687500
94069219.2381515950 2811253.9707031250
96670619.2464591116 3070878.4550781250
102426164.3664830625 3313045.5898437500
93863448.2597372532 2758160.4843750000
94307590.4329924285 2849655.9570312500
94947472.1719721556 2927450.2578125000
95537889.6509485096 2990694.0625000000
93961122.3459963053 2785576.7421875000
94380230.4425497651 2859911.1562500000
96583199.0863498896 3068975.1699218750
100640605.1786219180 3257550.8164062500
95911355.4752051234 3017549.3261718750
97149592.6454724371 3105131.1171875000
102303594.6103308946 3307919.2304687500
98359012.7214847654 3175974.2050781250
94483634.7291905582 2875918.2617187500
99549044.3757642061 3225334.3300781250
97703004.2850999683 3139128.5019531250
94608730.8804326653 2891398.9414062500
100397900.5557272732 3250393.8183593750
105259459.0619478822 3339005.2187500000
100797021.1660393327 3267458.6835937500
102090968.6916556209 3301552.4296875000
98410345.5378054082 3178022.8886718750
99000064.8517583460 3201487.6406250000
100709141.9203139693 3264565.0527343750
94662972.1154021919 2902014.6269531250
101497117.9915176630 3274778.7519531250
97958833.2660667002 3155436.7832031250
96509479.8923303038 3060971.6113281250
98354032.6306862533 3173925.6289062500
98103540.1013189256 3160967.5527343750
100315349.5232543349 3249423.6503906250
94145255.8563274592 2820418.0839843750
95419588.3058134615 2978293.9375000000
109392172.2485354245 3373967.5761718750
95051669.7223094255 2939438.8652343750
94194797.0082363039 2830967.1875000000
95518989.6961740851 2989543.4746093750
95771583.5923871398 3007859.4160156250
96515553.4896607250 3061290.7734375000
102017834.2627585679 3299437.8867187500
111686129.9154705107 3383848.7617187500
98603156.8770585954 3182730.0957031250
98982520.7558236718 3200887.4121093750
95100307.6859748214 2947598.0527343750
94048477.8509280086 2806405.2871093750
94594113.9429547638 2891079.1718750000
94996748.9160035253 2935416.0000000000
93984883.6641046554 2788170.0449218750
96272150.1699765921 3044442.0507812500
97650216.0547145158 3134246.8515625000
94179861.3622383028 2830212.3046875000
95164612.3619722128 2953761.3750000000
96115461.4652091414 3035277.2070312500
99141637.9478325993 3206755.3242187500
98424754.7963378131 3179105.3300781250
95403724.5693566501 2977191.3710937500
95843331.5782453567 3016178.6718750000
96073407.3928234279 3032665.1542968750
101525142.9496399462 3281268.3984375000
98591948.0401384383 3180090.0039062500
98923009.5265163779 3198446.7304687500
98866117.3045992255 3195860.0058593750
98701301.3336429298 3186978.0742187500
96083894.7666444778 3033728.0195312500
95398829.6732234210 2976890.7421875000
96694147.5081152171 3073083.2636718750
96062507.6210745573 3031979.7500000000
95998202.9450771958 3027085.8281250000
95283503.9371290356 2962956.8515625000
97112411.1856987625 3102183.3828125000
102668137.0849418193 3316421.0000000000
94469639.6785506606 2871254.7558593750
94476731.7527956963 2872312.5351562500
96234632.1411449164 3043736.3046875000
95736972.8298622668 3006873.7871093750
95780465.2832772881 3010410.7558593750
94919710.4778513759 2924783.8789062500
96878860.3014905304 3085362.9960937500
96628157.0273664743 3070150.7558593750
97583276.5107355267 3132360.8613281250
96564338.4856712669 3065852.5410156250
96218635.1325501055 3041843.8574218750
97166419.2815679312 3105878.1718750000
96872323.3750691563 3084700.6718750000
96450296.2194879651 3057116.3300781250
96976484.5359274298 3089982.3144531250
96358742.5178298801 3050927.8144531250
96390767.0941666216 3052973.9941406250
94438143.3315859884 2866269.7480468750
97442230.2824529558 3122696.6328125000
109727899.4225125313 3381703.9765625000
96105502.9659917653 3034494.6132812500
95785834.7713913620 3011072.6992187500
98016281.6104096472 3156519.2246093750
95835888.2683845013 3014153.1601562500
94941386.2977734059 2926295.9140625000
94763901.7428815365 2908084.7402343750
95576470.9814501703 2995307.0273437500
96886731.0247811079 3087539.6308593750
97776103.9180132002 3140176.6113281250
96044969.3006114215 3029018.0156250000
95066754.8969030529 2940280.1503906250
109021441.3451376408 3373525.4121093750
111149055.7496367991 3383406.5976562500
100932383.5003154278 3267745.3339843750
95228532.4686730206 2957471.1816406250
95477626.2998668700 2985267.2343750000
98216759.9573648125 3162730.5566406250
95583294.3721714318 2995837.2187500000
98899639.3221765757 3196544.3378906250
98392107.3128402680 3176721.2597656250
99511797.0450509638 3222559.2617187500
109247010.5759158731 3373696.2128906250
99177376.9281584471 3207439.6562500000
98603998.1023956388 3182971.8378906250
95339419.8933592886 2970924.4433593750
97278939.7624520212 3110977.0839843750
95310569.5268077850 2966380.3242187500
97265580.6376643181 3110215.9335937500
100747291.2012947947 3267150.5957031250
103268962.1015047431 3322244.1425781250
97806188.0246917754 3141886.6523437500
110472823.8245721310 3383329.6035156250
98223188.8222866803 3162735.9082031250
98192342.1399384588 3162509.6035156250
98085916.5191956311 3157736.2265625000
98133055.1182692051 3161743.0097656250
98140515.6130718440 3161858.9472656250
101128316.1747138649 3271177.5546875000
108467928.4186138809 3364401.7070312500
110334922.3347633779 3381836.2441406250
96183182.3663214892 3036535.6386718750
97824165.1660906076 3142629.0117187500
99994544.8337419629 3238818.8378906250
97254391.4736951590 3107380.8046875000
97287916.8224953711 3111077.6464843750
97067528.5042546988 3098115.4902343750
97827650.2304761261 3142729.5742187500
97026170.2135075927 3096437.2656250000
96955853.3718558699 3088204.4648437500
95932617.7608603388 3018378.1601562500
96982689.8043692857 3092393.6015625000
103658606.2762366980 3333076.6132812500
109017250.3532563746 3366920.2441406250
108110335.4534155279 3356236.1835937500
108290900.3364424407 3360959.8261718750
103649643.5682940036 3323719.1269531250
