564059951.6507004499 156826.1223435980
594167493.9440766573 207630.4889984131
559952652.8669222593 142792.0065300372
579311215.2850474119 189203.2425694429
556621080.4117369652 121917.6021533516
570037208.9951126575 171800.9559913715
581019780.3506466150 191906.2193864547
593979904.4506490231 207479.3244476318
586030794.1543773413 200348.1723566055
555863954.2155112028 117438.9447770622
563512426.7354061604 154841.0681302762
583558005.8986090422 196033.0534741246
582092361.2989830971 193971.4683862329
569861306.5950907469 171295.6612297138
561188755.8649703264 147099.7516531116
556734366.2449736595 123023.7257113960
556391028.1992206573 119200.6193877668
606161293.5833559036 210687.1950683594
555736810.5679842234 116107.4683209868
556792841.5450443029 123690.0481841173
556489245.6458058357 120489.6840810986
558169660.0323709249 132568.0114940610
581469548.1052676439 193084.7774987817
566599786.7404190302 163231.5625670329
566881813.7638591528 164707.2893093005
564033076.0193631649 156772.4486140386
584396961.7018929720 197584.0230607354
593793393.4838086367 207437.4189453125
556680820.4746725559 122223.0572908726
601656839.8852545023 209746.5431823730
558616555.7474187613 134226.7505642083
579375582.0180433989 189339.7464246377
566424139.9904496670 162758.9445560948
566123273.2878743410 162685.1649220959
578103416.6589782238 187624.2086339407
578005344.6399033070 187035.6353879385
567446575.0453680754 165613.7855868713
578005344.6399033070 187033.0712399893
579134226.5655544996 189191.4878322073
578749977.0249487162 188658.5519648977
579134226.5655544996 189192.4327784964
581181199.0851396322 192366.2337979936
584835621.9836720228 198328.4933823906
555521061.4576050043 115024.6043168810
581050417.8964920044 192334.2132291459
576013534.1299089193 184180.3797448158
573445151.2094967365 179300.3572236180
573685054.8712098598 179939.2103635613
574069001.0722298622 180076.4334870457
576013534.1299091578 184181.3160241126
561515813.1825381517 147995.6669232315
573445151.2094966173 179297.4839936375
593637773.7654548883 207412.8809356689
560369201.7602155209 145163.6899218029
574762164.5166773796 181036.9891559873
573055137.2225822210 178299.2519456028
579333495.9005388021 189319.3620057069
560857500.1886515617 146873.6862472958
592275921.2645107508 206546.0992279053
560282870.0672273636 143986.2923421329
567491406.7039172649 166222.7983553941
567368278.1391079426 165496.7919095094
592392300.9260338545 206585.9636688232
579931795.0523118973 190787.8226456605
593611323.2887190580 207337.7748260498
567284303.7327052355 165391.5628121431
571475948.8120124340 174838.4918219820
567368278.1391080618 165497.8828843171
559018097.2385585308 138512.9406525400
579991457.0712490082 190906.1416764223
584495098.5768575668 197784.4037980401
583693291.5895429850 196273.9063462578
583151822.1490256786 195425.2723397576
592965976.2974852324 207245.4880371094
581775481.2543593645 193616.7818322778
606161293.5833559036 210687.7703247070
574570205.9731161594 180655.4188183593
568302349.9226057529 168378.0376160676
580597025.7893667221 191823.7021143996
600506578.2496125698 209708.8979797363
580257185.8369626999 191532.3911576234
584495098.5768574476 197781.9881486260
570946150.2256577015 173684.6521689669
566857679.2947515249 163914.2379081781
579537198.7157917023 190229.4474765249
585273671.0470421314 198717.2968797051
579730451.1872186661 190777.1803421938
574267358.9531563520 180133.6297718966
557716842.1530597210 129310.9485458639
562008472.1458173990 149794.2562623239
564124392.6205000877 156958.6176843420
557585385.5614973307 128529.9409126547
559606587.3976285458 141440.0479276036
558623088.8533868790 135293.4883406824
558623088.8533869982 135294.4266646570
560049774.7280936241 143391.0229560799
558623088.8533869982 135294.0175917810
562005772.0738649368 149204.4614625192
557716842.1530596018 129309.2727798727
584121619.3884717226 197532.8231858574
557746043.0733070374 130010.0166187194
558235889.3888009787 133223.0796386665
561547442.3932385445 148665.2104638285
578365736.4154747725 188070.7694696113
559253087.9145523310 138635.5735095647
557761827.8729608059 130677.0234169867
558403447.1621509790 133471.3103860086
558120780.7344927788 131435.3625159171
559566443.3725430965 140834.5199582432
559269799.0553190708 139903.9068592992
558162174.0224813223 132242.5409659301
596490482.8180072308 208972.3146209717
561215487.2077652216 147400.2382111019
562106790.7988353968 150384.7183747506
559015506.6637164354 137791.5870390595
557022268.4975928068 124147.8018402988
597504838.6426368952 209205.3162231445
570719824.7727171183 173050.9155051485
558155855.5774649382 132200.1187081309
571338775.8843518496 174562.8931128756
557771453.6813251972 130716.6393246558
571689860.2526599169 175377.1456153170
564678792.5362956524 158467.8813459213
560126655.4046312571 143734.9191344148
576934923.0890947580 185892.1020270512
560670129.1307715178 146101.6529671914
596184660.2835884094 208602.4366912842
592711441.2565677166 206969.9636535645
564524372.3948601484 158183.6962415511
576381953.2544279099 184745.2133324622
561330565.1058250666 147793.4500653213
557188824.8768229485 124973.1053964430
575801728.3525390625 183621.7952681697
576158699.6152808666 184647.7402852718
597504838.6426368952 209206.7927246094
576381953.2544279099 184742.0914452552
560171904.1453716755 143842.8254959053
565125070.4538170099 160337.8053863422
597243138.3522094488 209151.7840270996
597243138.3522094488 209146.4725646973
571658881.6277385950 174952.5390326754
571791798.4040232897 175841.1150375382
572387807.6887754202 176670.6809440637
577648414.7996412516 186693.1532863770
574830403.5518310070 181923.7629530906
576567145.3249715567 185310.4810669907
576567145.3249717951 185312.7925904282
599986111.2307925224 209678.9055786133
597170417.8730673790 209108.3054199219
563755510.4668114185 155639.5735489661
575433950.5884157419 183040.7549050330
575170343.7019804716 182325.8906014442
583803191.4015895128 196641.5456227624
570367272.8173195124 172516.2891326920
576567145.3249717951 185311.9477417954
572538123.6756097078 177153.7555232281
575908777.1879396439 183996.9367564209
597243138.3522094488 209153.2605285645
559457255.4177049398 140809.8285817113
562542159.6022503376 150947.7846060023
572044275.6914426088 176239.5814720178
561538888.8264502287 148121.7293361053
569883780.4607616663 171572.8005878925
561720447.8585594893 148985.8241492734
597170417.8730673790 209114.2873535156
564831443.4935666323 158975.1608817745
592448369.1327502728 206618.8245849609
557266745.8395993710 125816.1983529860
599661967.6775244474 209497.4495544434
579412023.2003364563 189884.7725300752
562720336.1505244970 151507.9468024001
596180920.6617755890 208495.1548767090
568995516.4660974741 169712.5859231744
596180920.6617755890 208493.5508728027
557266745.8395994902 125816.5510567957
562815874.0576869249 152144.8461270556
579112897.3303579092 189069.1718665548
595938952.4804733992 208458.3727416992
592683922.1187282801 206712.6813964844
557285268.2244412899 125840.4720046129
564030107.5521606207 156415.0291930969
570024598.9138447046 171674.8460132424
560333983.0962580442 144359.7791038659
563398076.9562498331 154616.4202214853
569240128.9106765985 170416.9068616629
563644019.8223700523 155547.9294141904
556171783.2668138742 118569.9370537610
564451889.9330198765 157676.7953082855
562930541.7271679640 152724.9566159472
564451889.9330196381 157675.9952136810
564193966.1457514763 157355.0627490813
556155164.9301172495 118227.0148850293
559907046.5376623869 142583.1280776467
560568308.6989830732 145335.2584053185
604220466.2108012438 210507.1183776855
568092129.7139620781 168022.1413071687
563253698.8151006699 154264.2089921907
562658150.4212017059 151306.6018620278
556286462.9870834351 119073.9815350385
563205933.2835836411 153617.1290029958
563871715.1955075264 156414.2030593688
563871715.1955075264 156414.0261184509
582244106.9780762196 194079.0379465036
602055366.0774185658 209848.3358154297
562693671.1775139570 151418.6246487871
580370789.8422045708 191651.7148726546
602049655.0551608801 209770.2349853516
568512418.3715339899 168954.6693528230
558774155.3916252851 136630.0949632433
568665311.4069700241 169076.0527710626
568681860.0439872742 169166.4785779715
558904692.5367872715 137419.6513054874
568399740.8618257046 168646.5214188630
568205630.5053406954 168222.3154099519
558679952.4370663166 135994.1640611794
565520299.3252881765 160490.8481444652
567459593.3968389034 166111.9218819673
565689876.8663926125 161165.3100768105
602631429.6855704784 209892.6132965088
567612783.6204036474 166702.4561570222
565515583.4378377199 160426.5873468072
602704010.8920372725 209917.4111099243
602848418.9428857565 210356.2186584473
567455155.2538633347 166054.5156052644
573042080.1045931578 178204.8844529931
567923624.8284288645 167527.6210721731
591067177.0868154764 205673.6798324585
573025095.1320697069 178147.8545399784
568769943.3022991419 169697.3699461967
585362820.0004676580 199024.0516536236
556907080.9495526552 123976.1165675135
602195775.1906629801 209869.6046447754
590695896.3782405853 205257.9946975708
582578309.9635943174 194692.5001382828
556398170.6251503229 119510.4869490476
557325255.2436408997 126264.9850305529
581360981.2654649019 192875.2747929692
572821996.2544089556 177327.9269281059
581417595.4052305222 192876.0480473638
570174200.5435832739 172169.5386380107
559741649.8117039204 141776.3146343446
569693199.7440760136 171168.9403848266
584889087.4718433619 198540.7590007782
570104197.3770470619 171985.0600747680
571168521.3381826878 174500.1411989248
581270825.0376273394 192588.2556739450
558539835.5860918760 134163.4072264047
570845905.5451161861 173256.3376168674
586221534.5196796656 200438.1185550690
575572034.9040981531 183098.7940270930
591395824.8302850723 206108.1332473755
559863840.2395942211 142145.8667093134
565883156.6185157299 161534.8486272476
592115063.1163705587 206325.5652542114
557527323.4003487825 126894.2434228606
582927928.8964515924 194987.6645019054
587190371.5437003374 201784.0104312897
605045105.8823527098 210584.7648620605
586906814.5274910927 201340.2647037506
582927928.8964515924 194986.4783446789
575185561.5469164848 182481.2229259043
587308810.8860003948 201791.3242282867
588465924.7548575401 202742.5307617188
605350134.0641733408 210610.2091979980
606011361.5731287003 210622.6245422363
591113687.6064103842 205928.7781372070
589036689.7795279026 203399.3002014160
591455875.0122675896 206309.4359512329
591455875.0122675896 206307.6032485962
582994399.0656244755 195410.6178641879
595206251.0935994387 208065.9976806641
583577619.2274316549 196046.9697371125
583577619.2274320126 196047.9880476594
595165690.7367624044 207705.8287963867
595165690.7367625237 207707.3544921875
586010637.8755373955 200167.1322321892
585692852.8835588694 199434.4591416680
583171696.2095174789 195654.3224115968
585669979.6857566833 199411.4693345391
590022026.5691678524 204816.0181808472
582635556.1033260822 194811.4476742708
585776215.9671128988 199733.1236142479
583376007.5456016064 195963.1289454103
587978127.5847350359 202497.3901443481
587696178.9788532257 202371.5974502563
581616731.2377800941 193162.9911198579
587910761.2589602470 202376.3174209595
589826643.9742829800 204774.3570175171
587910761.2589601278 202374.5392227173
590342312.4299187660 205119.5449142456
583774729.8982838392 196374.6158351898
587536282.0691047907 201888.7383499146
589674868.8827135563 204340.7412643433
589256976.5854603052 203925.5232543945
589389137.1773557663 203994.3221359253
589389137.1773555279 203992.7933273315
589701975.5979765654 204717.8820419312
590106457.2390722036 205097.8506355286
594917419.9418776035 207658.9772491455
590411230.0705018044 205196.4186477661
