142840594.9543788135 16367.2288873516
141290510.7957255840 14108.3699803029
154387413.5904342234 20777.5312814852
141495773.6982469857 14837.1243994509
141346782.6807861924 14465.6713965212
150861878.3555847406 19726.2002730145
141264099.4931982458 14052.3677407373
141103593.4942227006 12648.4329860713
163187586.5545520186 25239.7660752566
141172585.9153160453 13327.3808875817
141309679.3225519061 14108.7584638596
162605278.9961040616 24938.3011926115
142287812.2786168754 15867.8145340903
164336909.2552668750 25883.5988945980
166151325.9015316069 26448.1905976851
165965159.6387364566 26353.2847444136
141768029.3177218437 15299.9519956483
142661635.9718558192 16317.3225639776
149175701.5617302656 18788.8209604871
148918154.8742101789 18693.6627726209
141398764.8215928972 14477.6434874310
141276534.5698218942 14053.3117599710
142332939.6684523225 15945.8695610479
141040387.5469965637 11456.7212328538
141227135.9571127594 13722.7674052529
141081205.0487711430 12216.0007828332
169756605.2116211355 27717.6540349722
170143576.9130250514 27885.6988449097
155808850.2065874338 22155.5876052900
141243183.1307097971 13743.0458479536
141080901.4849555790 12179.3674817439
141663092.7660149336 15233.1409354483
142390740.5920943916 16209.2190303371
172873846.7704429924 29065.1673965454
157884889.8635716140 23226.8510004301
151333799.2147102952 19897.2348546310
161062006.9544077516 24236.0854843413
141131361.2740877569 12952.1623332507
141193828.0806881785 13371.5928450239
147661349.1265411973 17483.3432484762
142267649.3045067787 15837.6143124213
173169628.8777725995 29204.2463302612
141238779.7437202334 13736.9189919643
141189424.6936986148 13365.4659890346
141252766.4268772304 13921.4146744628
168805198.3357246518 27405.6122668236
141177780.9070910811 13351.3144023232
141073598.2437829375 12179.3259344157
141952686.0787939727 15633.3803234472
157031755.0550031364 22708.8527170921
141100757.3580924571 12523.2666084822
141135764.6610772908 12958.2891892400
156957224.7974440455 22302.5902239364
146002121.9207003713 16814.8231770302
145209544.1185735762 16460.2854556738
141518311.9298444986 14858.3799223228
168458657.9695579708 27021.4149621874
141052804.1763111949 11833.9793739840
141800548.7724315226 15604.4650648012
141639836.7317581475 15198.3041320218
172541957.6209324002 28954.7202758789
167057379.5973366499 26552.7508069165
167936499.4790073335 26836.3706809505
141216771.8281825185 13687.0436083879
141167416.7781608999 13315.5906054582
141163013.3911713362 13309.4637494690
141092260.4279015660 12517.4799197968
141409003.9035811424 14664.3206803221
141623120.1531917453 15100.3449951633
141212368.4411929548 13680.9167523987
141320682.0985453129 14292.8676773924
142545054.7523056567 16253.0785187705
162336354.4404104650 24381.3102052400
141061203.4914392233 11876.2614515349
141435158.5135206580 14796.0150571241
141795095.1102752686 15306.9880288019
141113066.9240682423 12806.0698330398
163883511.1415315568 25255.6988466084
155675226.0805330276 21561.1658099516
155634148.8081464767 21557.5759649052
141149696.7876793742 12979.6576635391
147430463.3916067183 16991.3665374116
141368280.8965825737 14473.0433838516
141124120.8744697869 12944.1376025286
141119717.4874802232 12938.0107465393
141168911.7866745889 13317.9066150188
141182184.2940806448 13357.4412583125
142300027.3312638998 15904.8890922979
141205438.7618614435 13556.0905421134
141156083.7118397951 13184.6375391837
141201035.3748719096 13549.9636861242
141151680.3248502314 13178.5106831945
169597497.7995136380 27441.0551705360
142143089.0958496630 15837.1772057876
172499811.7295948565 28603.5765609741
171282184.0918032229 27907.5250740051
141087857.0409120321 12511.3530638076
141069194.8567934036 12173.1990784265
141588033.4899435639 15067.2520200684
152601860.2113749385 20011.1939873024
142280084.3811303675 15837.7660274074
159399228.5555023849 23537.2347444147
154908286.7525404096 21257.1379234251
141333117.1751689613 14295.1270905657
160168880.2619726658 23900.5819399506
159414039.7428131700 23670.8377459198
158904646.4289485514 23402.6019821521
165856191.5667046010 25937.7118686065
141049082.4217400849 11505.6450677446
141798405.8945823610 15425.6565751060
141059885.0561802685 11834.2955373446
141064288.4431698322 11876.8824078143
153674272.7301113307 20681.8796373308
145546472.2081437707 16657.9383005521
141040698.2484343350 11462.1555860633
141045101.6354238987 11504.8084486052
148494641.4988031983 18092.3421807252
153614284.3254771233 20456.3493441538
141341318.6965667307 14393.3923744410
141085091.1768362224 12470.5624240282
157586161.9598884881 23134.1346352696
141312832.2491725683 14178.5717693492
141250505.5913988054 13757.8016952574
152959501.6932902336 20447.7706442917
152720995.0089340210 20249.2376978993
156836545.6925190985 22167.7368918880
157437297.1708572507 23130.6118346060
157280601.5322577059 23061.8008604849
158306762.2687666416 23359.1642385405
141114270.6136036813 12809.2422311604
141116166.3417761922 12834.1470923522
145283805.0444635153 16463.5034116947
145373797.7497458756 16525.6604205680
145420212.0232982934 16612.2324227237
145407487.1288521588 16575.6181941470
146353988.8785052598 16949.0213419572
148065227.9542940259 17634.1520240670
148515152.1622231603 18098.6585215707
148263267.9666917026 17745.8756528840
147627082.4164273143 17102.0828696107
148382180.9480166733 17829.6029813931
148536144.9622258246 18209.4932377979
148245758.2270457745 17727.0605281040
148421572.4002907574 17851.3501824781
148441575.4151086807 17898.2431348411
148444520.2525899112 18074.9464627251
151273358.7519561350 19782.4979905486
150316101.7051735222 19445.7050417662
150165153.4326684475 19174.8995569944
150734621.8208634257 19582.1511219144
150586812.6780768931 19496.2934902310
150973463.6063040793 19741.3999634981
150714659.1345143616 19512.5530751348
