233347598.7322794497 14728.7317123413
218194220.3640089929 10542.8897528337
225577342.8854362965 13161.6913930161
231383712.8085579574 14390.4715070724
224627805.6171378493 12955.1807390619
229305045.0948369801 14076.2014369965
220462516.7110251784 11595.2533843492
227476755.5363458991 13651.1941795349
220591057.5905246437 11687.4708590279
226313115.1295140386 13357.7599288209
230850316.4760903418 14303.5311355591
233558352.5716702044 14756.5091419220
226526726.3057406843 13457.8117848618
236578494.0228357613 14981.9313392639
233708986.0118046999 14764.8821372986
227178375.3014145195 13559.7132673264
226787356.5818960965 13478.6072922929
233526344.7476589382 14756.3043003082
228819624.3055490851 13976.0594348907
224470777.3041190207 12938.2231775690
220534021.7523497641 11644.3704895744
219332393.5341163278 11054.5115199158
226633264.3170464933 13477.1206132157
218986824.0186288655 10850.8119232723
222385652.5969798863 12273.2175269583
216012546.8403008580 9042.0861552867
226083114.0576158762 13291.0169826730
216931131.3189373612 9697.9914092770
233986371.2063577175 14796.2747383118
222556917.8228196502 12367.1267405013
240186603.9042611420 15166.1968269348
224408641.3820835650 12914.8920313288
220983547.0859859288 11797.0024323235
221098036.8510893881 11821.8496289024
233150059.7917444110 14695.6716938019
218173397.0752014518 10506.5796735802
218616793.3932908475 10681.5314215206
228822469.1541434824 13984.1107158661
233982283.0376926661 14773.9514636993
232968437.6500839889 14684.2761344910
217170120.7791741788 9826.2108315000
221002373.9802006781 11817.6914105187
233245201.2431033254 14726.0945739746
227404854.7483834028 13609.0472745895
217166960.9700850248 9818.4254328957
223869929.7550641000 12784.4652870465
226143282.4106559157 13314.7239724381
232719259.8126643300 14647.1815528870
231175983.0745061040 14355.6083831787
228520633.0956631005 13926.5046987534
218432818.4808655977 10554.4519202859
226484196.3576630950 13413.4807425721
228381069.6243209541 13890.2981405258
226906570.1299138963 13503.0542012437
228627054.2719198465 13951.3306970596
217456614.6396163702 9915.0390504898
228892114.2577745616 14000.2032213211
228578240.8459047675 13948.1380281448
216173854.2774377763 9087.4783962699
223630775.7193545699 12698.2296118747
227194227.5231743753 13567.6175413132
216842205.2651238441 9588.8305346513
227354476.2072855532 13603.6308250427
235656160.1090260744 14902.1346015930
223273380.4918261170 12591.9207762349
223397265.5377890766 12651.9416708108
216726800.8146556020 9519.2422935491
218016879.4594530761 10374.9529012268
218528258.7147754431 10659.2859811032
228175799.3482391834 13827.9221830368
217614563.0350004435 10000.8085390777
231212903.4146727026 14373.7152433395
231852979.4330545366 14462.3688020706
226482443.8857798874 13382.1726390107
233823706.2342154384 14769.8231372833
226386824.7059018612 13373.7052003129
231250673.1658365130 14387.3651304245
220865512.8895618021 11737.9696284366
229501501.3285498023 14115.1191406250
217293566.1181267500 9888.6646598877
218988601.6245465875 10853.6485166618
225054901.8317040801 13073.7282298415
220908875.9348829985 11756.8136580616
231523318.1597788632 14424.0127773285
234631807.6861346364 14821.5884151459
229515946.4929615259 14115.9929389954
230783614.5758132935 14293.5536832809
230964789.0537729263 14324.8751354218
218729375.1751088500 10738.2417287895
216414728.1978821754 9197.4997762792
223079235.5473820865 12532.9263609517
217990870.6566035151 10236.2499331062
218477751.0578792095 10647.0040617505
227038975.2229032815 13517.1487331390
223902340.2918315232 12798.2955978680
223544801.9723829031 12683.8307979871
241547189.8731919527 15209.1085624695
228059092.9524499774 13807.7260007858
218558363.7685508728 10671.2735472241
229390408.0001972020 14080.4276084900
225153511.8008503914 13097.7932615171
235033698.8985783756 14847.5428886414
222938168.5912702680 12485.4890132407
234702197.3512993157 14824.0207118988
228654574.2576778829 13963.5962333679
223684977.7452947795 12736.9829796124
228137789.7189089954 13810.1186714172
230581693.6626891196 14270.7119512558
220769850.0186730623 11733.8114100528
222977261.4519626796 12490.2408061484
227170796.6973984241 13551.2503643036
230267374.1036475897 14215.8679494858
230660834.4015510082 14286.4286756516
224492842.2306983173 12938.2690599728
226280901.6214654446 13343.8211042415
224058487.2616022825 12828.9770468045
230962164.1159639657 14316.8223495483
224101603.1491474509 12849.3985756207
234283757.3554811776 14816.3840694427
227086464.6508064866 13549.4601669312
227193146.5241388083 13562.6576004028
219701693.2188214958 11198.2531971821
224898189.1960167587 13027.9400834609
228245179.3187474906 13834.7049999237
231977341.7345822752 14487.5106639862
217526876.9022009373 9972.3266548664
226203494.1686194837 13319.8469793331
224681890.5774459243 12972.5826043654
232458964.6708116233 14576.2857275009
229001416.7308680713 14018.4685554504
221851407.7927089036 12090.3430409813
222566054.4064514637 12377.7972236136
224328140.1683299243 12870.3271148968
221838461.4984963834 12079.7552646967
224676880.0707661211 12964.6421907712
231641548.9378265142 14446.1443967819
222986368.2905603647 12521.4153876761
236511435.8078411818 14963.4082107544
226107363.1784099638 13296.5053684246
232203187.7379936576 14529.6376199722
222834945.3567602336 12452.4487185935
217887386.2898595035 10152.0883975380
232274034.0703137517 14545.2177572250
232355666.6090391874 14559.1792020798
223147000.9934483171 12556.0111804465
232529978.4147047997 14602.2681179047
235770014.7743264735 14918.2257308960
217574609.6410603523 9986.6377023758
216378737.4466699362 9174.3074813091
224298481.5970868468 12865.1185177136
224359143.6223693788 12891.5409172345
239640472.3275013268 15164.7716369629
227995368.4586206079 13763.3875141144
227795301.5322953165 13701.3190860748
219915212.8684939742 11264.1693786960
228867263.2478574514 13998.3309898376
223987315.5413505435 12811.5959785748
229037871.7099696696 14051.4709072113
223179796.6372191012 12574.9347091177
216068311.0208291709 9059.6854742669
229093537.6256525517 14063.8163013458
220449774.6962257624 11594.0280891490
220262586.4629792571 11491.4606491161
220094219.8748304546 11396.6422208046
223801911.9516195059 12748.2448967267
218990383.9451787472 10898.3976570220
227693867.4413145185 13696.1050958633
222130194.0473333895 12189.3863792876
217335256.8653838038 9905.9064775781
217739488.0825761259 10022.2710682602
225679336.9418276548 13223.3077651989
216195555.1662378013 9173.5065055095
228843726.7655256391 13992.4988155365
226070004.4243073761 13278.5643655788
224984831.6092565358 13041.2544049788
221191981.5591343343 11858.6913784714
216478636.4164897501 9280.0078968868
218757229.7812449038 10786.9766527266
240493163.2838619649 15185.7406082153
225809841.0530801117 13237.9833862316
219942440.8404746950 11322.3663780075
220297470.3832996786 11501.5615020824
225527556.5566937923 13140.2565469630
225279031.1754847765 13133.7118921168
220320468.7916229963 11521.2364417148
220119768.0788448453 11403.7212821823
225615696.1086359918 13178.9889709484
225433123.4403342903 13139.3032312281
226048198.3219659030 13275.6056893021
219295349.6876350343 11015.8688650877
224867861.8831699789 13026.5953645278
224963392.1480736136 13029.5851068068
240522649.7484184802 15191.6517524719
216661531.8067155480 9355.1058739812
219219957.4430038631 10967.6528984160
234829503.6086207926 14825.2879924774
228335813.8338480294 13862.7918348312
220346461.3656236827 11542.9707376929
233882985.3494986594 14770.0878410339
225656876.0642941594 13206.6238548290
224180743.8880093098 12865.1153000165
221310822.7299303412 11951.2788525492
235104168.8631617725 14870.6401557922
217129437.8664273024 9762.0457308576
224452775.3425027132 12919.9053685237
235393750.6326487958 14876.3919830322
232016350.7519518137 14502.0426151752
229395623.3950367868 14098.8629970551
221740356.7634823024 12070.0029117477
219269171.3200391829 10997.8638907225
216700615.4907570779 9385.1969592438
231513427.3624193668 14392.9801838398
236893901.0384991467 15014.2936058044
219038705.7113673985 10904.3661881239
220532625.1287795603 11639.6551891544
218644599.6811805964 10696.3690185479
221549820.5605776906 12007.6687870890
224322913.5757124424 12870.1478546429
238889216.1606267095 15153.4699249268
234417839.7408407032 14818.8032417297
216503114.8332381248 9291.9121621322
228416808.5000814497 13892.6697187424
221388271.2994933724 11956.3539563089
223379172.4113853872 12609.1991339186
232883095.8400560319 14665.3474845886
223808629.7031904757 12757.4235103894
217234338.4571846128 9827.1725285038
216387148.5406087339 9174.6202920840
217853555.1306888461 10082.6398394560
232827429.9243731797 14653.0020904541
221578013.5474258959 12038.0390339762
221560633.5900573134 12022.4220906168
221294312.5746976733 11870.0840291036
230521954.9454821348 14239.5742149353
217926313.9298680425 10184.1804888628
223086310.0110841393 12546.8434896925
219507833.4732888043 11128.6993699517
222613294.3586522043 12397.0456982115
219468710.5862289965 11056.0155529067
216725421.8878836036 9410.4679742489
219245496.7972501516 10995.2740761485
220209951.5208661556 11489.7100517135
219552961.3569965065 11135.4027772393
227819811.1569923759 13716.9613056183
223320365.7334746718 12604.9755087355
218776825.5036678314 10795.1078532867
238942295.8339675367 15162.7857284546
229826160.7813981473 14137.4262876511
221688465.7958086729 12039.1609372482
219899088.0381822586 11241.2799125161
238397674.2581386566 15141.2765045166
227875924.2243556678 13745.1089115143
219796821.2418069541 11240.1943946328
227896038.8349228799 13751.9673957825
241131269.2688440382 15205.2450523376
220906370.0410315394 11749.5128166061
238539843.9458416998 15149.4490051270
228056626.6334167123 13764.7137393951
236216336.4467937946 14946.0406036377
230174958.2471816540 14203.1737756729
229686431.8069445491 14125.9637594223
230519920.7371840775 14238.1750936508
230414532.7691491842 14233.8020715714
221874281.4674040675 12122.1624602657
222149344.9064951837 12217.9591682414
219140111.9523974061 10961.1585614614
229921845.7177761495 14166.3249826431
222166630.9029599726 12229.4754233817
222248080.0425620675 12255.5741172293
217956577.8885480762 10196.4958493259
219666823.7114031017 11169.5573214669
217665782.9043653905 10007.3059122500
227819603.4479326904 13713.3105697632
227426544.7815320492 13623.9316740036
237326837.7585569024 15068.1783294678
217798476.9337116182 10066.8621017870
229866179.8020933270 14154.0378770828
222268194.6531291902 12262.4326014975
240602205.3432102203 15193.0170021057
222428949.1789241135 12321.8534598807
220708241.2147677243 11717.8834449630
224854260.3374768496 12995.2925104499
236204373.1483916640 14943.8147811890
234848296.9199486673 14831.1145286560
221793833.4080586135 12077.1292142275
240921648.3153955936 15203.1809806824
237887470.8796102703 15120.3428039551
221959751.5045323670 12147.3464931185
238092334.2354699075 15132.1759414673
237146610.7756423354 15052.5510101318
237563559.0105342865 15103.2281799316
230939141.5112844408 14305.4133911133
236829272.3821959496 15000.7251472473
235578041.3169126809 14888.3300437927
241190739.6167709827 15205.5431022644
226114699.0946422219 13299.5928121060
226046004.8280849457 13250.6679616421
225854961.9574122429 13239.9749684781
232354286.5349605381 14549.9072570801
230335495.6372953057 14229.8543472290
