399632968.9634801745 1997223.7175292969
415539177.8939055204 2351119.6184082031
397741831.1556561589 1916478.7829513550
400622948.3737697005 2027967.5098876953
414003772.7723839283 2329103.4704589844
400419255.1898480654 2021176.5922241211
404367345.7289195061 2142332.2766113281
401399632.4837384820 2050490.0837402344
401129941.2493845820 2045506.5177001953
397144645.0129872561 1869874.7685089111
407214083.2373399734 2209695.3898925781
414699536.3024424911 2341771.2004394531
397433575.3966693282 1893665.5351486206
414798098.1504997015 2342263.3645019531
414646746.0045673847 2341698.8254394531
414530401.3414794803 2338735.4338378906
401100047.3539566994 2042039.9018554688
396083567.3332883716 1778107.9511108398
397559166.3370766044 1912006.6291427612
396785744.9338264465 1862390.9681930542
403307032.1627364755 2110719.4909667969
401754443.4737690687 2065141.8688354492
400082998.9374274611 2014027.9860839844
406488015.0024642944 2189710.9633789062
407899683.7148771286 2223888.5456542969
403768472.8767548203 2124726.1928710938
396343678.0909690261 1812551.2210845947
399501199.1697963476 1991620.1456298828
403307032.1627364755 2110695.5124511719
416600335.1765984297 2367306.9899902344
403282639.0409457684 2110325.1140136719
399493528.8139511943 1987955.8198242188
413724933.7964158058 2323380.2165527344
402484397.5294423699 2085538.3465576172
405787386.2348340154 2180205.6435546875
401624804.5169342756 2057838.5505371094
402458940.4268549085 2083159.7957763672
399252530.9486957192 1984193.4916992188
397163991.1787462831 1884411.4225158691
402482709.1965197325 2085165.3817138672
403862093.4053608775 2126995.6269531250
399649744.0457090735 2004107.8175048828
406822108.9136230350 2197356.1320800781
399304565.9113783836 1987032.8979492188
399542270.4890432358 1995314.0549316406
405450881.1264638901 2171693.9865722656
407468075.4308772087 2215878.9099121094
398763414.6824303269 1959251.3924865723
407456314.7681949735 2214616.7060546875
407961497.8660526872 2225714.3659667969
401685589.3319777250 2064653.8621826172
403781254.3128575087 2126269.1030273438
397790107.8994461894 1917349.3054122925
396678191.5259339213 1860264.5707321167
404908707.8307051063 2157468.9919433594
405212599.3481743336 2163976.2065429688
400518643.3432358503 2027799.6004638672
396261248.6597728133 1785934.4884185791
415322171.9981929660 2348663.6379394531
412265423.3756336570 2298181.0739746094
406543793.9739933610 2191796.2416992188
414097500.8009790778 2330435.2194824219
397378154.6697638631 1891642.9295959473
402715919.2771440744 2093753.4296875000
402037274.4351164103 2075101.9501953125
399328190.5184589028 1987372.8616943359
414153114.4674122930 2332966.5793457031
403160471.4669476748 2109448.5681152344
404465332.7281060219 2144114.0700683594
403345425.2041220665 2113547.1484375000
404843990.7573797703 2155671.3088378906
406978275.0830865502 2201760.7231445312
406514890.5187126994 2191246.8291015625
398548058.3094134331 1947892.6304016113
407934518.5716342926 2224926.6047363281
405224360.0108565688 2165238.4104003906
399206570.0980216861 1982346.7890014648
397145270.0782217979 1872802.7308654785
401383166.6515756249 2048031.8809814453
412618879.0944206119 2303423.3005371094
408505843.8611803055 2237617.4858398438
408350572.2462009788 2232960.4621582031
404382084.5150722861 2143177.4592285156
404862456.2085959911 2156491.9421386719
404090175.1896698475 2134868.2307128906
405110722.9182763696 2160693.1977539062
409887407.9601442218 2254920.2412109375
409825257.9249373674 2254325.4355468750
409520973.3617556691 2253749.2983398438
404245912.7170398235 2138659.1740722656
399060511.3011674881 1977977.6990966797
398004170.7129060626 1924125.4814987183
418929473.8809179664 2379253.4814453125
410542023.0797742009 2268864.8029785156
405548591.4029046893 2172625.9252929688
405122483.5809586048 2161955.4016113281
406665785.9048270583 2193287.7661132812
404746533.7274331450 2154889.4233398438
396802776.7523966432 1864457.2750778198
410021614.4904481769 2259625.6269531250
406310551.2436547875 2185912.4736328125
405632363.6227473021 2173840.5705566406
401068255.3117249012 2036322.0216064453
410955758.7485875487 2275908.2031250000
412669196.1231275201 2303607.7131347656
411095284.4198631644 2277412.7333984375
403716537.2395321727 2124494.7553710938
400074136.0930310488 2011600.5010986328
400268880.4449412227 2018323.4913330078
404367345.7289195061 2142308.2980957031
397074748.8529088497 1868043.9855041504
397347349.6222119927 1885000.9206237793
406256550.5253208280 2183797.0781250000
406860911.2053216100 2200551.9260253906
403936534.8280779123 2129094.1459960938
409132100.0944443941 2249240.0222167969
410060653.0392193198 2260090.4165039062
401897881.1681321859 2069174.1318359375
396467196.3524218798 1855338.8863449097
400499666.2360785604 2022646.0491943359
404926543.3254050016 2157483.3044433594
402036986.4847996235 2072925.2142333984
399938669.6313502789 2007772.3387451172
403907631.3727971315 2128610.1132812500
405156368.4806641340 2163913.3001708984
402893274.4516572952 2098465.3004150391
402510691.6203866005 2089948.3619384766
403810157.7681383491 2126740.2109375000
403781254.3128575087 2126280.3940429688
397147401.3896511197 1882814.8307189941
408676952.7390315533 2240289.3830566406
398636094.8387486935 1955278.4237365723
398585373.2342811227 1952010.3416442871
404666515.9530423880 2152019.8449707031
411152875.3987830877 2278309.3725585938
398773926.0099525452 1962171.5547180176
403672345.0580858588 2122660.1082763672
400333597.5182664990 2020121.8175048828
402148243.1305507421 2077877.3261718750
404310162.4360450506 2139361.1312255859
396287061.1984030604 1800154.3123931885
403530892.3504388928 2117565.9086914062
412924938.0229013562 2308169.8093261719
398539762.4734200835 1947237.9569396973
398788822.5684064627 1963315.1407775879
401552020.5771269798 2055655.1718750000
404636011.1412391067 2148853.8925781250
408692197.7034986019 2241910.2006835938
401373088.7464562058 2046471.0184326172
404432062.8022447824 2144106.6242675781
397946896.4284982085 1921996.0811080933
405317980.5394626260 2167495.5119628906
408445828.8219495416 2235110.7590332031
408868903.3492279649 2243339.5568847656
409351939.7246634364 2250456.3837890625
404041281.6852201819 2131732.5625000000
405286695.1636766791 2165856.9235839844
404494708.5647823215 2146093.0324707031
409683992.0529232025 2253936.7819824219
399302613.8498882651 1984867.0321044922
400837085.7828145027 2033895.9632568359
402335273.7365852594 2081252.0955810547
403608320.8766883612 2119905.2894287109
404188367.2554339767 2137198.3300781250
405289077.0841818452 2167024.4040527344
418551178.4606923461 2376314.0288085938
400805439.2481371164 2028064.0350341797
403075924.0096272826 2102055.9017333984
402902363.6156519055 2101512.1033935547
402643710.5316981077 2091617.6973876953
411950966.7038981915 2292040.2963867188
411915061.0357656479 2292000.3237304688
400831676.2108566761 2028148.1226806641
407106739.6163975000 2207512.0151367188
398071379.0097646117 1931870.8547897339
409709518.8803997040 2254067.1433105469
411215221.2204737067 2281567.0234375000
397814912.6102463603 1921504.7437057495
408156021.4141384363 2230124.2878417969
404643317.6146452427 2150105.1882324219
405028346.7288483977 2158863.7302246094
397895993.0020039678 1921792.3525924683
409082009.8238126636 2246075.3317871094
407091391.4152533412 2203980.4067382812
402695054.6725012064 2091740.7515869141
398298403.1203328967 1933612.7837448120
407962128.6768696308 2225762.6247558594
413944145.8263502121 2325498.3684082031
403122387.6452348828 2103778.6119384766
400462682.2304597497 2021493.0987548828
409683992.0529232025 2253881.9812011719
398027611.9506029487 1927479.4868698120
404303597.4841359258 2138846.0600585938
408239041.2245516777 2230558.6125488281
402754716.3847897053 2097214.9322509766
411757449.5825323462 2290669.9316406250
407101409.9085821509 2205301.0373535156
398462425.4209820628 1940594.3912353516
411212590.0671412945 2278740.9086914062
411405250.0561595559 2284180.2548828125
407747482.2569830418 2219556.2512207031
398311135.2187984586 1936072.2935104370
398070948.1582342982 1928585.0115280151
407527450.6557208896 2215884.8984375000
407543429.2358430028 2217922.0458984375
406677317.6041141152 2197256.9409179688
408339224.2786656618 2232872.9189453125
411991615.7370061874 2293537.8559570312
398396736.8391439915 1940257.5340805054
416315003.1219533086 2360872.3679199219
406395718.4666530490 2189654.5620117188
415657093.1987082958 2352269.0222167969
398497760.9503463507 1941138.9436569214
407145119.4147714376 2208705.4431152344
407784865.7102988362 2221970.0498046875
412752328.0624339581 2307640.8010253906
407347905.0362277031 2212313.4746093750
409991720.4051837921 2256471.0161132812
412414837.8760313392 2301122.9006347656
412316898.8063179851 2300789.8361816406
408273952.5102850795 2230978.8254394531
398178855.6733796000 1932613.8557662964
421246321.8660627604 2387290.6645507812
411518466.8248739839 2285981.1914062500
398567799.7141997814 1950303.9518127441
406265095.7147122622 2184826.2513427734
413746226.4520083666 2323622.2404785156
416056715.4209037423 2359519.9572753906
414849466.9953797460 2343447.7341308594
402335039.1893021464 2080911.8393554688
411322267.0168913603 2283091.5737304688
415634360.5097116828 2352129.2644042969
411267312.2171220779 2282224.7954101562
407044234.0177692175 2203029.0319824219
406191164.6231190562 2180804.8283691406
416917702.0773045421 2369831.0537109375
409943164.5077652931 2255604.0800781250
417271848.5563321710 2371195.0454101562
410171122.6258001924 2263399.4655761719
410366841.1756417751 2268826.4267578125
412539912.2039459348 2302439.1271972656
415423584.2860101461 2350600.2746582031
410173227.0576370358 2264758.6967773438
415851292.9234369993 2353576.7229003906
421246321.8660628200 2387300.0551757812
417199979.5394902825 2370427.1557617188
415140582.0196775794 2345531.9323730469
410712757.1437501311 2271727.0957031250
415201822.8979962468 2345779.6516113281
417105112.7785564661 2370126.1918945312
415953636.4818637967 2355712.6437988281
410157966.4042195082 2261745.9912109375
411141434.2026587725 2278200.5209960938
412733503.0694930553 2304241.7136230469
414372364.2571578622 2336304.1848144531
412613122.3912646174 2303283.7663574219
416515330.8922033310 2364043.4650878906
414898166.5572922230 2343607.3273925781
414902586.7539259791 2343751.6452636719
415918208.6030105948 2354369.0544433594
416315502.4973278642 2360925.3703613281
415855713.1200707555 2353664.9157714844
406619689.0034808517 2191865.9007568359
406216414.5636156797 2183026.3170166016
406211042.1357878447 2182591.6668701172
418696806.3067624569 2378789.2187500000
420662958.6506311297 2386265.6430664062
411958993.6203471422 2292775.8901367188
417342498.4993222952 2373896.6589355469
416887640.8493570089 2368465.6643066406
406663386.1550503373 2192985.7222900391
416349247.7039558887 2363076.3620605469
409875919.3550502658 2254429.6391601562
412142224.4431655407 2293604.4975585938
417319880.1082394719 2371293.9479980469
410634338.0150688887 2271398.5439453125
420678853.1435784698 2386296.4916992188
418305384.7162643671 2374479.4833984375
410779748.0693869591 2273769.7651367188
412203034.4056267142 2295036.7551269531
412926509.9818450809 2309408.7507324219
410336195.0175530910 2265123.6313476562
413609023.5375291109 2319693.3562011719
413609023.5375286937 2319570.1589355469
413605393.7717397809 2317316.6755371094
413574134.9049752951 2317149.3127441406
420678853.1435789466 2386305.8823242188
420298713.3878273964 2384506.5800781250
420234320.8854938745 2384063.1289062500
413101020.9862343669 2311185.0329589844
420524092.7050860524 2386024.2055664062
420234320.8854942918 2384072.5195312500
418417779.6771576405 2375945.3305664062
413235541.9985862374 2313950.2399902344
418417779.6771572828 2375921.4399414062
413324534.0821836591 2316577.8000488281
413102708.8535094261 2311571.6247558594
413208230.6250887513 2311605.8957519531
419670517.0767562389 2383105.7460937500
419070957.5276710987 2382309.5239257812
