53825268.9352049828 243133.4401594847
52944268.2764044255 231059.4722996950
54672745.2179626375 249101.1583088636
53711851.4075576738 242670.2760969847
51866541.8582880124 192492.2640500059
55593994.6704748794 253547.0002180785
56148883.6465650946 254863.8000080585
51922874.7905335054 196763.6734350473
53693289.7528210506 241527.4296614379
52138273.8784417510 211070.1842986196
55586072.7199362740 250980.3584028929
55883267.2066380009 254270.4431074113
55337159.3369745016 250593.5036360472
54023337.1071114987 245058.0947005004
53698667.9576139227 242261.4909603596
53779936.0125707164 242999.3896420002
54295332.9740961269 247411.2473863810
54272561.1302950308 246936.3088831156
54343404.4982207939 247415.5678450316
53839979.4819135368 243235.2709700316
61655972.3514021561 263669.5873527527
53116502.7408409715 232480.3984699696
63562788.9213227481 273092.1690063477
53626252.0170538202 239985.7054138184
52359350.4473456442 215948.1525817504
52432685.5950372890 218944.3978578895
53965447.6212460250 243432.1596984863
51940873.9355774075 199843.1210197359
52309633.8397188112 215731.3063078970
63438117.7884954736 271512.2902679443
52510943.9440381229 222720.3202009648
52055722.2822901905 207240.9444178781
52867366.3759188429 228391.2787552327
52007413.2594370991 206813.9349667421
52111945.4916479886 210846.3884302964
52485708.2440082356 219885.1501638740
69194720.3304497600 289014.7578125000
69103318.2796474099 288959.3493652344
54274265.0692992806 246993.2315368652
51850183.5317831635 192491.2548385253
52104908.0991944149 210731.3815646758
51878278.3878837377 195906.3492599120
52012905.6194938049 207130.0572024435
51959504.4975661039 200112.4857402733
51972900.6076348051 200319.2992511680
53397287.9426097870 238819.4343853444
51891352.0738504305 196353.4403415909
52303347.2909110337 215242.2738525718
52671741.9354173243 223995.5676343888
52118514.3719521388 211054.8803064674
52778509.2594364062 227556.4462939501
62786887.6613902822 270868.1849365234
52152851.0563722998 211182.9035847038
51916235.4009205326 196651.0326727182
52264551.3106884360 214977.4745447487
67312359.7356368154 285324.1977539062
61681181.1449742019 263744.0473136902
53605719.3855473846 239475.0811324120
51915656.0214499012 196482.3631710997
53419133.2092355341 238954.2333920002
69647772.7091299146 289470.5515136719
53181994.5046852008 235458.2062702626
52212355.1822433397 211749.1080112457
52792811.4177491888 227754.7430401295
59369904.2516553476 255200.9716736078
52288327.7452850640 215212.0170557350
69317717.1604927033 289026.0534667969
52301264.0717481524 215227.5834314674
51878574.1264369115 196161.7969537070
51823336.6824815273 192033.0203261962
52252491.6258748546 214658.6823459258
69346115.5481562614 289433.2524414062
63200816.5643289760 271417.1090087891
53163486.9682135060 234961.8303158283
53150591.7650035620 234896.8303814381
52307724.0217063576 215316.8158447593
53825217.4627768844 243022.3530664444
51870100.9817313999 195812.3491836181
52040779.0386844352 207153.1129448265
52261721.1678372696 214923.6525232643
69850584.3484005630 289612.0263671875
52464990.7711592391 219474.8286523670
52281709.6452732459 215208.9528162330
53350822.1740218624 235569.3643579483
52900979.0584840849 230932.3325787038
53496283.7337263003 239378.7602253407
52231945.2492161542 211828.7266970575
52116967.7840079963 211050.6312830299
52472242.2574311867 219547.4763057679
54267388.0556247681 245242.5681658238
52259781.0645284727 214885.0899226060
60200420.3316799551 260344.3179149628
52266097.8986325860 214981.7235681862
51839712.3630678877 192478.9137082091
52413991.8277310133 218863.9858320653
53369965.1519492641 236782.4552593678
54624818.1706545353 247856.1266804188
51869001.0339739472 192865.1144598275
52439013.2483379468 218981.4180471748
52674091.3313857689 226871.7653340548
51924680.1204174832 199528.2867046287
52102088.5786994770 207656.4034387916
52168230.9795789793 211268.0017268052
52074681.9119342193 207649.5540735573
52546712.9074122533 223285.6382379383
60594731.6270732433 263306.3728692532
60522013.7012086064 262835.4868829250
52620748.4874092937 223896.7796563953
52778341.0493503883 227452.2406558841
67002887.7121579647 284117.3713378906
51985385.7127660662 203421.5845817477
65145444.6814063787 278808.6266479492
52524376.3546197563 222720.3974141330
52458747.2517310381 219418.4240655750
63478043.4687958136 273034.6180038452
52019943.0119473785 207144.8750088066
68680600.5531233996 288404.9726562500
69059105.1080932021 288744.7751464844
53091429.1649854332 231719.5581771135
68381933.5617819875 287637.7424316406
65973407.5320284665 283539.7680664062
67797613.4172231704 286099.9694824219
65793427.5460892916 282797.4777832031
65220646.8121306971 282147.5627441406
68398895.7005900890 287775.3034667969
63383355.9573589116 271479.8798675537
69007188.0544755012 288682.0153808594
68689262.4994693398 288573.1677246094
51932187.5805677474 199647.8286205223
51948563.2611541227 200096.0825153282
63791170.6860507503 275140.0856170654
53347664.2245927155 235517.3723687977
52441901.5034479797 219303.4971418828
52380125.2110075504 218770.0699568242
52877469.7558268085 229648.8607930392
52679582.1358952150 226983.1474438161
52181272.7305658311 211727.9246210894
62733806.9281992167 268474.3314180374
52966604.8291969299 231626.2815657854
51946898.8898555264 199977.9132688791
52146391.1064141020 211106.1095964760
52850520.6276357695 228376.2218609303
67927078.1430657059 286506.7746582031
66004639.9388726503 283867.8608398438
52069659.6195742115 207345.2615658632
52139820.4663858935 211074.2978240103
52329027.6446525529 215742.5478389710
52591616.4802139848 223454.4583235234
62226725.5367520899 265713.1717529297
64061114.5322328582 275715.8707580566
52608462.2284970582 223569.9479913563
68330379.0221425295 287455.2111816406
63109840.4135404751 271093.9394989014
64271092.6965006590 276372.1442871094
51992169.3732480556 203738.2395312479
52696427.8841782808 227437.5588922352
52423332.1832968965 218923.6519728154
60278138.4761438146 260908.1657769680
52529840.1877735630 222921.0323591679
64961671.1961419880 277890.2390136719
68534111.1259297132 287798.6994628906
68034298.2812885344 287335.6289062500
61924409.7046172097 265449.8600254059
59494328.0957259163 258838.8793389797
62753235.2235736847 268760.1989135742
64368522.9214564338 277438.4694213867
51986926.4805545881 203531.1692729881
62243902.8661746755 266554.6566619873
61520325.1134340018 263330.8127231598
64247669.0902082324 275963.2518920898
51923275.1925199255 199453.3719097069
59487704.3017001525 257849.6477105618
62399262.9895782918 267873.8083801270
