113214742.3555190861 33331.9612688571
116598380.3837707490 44466.9226663416
114678507.5881020725 38861.2413049644
117837507.7589455396 48513.7365036011
117990114.0991950631 48861.4341640472
120452901.4885237068 53901.1312255859
114638740.5082904100 38418.6598993248
112296600.9925331473 28048.7420134544
113958604.7886636704 36245.7620336413
112966667.3507159501 32354.5563437492
118626823.7931339890 50423.2721176147
122347659.7580617666 55608.2508239746
125606164.7826981246 56180.2615661621
113192885.3174942583 33260.5683676749
114211710.6455083936 37385.9169762232
119115980.7005243450 51564.7814331055
113125535.7266540229 32721.8004538566
117039498.2103961706 45874.5028773546
118070212.7309277803 49078.2555770874
113623569.0013689101 34818.4267198597
115011407.3308780044 39926.0834882855
115005201.4766456038 39675.5197675824
118182230.9307689220 49100.8428497314
114709408.6570957601 39085.1440149253
114204160.2511310726 37381.3569176295
114911359.4697234929 39567.0883710980
117991351.7327519655 48893.5454521179
114134828.3711744100 37228.2827293971
120974718.1786473095 54852.9469909668
111951673.9846182913 24546.9067081769
120953810.4860306680 54533.8450317383
121494490.0065316260 55187.1971435547
121223761.1879601479 55026.1687927246
114701858.2627184391 39081.3509851402
113733384.4321534485 35329.2724096179
113823025.8253095895 35577.2774110436
112428140.2973235101 29836.7663135529
114089512.2215553969 36583.8666614988
123371459.8582952470 55963.6753234863
120485035.0764156133 54005.7934570312
114317304.3710705638 37584.6204095787
114411254.3221079260 38270.5538639115
112168973.7644368857 27232.1612787545
112859653.0758552998 31572.7276766094
112534002.7872618437 30086.8138759830
118257919.2995650917 49517.5842247009
116063819.8467158824 42764.3132959293
114393399.0606057346 38270.5520889857
116379648.8983119428 43701.1625388905
112744883.0449181199 31471.9245688468
112585732.4905913919 30632.1092227697
114639133.4768766612 38418.9518922005
113945933.9474902749 35947.3607967594
116694223.7526754886 44931.0825378373
118721753.1611365974 50880.1387290955
115516183.7710301876 41323.0103605097
113176072.1956987530 32725.1510346687
112421072.3714842200 29701.3226872981
122427741.3541619927 55717.6496887207
113345062.2130207866 33818.0798296481
116204857.7847760171 43373.2915683445
112676099.7251982689 30789.9669352272
116145109.2731583714 43181.8741621599
120319901.2535648495 53616.6455383301
115576559.9182195365 41466.7154125669
112018869.8798349202 26646.5975637734
116719908.7476515919 44932.7469665483
116735364.4234023094 44956.6745178178
114313920.3873839676 37538.8112970298
116579837.2447883934 44352.6465629383
117879870.3833418936 48555.1347656250
116503821.1578224450 44070.9320853993
112865338.5346729308 31726.6079700687
112300791.7787048072 28062.1015563011
113594202.2153360248 34764.0977839828
112308342.1730822027 28072.6758971214
112578182.0962140709 30628.3161929846
112643063.7129685581 30755.5624753931
119556630.6569841206 52540.4191894531
112109894.5507527888 27073.1595621407
113871331.5148917735 35862.7932062543
112141055.8430515230 27074.7480116189
116076255.1053022891 42795.5314925953
114013194.1119909734 36574.7689888575
113986490.2889981717 36469.4273521998
111989156.4539640397 26415.0579252541
121680867.5410007834 55279.4930419922
114120055.8695289344 36872.4838928494
113867765.9789816439 35854.9845514691
112145216.7878389955 27200.6181821823
113985790.3505874872 36438.3112188285
118294734.8355371803 49565.5130462646
120974257.7435381711 54846.2207946777
123016029.8187147379 55877.7894592285
119660038.3849888444 52605.9506835938
119080112.1825135052 51501.8771209717
120382566.7284085304 53684.6097106934
121431364.0965788066 55152.0933532715
119051324.7417658567 51393.5852508545
112562317.7052988708 30507.7547131777
118647458.9491222650 50602.2891807556
119010547.6338688880 51323.0157318115
119395202.7090696692 52356.5043334961
119297919.2577138394 52103.0735912323
122877072.9498174489 55792.5069885254
120171159.5717257112 53485.6719818115
115529895.2514105141 41330.5002897090
111801807.2715868205 23356.9244965391
111833110.6495231241 24505.7178882917
120010581.3063019961 53444.3009948730
116586905.6518623382 44388.4687877893
114639323.4734809101 38576.5761855468
112498444.3060715050 29911.7068637609
113090615.5105585605 32562.7529285648
121820672.6688001007 55292.7125854492
120586081.1896109283 54244.3053588867
114386951.7089053690 37835.6196073666
121590994.3905123025 55196.4868774414
115949344.5845750570 42407.6014551520
112435690.6917008460 29841.3263721466
120407509.5166471601 53740.1692886353
116790894.6514019668 45128.3053227663
112214878.2835103571 27813.3853721619
116896229.2600433528 45330.5357486010
112955941.8306310028 31927.8413379886
117883252.7403936088 48630.8759975433
118781892.8010143340 50914.2528915405
111954611.2720179558 26290.6370630562
113074591.6647469848 32550.5291989371
112047911.8347400725 26813.4924688935
118936348.1326819360 51196.8969268799
112192138.3133199662 27415.1962787211
114204068.8298465759 37366.7366243309
115809244.6289203912 42111.9538269043
113183318.9333842397 32765.5901826179
115390114.4246737212 40834.5793952271
117063191.3084667176 45941.3307936192
119791195.9822842330 53156.6627349854
120640104.0842959732 54448.7640991211
118689590.5111692548 50671.9754848480
121368370.4427582175 55132.0181579590
121361799.4186446369 55028.0010070801
118434222.8767776489 50033.8047542572
114289658.0530872494 37431.9294297999
112351325.2367489487 29165.1240253448
112523340.4537246972 29923.8074131012
119412410.0677826107 52424.3219947815
117704154.4515907019 48208.4543914795
119129616.6043591350 51717.6442108154
118221520.8990805596 49363.7453212738
112438613.4212688357 29884.3152027130
118420705.7303989828 50024.8973217010
118974587.2372339070 51287.0194854736
115631782.9753025621 41515.4795527791
117804637.8139389306 48300.6184186935
114105214.2085197866 36865.5199911841
117313651.4538120776 46753.6539542675
118540060.7390623093 50391.8299560547
118790763.8369022608 51075.2476043701
113254872.8208486736 33447.6842623451
117605104.9301308393 47723.1683807373
117670327.0683593005 47877.8755187988
115638768.4470837861 41659.8435054158
119694712.5712458491 53115.1755676270
122758277.6859358698 55761.2484741211
117122299.6579937041 46060.2502502762
115996896.6843357682 42573.1931275725
113680444.0899528861 35113.5806759098
114287891.3197595477 37431.8892122215
119122455.8888050169 51665.9093475342
117614282.9957000762 47780.6485013962
119692265.7044884115 52966.5410461426
112277741.2963185459 28032.4793923348
116799249.7405785769 45144.4412566423
118548704.2590673417 50419.6403198242
112221362.3630474508 27971.2212726176
120809125.9263109416 54519.7165374756
120194730.4516201019 53543.2751922607
117522292.3688573986 47273.0572466850
115136714.6078466177 40095.9595603645
118479196.6698155850 50281.1733398438
123571881.2594021112 56018.8758239746
113885914.4008036703 35868.5261386693
117655060.1035970300 47852.2969388962
122886212.6394407153 55800.3682556152
117686508.8779817373 47902.6233673096
119548302.9552991539 52535.7160186768
118240300.1524420381 49390.3072280884
119185122.3034951389 51861.1292114258
115125585.0149307847 40042.8961281478
122305394.8945050091 55600.0783691406
118644360.2461515367 50576.0544109344
113094432.0889921039 32607.1406611120
114293010.4514245093 37447.7334010601
116944142.4213163555 45511.2156023979
112310453.1362581551 28739.9594969749
115942438.7339587957 42366.7491755937
112683650.1195756197 30794.5269938209
123986896.5740472227 56034.9436950684
119376011.6672981232 52271.5380077362
122369740.5728082061 55705.4908447266
118328881.1514870077 49753.6489562988
117571148.7727255970 47343.9844512939
113250432.5672607869 33439.5883901119
112872888.9290502667 31730.4009998539
113878881.9092691243 35866.5862360394
119619951.4810383022 52593.8448314667
115250418.6103687733 40324.8722929456
119248172.4136987925 51884.2342662811
116685765.7649902105 44603.9846863947
115211432.3963603079 40277.1685749986
125755527.0163874477 56190.2297668457
117004431.9765646458 45683.9078946114
113859750.8653153777 35607.0588922894
113486959.9024641067 34343.8826397159
115718087.9220092446 41929.0678062439
119176478.7834900618 51833.3188476562
116490783.7742054164 44061.9037969564
116424479.1941231936 44036.7972295736
125780362.4998382926 56237.2161560059
117165183.1355988830 46255.4636278152
113418848.2983405441 34238.3180787116
113292180.4888936281 33625.4699199894
121948707.0624964982 55410.7644958496
117276611.6145091653 46485.0470924377
116824761.1873881966 45171.1644878387
112946714.7774901539 31846.0128603675
112217796.8271373063 27969.3301593363
118327042.5369004160 49726.5891418457
121873758.9624093026 55327.5920104980
122023858.5198720843 55595.6859130859
119361226.5075930357 52183.4523296356
117702460.6562511772 47923.0441589355
113102941.6794189662 32689.5959139564
113687994.4843302369 35117.3737056949
118320237.6314819604 49725.8385925293
125500640.0477543473 56114.6737976074
113282911.5426903367 33470.1877809190
121877178.4952528030 55405.1737976074
118636172.6067720354 50510.8158721924
116393776.1727305651 43768.3022420858
113184900.4959248155 33045.0417995751
116096823.4668300450 42886.1090763807
118642977.5121904612 50511.5664215088
113181046.4668921828 32726.4737133556
115142461.5129685104 40172.9795125723
118417650.6681858003 49818.2151794434
116502179.6952640414 44063.1946905111
125525475.5312052220 56161.6601867676
115278487.4578224272 40489.8430143595
113065479.8504074961 32438.1959703895
116043418.9013484120 42697.5026712120
117589932.6931595504 47437.7959060669
115330744.0359126329 40534.4909321764
117114881.0939335376 46018.9742183685
116008065.2702948451 42691.5218362510
117596809.0800162256 47507.5411159992
118187625.9859889150 49231.3933334351
117381229.1867265403 46959.3944473267
117439966.4834110886 47164.1515350342
115388210.2893965244 40660.4929921129
116137112.4427068383 42944.6655270555
116340430.9944903255 43686.2595041618
117431370.5347678512 47083.3142547607
116831680.7818207145 45264.6495030229
116246773.0288830251 43659.6052606925
116403426.2732503712 43936.3317697868
117418175.8420467675 46962.3577556610
117302654.8383567184 46747.2716073990
113563454.6356389374 34430.1485333019
116522146.4387650788 44324.0217417106
114632813.5129910707 38412.0503700972
117370330.1894927919 46828.8466644287
117411359.7782279253 46961.1882934570
113547840.1744042635 34362.4422726207
116641411.1973891854 44477.3435495719
117491169.6334655136 47253.2946453094
117236324.8271890730 46483.8054943085
115440781.2751896977 40848.0476948717
117584858.1572186053 47412.8721370697
115464443.5105630010 41043.7417373196
117364728.2688538879 46766.0319480896
115953430.6820079684 42459.3327824571
115921741.5184285939 42348.7493893602
115731712.6948861033 41963.7371479967
114616726.8497317731 38292.4222146966
114877178.0211231112 39181.8220397928
114941100.6361620277 39583.2258789041
115498601.3694102764 41089.2156216600
115841925.1205471009 42260.4241139391
125080947.9472285211 56050.4667663574
114866700.9514108151 39086.6703874567
115952920.4658045024 42417.0610730150
116513181.2801791728 44110.7791540027
115353107.8953718245 40635.4886986711
116644436.6560554057 44560.6085607409
