484268043.7798233628 159950.8757410049
494374077.2969466448 190028.0413208008
485452233.4562600851 164944.0741620103
488691433.9942985177 176224.1058518483
486471680.2666828036 169298.4594929220
492178478.9175810218 185138.1114845276
498256912.4870482683 196222.9808044434
486615819.7534011006 169782.0226862470
490776316.9828980565 181939.3079223669
485452233.4562600255 164940.9849896470
493507420.7024587989 187992.5467109680
482304349.4371222854 144807.7017375404
494374077.2969466448 190028.2937622070
485883935.9341065884 167089.5678060056
483257928.8165364861 154040.6861010790
492444942.7237654924 186131.1604537964
483499102.0854038000 157219.1887671947
493118102.8634822965 187600.8193588257
493529203.2813165188 188195.6140327454
495640537.7802993655 192492.4268798828
486542324.8451465964 169510.8100955488
488140536.0342182517 174822.6773641148
492206127.1735403538 185245.4559860229
495640537.7802995443 192492.9227905273
494514087.1205299497 190781.8868713379
504188717.4805039167 200591.2281494141
493528490.9505679607 188154.2555427551
498585165.6044349074 196639.7630920410
492239135.2056546807 185405.1776428223
503840811.9155443907 200550.7436523438
493360609.0762785673 187871.4576129913
491003816.3783730865 182164.5095796585
482804297.9088913202 146867.2104717416
483847595.0298349857 157767.7347724438
486673411.2753530145 170125.1439344930
482689922.9256712794 146178.5634666604
490569936.5800331831 181142.9041080511
502399254.2939397097 199911.2650756836
489925145.0284149647 179047.7797428407
486788191.6718630195 170404.0122960098
483265820.7436811924 154637.3823558092
483257928.8165364861 154044.4318858385
487002193.5903115273 170887.1612663465
483850087.4063605666 158183.6072394848
492315225.7251109481 185873.0879898071
493712296.5521943569 188700.3665790558
492552312.5018797517 186408.3809356689
505579734.5455408692 201123.2026977539
491369946.1412913203 183088.7698538825
495372891.6136872172 192093.1209411621
486187869.1572949886 168632.4358479978
495278102.0777399540 191931.3845214844
483180946.2157332897 153709.5627646446
491437814.7562678456 183716.7371118069
484158647.6172746420 159845.8237142563
485659668.9222981930 165621.9445397856
486798363.6513929963 170535.6585986653
494986827.6188883185 191491.6875610352
496476447.9968982339 193891.8497238159
503287367.0462053418 200277.7918090820
484418095.4822806120 160548.3536305428
483368308.5930007100 154746.8268337250
488501904.7127431035 175348.2748791017
486381145.0028807521 169102.3895573617
486281169.2061405778 168853.7229650022
505858632.4293943048 201447.9583435059
484571421.4763219357 160887.5547233820
487165513.2354953885 171623.1990494767
486493915.3728330731 169456.7201616765
486281169.2061406374 168856.0628087522
486808145.9153097272 170548.1083438435
489951756.9710233808 179211.5982950777
489953523.1806877851 179342.1331808791
494392436.1885205507 190142.5709152222
501532300.0640835762 199431.6397705078
484353076.9040849805 160376.9887481630
484013356.9038076401 159008.6379362345
487110423.4014297724 171320.5885758439
502697035.8959013224 200000.2070312500
500144695.6509679556 198591.6859741211
500249918.1950857639 198802.3209228516
487588057.1314666867 173166.7535224000
496426084.6782898903 193590.5101623535
503262720.3492016196 200163.7368164062
484534326.7453160286 160839.1646938324
483197147.0285333395 153969.4820761681
482894466.6537355781 153163.7163252831
487676634.3460001349 173570.3711224087
488063708.6829282641 174354.8140812404
494938981.3555607200 191430.9271202087
496125442.6537506580 193085.3209762573
495278102.0777400136 191933.1902465820
498597335.3253971934 196923.7807617188
488237749.3955785036 174851.7256641872
487885170.1829935312 173897.7729778774
498013154.4175488353 196015.1356811523
487002624.1503694654 170901.2028486416
491105670.6684696674 182822.0092032477
494973365.2457656264 191470.9900474548
498597335.3253971934 196922.5983886719
488034482.4748794436 174263.9681072719
487271531.7822444439 172272.8091673890
497958658.2808688879 195991.9110717773
487129416.9920839667 171498.6495623628
483404689.4137697816 154817.9438133240
487456222.8154985905 172600.3005311564
487899163.3703513145 174132.9250355251
487473737.6462054253 172740.7742135599
499217792.6298741698 197745.4553527832
495903107.7425019741 193083.5367355347
494745109.9076163173 191258.8810539246
496129092.4703993797 193368.6210556030
486945618.0424044728 170830.2577192471
502879645.1263222694 200019.5700073242
486367414.2085944414 169090.0622880101
498406890.0109920502 196582.4184875488
488034482.4748795033 174265.0065594204
486900453.1513628960 170794.4439806977
484887520.9857337475 162360.0510425568
487664359.9798479676 173519.6976604946
485005063.0626236200 162990.1359533072
496129092.4703993797 193368.4314804077
495224118.1224849224 191812.6220092773
498845118.9323197603 197265.5202636719
505808102.6660464406 201246.3834533691
498115615.5521405339 196129.4105529785
487664359.9798479676 173521.4204388149
496767278.2673249245 194241.2778244019
498914558.2219406962 197320.3121643066
487542551.9493193030 172772.3602561952
487566574.9524578452 173048.3462512977
484694802.2319676280 162195.9588091373
489984732.2217510939 180012.4427969977
488122199.3685021996 174653.0002079494
491198745.5245649219 182953.2309780157
501486771.2007194757 199401.4145507812
494429168.2769212127 190388.0504913330
483060152.9658872485 153697.1725325584
490110600.8868750930 180146.4492778778
490388134.6140902638 180873.7783508785
494591199.1544427872 190842.6536216736
489656086.4368861914 179021.4728726856
490421346.5665984750 181010.8392928168
491392530.5234931111 183191.6158144996
489543858.8577032685 178732.9765036143
489626705.2687245607 178877.0795621388
490845184.9618840218 181971.5328352973
495550683.6163184047 192283.7398185730
496767278.2673249245 194243.7144699097
490624374.7587385774 181598.0717146918
505713253.6835023761 201214.9864807129
483460598.5719400644 155630.2592582703
505387778.9442161918 201113.9562683105
491839064.5254349709 184505.4213393256
483962505.4315962791 158344.8488409519
490548339.5346997380 181099.9040473029
499100455.5398951173 197635.6009826660
491654743.3563275337 183985.7346938178
484129702.2483284473 159364.4256658554
483391896.3198319674 154774.2940711975
483439441.4384886026 155583.4152050018
483439441.4384885430 155562.7278175354
495757657.9878081083 192684.1054954529
495607923.6057387590 192365.7462844849
496644652.0826892257 194141.4778823853
498704508.8959780931 197065.9823913574
490184276.9770860076 180425.1939528510
501094672.0683149695 199325.2591552734
496462391.0971007943 193751.1236953735
484440500.9537363052 160831.9102740884
485813213.0433721542 166704.3400731087
496197409.8193446994 193549.1520767212
491793968.3818931580 184434.7901821136
504777585.1968119740 200888.8421630859
485173871.7626897097 163800.7610890865
484920779.8297306299 162636.4699289799
491793968.3818930387 184431.5209560394
495548204.3895511627 192188.3419189453
494169430.5834524035 189985.4089202881
483703526.8087971210 157293.6145670414
495270276.9621974826 191843.6289215088
485139828.4926159382 163623.9580044746
483439441.4384885430 155566.3941383362
485107093.0873751640 163475.4739146233
484616128.4293506145 161414.0253959298
484630439.4077608585 161450.8991240263
484574022.4420273304 161366.6917758584
484300970.8618510962 160211.6624193788
483703526.8087972403 157301.7183878422
490599331.7980388999 181290.4734404609
484077195.9072722793 159228.4001616240
490286214.3588401675 180695.7446768805
497594440.5277741551 195571.9912338257
484938482.0475832224 162913.8773152828
493889751.5791857243 189350.9847068787
491726914.3222540617 184386.8678177297
485090066.4899416566 163415.4255182743
484152124.9249978065 159373.7759330273
485508545.9275525212 165037.1105129719
498974156.7217296362 197563.0649414062
495117676.2279801369 191711.8639183044
483721115.1225339770 157756.6974611282
484938482.0475831628 162912.9113118649
501065108.8586453795 199277.0366821289
499414296.0012770891 197955.6051330566
499415086.1995121837 197971.7008361816
499842399.4609972835 198149.5302124023
494406563.1916965246 190279.4932212830
500939469.3919867873 199043.4260864258
500939469.3919869065 199044.8320922852
494439431.7979908586 190390.0598716736
501065108.8586453795 199277.6128540039
500802801.6875012517 198959.3731079102
498229407.9749686122 196201.9670333862
487123281.5195382833 171346.6079063416
488533322.9141930342 175800.7034578362
488533322.9141930342 175797.0671663323
493983482.9275941253 189477.2392425537
492267221.3148359656 185473.5538330078
489100314.9989733100 177195.9413204242
488272775.3514679670 175126.1154832879
494494471.0175949335 190464.8456268311
485062790.6918189526 163046.7053007745
484834424.6292780042 162355.8077341953
487072440.3947014213 171220.9939447249
493755071.9336737990 189099.7898101807
485641482.2558989525 165277.6823137932
485745541.6195758581 165708.5599272845
487034442.3794568181 171131.9383091927
486036849.5085812211 167207.3723887139
486036849.5085813403 167209.9849985772
493755071.9336738586 189100.8027496338
485803557.2160085440 165861.2162792661
486036849.5085811615 167206.5812510186
485808078.5875700712 166438.1334730079
485433785.1859208941 164881.7798122145
485231084.9711917639 164537.4355977618
492963078.8277743459 187450.6083374023
485547517.5382459164 165220.0032027361
497151021.7907351255 194939.6382980347
493861622.8444368243 189186.1521759033
493539013.5816250443 188465.8697204590
492947804.7165753245 187355.4589996338
492947804.7165754437 187356.9232940674
492794970.7813403606 187145.1788330078
497389460.5195033550 195376.9203720093
496843252.1785778403 194308.7563705444
493755071.9336737990 189097.6790008545
497432922.5780091882 195423.5204696655
497432922.5780091882 195420.6359481812
491488725.4934733510 183741.9805163716
486095820.1478521228 167375.7610480785
492933599.8374996781 187310.9558906555
492727651.1374621987 186809.4535522461
498843866.9933241606 197115.4019165039
492947804.7165753245 187355.6038360596
496799790.1200720668 194263.2527084351
491991935.8333222270 185027.2590894699
496995369.6273567677 194605.6794967651
497931662.8987069726 195767.0396118164
497223370.3573018312 195019.3791427612
497389460.5195033550 195373.5138778687
496847745.4956878424 194602.5325241089
489375442.1845429540 178360.2499771154
488534101.2009748220 176116.8465738336
491019364.8966709971 182479.6109943435
489375442.1845429540 178358.4090347326
498384127.1344693899 196480.5214843750
490906766.7352305055 182123.8784809158
489375442.1845429540 178362.0105361975
497468707.8265706301 195450.3263168335
499732600.8916195631 198095.2549133301
490683336.2450628281 181614.6428642318
489337428.1450287104 177973.2894058263
499690650.8832947612 198089.2895812988
500048437.2982493639 198410.1005859375
486168004.8569240570 167711.2447893464
485758954.9994366169 165810.8181505047
497216655.6547945142 195001.7132492065
501641966.1661954522 199910.5366516113
486168004.8569240570 167714.7548601471
499385297.5158608556 197877.0764160156
491010870.1346997619 182423.6740284011
488953231.9399980903 177002.9153795281
492406192.0776998401 185926.0812118948
499690650.8832948208 198093.6565856934
498964174.3532575369 197367.0134582520
488748135.0895630717 176313.1887865106
488748135.0895630717 176311.7888231316
493060297.9201801419 187508.6365966797
488748135.0895630717 176315.2384691277
489501399.0696724653 178482.8016195336
491217224.5113973618 182972.2348022461
493601150.0544100404 188596.9604110718
493237556.5257453322 187830.4856109619
489186378.9148476720 177576.6711425817
496605782.7952691913 194131.3639678955
496710862.6991015077 194167.3006210327
496440829.5583340526 193733.5580825806
488904601.7141851783 176727.7102956811
