504693205.4714351296 444806.6862366050
522596113.8404327035 496272.8577880859
509095785.2989879847 460646.2412613630
490050135.2923337221 350824.6367029315
500135710.0456280112 425097.5082030576
498268281.9022385478 415429.7048459041
532669595.9258927703 505466.8764038086
499116861.3386970162 419407.6384144109
505125448.6184751391 447366.7000169456
527135907.5273163915 501903.9401550293
503709855.5166524053 441496.5877209664
500387396.4385315776 425207.5531214301
499577819.2370808125 422545.4190935085
510589867.3624805212 466808.4511566162
519303042.8065454960 490528.1541290283
499867185.4547446966 423458.3604979794
510708876.8850135207 467025.4987497330
510295084.1641185880 465313.9614486694
500135710.0456279516 425095.1260009091
508059685.0118756890 457949.2993744612
509104767.1572474241 461626.3207101822
502509607.7956461906 436265.8691153036
510589867.3624804616 466804.7861032486
513695593.6988136768 475776.3770389557
526529459.0626872182 501721.1453857422
497924818.5236905217 413750.7992906386
517899612.4746701717 488190.8552246094
509635823.9206631780 463768.3172640800
519042698.1279873252 490368.2271804810
499577819.2370806336 422530.1235536525
490308954.4570358396 357409.7598647313
498076347.7323734760 414705.9113396110
490685655.1954178214 359635.7136763769
503157469.8817766905 439489.1895565357
499909378.3864282370 424170.2522462795
500864756.8298233747 428959.9026715721
490972987.3838605881 363850.2284280276
499612793.3673663139 422550.3189993391
490504187.3848897815 359463.8031844335
503815163.9951279759 442074.0034805225
503984426.4236462116 442604.7364052683
522145114.8934662342 495476.8141624928
513757920.0966563821 476502.4332065582
522361729.7478331327 495848.0507957935
496905738.8188202381 407869.6510512396
504013305.5405653715 442892.5229042917
499831616.3407184482 422977.1002368169
533188247.7157676816 506532.5183715820
502275717.1820772886 435226.5366287933
502819929.8750319481 437641.2125667896
490223908.8490061760 352659.5167688495
502904124.3999970555 438362.2994808521
490766557.5266485214 363850.0973882601
504787908.6117304564 445525.0559129417
513757920.0966562033 476440.6832675934
491768078.7327628732 369840.5514171994
491764532.8057297468 369349.8416872108
526472947.3874225020 501292.4061279297
501296914.7965572476 430886.0731659638
490722218.3882967234 363458.1416825270
491145888.3607352376 365703.3450746620
495512525.7674214840 399284.3424423640
501091832.9335383773 429902.1638405673
490722218.3882966042 363426.1893311953
490246869.3795608282 354442.8304132586
504013305.5405651927 442869.0679482371
490988053.3146357536 365218.5560256457
501608786.8418781161 431608.3679164778
502751769.1528251767 437548.4000740182
500811508.6397118568 428956.9374036436
534592184.5150318742 506981.4006347656
498774195.8574420810 418513.2660998233
501311768.8423534632 431040.2581908582
489864161.6693595648 345237.3231629399
526472947.3874221444 501284.6860351562
513802003.0574869514 476749.4307804108
505108475.9776594639 446642.9507111758
491017294.6572088003 365523.4039844638
518472148.3418947458 488721.1726684570
519907022.9656490684 491571.9691238403
525372228.0253610611 499972.4143066406
491250473.2381940484 366451.3457138301
500561367.6397411823 427819.4440259580
517624616.7916839123 487540.4425659180
501885496.3313612938 433675.4478295511
494779462.2038882971 395276.4479677198
501700359.5153357387 432941.1153685926
517351198.3407686353 487376.3640518188
514170647.7128288150 477912.9497165680
495717163.3388485312 400537.2379973964
491785112.1635914445 370204.1636485825
491235719.5722277164 365741.1549269045
491130907.6025640965 365561.5174184227
531652590.0781012774 505142.8486633301
495063985.7865163088 397034.1656756639
491326730.9763537645 367715.6450862968
490016149.4338483810 346690.1560791996
496829470.9730676413 407234.6162898866
496840393.0187559724 407450.7777278749
519907022.9656490684 491571.8070144653
496829470.9730674624 407197.9450252382
494953461.3620605469 396892.9620147464
489871515.7190891504 346349.5190247563
515310641.5599626303 480894.4355182648
512146800.2357319593 471618.3796558380
501195176.4640856981 430520.3515746472
500525916.0334159136 426018.3236501096
508327108.5836429596 458864.1724405289
516733986.8726084828 484972.2104949951
525198971.7659783959 499827.0227050781
518121454.7848095298 488227.0065860748
491461833.7174681425 368469.5244264686
491925867.8775212765 373947.8337366432
517624616.7916836143 487508.0282592773
509410742.0931788683 462002.2067422867
491528106.5820908546 369316.8069772804
517624616.7916836143 487508.6129760742
514599019.1134846210 479039.4944610596
495941314.7331465483 401912.1105614989
517541676.9750500917 487505.9945621490
515381171.3079186678 481376.4492664337
515381171.3079187274 481376.9035511017
495944919.1358686686 402710.3517174660
491839404.6377902031 373038.6005179356
495811354.9476613402 401515.4149394771
491809406.1172568202 372155.9113480519
494386976.2073889971 391180.5593394777
516389934.5467708111 484436.9473743439
516295576.1176831126 484126.6944036484
516572060.5227814317 484839.7096424103
515102650.4490647316 480698.3668975830
516643177.6957014799 484883.7202625275
516078476.0113871694 483687.7526559830
517531365.6300027370 487447.7718734741
517816826.7305583954 487873.3359909058
517263156.1161961555 486748.2922897339
492183702.0827380419 375077.7941214512
496691112.8526596427 407195.8406551210
515723369.1761352420 482294.2320880890
494402509.9001805782 392321.2208674713
494467729.1133446693 392834.3773513539
491813777.7027695775 373024.8502900074
525558380.0609320998 500303.4708862305
492439159.4736556411 377742.4380599656
492439159.4736559391 377776.5773352780
496881387.5264445543 407554.4029860971
495415397.2847298980 398785.0974048986
491839404.6377902627 373039.0083243321
492439159.4736558795 377760.9317568489
495810370.6837766171 401134.2191727487
492821077.9847289324 381734.6389005850
494648451.6432624459 395114.2687099744
492631683.0310721993 380260.7672758405
493122191.8552210331 383640.2060435484
494041998.0870013833 389113.0881624105
493720689.2281549573 387299.6616996094
494129306.1852732301 389573.9406426805
495530644.9705970287 399354.5130877513
520258214.3797858953 492012.4466629028
496026909.3626034856 403797.8778853435
492252772.7056903243 375232.8901071264
493977442.8978199959 388331.7289231266
496527933.8037165403 405908.9389153658
492954077.7708460093 381874.0990227549
492254151.3355792761 375729.1444443553
513819772.9427736402 476875.0738849640
493076824.4691193104 383075.0152592747
497053479.1911209226 409113.3377559511
492978808.9785445929 382992.4695496648
494041998.0870013833 389112.7870759848
494232721.2429990172 390714.4988374594
495586289.1405101418 400502.0074832765
518573719.7522618175 489343.5436782837
492703322.0430734754 381141.1722625582
495737690.4480462074 400570.3073032228
495537040.2648625970 399469.6542591467
496283000.7980048060 405523.0799129335
508287223.8081466556 458811.4204382896
497630338.0733932257 412751.9030405460
493503989.9394294024 385827.2159776501
493399263.4911545515 385319.1099246307
507874496.1919741631 457420.2036108971
496679229.3106422424 407027.2907462399
493562828.2231436968 386109.8398537370
516984788.1389541030 486219.9573841095
516973174.8567785621 485967.7754659653
497526783.5198035836 411874.3157307236
498610682.7314462662 417587.4049247680
508124399.4756742716 458195.2114539146
497124914.3022020459 410328.6263100086
501567618.1232992411 431542.8962323354
501883109.4947710633 433279.4892209237
497023862.3133147955 408213.1601409465
516295576.1176831126 484085.1301584244
534676638.3695314527 507152.7562255859
511032822.7345928550 468211.0432062149
498470796.1160484552 417007.5989081627
534103834.6382220387 506681.0139770508
498115358.8967489004 414790.2653426677
530499596.7851361632 504781.5969543457
518502602.5793417096 489311.2912063599
508480807.2677866817 459189.5851416588
499292574.6395795345 420535.0042075664
497696096.0447544456 413364.3909568852
503146760.0273700953 438730.5262841135
502732142.5254932642 437030.1776436716
499513347.2089639902 421565.3849189049
498920992.3912911415 419172.0862438446
510870061.4680714607 467730.6551141739
508282866.8615174294 458396.5866069794
512609463.3822765350 472711.2445535660
512317397.1603706479 472185.7484369278
499497424.0218648314 421217.9347041622
521507091.8478802443 493951.4598916769
509578353.1900649667 462571.7590374947
503639262.5185315609 440782.5809290879
512042095.2537573576 471311.1352472305
533007686.2834787369 506101.7510375977
495270972.8830749989 397909.6538345581
525497146.3325461745 500231.5992736816
512444642.8601304293 472605.2907152176
508806305.7788122296 460164.5925045013
515814136.6580166221 482882.8965768814
513247698.5238555670 474841.4930486679
516039890.2669654489 483010.0310983658
507485667.5897803307 456005.3414587975
507135338.3365858197 454600.3728003502
525697499.0399289131 500716.7765197754
516838184.3179056644 485597.6633014679
507069362.3687806726 453904.8334708214
505006485.5618068576 445983.7349629402
507374596.0903981328 455430.1175513268
511628401.1925491691 469861.8500690460
511625743.0683390498 469861.8255634308
507069362.3687807918 453945.4878592491
504516124.5880758166 444469.9106301218
504276866.8342633247 443651.7159279734
499418158.1779463887 420849.7925142646
506832762.7391784787 453156.3595328331
509441795.6263104081 462213.0432443619
514289048.9726470113 478238.0737161636
514360166.1455668807 478238.3193826675
514973613.3999949694 480278.7146558762
509615065.6116286516 462800.9305998087
530128393.7507697344 504737.3022155762
530128393.7507696748 504693.8416442871
510060738.8241424561 464833.9851881266
510060738.8241424561 464834.5536695719
532886875.4972169399 505783.4443969727
514557793.7982165217 478896.9624261856
505774667.9964333773 448727.5921397209
506687763.5687733293 452212.8618680239
512295996.3841246963 472036.2666482925
529397186.2418609858 504078.8316955566
506512687.3449435830 451793.6103798151
505689260.6465424895 448443.7958265543
512580677.1306831241 472684.4966974258
511967405.9232465029 471218.5446100235
528457243.7964939475 502640.0854797363
523504863.1059375405 496993.2580566406
529822900.2257679105 504233.6997985840
526016851.8862956762 501082.4351806641
526009886.1980433464 500938.8309326172
532653185.0372681022 505346.8996582031
522099913.6486263871 495378.0541837215
530948350.9604697824 504878.4318542480
522766563.1743092537 496279.1863098145
521557859.6521462202 494380.4791870117
521711236.9680327773 495255.8739624023
520480305.2117752433 492353.2442089319
523279200.6413853765 496835.3174328804
521089058.0720447302 493788.2947998047
520607375.6650964618 492728.7369871140
520665780.8149064183 493273.7318081856
520637236.5860346556 492771.1392865181
523239072.5628619194 496479.1065216064
519504847.1040352583 491097.6339731216
529268149.6974121928 503781.0798034668
528733900.9111611843 503205.3017883301
506018249.7639893889 449468.4402130395
505946637.5579522252 449298.5268852673
524652753.7430091500 499280.4441986084
519612555.1824785471 491562.1343393326
524827022.5929459929 499404.3817596436
510805026.1269943118 467139.9754530191
510805026.1269943118 467139.1924940348
524601426.0576232672 498858.0803680420
519612555.1824785471 491374.4619760513
528577733.3262790442 502993.6410217285
532442333.9028697610 505286.8067626953
527906327.7994614244 502008.1015625000
524601426.0576234460 498913.1627655029
524380799.4978629947 498832.7778778076
523882873.0162332654 497459.2832393646
524601426.0576232076 498856.4634246826
528124238.8904636502 502319.1236877441
506317642.2157467008 450917.9175384790
528547332.4728705287 502885.9976501465
515515359.9888713956 481824.4706230164
513316706.0646016002 475003.1460590363
