278867808.8325958848 127008.1944667555
278719004.3747460246 126876.7213824564
294350694.9498279095 140580.9705382809
236501143.4886279106 55663.9293287910
237617244.1663015187 69826.5462567784
236934410.2781428099 63483.6185077205
287572446.3958172798 136384.7968091965
287586312.5178750157 136728.2620191574
236873965.2720098794 62590.5201144814
236949317.9442461133 63486.9509921669
299100744.4071826935 147412.9484558105
236516933.5191009045 56426.1578145429
238444685.9739691615 74433.7557397499
241049459.8865977228 83300.8916642909
236480563.9087689221 54751.9997633613
237337865.6339625418 67878.1528325263
287948093.9206045866 137913.8591079712
276115561.5584644079 123875.1522818580
237366729.8665154576 67978.3464979861
237793655.3721783757 70756.7470540233
237735051.4248107076 70578.5049412824
239805537.2659857273 79232.5157688908
297408620.9409368634 144781.6800537109
236599088.1353029311 58320.5592312693
297104182.5803584456 143544.5887680054
298086322.1191416383 145790.0016479492
275560015.2707880139 120224.8208914129
293877847.5971775055 139566.6091376171
242381716.3758777976 86042.7696698039
237874755.3641986847 71484.0745823957
299577614.5570459366 147426.8430786133
236464625.0675148666 54730.4580684713
236612378.2091651559 58320.7124839901
238668843.7227822542 75313.1613657601
277445625.1325001121 123898.5439438900
237127384.8407483399 65479.5872765537
238384928.0981616080 74333.0021105423
238851085.6520909965 76979.0405619271
291696284.0703927279 139383.3747329712
236593257.9928697944 58170.4527794003
236637704.6920680702 59111.4026973370
236551036.5201504529 57238.5044476866
237761031.4465906024 70738.4758222080
236878177.8222019374 62737.4473346248
237169536.0613358915 66178.4631669107
237676233.0624881089 70575.8443883039
239844054.5367351770 79765.2467793278
237272414.5436128080 67234.8860271144
242714645.9846815467 86888.6837023270
237253179.5758004189 67090.3927323404
237810404.0970469117 71482.9409764386
237296486.0115943551 67310.6514190435
237003545.7113052905 64395.4631204083
238330157.2844443917 74328.3801733121
237626860.4120317996 69831.3792340733
237520299.2907463610 69063.9429634176
236491970.8669748306 55650.5139235473
236486457.5897337496 54814.5145033813
242716658.1055663526 86992.7698643631
297698295.5919596553 145147.3395996094
239046222.4573897123 77070.3863635950
236474131.6701871455 54751.6925963379
242593469.7494370341 86294.0804417557
289697441.9035532475 139366.2344875336
238537790.9618786871 75171.3908004194
299077523.9443796873 146814.5856323242
236956212.3668307364 63671.2268334384
236779060.7948186398 61675.2580646052
236975332.5831260979 63821.4865380283
242738201.2013299167 87064.6886723465
237057357.8710615039 64652.5001908633
236508075.9345485866 55666.2637633301
239694873.5994415283 79229.6066502384
236637073.9195905328 58964.5867510188
297323373.1877486110 143911.8961334229
238675255.2301097512 76067.1109964974
236525319.7404119968 56463.1677237145
236520898.0746015608 56443.1740533068
236510501.2805191278 56425.8506475195
236989214.7778399885 64373.4945268109
238958065.9413510859 77003.3874482021
236494711.2500461340 55663.6221617676
274566077.3019012809 119067.9878764711
239463545.3799220920 77894.7308116011
237343852.5585054159 67971.8129006806
241163782.2958055437 83503.9476691027
295945849.0437274575 142236.8844776154
237176594.7419314682 66322.9564616847
239591434.6137939990 78314.7669491227
237380260.8623996973 68175.9891977719
236995665.1302019954 64373.5794795527
237448299.6255508661 68229.6508660968
236778242.5889081955 61675.1731118634
236690064.5477106869 60082.4406779631
236579967.9190075696 58170.2995266794
236712242.8104797006 60807.4576781049
236839850.0829804838 62549.7203486934
236852607.2535445690 62587.1026772931
236859057.6059065759 62587.1876300349
237153044.4133130908 65564.3448035512
236797362.8052035868 61825.4328164532
236901360.5156118870 63341.5700459066
236745018.1736650765 60932.0145310118
236684126.4232145548 60020.3231710448
241939491.8459405005 85145.5551020190
237140314.5159564018 65517.7530168499
242278215.9777073562 85250.7837786515
236914850.1132036150 63461.5649613812
238051563.3800605834 72557.2420628644
275707407.5665718913 122609.2051398297
236963897.9036572576 63675.8222127929
242472040.5665206313 86042.7696698136
237610873.9995787144 69797.3726515505
279318704.2175976038 127554.8568724170
241147058.5367761254 83395.0363137965
240239351.8886521161 80308.0379907436
284506070.4992004037 133091.5058482587
294754649.6792114377 141526.5684432983
294952888.5153539777 141834.0392074585
239142888.8088936806 77891.2310311921
268783513.4973565936 113001.4129404426
240723381.3399643004 81664.1089065318
240813276.0603199005 81825.9307926349
236915668.3191140890 63461.6499141231
239069557.0369784534 77311.1484090551
238129553.2418471277 72677.3114306718
238224178.2831415534 73421.2835851773
241461853.0187824667 84267.3673722883
237543436.7134009600 69084.1470565010
237776647.9479458332 70754.7674330879
236535122.6055164039 56562.4434889770
237454414.6801735759 68861.9534072891
242879223.7616461813 87443.1750806123
238904539.1811756194 76981.9496805794
274104773.9677107930 118681.0975870490
238003116.3468920887 72394.8705418683
238101703.4813128114 72560.0308808587
238803014.7573410869 76220.2579538948
288761449.4578304887 138628.1812648773
239662149.4983105659 78445.0399006657
237504312.8782932460 69029.9363808948
238738933.8972682357 76071.9439737923
296880781.1637143493 142850.0961761475
239630715.2489619851 78442.1307820134
240467836.5890387595 80968.8261021427
237286366.9929291308 67257.5020140316
237476702.9650199115 68890.2760634157
238105212.5912624896 72564.0686368249
238480476.4715105295 75130.4481980927
237370141.8437344432 68122.8397927600
239977127.2599141300 80179.6068447880
238770529.1630406380 76091.4578827724
241671377.6573468149 84388.2146387835
241476798.1453757286 84379.2713080187
274598227.3490927815 119527.3943095766
238904700.1975994706 76998.5544709071
237216232.0299869776 66370.0439108516
236923548.9002173841 63483.5335549786
237092819.8911261559 65457.6186829563
238439267.7267138064 74401.2318003304
242694559.6500114501 86839.0905023803
238198995.1747681499 73309.7092259504
281935440.2017084360 130885.2838940551
281773787.7307492495 130488.2252516827
241286855.9589796364 84190.2410251517
241054078.2961564958 83303.7490861659
239979681.3835011721 80247.1340178303
240564674.9487108588 81145.0116082482
236665006.2069191933 59870.0634664550
238033389.8908607662 72399.7035191632
239878866.5133983493 79988.3892582707
241022644.0468078852 83300.8399675135
238604873.0106211901 75311.2375071175
297321523.1344267130 143663.0289154053
242488977.3038997054 86080.3078943481
238269473.0024149716 73456.8529144059
242329983.4998590648 85264.5942007293
297343478.1134854555 144391.7244873047
277937266.5876179338 124511.6216975024
297235778.4286553860 143614.4546356201
238271563.2683911026 73486.3920992147
238321959.4521445930 73528.1509086210
279925474.1458013654 128432.3262373395
238270547.6860821843 73464.5690019257
236798181.0111140013 61825.5177691951
236650897.9271465242 59869.9102137341
298413177.8822444677 146445.2858581543
241705282.8457623124 85040.0594194178
240863650.2427672446 82485.1262738947
280647265.4755823016 128930.0170681928
238567771.1848890781 75308.3283884652
298677591.0781220198 146783.5121459961
238404718.7206409872 74371.6655900605
236560229.9871803820 57375.6559140562
236670018.1434418857 60020.1699183240
237898018.5257861018 71645.3124974347
236722362.7749803960 60913.5882037654
238142209.2467844486 73306.8001072980
240348481.7172347009 80311.9968107991
236518528.1864187419 56430.0658150866
237929452.7751347125 71648.2216160871
236722224.5479864180 60909.0953734785
236816626.9888676107 61911.8553272392
236522579.3573406935 56450.0594854943
236703242.5586850345 60763.3284991755
273733130.7157431841 118242.1135445003
239837257.5615153611 79493.1548704560
239806410.5945978463 79278.6642698701
236886120.5007638335 62754.8158207785
236536688.1050745845 57205.4025390587
237800616.4694559574 70879.2314418516
236573520.0610426068 57375.8091667771
236847037.2551861107 62563.1268775090
242666117.4947280586 86634.8902420009
239905944.8545579612 80111.0268185787
256845235.8421127796 101575.4314815739
242347660.2584058344 85379.9980374637
238309603.7931832075 73501.1037990798
237022728.0250592530 64541.2076702963
242373440.8177345991 85437.6314755741
236664188.0010087788 59869.9785137131
239985955.5729084611 80251.5256527714
237022866.2520532608 64545.6891175266
240960742.0486746430 82637.9793453130
269356206.2320064306 114643.0367793890
268811477.9709490538 114117.9312606219
236886258.7277578413 62759.2972680088
278496684.5412141085 124804.0553542981
240597107.6785015464 81258.2633689705
278505416.9003345370 124884.1364089856
247891473.4978623390 90833.8047476983
240571878.6542193592 81200.6219664577
236618611.0044835508 58958.1339010253
236541109.7708850205 57225.3962094664
277918563.1983961463 124024.6855177091
284151334.5038947463 131103.2724301033
246475448.7368778884 88629.6727258302
246100215.1952828467 88391.0794869997
296578367.1008951664 142249.2186279297
296798500.6317543387 142611.1849822998
284632655.1985548139 133148.5460446179
270126833.0205930471 115281.9224698042
286342701.0957012773 135390.9926835150
252197527.2417897880 94350.8274912520
252056371.1392549574 93941.4293513929
253505812.2861504853 97629.2699515493
252916425.4102209806 97005.7158544179
284396324.7201507688 131770.3447446395
256264402.3173543513 98746.6510598874
256276846.6035725772 98794.8648374295
256276846.6035724878 98786.8606870389
256148028.2995054424 98025.5256677931
256781205.0058764815 100316.0283944821
256509764.1284846067 99745.2922566067
256276846.6035725176 98787.2348897671
256367564.6401309073 99542.7704961514
256470116.2251487374 99697.9938576436
256382935.6263138354 99671.1185696339
256264402.3173543513 98740.0741422391
256315884.4041436911 99459.5615575528
258956512.0927993059 104699.2494430672
258559533.1972552240 103929.4117508065
258559533.1972552240 103929.6056747567
258710707.5596686304 104328.4047374856
258987434.1827522218 104709.7439422738
256582009.4067255855 100186.3460762715
258559533.1972552836 103929.6716156136
257506185.1525945365 102503.3436092846
257265510.0302737057 101839.4487370960
257388962.6182011068 102222.4568275921
257582557.8708736598 102775.6119846813
257320161.4498471618 101843.6402458660
258510533.0039627552 103111.2149149869
259249619.1039758027 105150.3528972715
259150704.2617037594 105135.5865837187
260333633.4312625825 105465.7030915469
259812251.6324461401 105437.6093682498
260464817.7745506465 106372.7935590744
260838311.3925932646 107049.8031759262
261125440.5385630429 108385.1552114487
261673783.2112624049 110036.6526436806
261152136.4199774563 109269.2785744667
260444033.3595465124 106316.5766247958
260642266.0812868178 106454.9504002780
260942976.4967955649 107424.5328474045
260690826.1101178825 106498.7600069046
260624467.0219430029 106383.3473191261
260624467.0219430029 106383.1351075172
260624467.0219430029 106425.4295563698
260886060.4528588355 107133.5563492775
263559465.4438505769 110544.2061557770
263309232.1573878527 110516.4751281738
263854764.4779268503 110695.8137168884
263797252.6927145720 110550.3811511993
267050638.0948042870 111044.4706707001
267688262.9142329097 111658.4280300140
267645385.5369294584 111102.4151916504
272091693.0368626714 115640.3365960121
272091693.0368626714 115632.3713250160
272872194.7852239609 116303.4356904030
