98952413.5811193138 1164586.5400390625
98998576.9224129766 1172044.4584960938
100040848.7013620436 1297513.9150390625
101799691.6128004938 1421454.1484375000
99088733.0574563444 1181427.6254882812
101194848.8136655390 1392512.5903320312
100966759.5727255046 1375974.0424804688
99242286.6066060811 1208430.7426757812
100955163.8396812379 1370692.8686523438
98045313.4597704262 1016010.7514648438
98351865.5672442764 1078484.8579101562
98370058.9244506955 1084167.3212890625
98606611.1892922670 1116948.4404296875
115773119.4318685681 1670485.8574218750
100377247.6372770220 1328209.4853515625
99565215.3901360035 1246823.9912109375
102126498.8925710320 1432227.9130859375
98639628.5613175035 1120612.7001953125
99536430.0887209773 1246702.7773437500
101148154.9104820341 1385472.5864257812
102357752.6186776459 1439968.5078125000
98545647.8689029813 1108385.9921875000
98624864.6304978877 1119420.8857421875
98383980.6076506078 1084967.9951171875
98979880.1788878441 1169818.4340820312
101424995.8711751401 1399898.2343750000
99581906.8380557597 1249852.3750000000
100803417.1449640691 1365814.6699218750
99295636.2631459683 1208851.0024414062
99356210.0388124585 1222746.4448242188
99584589.5597907901 1252200.7402343750
99427386.6820659935 1232000.3779296875
114748973.8310222775 1661822.8896484375
112832292.8907760233 1652122.9179687500
98710837.4882131666 1129988.5761718750
101413469.3903865814 1396289.4589843750
100541135.0941876322 1343948.0878906250
98078127.5809238106 1025680.2207031250
99711859.8656551987 1265658.4619140625
101038370.8921713680 1377795.7797851562
101283958.8841349632 1393999.9692382812
101635249.9488977790 1408491.3408203125
98933892.1450401992 1159297.9101562500
99001233.3959203362 1172815.0947265625
98584434.0011264682 1115531.9257812500
105787809.7232264578 1565538.8105468750
98749116.5148917139 1133497.4433593750
98575067.3138203621 1111693.7182617188
100341553.4495717138 1327942.1826171875
100695861.9192893207 1354779.6337890625
113377201.2056598067 1657332.3964843750
98533932.1171112210 1106570.4736328125
100766891.9370326847 1356424.0371093750
99851534.1952111125 1277722.0185546875
100737522.0509259999 1355401.9482421875
99624151.0686728060 1255479.5507812500
100974186.6425553858 1376120.2583007812
99965804.4359898269 1292231.0009765625
112791870.5083440840 1651936.7773437500
100965744.6193651259 1373404.7270507812
112638237.7005831897 1651727.5214843750
100446228.4748229384 1331094.7480468750
98258295.1842748672 1063622.7973632812
100564253.1431623548 1346146.0390625000
114432638.9495707750 1659576.1103515625
98211668.1446730942 1052328.3002929688
101476983.1384028047 1401617.4550781250
99147823.0440590531 1191575.3461914062
102043685.6553136855 1426722.2890625000
104781245.2440628558 1531133.0107421875
101692236.0545037389 1410949.0732421875
102349759.4285762310 1439108.1591796875
105300543.0493383557 1544992.8486328125
100642770.6380011737 1347821.5605468750
99653560.6531867385 1258493.8779296875
99944043.5562744141 1287566.5649414062
100965486.2507056892 1371439.6132812500
106684284.3975403905 1592963.7460937500
100290565.9043860286 1315060.9238281250
99935601.5330841988 1284851.0336914062
100011102.1346387863 1295372.5717773438
99775743.9660028219 1274198.1655273438
98599197.9319460988 1116723.7402343750
100420070.9444105178 1329617.7041015625
101541167.3880187869 1403368.7675781250
99597236.7850335538 1254525.9956054688
100103180.1938398778 1298353.5478515625
100501839.6008564085 1332505.9580078125
104340962.5208173841 1515603.5283203125
98354245.6978531182 1079195.8085937500
99798862.0149775445 1276061.2841796875
97995774.3205156624 998592.9858398438
100775333.9602229148 1359139.5683593750
100195946.5909825563 1307622.8198242188
98623154.8847105354 1119250.0278320312
112155159.9508072883 1643267.1513671875
116242658.8261277527 1671361.3583984375
98637918.8155301213 1120441.8422851562
99627067.5807269812 1258241.4208984375
98415748.7086019069 1089592.4560546875
99998089.1290558577 1292890.0996093750
106989034.6834909171 1594074.2587890625
100626584.6356401891 1346985.6718750000
99684143.8533717394 1258860.7763671875
98004200.5328564495 1003957.2421875000
98218295.4161672145 1057631.7612304688
98261776.4383390546 1066813.5366210938
100895802.8738297522 1368409.5410156250
116203337.9663260430 1671145.8427734375
103575772.2890614718 1495138.8134765625
98182036.6947537065 1044380.2099609375
98618474.4440208972 1117092.0942382812
101990707.1459217072 1423028.1191406250
101895506.0946628749 1422324.5800781250
98432357.5533033907 1090942.5644531250
106899951.1715702713 1593029.5205078125
98324075.0671917498 1073148.7651367188
98934274.9355859458 1164453.3652343750
116055401.5256631076 1670835.4804687500
114579898.7575331777 1661297.0117187500
99237343.7520626038 1206972.4145507812
101998545.3827248067 1423367.5302734375
106193464.6288890839 1572519.0439453125
98469950.3195828944 1096426.3320312500
111454846.6925169230 1608108.1210937500
102102891.2957475334 1428690.7841796875
106511900.2007043362 1583690.7207031250
98964584.0414005667 1167474.5219726562
101596959.4280569851 1404498.8476562500
102180775.4737172425 1433947.9707031250
102111666.2505402714 1430247.1201171875
98110387.0807847977 1026764.9257812500
98756673.6972900182 1136996.9692382812
100511763.5746282786 1337329.8715820312
105336492.1235392094 1551123.3339843750
107108091.3323357254 1598641.9824218750
98016908.4209391177 1007306.9365234375
106571632.6979581565 1588349.8115234375
98036887.2474296540 1010541.5971679688
104912088.9634282440 1539200.8818359375
98422898.0791952610 1090009.3403320312
98437419.2500897348 1091159.7172851562
99707480.9978708029 1262733.4414062500
101594799.0257515758 1403508.1474609375
106494823.2209439278 1581419.2529296875
104604535.0041204095 1516338.7421875000
98677623.6658812165 1126956.7480468750
101701743.0355820656 1412898.0517578125
98902014.9321582466 1155968.8452148438
109940590.1253768206 1605705.7685546875
98911516.8842322826 1157162.8784179688
101082874.8159411401 1379019.8964843750
98493197.1476972699 1099216.9038085938
98253820.8428807557 1057886.8408203125
102495923.2934915274 1446734.7890625000
100503712.9376918226 1334973.6523437500
102004532.6542388350 1424689.1904296875
98622017.3000340313 1117289.3408203125
101117647.0599201024 1380871.8613281250
106380865.9626857042 1578708.3291015625
98465908.0576578379 1094850.1738281250
105065811.7177410722 1544844.9404296875
98134999.3638004512 1039650.5483398438
104867917.8856479377 1535903.4550781250
106079972.5207913667 1570964.6611328125
98307466.2224902213 1071845.5146484375
98484714.2504025102 1097618.1464843750
98645378.0794459283 1121265.1967773438
101387135.7077984810 1395159.2343750000
98654076.0286282599 1122841.3549804688
98071919.5577551126 1024318.2944335938
98717931.7930162549 1132771.8496093750
98499698.6644779742 1100644.1250000000
99476104.2756335437 1237294.1708984375
98200160.2002011836 1052014.3603515625
102542848.9255891144 1450195.0146484375
98156679.1780293435 1042832.5849609375
103772142.6413877308 1501494.0126953125
103592971.8907408416 1496150.8603515625
98184145.7757979035 1048058.5776367188
98905940.2737405896 1156851.4399414062
99568131.9021901935 1249585.8613281250
99366269.2017603368 1223117.0991210938
98115400.5799269527 1033500.0698242188
98830812.7681772560 1152150.7314453125
98808962.9552868307 1148807.7495117188
99719724.7995202094 1267146.7026367188
98516811.9715412408 1106547.9619140625
98818884.4089172482 1150483.2709960938
100254762.6763727516 1308499.3305664062
100327123.4052866995 1322622.9472656250
99480161.3732317537 1240830.8364257812
104648911.2559656203 1522814.0214843750
98869888.3275389969 1153984.1040039062
102762985.9470182657 1461566.1982421875
99906868.7574530244 1282819.0849609375
100110914.9406486750 1300359.5136718750
99868713.4650319815 1280299.9550781250
100158723.0238452852 1303826.5371093750
98879809.7811693847 1155659.6254882812
115692137.9252151400 1667302.8789062500
104022573.2061352432 1511912.4794921875
98566353.5296169668 1109844.7602539062
102986790.1288042963 1474965.1962890625
98856943.2607485056 1153342.5458984375
100216784.3050283492 1308374.0556640625
98681542.6263968050 1128067.3476562500
98778523.0414239913 1139708.8227539062
104677569.5346711725 1522851.2900390625
98672844.6772144735 1126491.1894531250
98825672.7980619669 1150574.5732421875
99519972.4311203659 1244087.8984375000
100091058.6280850172 1297889.7070312500
99388196.4059874117 1227875.4311523438
99327857.9620591998 1222075.2749023438
100315131.7716175914 1320947.4257812500
102726211.8946920782 1460762.8623046875
105264040.4854620397 1544975.0419921875
98768602.0565500706 1138664.4296875000
100293715.9150076807 1320008.0683593750
98784990.1538485587 1143491.9931640625
103877980.4673910588 1510842.3798828125
115731223.9694838971 1667648.8203125000
106283222.7794561684 1574794.9599609375
98691650.8699591458 1129259.1621093750
98794911.6074789464 1145167.5146484375
105031616.3506237566 1541783.2197265625
99621742.3643470407 1255410.5966796875
99323564.0046838671 1216612.1499023438
115627337.7357831448 1667128.0917968750
99407133.1822375953 1231001.0332031250
99449611.2031738013 1237041.7138671875
103795140.1201593280 1503980.6679687500
104690180.4487375021 1525141.1982421875
99504453.9316254854 1241571.0966796875
99165928.8022336364 1198067.5097656250
99750799.3784597814 1267514.9282226562
99686894.4216167182 1259526.0766601562
100106899.8098181784 1299188.1328125000
99160985.9476900995 1196609.1816406250
104310782.3892929554 1511933.8955078125
100405334.9645579606 1329200.7763671875
99878372.2752006352 1281239.3125000000
100183901.7763684988 1305320.1757812500
115377164.6433310956 1662870.5800781250
115521741.7194227576 1663041.2617187500
104843522.4139232039 1532482.6943359375
99314002.0190356076 1215118.9628906250
99318621.1501403451 1216345.6362304688
99762779.9328319877 1268937.9926757812
106216343.5119937509 1572855.2705078125
104976791.5535792112 1539782.6728515625
99128569.6334499717 1190595.2231445312
106292639.4982223511 1576935.4824218750
103711614.3756041080 1496328.3808593750
103158724.1533164233 1478303.9794921875
102586788.9402955025 1455384.1279296875
102791429.5008877963 1470361.5419921875
104605007.1616331488 1522481.4365234375
103378568.2299859524 1494842.4111328125
104722682.5085465014 1528936.3759765625
102758316.9314870238 1461290.7724609375
102593667.5523168743 1456635.4033203125
100258387.7835298926 1309730.9555664062
102494346.0661109537 1444243.1162109375
106434938.9029310197 1580219.6630859375
99436431.6767118126 1236181.2329101562
103173066.6785421968 1479282.2343750000
100282169.7051705420 1310642.5771484375
109225239.7544041723 1604046.0126953125
104311733.4320132583 1511940.3818359375
103742828.8195726573 1499124.3544921875
99017538.8533592820 1173313.5659179688
103130919.8667985797 1476996.8154296875
102770973.8283297718 1462837.0556640625
102238667.4705728292 1438816.6337890625
104504339.0450277478 1515886.6855468750
102512311.3435233086 1447471.0703125000
103922442.6436122209 1510917.2626953125
103178400.0560757369 1486277.6699218750
103078592.7123579234 1475315.4384765625
99052367.5107679963 1175111.6909179688
102626418.5697078109 1458273.0419921875
99052490.3748219311 1175784.5346679688
99070271.2140010893 1180486.1918945312
102368544.4234822690 1444076.6738281250
99098819.0993777215 1182161.7133789062
99061175.6319005489 1175977.1225585938
99186716.6646750420 1204142.5908203125
99061298.4959544837 1176649.9663085938
99108719.3714342117 1183594.5102539062
103103717.6170915663 1475513.6982421875
113954248.3178837299 1657451.3798828125
99073767.8499715626 1181123.5415039062
99098941.9634316415 1182834.5571289062
115358348.8516776860 1661992.0849609375
102970207.6869430393 1473560.0166015625
114192081.8162901551 1659503.3925781250
102529057.8558037579 1448144.0136718750
