519919938.0352704525 22933023.9531250000
520293958.8351629972 22970267.9453125000
527607887.3843144774 23564790.7968750000
514553520.9292317629 22229775.6718750000
515023789.9529835582 22312832.8125000000
517056854.0790544748 22616329.9609375000
528862318.0192515254 23626693.2890625000
528567821.1464212537 23620949.0078125000
565151243.0560959578 24652981.9023437500
525788080.8875252604 23440987.4140625000
537548300.8638503551 24013207.0078125000
534592161.5132408738 23862282.1171875000
526721700.6259049177 23504364.8515625000
514741345.8425034285 22263643.2968750000
515241423.1336209774 22352021.4843750000
515393370.5133633614 22378999.6406250000
517339473.2176023126 22654212.1562500000
535726584.4463006854 23929565.6484375000
517592108.6463034153 22685032.3125000000
517332743.5811436772 22652128.8984375000
517365834.0743220448 22656268.7890625000
517416285.8409227133 22664320.0859375000
518042692.6553033590 22731937.5859375000
633121641.8688095808 25279335.4765625000
540027071.4252535105 24090087.7656250000
540875943.8054580688 24129817.2734375000
514120506.0185053349 22137033.1640625000
514958148.2560923100 22305938.7578125000
514877171.7808161974 22287201.8593750000
515201706.0497657061 22345970.0625000000
516820377.5238961577 22588394.7968750000
524337562.1103132963 23328733.2031250000
535415753.9436138868 23902069.0585937500
531541604.6286568642 23749478.2812500000
526124287.9646788239 23455398.3125000000
524096855.6007702947 23307413.9453125000
531594564.3022162914 23765217.0156250000
537022189.8684462309 23981295.8515625000
632706818.0785676241 25274668.5625000000
524909479.4407851100 23364341.4296875000
515712870.9173266888 22427671.7890625000
527257964.2835785747 23540582.7578125000
527774395.6771671176 23574405.5703125000
526472634.4111146331 23471886.7109375000
527607887.3843144774 23564761.5078125000
515823712.5580097437 22443937.5468750000
513779384.0196914673 22045266.1484375000
516544384.5640375614 22546452.4609375000
517365834.0743220448 22656271.7656250000
517768007.0848345160 22707487.7109375000
535191525.4036894441 23886917.5429687500
515764179.4562925100 22435584.0156250000
515860945.5282493830 22451218.1250000000
538156455.8234571218 24028901.3593750000
538253723.6321424246 24041078.0156250000
537837188.8617401123 24026987.3046875000
532111246.0664511919 23781629.8789062500
627839407.5101034641 25231929.4531250000
520303404.5700407624 22978641.8437500000
531754151.9934900999 23773205.0937500000
526507755.0450600982 23482353.9843750000
537359847.5537821054 24000573.7500000000
517365834.0743220448 22656282.2187500000
523566640.8556426167 23267894.8593750000
514779893.3838623762 22266613.6953125000
516315362.9285973907 22513358.6250000000
517319030.9693265557 22650059.0234375000
518817004.4846549630 22825443.9531250000
518817004.4846550226 22825617.7500000000
520881928.0731816292 23033648.8281250000
524861139.2216907740 23361762.0078125000
585071077.1669434309 24878490.4843750000
589752116.5251336098 24909525.2968750000
537726843.8267793655 24018988.2500000000
513780322.7927739620 22048336.2343750000
548350180.5135781765 24316022.9140625000
521896427.6494150162 23123692.5312500000
547700261.6697200537 24302136.1250000000
532452426.7685835361 23795805.1289062500
517150278.0014826655 22626171.5234375000
521805676.7710065842 23117616.7109375000
521732905.3844281435 23108907.6953125000
522439787.3243379593 23174489.1171875000
524702861.7072209120 23353835.8046875000
632811770.9169260263 25275613.0859375000
543364325.1115096807 24182066.8906250000
527989088.0260680318 23585926.6718750000
632116940.7505222559 25273007.7421875000
617269453.4948525429 25123673.9921875000
617494282.9432492256 25127368.9843750000
528890812.7873368859 23633083.3515625000
528324927.4805992246 23612707.4218750000
530932883.2293274999 23722710.9726562500
516380814.8625744581 22522006.4453125000
632855033.7536197901 25279316.1093750000
516870725.4464789033 22591874.7109375000
515589430.0567523837 22410952.2109375000
516072270.6770623326 22476000.1640625000
521525951.8985880017 23092937.8281250000
546559933.1306864023 24289083.8359375000
516225603.0770173073 22501309.0625000000
520595424.9908480048 23005482.8515625000
532948625.6052553058 23806528.1796875000
516615024.0246302485 22554532.3593750000
524059025.1312576532 23302680.7812500000
528133495.4944615364 23596256.4140625000
516885872.8751038909 22592741.3125000000
529823263.4736319184 23689058.1914062500
543472108.3232226372 24183401.8750000000
544482598.3617954254 24234352.2265625000
544011940.9573663473 24226287.4296875000
535777814.4700360894 23934211.3750000000
518382705.8927186131 22774997.5703125000
545296938.4844856262 24263095.2265625000
544660366.0480957031 24250466.0468750000
536275461.2806528211 23950854.0664062500
519830425.8720552325 22927486.3515625000
523195631.7314572930 23237325.6093750000
515491953.2042317390 22392044.5234375000
516111340.2128335238 22487437.7500000000
529318236.5833548903 23652388.7226562500
516179976.6293969154 22494862.2421875000
627689522.8556656837 25213723.6640625000
514523293.7224243879 22223898.6875000000
514365109.5624524355 22190104.3671875000
518017776.7285560369 22730428.8593750000
527041829.1556263566 23527482.7968750000
517545305.5413079262 22678803.1093750000
514478475.3252295256 22213624.1171875000
519650515.8742967248 22909704.0703125000
526976729.9504067302 23521325.7734375000
546509387.7474325895 24286036.6093750000
521950512.7827228904 23131162.4765625000
546086650.7150071859 24271083.4062500000
520398229.9302927852 22987033.6562500000
613038558.2023152113 25091700.6328125000
612855384.1456191540 25077944.1953125000
517506854.2286935449 22674467.9843750000
540446317.6693667173 24118780.6953125000
541530021.9223843813 24163946.1015625000
521431126.5383360982 23084505.1484375000
545403935.6406475306 24267231.6328125000
534076879.5763002038 23839202.0859375000
519204070.6328893900 22870261.3750000000
517721292.4396490455 22699035.7500000000
518467294.4062266350 22781995.6562500000
526815646.2702687383 23512697.2265625000
520026472.4303494692 22948069.7343750000
523591594.0452931523 23269416.5703125000
533173000.1792658567 23824786.0195312500
514822182.0254800320 22279720.1171875000
522842951.9044235349 23210639.1406250000
514049350.2321787477 22127693.7812500000
560511429.6278789043 24555892.4101562500
519524634.3795998096 22899098.3906250000
551660982.4540549517 24358424.8085937500
551131304.9116867781 24352586.9648437500
519441256.2691268325 22893075.2265625000
541519738.2628335953 24159588.1171875000
535373904.8409875631 23890960.9648437500
534999406.7865903974 23884670.1523437500
541159133.4327260256 24142897.3437500000
555178582.1683776379 24457657.2929687500
532903829.1740549207 23804944.1953125000
517906766.6188868880 22719473.8515625000
541045927.2545272112 24140107.8984375000
519204070.6328893900 22870219.8125000000
555082942.8811954260 24455674.5742187500
539362651.1438316107 24072928.6093750000
531621143.5035542250 23768664.6875000000
525235114.3992636800 23390339.6562500000
523195631.7314572930 23237471.2500000000
569368499.9460862875 24727035.0000000000
553006131.4592536688 24416114.2226562500
521870810.9067270160 23122991.5546875000
514294073.6180099249 22179538.2265625000
518963557.8849757314 22838358.4296875000
543572735.0715992451 24196271.9765625000
518573537.1394847631 22791894.1093750000
547731576.0616884232 24315006.9921875000
518655559.6385198832 22803963.7656250000
520417932.5080139041 22987289.7265625000
526014063.8014970422 23451763.5625000000
556022587.6469234228 24462281.6445312500
557862930.9535354376 24510949.9375000000
605635014.0166264772 25069284.1523437500
530948626.9788839817 23732603.5703125000
522839359.3024457097 23208467.9531250000
520398229.9302927852 22987043.2890625000
563236896.2453603745 24626561.1054687500
568320748.0544612408 24699838.0703125000
522708898.2327153087 23195459.0546875000
523386549.3769129515 23254652.8515625000
532202351.2308794260 23782507.1289062500
550318230.7636973858 24342499.3515625000
565356556.3372559547 24656424.8984375000
517851025.7665523291 22713549.3515625000
514615096.1292688847 22239110.4140625000
518573537.1394847631 22791877.3984375000
524198235.2360976934 23312967.8750000000
548406798.1674787998 24322847.0546875000
554871726.6349178553 24453991.6445312500
513985762.9504945278 22115564.2031250000
536236986.2570436001 23938688.0468750000
540360404.6485683918 24109371.9843750000
529728983.3464420438 23679612.3789062500
554526678.9495652914 24444513.6210937500
549852522.3224684000 24333073.1796875000
604313255.2955787182 25040142.6015625000
546431993.1657152176 24285892.1171875000
521273125.2926897407 23068593.3359375000
580971726.5276566744 24806834.8632812500
580640576.5348907709 24793247.1835937500
568619860.9823133945 24705758.4062500000
547054102.4393740892 24296822.8515625000
553767432.1821907759 24424860.9101562500
612630251.6606811285 25069783.0859375000
520811758.0111148953 23026450.4843750000
546518065.1235456467 24287310.1250000000
514213777.5445341468 22162157.9921875000
568923778.5066715479 24718334.5234375000
546391089.9044246674 24282068.3125000000
514167127.9276325107 22154087.0937500000
594645456.0034589767 24914190.2421875000
556349926.0055066347 24465079.9960937500
556383150.6622132063 24474311.0351562500
576782198.3924142122 24741708.9218750000
576495025.8413531780 24739418.0703125000
536764869.9677098393 23952103.2578125000
535539679.2424474359 23904142.2070312500
562492105.1946748495 24595298.0000000000
568899756.0333708525 24708262.4296875000
527424036.2581350803 23551252.9140625000
536888745.3428870440 23960994.6406250000
560295303.7754113674 24554315.1406250000
528934258.3658318520 23642084.6718750000
554157198.4660102129 24436854.7382812500
552894402.0921307802 24404224.3945312500
513985762.9504945278 22115590.5078125000
567958811.6776252985 24696022.0625000000
513985762.9504945278 22115626.9921875000
564272179.8764278889 24646199.7851562500
564042109.1355310678 24642312.7851562500
624992267.5166890621 25213304.2109375000
531613411.2353930473 23766867.4414062500
527591141.1039850116 23561856.9453125000
530069029.6996368766 23698902.4726562500
616302723.2771377563 25096650.9921875000
588852765.8675174713 24894548.8281250000
543540485.7517006397 24192150.0937500000
583964053.7900171280 24809646.9765625000
529089439.3225955367 23646604.3710937500
525355285.7584504485 23401623.6328125000
522937163.6597697735 23212934.7968750000
530002777.3727944493 23692639.0742187500
560843223.0172650814 24580531.3320312500
560614966.8490580320 24579826.9492187500
529463279.4363712072 23660584.0820312500
569121442.7867581844 24719344.1015625000
529471454.0562278628 23664140.7460937500
586634289.3712829351 24882693.4765625000
596756455.5497980118 24940074.0234375000
586529412.3765358925 24881803.0625000000
559535406.0110508204 24532470.6328125000
624289916.3339282274 25198865.2968750000
624454770.2470408678 25207344.9375000000
562222366.8821548223 24586975.6210937500
562476397.7393532991 24589250.7500000000
584999578.5460548401 24845420.1562500000
584967098.2359338999 24845359.3984375000
525224142.0404180288 23388645.9843750000
599426685.1425766945 24973452.5234375000
599329565.7772237062 24970485.1171875000
524974479.5263203382 23372153.5703125000
551836628.5678713322 24371001.5546875000
599859494.9105256796 24979052.5937500000
604071553.1914237738 25009970.8945312500
627699343.0291372538 25221565.2031250000
533847455.7435881495 23833707.0898437500
617494670.1414128542 25157811.6484375000
603369168.0111583471 24998664.8867187500
550705336.3495306969 24349051.2109375000
617182225.9215455055 25096709.4062500000
566409055.1989854574 24675174.8671875000
631799465.2292212248 25240879.6445312500
599181950.2265553474 24960632.9882812500
598871751.6984241009 24958788.3554687500
601277355.4943984747 24981253.5312500000
631527667.6184366941 25236271.9804687500
631951488.8847395182 25241046.0195312500
557700206.2478934526 24498473.9960937500
622641935.0358083248 25174339.8710937500
543939236.7211848497 24210344.3125000000
597472233.6424722672 24957371.9726562500
559158360.3659321070 24528543.7460937500
558747604.4717239141 24518623.0429687500
560031629.9043970108 24542833.0351562500
552304986.1811099052 24398489.9492187500
557151249.3278660774 24493075.6210937500
551842268.8340015411 24374322.9921875000
