687402042.1573666334 27431.9638512533
679496539.3241909742 25770.5431886530
689405270.4347814322 27750.0004601134
689357080.5642789602 27696.6801132812
713514431.4793819189 29974.9957294464
681090665.9974303246 26165.9471567935
684677428.6813237667 26954.1826380230
674802658.7475178242 24404.7647103444
685305065.4824843407 27041.8618101876
686779740.3057463169 27301.9381969076
685316966.5813728571 27053.4366459649
686482105.8369729519 27248.2935722273
680154115.3548063040 25950.0899005747
694419450.8792506456 28431.7081448461
675078331.6887707710 24553.2617639676
679933688.4510093927 25871.7170919990
681622137.2346103191 26328.1315498939
685323199.4267423153 27084.4245365065
679242231.7263185978 25689.6865295386
692781594.1987824440 28245.8521127585
697555574.2702107430 28870.1921452317
680154115.3548063040 25947.3306918955
687967996.6750780344 27450.1834221546
685100845.3788334131 27027.8527455133
686635530.8787834644 27276.6940793757
690371532.9316749573 27875.0210435800
698085695.0340493917 28919.1549447808
678813069.0416802168 25598.8260520911
683991107.2680375576 26811.6938620652
688004361.8863344193 27474.0229964655
690329697.9973900318 27861.9383180551
679977183.0889874697 25903.4211403942
685631246.7029138803 27110.4235036176
678836120.9967013597 25601.4985373387
673632973.0502883196 24082.2593474487
702667479.6804902554 29312.3369891122
690281057.3678625822 27858.8220537119
679542609.1030071974 25833.8733720887
696256273.6933302879 28722.7901317212
700721549.6744841337 29136.9421383031
680305799.7459814548 25987.5584486905
707111919.0728440285 29695.8551917076
691923181.1925305128 28141.5537721734
681895829.6701061726 26381.1678806683
699009565.6215894222 29048.2145203385
695840479.0015605688 28666.8805291749
703315711.0978453159 29385.2969100215
680807956.9049944878 26088.3065691805
697079391.5685249567 28794.0369908906
686566786.9808361530 27275.8789208334
674271891.6473617554 24356.9238537923
680658098.8001195192 26035.6330767488
686111463.8785341978 27188.8837042216
685495496.8524508476 27107.0041692563
679100395.7732697725 25660.5833871606
673281567.8456649780 23820.1684535000
676831688.7706656456 25085.4513214812
699948164.2178915739 29086.1315303929
707776970.0446213484 29763.6894698143
699837307.6263844967 29067.8226352818
683820116.9764000177 26769.1730811233
693972269.6369700432 28395.9597795415
699837307.6263844967 29067.3155704625
677981798.1107362509 25366.5034330854
677594413.9410272837 25302.6007765302
689003890.4140931368 27663.0883255522
681502320.3637877703 26238.9708920336
677136934.4894641638 25151.6065481672
673992150.3674045801 24238.6133675674
696712001.7087875605 28786.7217824555
704641999.7897074223 29523.1639018059
682880917.6782801151 26651.8532034988
675708143.8398923874 24649.5943432381
687919356.0455504656 27447.1474190418
691672289.3420906067 28120.5344030481
685070176.7085578442 27023.2591223519
673406614.7766654491 23852.8094599697
706263551.3305555582 29672.7129626274
705708769.4506109953 29588.6709399223
688415737.2954878807 27538.1268332664
688943794.2979297638 27648.7935371916
691777322.8725152016 28129.0493585687
681622137.2346105576 26328.9950447670
673267138.6751902103 23591.3968122009
676489794.0382646322 25011.8698954267
697105052.2616859674 28804.4429299928
696126481.6878303289 28676.8197443581
676667520.1714097261 25023.9923475070
686566786.9808362722 27276.0964501303
701255515.7463114262 29153.8852954991
674900094.9151275158 24486.9805888311
686475201.2885485888 27247.0799096029
696126481.6878303289 28676.8292505837
676031390.4275962114 24892.6944577975
687967996.6750780344 27450.2636833850
684322593.0036575794 26871.9194448004
706672261.6875021458 29679.7364172935
699838174.7675510645 29078.2610636950
679240194.9224995375 25688.4926357040
688652492.8321332932 27606.8777265768
697749841.1142669916 28872.2766570184
677293851.5798442364 25170.8622277695
677689039.3015404940 25326.3151256808
679225846.8229156733 25667.2635068810
695631750.8691438437 28633.0606234170
704940483.0768536329 29543.1649165154
681370164.3384079933 26197.3152964255
680529818.5454372168 26027.9583461499
707776970.0446213484 29759.8351302147
692132305.3807716370 28180.8202009085
686922941.9089583158 27341.3255210322
679384597.6791610718 25758.4336855778
672841668.8821432590 23243.7051875595
676154763.2375714779 24904.4150312228
700442895.0365782976 29130.4262424596
704193619.8438777924 29436.1289629936
675750575.2213809490 24696.9011517098
676015337.0534480810 24726.9915218880
683285286.1844742298 26715.8029105300
699777844.0648013353 29065.8204303868
677465783.0849428177 25272.1178592759
683333079.5515484810 26735.4201209182
698050305.0888973475 28915.3165615830
676407432.0106717348 24972.3587715095
693797920.3619962931 28392.1876361850
690509406.9472045898 27888.6815464418
691821942.3489111662 28131.3987333398
693251065.6394954920 28324.4333990026
682771306.7810139656 26555.8726112557
682775620.1168670654 26578.8797828866
675198969.5382732153 24585.4475707189
675204662.6821204424 24612.5269774572
693155253.9685097933 28306.0889348868
701556938.1082475185 29203.3132826388
695631750.8691437244 28628.9251482583
677986192.9110534191 25399.4644057295
683907139.1218882799 26805.6547179120
696886568.5281047821 28790.2431905366
697105052.2616859674 28804.4170968629
676716060.5061497688 25059.3756569309
682837121.4371474981 26586.2792028422
679100395.7732695341 25660.5414636376
700442895.0365784168 29134.2788196690
700398924.6206707954 29128.9000812657
682560481.1849125624 26470.3973230357
697548018.9235266447 28849.4565141297
695238233.9185190201 28541.0933759309
679360715.5072175264 25704.5512494957
687979374.0513209105 27462.7588515680
698220625.2419877052 28934.7731922898
706160117.3530644178 29669.9613909721
682767095.8684260845 26532.6622497750
700442895.0365784168 29134.2313724644
685112276.9719172716 27040.1700844198
690751120.3079018593 27948.7408392053
697809304.6758502722 28873.9847869012
680052908.4966672659 25930.5278866657
705444390.2212594748 29579.2217879295
691672289.3420906067 28119.6464178186
675360479.5650966167 24643.7193218398
707163528.7521008253 29725.7699427605
677326241.7729339600 25231.2399739343
687343312.6862802505 27356.0723849002
693595475.5628664494 28336.5932314802
693202425.0099679232 28324.2425954748
682679334.8394349813 26493.8615793223
709996388.2816225290 29847.9064598083
690981254.5464509726 28019.3659460168
694084760.0781983137 28407.5940262709
683289731.2059928179 26731.0382773513
695286284.6212905645 28621.7180802918
682190976.8259365559 26422.9597410551
688277084.9848769903 27475.7301100298
672995699.1018949747 23468.9551575401
686411664.9057928324 27207.0328107540
683389517.6842585802 26741.4391638870
683808925.3203072548 26767.2261626358
680418643.9678947926 25998.3529300606
712293685.1289565563 29887.5881729126
686913664.2182643414 27303.1098227900
687979374.0513209105 27462.7673964899
699906397.3126950264 29078.9396621804
672893847.6006455421 23439.5653998855
684581168.2648314238 26892.7284703227
690042534.8368839025 27830.4382910613
689679770.4443114996 27762.5491906479
698653311.1349276304 28996.5023659501
688148352.9715707302 27475.1705858402
698505889.9375970364 28943.8468631539
698568078.8161052465 28976.1771248612
700233086.2039062977 29112.0002163682
688284879.9287804365 27498.5953385524
694613686.2982455492 28432.7356182958
710721753.5551977158 29848.5056209564
682379698.3794007301 26462.0834669462
678993636.1951447725 25614.8023125669
672930522.5754684210 23460.5054378665
688464377.9250155687 27541.4643729393
683849533.7229400873 26802.3003401654
686056535.0068463087 27140.2018635076
707644926.8296580315 29738.6279234886
673047171.0239140987 23505.6885306839
673051423.5035160780 23571.4825895283
691991509.6105370522 28147.5656614188
698653311.1349276304 28996.7000969682
692247554.7682979107 28193.7718152176
688854550.2831349373 27628.6732512854
689320775.6927899122 27665.9994436644
684041584.3933745623 26854.0046896832
709038481.9421091080 29798.0324592590
674844657.0648362637 24414.4084922737
711501825.6022479534 29875.1969203949
691513961.3841557503 28056.2494716827
677000859.1784546375 25116.9508369846
677457142.6314210892 25243.4556147596
712331555.8542243242 29908.4419116974
676302926.9867219925 24907.9885667248
676302926.9867223501 24908.4705537243
691643502.7166764736 28065.7930145446
698823631.2880179882 29013.6259430680
691994203.5984947681 28157.9801149253
691594862.0871490240 28065.6154632751
685944780.5840020180 27123.0215747982
702555719.8659243584 29281.9443763494
690649418.6938478947 27900.0628416558
696526067.3752161264 28757.7313497163
692969886.3899010420 28289.5576333884
690245840.7878770828 27837.4962363002
678717065.6102058887 25563.4923603079
703236627.2809641361 29374.6431835890
703823213.8841544390 29417.6929777861
693075623.5758709908 28293.5851526145
681886488.7460944653 26338.5416548392
703158162.9123777151 29351.4066694975
690705856.8265581131 27905.8707945366
702571576.3091872931 29303.5165814161
675921682.4766734838 24707.2437778372
703413715.3842904568 29386.6505926847
677861834.2869646549 25334.9817225477
705401748.3632929325 29568.7347979546
690705856.8265579939 27902.1141035576
703908446.2029771805 29434.3300169706
681277426.0710713863 26193.5731777093
692461229.7216920853 28229.2432405572
701351697.5127310753 29160.2097861830
684676231.9721457958 26904.1768814223
679911100.8544045687 25861.5701123607
702265164.4159373045 29269.2599082589
685018771.7364437580 26957.0990324850
711542478.6599661112 29883.8566646576
680868562.4716337919 26104.0806734702
678317017.6064186096 25469.7185157975
704288275.2197959423 29458.4301223755
678055797.5161622763 25425.9709180882
678124546.7916053534 25445.3874191484
678011698.9167410135 25403.6724752477
705801374.3488237858 29595.2755923271
679286417.0328154564 25691.2937366208
679094366.3623807430 25641.1586353025
708791091.0335977077 29792.6518974304
708791091.0335977077 29792.6482849121
678467167.5562357903 25528.8957988462
705343196.4165079594 29544.5738024712
701525649.9713525772 29168.5393664900
703236627.2809641361 29374.6589535475
702777047.2433568239 29324.9767292738
701915162.3624280691 29230.7845133543
712325432.7412457466 29903.6163253784
686314380.0054199696 27205.0428132444
678168645.3910262585 25468.2487968644
680571394.7048212290 26034.1059005400
679366656.2266538143 25708.3885987243
713405951.1776689291 29954.5175895691
695034612.5165764093 28530.0205429129
694742188.2775728703 28481.8796165519
701285345.4805743694 29155.9927289549
701763334.5161660910 29205.4329602122
695034612.5165762901 28529.1286666922
695034612.5165762901 28530.0076492362
705388340.4863899946 29553.0741038322
705414198.7267875671 29572.6013026237
705968393.1070575714 29622.2413973808
708561154.9501283169 29784.6448440552
708388827.6416000128 29776.3300857544
712893572.7393057346 29941.2076683044
703492836.5812777281 29387.1689566374
708791091.0335975885 29789.8584327698
712660018.0413008928 29936.6480293274
708388827.6416000128 29773.3717193604
713257185.6622210741 29947.2931556702
702862279.5621793270 29347.6266011000
704491802.1676756144 29476.2120528221
702223093.2843528986 29259.0493885875
694695822.0989366770 28439.8689096801
694724848.0416802168 28471.6607111328
