186053143.2419350743 213.5577595667
186842276.3856754005 222.8794322435
182572251.7165512145 170.5464855273
188684726.1414979994 240.5439926167
188996240.9420482516 243.3179086670
185310997.8056708276 206.7379634120
183751730.5034628510 187.9903771839
186602188.7811723650 221.4648427750
182544986.6723915637 170.3665035804
182034601.4058336318 160.4350860182
186873489.4179385006 224.3500119403
186564509.7627406418 221.3381171518
186474573.1889085770 220.5074250990
187505266.0011648536 230.5063215687
186687152.7186197639 222.2955348278
196305930.6141887009 263.2899973392
182060445.8861978650 161.4514618281
191466362.4511888623 256.6638976336
182659830.2791466117 171.0904184421
188532229.7440919876 239.6031140466
182770296.8078082502 173.4266858724
192421291.1318252981 258.0309301615
186619768.2730924785 221.5968509012
186631894.2082679272 222.0368010784
188511025.7114396691 239.5165337701
186398697.4756201506 219.5881358055
182731739.0327000320 172.6178968464
188923340.6853645444 242.7919541379
188855133.3407511115 242.1989239235
188691743.9867412448 241.2406545659
190883460.4915712476 255.2896107435
182786380.7365492582 173.6235893806
188549908.6906298101 239.9405489643
184851088.3441545665 202.2432469688
185268141.5289454758 206.6612220055
186307595.0703121722 218.7574437527
180374542.6014488041 117.1124800279
183190859.1466137171 179.4088781947
182666890.3591593504 172.5483165820
185573385.1283059120 210.4062702247
182108323.2546772957 161.6595543036
186687152.7186197639 222.2955348278
185084686.8900273740 204.3721337563
188723437.4898162782 241.7161534806
187592862.8476165235 231.1532098387
180474172.8742476702 120.7387462727
181081813.0803299248 138.7705393063
180534400.7926456034 122.6200289599
185741225.2828425467 212.3427567429
187571907.1035625339 230.8570474452
184687092.7795128226 200.0406305156
184785567.5057563186 201.9558812938
180447742.7858067751 120.2039982749
184785567.5057563186 201.9558812938
184752694.1199626029 200.2022377480
183667205.9634476900 187.3027827634
181031680.2727449834 138.1650337728
186377250.2273879647 219.3016794590
180569071.1256828904 123.2326855010
183676929.8953761160 187.6268209709
187136165.8780826926 226.0424514712
181127286.8741052747 140.3114878574
185717650.9751548171 212.3215210029
185182305.9539243579 205.9229853157
187737128.6944654286 233.0684606169
180859754.6345731914 135.2896091791
184583552.4898724556 198.7817929913
184941431.3456183672 203.8779337964
180213440.4931789041 114.1266465022
183728015.7882400155 187.8110404505
190560443.9485216737 253.8381593227
183667205.9634477198 187.3027827634
183522940.1165988147 185.3875319852
180283714.7353265584 114.1993794385
189255228.6027963161 244.8312543114
181083439.6601583064 139.7982832740
180988851.0128918588 138.1546364354
180739501.0309810638 129.3972531233
187853081.8569188118 234.2848234256
183309096.9548498988 181.9591641368
180404592.4376752675 119.8866565586
189442875.5410185158 246.9915133119
187952305.9380252361 234.4102046867
180289209.1168644726 116.6042223408
188646283.6297508776 240.3456540499
187169600.3772472739 227.1342181131
180938718.2053069770 137.4312875124
185315523.7522411942 207.8101146588
185427257.6105183363 208.7496107540
182764071.0021537244 172.7216469244
181498336.9683384597 150.2457759369
192440967.3262723386 258.0336490870
181722950.3151249588 155.1921062980
188141884.3052665889 236.8388582189
192451476.2427381277 258.7135423422
187661582.6259514689 232.2736342703
186432261.8535521030 219.6966305641
193212431.9262457490 260.4344134331
181200496.4339355230 143.8824991666
186240210.6247848868 218.0587598260
192750231.4137856960 259.3276729584
183149732.9458614290 178.6368128551
183237682.9547052681 179.9399506344
187993923.5956223607 234.6351623032
192922107.0446824431 259.9731030464
185702638.1570076942 211.8533377239
186095944.7779359818 216.1435090479
188052256.4407789409 236.0325194318
180771153.5021379292 129.6962659510
187995545.1643618941 234.9920928949
188075854.2925504148 236.4252878898
180712316.5866867304 128.2854752886
180646703.0536500812 125.5400753906
188311984.9696364701 238.3457082887
182299092.8359766006 165.6216959179
182923537.1866284311 176.2580681582
185558372.3101587594 209.9380869457
187435841.6135121584 229.8307883278
188008847.0020686388 235.6612338894
183788306.3715520799 188.9991481827
187999180.1149536669 235.0855495804
187726309.7364905179 232.3916575783
187283771.5081205368 228.7682240442
187408392.2759759426 229.3400702015
181436835.6414028406 149.8881243903
186196346.8472847342 218.0072357723
188374961.3530873358 239.2578000207
180698578.7143833637 127.5621263656
186307595.0703121722 218.7574437527
182945661.6209089756 176.3572769900
181128786.9317951798 141.9094053407
187101160.2378013432 225.7531473683
189308633.3322856724 246.4090805650
186163329.2234632671 216.8421929745
182971507.5151017010 176.4990139742
183236637.3379432559 179.7842841903
188185353.0494373143 237.0082527776
180715542.9109718204 129.0239654578
181721756.4481530190 153.7639393520
192623286.7251408100 258.7377455235
187768780.6713487208 233.9669344299
180647804.0940361023 125.5619910932
187624514.8244998157 232.0516836517
189702844.4989996552 248.9664922655
189287492.9709643722 245.2724597752
181643636.1501086354 153.7028124694
187145335.6469071209 226.5361781702
186171917.7390009165 216.9322722576
189560206.3365084529 247.5983290374
185796256.3752393723 213.0151904247
186123807.7545779347 216.4373585490
187274192.1340219378 227.9841199503
193284931.0386214852 260.7546508312
181949029.9868361354 159.0100062851
190488427.3767795861 253.5064845085
184228551.9625359178 194.1846327446
185751342.8512988389 212.7325759551
180782985.7328564227 131.5822261648
185751342.8512988389 212.7325759551
184293506.0514421463 195.1606967113
180503768.4614793062 121.7130650180
184338691.9477459192 195.2211367450
181094088.7687831819 139.8909738902
184512296.0434075296 197.7565426193
184368030.1965586245 195.8412918411
180786161.0098714232 131.6509497912
180604827.1801592708 125.4320525998
187273391.4616707563 227.7364109051
192098179.9613867104 257.8687767982
184694682.8053230047 200.0731779895
192557319.8357407749 258.7193801403
189894522.9155844152 249.9701022208
189768459.2836091518 249.3457140028
184234004.4409251213 194.6140723973
181778608.8624408543 156.3213234607
181736044.9045898318 155.6964870590
183422059.7368777990 183.3764543408
191920948.6735698879 257.5733709335
194768390.6893368065 263.2065823078
184542907.5061979294 198.6616749130
187189090.2761006653 227.4185219095
181181575.7462758422 142.3529254291
196252703.7440958023 263.2788445950
181581101.4882517457 152.7010430236
184352290.4379245639 195.5383732281
187147213.8613018394 226.7997478765
181633489.3517614603 152.8197509784
185457971.9955573678 209.8295975866
183850425.4261251688 189.9383349942
194734262.5898210704 262.7308547497
181811940.2619690299 157.5585230488
185625261.2663126290 210.8173255512
182503064.2551767528 168.9592511100
181258844.1958888173 145.2431753565
185769527.1131615639 212.7325763294
185769527.1131615639 212.7325763294
182437622.6774759293 167.1756132552
187499345.1262199581 230.4472996187
181371222.8578463197 147.7459459815
182293356.8306269944 165.2603624770
181991454.4068712294 159.9938655857
187049958.9842710793 225.7254942325
182340807.6726095378 165.7411762274
182597197.2944407761 170.8391722861
182391045.9604193568 167.1174190108
194734887.5961682498 263.0115923882
184088954.0150381029 192.4385418223
182813927.6881994903 174.6862336238
182246780.1135703623 165.2021682326
183622374.2780679464 186.1730165674
183340191.7566564381 182.4138120902
182123975.1421599388 162.5627117518
183061801.4413091540 177.5909939377
184632410.9405682087 199.1231606992
186966134.3548444211 224.4365731417
191621719.0471922457 256.9733256102
184626742.6022384465 199.0289295705
184354035.7160987556 195.5383732281
182220981.8404639065 163.9846327666
181316990.8274850547 147.2144640748
191772130.4924820960 257.0864564180
182365304.7962893248 166.7183203761
180714261.9713702500 128.3025515192
181304588.9732130766 146.6323498700
180589374.6354636848 123.3751467132
192638109.3114802241 258.9552092552
182017698.3458398581 160.1178088550
182186325.4920439124 163.6412165228
184899122.6243974268 202.4947473428
184503397.0912828445 197.4604257307
180768961.5376863778 129.4700870794
184167137.7693798542 193.9915028141
191268495.9024574459 256.5925072432
183477130.6094412804 184.3486735695
185216984.2775669098 206.3320506237
185216984.2775669098 206.3320506237
180934068.4590650499 136.1467295730
183111934.2488940358 178.4469924172
183818350.6850528717 189.4104528950
185130144.2843449712 205.4902179430
183934168.3578444719 191.3149178551
184104563.1163843572 193.2301686333
187106608.4650043547 225.7782330108
184218057.0588973761 194.1136408375
184639759.9891044497 199.4136256764
185030254.1961410642 204.3631615362
191449176.0218331218 256.6021133661
183786073.3595609665 188.6973069957
183373601.9379002452 182.7019095295
184031791.2366123796 192.1847467945
190253996.1245082617 252.0172953904
195942503.2442563772 263.2434339523
188287918.4288338125 237.8112362628
180630988.9771855474 125.4614945614
181268070.7731459737 145.7565659348
180675002.0083776116 126.1879266464
180822827.7004233301 131.9936881104
181377861.2824563980 147.9823677380
180671826.7313627005 126.1192030200
180819652.4234083593 131.9249644839
194466769.7157247663 262.1815578938
190294865.2124033272 252.3877298236
190337369.6520499587 252.7089679241
190669331.5298936367 254.8101474047
191194682.9979807138 256.3733752966
194025476.7464111149 261.2605426311
181220115.9446227551 144.9154062237
181246718.8579016328 145.0725871537
194305150.0804893672 262.1434125900
191074021.4111501575 255.8978763819
190819702.9891203046 255.0671843290
181566037.6478173435 151.3598055339
190657274.5943934023 253.9508250952
190037640.0173350871 250.8172427118
189906423.0322486758 249.9733082652
190378488.6212497354 252.9221329093
190923649.9519234598 255.6408394575
194094480.7014178336 261.4884963036
194543051.2294556201 262.4058890343
188618820.7861991227 240.1812594682
190818221.5449773073 254.8242937326
194718128.4959508181 262.6703658104
193935304.6045700014 261.1862597466
194158233.3853159249 261.9276640415
187715676.1457650661 232.3346573901
190160910.4247167706 251.7875668406
189202230.0471874475 244.5942802876
189880612.7671862245 249.3472885489
189552488.8368062973 247.4320377707
188955566.1283294261 243.1278640851
188581309.8931533694 240.0360934287
192644684.0668610334 259.0148744583
192157619.4092777371 257.9708077908
188836647.6672651768 241.8417930752
192649451.9447353184 259.0394332409
192192709.3177883923 257.9951813221
192370955.9421314597 258.0294215679
192450438.8481163085 258.1705653667
192087968.6739116013 257.6679291725
192033039.1238878965 257.6034274101
