289222971.1780797839 264184.8259501401
290073546.1903344393 347768.5568739176
289965638.7178410292 342987.6099070292
290302580.0822079182 366771.5643211603
290456791.2526076436 377831.4682946205
290870941.2543749809 405233.5613317490
291113952.7382700443 418653.2486419678
291164395.1167694926 424906.5934448242
292353110.4308896661 472341.8286420703
292353110.4308896661 472342.0672840476
289381841.5479750037 288545.0542704463
290469849.2777177095 379440.4846367836
290302580.0822078586 366771.3790098429
290672209.5724303722 392029.3789312188
291382379.5976286530 432831.5116519928
291631788.3200352192 443142.5554375648
294047981.4015262723 532632.0640406609
342932961.0508529544 1069522.5356445312
301072389.4960681796 714007.9413293861
289222971.1780799627 264185.4091322366
289952510.4330030680 340767.8817119580
296540677.9205854535 603988.6467715502
289446002.7559475303 297111.4262424093
289490273.7670227289 302872.0948755145
290910581.4649935961 407184.6833298206
292538790.3386890888 480779.4881969700
290926197.1010293961 410033.1486539841
290998327.4643101692 412472.3568935394
301267258.1044231057 717085.5918420927
304182205.7195647955 754863.3538115186
292597948.3387410045 481012.6482286453
293420965.2591401339 514266.3087874651
300324023.2144638896 700581.7319919842
289556040.3242275119 306113.3674976807
289477340.7342523336 298739.8300532084
289744650.4016231894 327016.9563907366
290517867.5945619941 384035.6365075111
290647032.9883407950 391960.6072775666
290973801.0342558622 411464.6953582764
292061172.7560778856 461806.8034067750
304917121.2250117064 765028.1304228468
343232683.4457679391 1072956.4174804688
295665489.7378721237 581418.4944965448
295388917.3443805575 567754.6526369546
297755985.2196639180 636994.2793029547
289344357.1424569488 281374.7827460766
291297213.1441156268 426500.6874514529
292647500.3513319492 485116.0878559360
295498129.6793370247 571894.7043604348
338040578.1158702970 1019441.7499389648
295844489.0958556533 587607.7174791787
289325870.3364454508 280757.4563015103
291834601.4319203496 451318.4164277324
290124293.5249015093 349995.3557095528
291790389.6827461720 449393.4256592998
289613101.9326969981 313923.9408504944
289710014.1250442266 320610.4289700985
290148845.5880306363 351118.4404308144
290926197.1010293961 410069.7298650742
289883409.7910932899 335700.1077455264
293701139.6247218847 522868.9785900116
297746990.9242494106 634498.7026427984
289285479.5068946481 273478.8527200818
290314588.7054189444 369378.8045574427
292051551.7983920574 460296.3352417424
295200447.1192020178 565745.0604767799
294166182.2433919907 538713.3545653429
289752051.6921601295 327023.1294292193
290167818.3218525052 351119.3664686028
292916005.1009908319 490374.1669456419
289512376.6670612097 304172.5764489770
289883409.7910932899 335691.3681062441
290809383.8936278224 401969.5303069064
291930628.9327757955 457468.4996538758
289601636.2929980755 312618.6056528687
290321989.9959557056 369387.2718554735
290089296.2738015652 348894.9537364244
292055471.8957240582 460424.7438733587
291610980.8449908495 441816.0586723685
303996928.2525364161 750970.4733434622
289221107.1964412332 257142.7781081796
289710014.1250442863 320611.3294723034
293694105.6906684637 522868.4814910889
289242517.3687819242 264203.1674259901
289344357.1424570084 281383.5138213038
289311362.7680061460 280276.6889904141
293256057.2542097569 501267.3077068329
297841972.8129838109 638070.3175231256
290477295.4372940660 380721.9725581948
293616716.6313262582 516326.5348173976
289381841.5479748845 288544.1739022136
290791693.4641366601 401491.3786154697
291154435.8117065430 418908.5755444476
291968341.4316450953 458218.1922059655
309548244.8051862717 831493.9262623787
304448512.7289159894 757970.4974272413
304393035.8288277984 756413.8978178663
289442232.9155304432 296307.2016038299
289666837.0975552797 320214.3821721058
290235287.8054875731 358167.2926520109
290237578.9528552294 363043.3535076380
295665489.7378721237 581399.4881433938
289341450.7184240818 281265.5650164485
290640082.1773042083 391960.2226406876
291154435.8117065430 418907.5019904086
291567912.3458742499 440023.2550599575
291968341.4316451550 458218.8025481105
292178691.0569884181 464809.1468313932
289825261.1659893394 333465.3353552800
290736437.6174821258 396702.6300803134
290584826.3306496739 387171.3754865471
291817321.0682806969 450353.5505769849
289221107.1964413524 257143.8531902432
290604946.7863840461 388491.9581524674
299871437.7299594283 686210.7455195836
290559783.1415216923 386051.1077816198
292745965.2431833744 489208.9695239700
289512376.6670613289 304173.8018282056
292361355.2964294553 473889.9700860977
295635222.7068606615 580870.7221755479
290707867.3984350562 395980.4466739604
293300623.4605916739 507087.4196642637
301089023.2696561813 716430.1904902534
299579366.7619780302 685752.5388888121
290532551.2839486003 385510.7210933510
300782170.2336931825 708144.2133996724
292373295.7196419239 475982.2736164937
290384467.0270351171 375590.2861683909
300645743.0466048121 706723.3251550435
295549832.0011499524 576492.3278121799
297549857.8847075701 629421.7342308462
296019341.6180769205 588634.3973201439
289370896.2907733321 288519.5462244153
289795093.4150562286 327965.2397762537
289739069.9301019907 321184.1478697062
294510800.9412705302 542762.0935863182
289521428.3648523092 304308.6150135994
300430418.8794260025 701675.7745506429
289294878.5176208019 274300.9050337672
293559865.9945305586 515454.1538248062
297394794.7728835940 628927.9298805892
289739069.9301020503 321216.5344125032
292362239.0168492198 473948.5545415878
299045815.4729390740 677675.5402777195
298591257.9528617859 660139.5198462009
300636748.7511903048 704227.6342981099
293617833.2972342372 517376.3143489576
292284200.3811812997 471305.1536501646
296383059.8405085206 598486.7745791674
292159026.4527347684 464801.6272059679
299083600.0029994249 679828.0139105320
324273282.7052307129 948450.5173797607
304281184.6586542726 755589.0929847662
297123859.5610784292 620964.7583108842
298618949.6497505903 662263.1073751450
341897246.9569405317 1064240.8471679688
298776567.7298275828 667838.3567945957
307892942.6773781776 802430.5770770311
298580404.6193235517 655438.3493254185
296502893.3905251622 601852.1000281572
310913950.9747802615 861693.1150256395
341097055.4861108661 1061571.8986816406
298776567.7298275828 667838.3653395176
295879424.5387257338 587774.1433728859
337717059.3473740816 1018094.1847515106
292922543.0604891181 492717.0385093801
307502026.1225735545 792275.3891164958
298776567.7298274636 667821.1419012547
292922543.0604892373 492717.3208712500
315276722.2756182551 900121.8284149170
321805299.9150823951 938638.8518066406
298746982.5649390817 667811.9928467274
326319462.1087892652 963942.2124481201
336380788.4417082071 1012954.0537719727
325400477.5229922533 963824.6053924561
292938557.7564921379 495455.4618543684
294510800.9412705898 542773.6381896660
293141081.7596830130 501128.6475698650
291497414.0432010293 435077.1432706714
292620878.9360985160 482828.7239987850
298303024.7957254052 648104.1701643467
292180719.4255656600 465408.7047574529
305807805.4939937592 779127.9211550951
305077068.1145919561 771571.5608035326
296502893.3905251026 601850.8086978197
299223721.4986146092 682308.3936579227
298909110.0379683375 671775.5646917820
294510800.9412705302 542760.0310710594
303984075.1833783984 749031.8469907915
292319042.9003704786 471435.9962230930
309686008.9582883716 837518.5033923388
298332249.8686820269 648314.9530283213
307462245.2077445388 788311.4644900560
289267103.8218085766 271737.3200342925
290915658.4716599584 408003.3514128923
294529026.7029812932 543183.1650347253
305055303.9859877229 765211.5109203458
302032487.8020420671 727959.5895274575
290117925.8490759134 349039.4717166964
304466802.2791778445 763731.5875151319
301447330.1544908881 717924.0863907950
300932631.9696719050 710738.0543420552
309738531.7147681117 837680.4710437059
303974354.8131036162 748942.7003338500
293105828.2903649807 500208.5248911083
293881903.1320695281 526881.4357566461
293284413.8135843277 506017.0243263356
342853618.1140522957 1064363.6499023438
319575659.1703957915 918811.0766754150
303855868.0424017906 746733.7187210037
298991025.1943930984 672967.3938317299
292856419.5679583549 489865.2311651409
297372963.4058200121 626359.0854458511
299968457.0321282744 687978.4469140153
300210824.0393766165 696160.8539097309
299970218.9406874776 693495.3437594175
333708239.0138360262 1011079.9492187500
309303305.7860989571 830944.7866717577
298792909.0635132790 669628.9387770817
298938335.1109249592 672003.5596622229
294144651.0123807788 534603.5978840217
315069070.7240669131 889030.4667510986
295540813.6620909572 575712.8393313382
297372963.4058199525 626344.4275879562
308254860.9068795443 802504.3539019823
300628871.1616507173 704182.2437341451
339956726.0420954823 1040625.5031738281
296694343.7744952440 606019.0946984291
302158236.4846121669 729000.7762886012
297895933.5362445712 641838.5103887198
295017434.8871060610 559452.4973095357
298008010.8380720615 642178.0500651151
295192821.5911639333 562225.4307151735
297317594.1119567752 625407.2996128052
339855210.0495228767 1034313.5105895996
297886704.7383684516 641813.6671081483
297568952.5467157364 633594.5748295486
307642649.5778797269 792711.7499285936
296733631.8957667947 609008.9954507127
294436881.1777639389 541485.0136826858
297593517.9726285338 634004.1448303163
295069721.1870073080 559861.5424580555
323834598.2824225426 945209.3599090576
340986269.7113079429 1044483.8286132812
301817872.6575981379 720994.8437649980
295014799.9062210321 556062.2713837903
309573055.0632033944 837166.3518420458
331219007.2495319247 989263.5567626953
308596746.8471752405 822543.1828296930
310652742.3330836892 861334.2998706102
310177330.2066754699 851876.2717028856
338842035.1462253928 1032125.6643066406
329204067.8696846962 985244.0791320801
331661365.3696296811 991859.4706420898
309960382.4188144803 848547.4740529060
308958822.3524795175 823037.8919877894
320002089.2543247938 935611.5540008545
334692913.8358917236 1012050.5809936523
309531829.3600375056 831377.4992676675
298423901.2180319428 650630.4782655332
302762460.0886633992 743820.0976229069
302464907.3201787472 734296.1883260384
309872997.1121824980 843252.6305285692
295347052.2583650947 566945.7785117328
294794284.5240763426 551062.6352110356
294737847.4242030978 550548.9144209600
296228086.5187503695 593915.5747817215
298566589.4799664021 653828.1637081783
310294328.7344318032 858745.4122058153
302980473.5732341409 746434.8073147424
310180210.5061318278 854560.5120593309
296133635.0045923591 592133.6621428952
296217857.8215086460 593710.2617479861
297272460.6937597990 621796.2563474253
300866984.7405421734 708675.2380992784
310089238.0305586457 850139.5403796434
314520129.7823365331 884511.6418304443
314504709.9495447278 883261.2746429443
306942065.5261706114 785207.8529130593
310324715.1087206602 861091.8327990770
310234881.6575411558 855259.5379992723
306444494.5130137801 780771.7004987001
332589615.3420086503 999047.7732543945
332251805.2141068578 992240.4098510742
310149958.1393262148 851680.3446893692
316394238.1198510528 912171.7136468887
297022354.6447230577 614637.3440229967
296896910.8568751216 613052.0439400747
320432094.3824950457 937872.2010345459
315405469.5328412652 906566.0256586075
327444595.3351513147 964406.0724487305
321501026.1069482565 938292.3840789795
327877965.7856276035 969083.9216308594
327698190.3049828410 967123.2266235352
318189236.1021498442 915685.4177179337
317746302.2109951377 914575.0635004044
314670206.7236064672 888974.8445291519
330865695.1817881465 987588.2529907227
308473229.8515626788 807271.7729244232
307458595.4703231454 785863.5306775570
