174740264.5613964796 139456.2341122478
173809072.8223792613 135009.1808571070
177400632.2149215341 150767.5426168442
169880656.5225965679 110943.5189348646
168923387.8420391381 99195.0967172049
173750977.2493456602 134370.1884045452
170694030.3688094020 116994.7619535513
173763920.0449313223 134836.0231064409
178099338.8809236288 153480.2068090439
172672537.3448927104 128398.9214997059
169008464.7261480093 100188.3821786307
171882185.7828536034 123812.0293120034
170619553.1052129269 116526.5630461676
169196667.5516241789 102089.4666360281
171123611.1626171768 119721.5714872964
177283530.5632166266 149960.6466093063
174441249.1424919367 138046.8126711734
170079260.1076555848 111945.0593401380
171839798.6944914460 123777.1470166296
172564000.8076057732 127909.9894374460
171619728.8078947365 122463.8604895063
174418985.5229612291 137820.2928380221
168070945.5748901069 84413.9190742634
169299613.3995915055 103036.3266213797
178047945.1500096619 153238.8145971298
171349821.4626844227 120656.4833813757
171054090.7787471116 118902.0150305219
169405388.8455533981 105789.6835771985
168890697.5455465019 99004.0127824880
174558275.2043554187 138381.3180589676
171548069.2697591186 122020.7841626257
171578702.1891998351 122345.4623312242
168646501.3229036927 95811.2827676199
172902247.6841980517 130705.0788464397
170953952.8073436022 118481.2893583365
172808178.9646210670 129220.1478161663
175990655.8916831017 145088.7677731365
176628555.8510446846 148215.8364367373
179827915.9621347785 159640.2444648743
168720991.7332448959 97126.7312386893
179940213.7480759919 159668.6968383789
178587417.8687863052 154736.0488424301
178008503.4091805816 152991.5202245712
177210359.9253924191 149704.3860129118
171345618.3492615521 120626.5661449321
187592961.7413593829 172441.4431762695
182857723.9781744480 168286.3209228516
173953987.2053559721 135549.3563656658
170461901.2249054313 115113.7634183951
170061400.8514053226 111651.5445696302
171874327.4249733984 123810.5689052194
171379590.3333972991 120876.3164213784
176335320.2760517299 146341.0948595889
170557670.5940046012 116446.8536283560
175107291.2387179732 140992.8708004802
170861154.1876583397 118373.4026647992
168519003.7657868266 95235.8771279715
177692801.3787902594 151868.7471952438
168034260.7775942683 80729.3084752820
170825626.4470852613 117270.5788732953
169013112.3124485612 100979.2686379813
173696181.1255405843 133986.6853417605
182073601.1368286908 166197.6457214355
171257436.4009974003 120408.7452551313
169262242.5431162119 103012.4104836844
170505484.8715856075 116136.4616598375
173569011.5754145682 133357.6480015963
175310438.2430498898 141842.0290961154
170679824.5264044404 116914.4247946031
184143447.7748377025 169426.7057495117
170107875.7300253212 112665.3428861685
175068335.1805878282 140955.7639064081
170219435.3480128646 113438.4018461294
174447805.6123531461 138160.7385744937
176570536.6066596508 147670.3888773806
175361914.6681967676 142284.1224789470
176128876.5177293420 146034.3269877322
168778018.9258904159 97569.4123910330
184305657.6272217333 170087.6040649414
169772010.5202087462 109956.2188016959
170260233.1922750771 113908.8875240572
177394201.2453066409 150527.9321622849
183846655.5883200169 169304.2874145508
175665398.2618505657 143753.7237614840
169125038.8183465898 101245.8918824755
170308499.3837828934 114580.5923978873
176427921.2829660475 147041.1993517764
169203733.6064141989 102235.2483888231
175389614.2190229893 142591.7051806338
169495832.8866092861 107113.5853550024
169381569.9419511855 105502.0175602026
173614857.3014106154 133981.9188278764
175651763.8727281392 143448.9937953241
175159801.2145648301 141304.8428410739
175873754.9684278965 144527.0348620303
176074671.8334267735 145677.1030382998
177366209.4255998433 150490.4536161423
178101352.2940390110 154038.7805395126
173111662.5582747757 131146.6968526095
169304537.4041415155 105144.9526798315
168797526.0197320879 98566.3483041190
183779774.2197173834 169210.4285888672
175323892.0208906233 142273.5646266229
169984876.3108507693 111299.5317289419
168496964.5850892365 91145.4906075858
169658894.4148561954 108090.2383715101
187394696.6301578283 172235.7681274414
174138105.4560118914 136528.9953407496
174878854.4409487247 139946.8840116747
176809814.7018659115 149209.6832384951
177264580.5033363402 149898.2856473923
175868694.4917340279 144411.6997752078
169802462.8304913044 110091.9769956656
174648865.2340861559 139173.8165097088
179984945.9044916034 160470.6362762451
175674442.7776797712 143754.8036303408
169766532.0024852753 109330.8990537710
176816373.7399770916 149415.8306383975
174274280.2389532030 137400.9031514376
168118610.2580472827 84927.4164464734
180126917.1458745599 160854.3011856079
168431979.7855492830 89542.0550607108
169919338.8453903794 111222.3542997427
170060993.7571712732 111520.4048513658
174886626.6296074688 140321.2591718286
171250474.9870429337 119943.2936229594
168154277.9158276916 88992.7616358921
168957129.5913713276 99259.6058877371
183166869.7586519122 168370.0848388672
180829956.1479603350 163038.6131362915
169572865.4244189560 107470.6502353735
179484328.5373218358 158186.1311569214
180242544.6561914682 161205.4388275146
174312790.9457603097 137492.0768478960
175237177.3863966167 141802.4981755465
181093047.5777499378 163896.2322082520
169913564.2550951540 111063.7676443346
174327586.1956509054 137537.8752354831
176805247.3897493184 148395.3886217959
172296792.5984171927 126115.5417775102
168996862.8127110898 99673.3260873221
170071528.1286669672 111802.7950491197
169179116.2010160387 101522.0977159925
173597544.3070400059 133924.7826332301
176259721.0249184072 146188.4353251345
181387642.7493921518 164859.9819946289
183128482.5498194695 168307.0328369141
168760517.9326781034 97219.0165322684
180173359.8959057331 160868.8614349365
172326696.0319386125 126399.5338351019
174309055.0948583782 137438.1213784069
180386744.1525851190 162037.8561782837
168145502.6277739704 86833.1964121982
180022271.3021849990 160808.5328826904
174952348.8277399540 140640.3834904879
173075369.3407937884 130759.0222058147
168488224.1757360697 90697.3720048331
180119255.7417535484 160837.4318084717
176266216.4481076598 146197.6095315591
172114232.9024945199 125791.0032643266
179451210.6716880798 158121.0711202621
175049804.0797951818 140856.0100493319
183762923.6369231045 168851.6641845703
179430947.1421438158 157858.9084987640
169670931.1045542061 108123.3443204947
172663274.0154669285 128392.6034436077
170005840.0064091086 111461.5974790640
173273804.8142096400 132363.8410176486
171166549.3552286625 119912.4267736860
180483728.5921536684 162066.7551040649
169841658.7604961097 110603.0757505484
181313110.1367937326 164554.1370544434
173907488.4247171879 135205.9951791018
170844167.5054686666 117564.8398265727
169700994.5370248556 109253.7216245718
174568577.6023801863 138561.3057927340
171028202.9744302332 118853.7336577065
168391685.7498739958 89535.1086495779
179570065.4867010117 159100.9533271790
174917793.4218493998 140353.0186223239
171820034.4207951725 123604.2904705591
175565977.8939539790 143195.4796233065
172677069.3222796023 128874.2026562542
170095853.9997845888 112117.1248838492
174207325.5011264384 136822.3823899478
173192086.0296187997 131162.5262341350
168122147.6052320898 85110.5893285535
173203171.0290495455 131373.3124835081
174612538.6885121465 138904.6883591861
171485286.8036186099 121571.1486248560
170152729.6048431993 112848.4874174185
183579017.4679276049 168848.6151123047
172426300.2743838429 127328.4884537905
177815785.6701609492 152126.2085161209
187176079.1002700031 171914.8944091797
173215053.2682510614 131528.7836751193
181902092.6205078959 166104.7182006836
172536766.2797206342 127499.1899609417
177999219.6918527782 152983.6266698837
171898370.8767015040 123844.6451100297
179544134.0943500400 158564.4092741013
172840249.8733743727 129425.7389973849
171317430.9289438128 120538.5288738795
182592439.7180845439 167685.5726928711
179257412.9025863409 157409.8714399338
171837174.9896962941 123650.6486248560
170669172.5081720352 116743.1721960492
182259302.2733673453 167012.8858032227
171958858.5943306983 124332.4489430375
179048511.6127092242 156387.1653038785
182232090.6348620951 166737.0399169922
187065716.6181761622 171465.8609008789
175740714.2086858153 144137.7613234408
181935298.4483445287 166180.7019042969
179811810.6347256601 159540.6332347654
173174154.4066677988 131147.3434762210
179429358.0229812264 157799.4234685898
181220863.6937860847 164244.0393981934
173444433.9330231547 132904.2681283206
173552922.7390370071 133308.6608285159
169569462.8110878468 107285.0889494009
181754067.3115833998 165589.2325439453
173867620.1040713787 135184.4431809634
173523953.9653372765 133257.8941445202
179259622.0894580781 157482.0193917081
181745029.3894313276 165386.5656738281
181792454.5204159319 165652.2845458984
179130389.6931430101 157174.3553057611
181654706.7189508080 165288.2865905762
182847293.3122096062 167756.6641235352
178610104.2749769688 155060.1694478989
181034911.6346789002 163754.3102722168
172339010.9933822453 126466.0540635139
171505703.5121785104 121598.0075367875
188220067.8999392688 173141.2479858398
171091582.2608939111 119077.6174351461
181495662.3338982463 165164.1132812500
170446120.7741365135 114873.6353056021
171688457.0238409936 123045.3509198315
171384973.4301871657 121122.3059727438
182517707.2510524988 167506.1718139648
187799217.8970310092 172774.7119750977
172073589.4688513875 124687.8232456930
180690965.5651903749 162497.9980545044
186184591.7566308677 170683.2506103516
182556094.4598849416 167569.2238159180
171900510.3850781620 124059.9029225297
176380236.6013569236 146694.9184718579
178413123.8778158724 154436.6799612045
176550961.7126154602 147492.5023951977
178437387.9082243443 154449.8191236854
173244358.1028566360 131694.8048195690
185926186.7789458036 170189.9645996094
187175007.5560494959 171661.8558959961
183458969.9612918794 168624.4851074219
174262547.4099175036 137014.0282048434
180624459.3210687339 162092.5994625092
180647154.7075873911 162371.6842603683
182443705.4407469928 167083.1708374023
186319189.1467227042 170691.5302734375
183317349.0416069925 168382.7304687500
186424474.2426030040 170911.9450683594
185653728.0839325488 170130.6520385742
180943285.9812863469 163321.3328504562
169205369.0515418053 102584.1461304352
186462861.4514355361 170974.9970703125
185994986.7427458465 170278.9035034180
182474754.8775486052 167154.7947387695
182463087.3912759721 167105.7872314453
178742676.7468633354 155965.2135524750
177297971.4148505628 150230.9932218567
177556630.1268422902 151423.6316466220
186905529.3981288075 171378.3703613281
176797644.0590342879 148268.1802000888
176067352.2122647464 145395.6158537753
176028275.3931272030 145145.3367123455
186895169.5587320328 171266.0615234375
178597458.9539121389 154927.4306059778
177493024.7598580718 151087.1612009890
186473177.6469662786 171003.6072998047
177972581.9715006649 152733.9404594898
178673903.5444494784 155733.1316432953
178376851.7334281206 154347.2173683643
177506026.6607265174 151203.7671580203
177766936.6414652765 151944.6035149097
176508876.1413670182 147137.8950419314
179291815.9005340338 157763.4228582382
186071111.2548446059 170579.8952636719
179288246.3638567030 157746.0913763046
180998501.1702052057 163328.5651855469
179272940.1627698541 157603.9133729935
177084990.6113814116 149449.0331082195
176385850.2937889099 146710.1419463046
175516326.9455274045 142739.7800755352
177124067.4305189252 149699.3122496493
179064457.8292491436 156775.3141851425
179683069.4893255532 159281.5709896088
175810848.0178372264 144246.3333945163
177989921.1693366468 152773.2365370393
186349970.8386307657 170766.9083251953
