893077333.8258553743 31623.1646240512
890633915.9995996952 30385.6967429812
914888373.8440930843 37277.5706647635
901244552.4564099312 34452.4084766410
893769544.0193907022 31786.8739744434
905907034.8214336634 35580.4630986117
888827158.6228264570 29457.5989388991
888209691.5029400587 28822.6754230363
889453005.6213535070 29892.6285560299
903828240.3602873087 35108.2904027603
888004082.0111194849 28790.0939167435
895358431.1077291965 32779.6217027371
906020896.8182183504 35613.3941892646
908921680.6812840700 36220.2149597197
914888373.8440928459 37271.6696981192
907887496.0498782396 36031.6049430631
888004154.2930754423 28808.0015300615
925121132.5303852558 38282.6444654465
904373600.9328761101 35266.6037316225
895273685.0594133139 32696.9854670340
915020746.8964116573 37300.2692521811
900618185.2838896513 34339.4333735458
903828240.3602869511 35105.6613286636
911136736.0397565365 36731.7981227785
905462313.7311993837 35476.1239351295
911341475.4995347261 36761.6528369933
910436750.3463737965 36562.6550558954
921985442.6787880659 38079.9086441994
922561634.1275982857 38106.0919003487
904780618.2816845179 35342.7457601927
898621570.3966916800 33775.4459304576
898635198.6706125736 33776.2641015039
924059078.4831311703 38171.4523124695
904626631.4904518127 35324.4088091753
920305947.0488430262 37929.6187179089
902970784.9820995331 34851.5745927706
892735715.9027950764 31514.2567517916
889174689.9226285219 29665.1269293088
930780942.2979183197 38638.9994833469
900931833.6304857731 34417.6733447812
898619405.2861264944 33775.2477721935
903027862.3708883524 34877.7234844729
909163786.8127448559 36275.1727789431
902308699.5969144106 34698.8417686723
903696335.9082562923 35056.9015143677
901499670.2816442251 34545.4919380448
925478319.0548472404 38328.9075212479
893039871.2609940767 31615.8720174665
893129210.8629462719 31679.0472818250
890947143.4320107698 30675.6877389526
905492298.6981862783 35515.0858926103
889249842.1935970783 29666.3404806512
899172775.6582565308 33868.7935946757
898093080.1954069138 33599.1779398905
901874259.8283048868 34638.5635093949
900293723.9189863205 34248.0178180091
894107515.8417592049 32119.8594980920
914888373.8440929651 37272.2253583670
895636962.5083550215 32791.2481301600
899420420.8744708300 34022.5472816579
897370628.6047725677 33410.3722199039
897655908.7537382841 33441.7872558707
891377348.7041651011 30711.4970049346
901874259.8283045292 34638.3132366441
901649115.5731104612 34577.7040192388
895076942.4522390366 32601.6401740038
899163638.2505327463 33868.2851584568
935952500.8700957298 38792.9295690060
923389187.7202682495 38168.9956308603
908300760.9799112082 36091.4510045797
909070879.7897193432 36244.3859150559
927514905.4380162954 38486.3411359787
896450838.0507804155 33035.1319850619
897019689.7485617399 33330.3651715825
890876940.5630389452 30625.4207558180
931156603.1412764788 38652.2640173435
902743811.8703745604 34839.0886251680
888267605.5737708807 28898.5107933385
891400283.0182224512 30767.2460964578
928148423.6903543472 38495.1381826401
910145730.0307470560 36535.8831675202
910370275.8644125462 36545.5488498360
896616028.6649830341 33119.7036126787
897838007.7712266445 33489.5188740800
891481807.3949471712 30809.0249159182
907769220.0612283945 36025.5618208013
910091957.6971533298 36483.8296725899
896563326.5356223583 33095.4252854461
910210367.7573361397 36537.2798679024
905199204.3956632614 35414.0478417203
896129494.5850386620 33006.9450979019
905429888.9584010839 35464.5203797147
903512362.0777977705 35030.8413780830
893241221.9867646694 31724.3237602144
894751124.2439336777 32473.6712262864
921795070.6662302017 38027.6577076912
894284690.8307118416 32392.5124052251
905177100.6035615206 35398.2314297482
888278071.8487023115 28908.8275233610
901646643.5977065563 34558.2467653654
909677056.2236655951 36477.1257913262
906083177.3515229225 35651.7500989698
896129494.5850386620 33004.0067281509
922506971.0758606195 38086.6809631586
910540265.1508181095 36640.4757297188
903927752.1518863440 35151.5230500601
919936671.8465516567 37893.0654824972
920140538.8409402370 37895.5030466318
892973440.4102438688 31551.7277692491
911521674.3170733452 36807.2794256359
902563929.5238217115 34771.7258883394
906734946.0692484379 35817.7512576841
906156826.6213513613 35706.6008088849
906414650.8841440678 35749.8470256589
890626817.4407221079 30190.8588875859
890656726.5588856936 30519.7312149550
909170699.8639005423 36281.7116859108
888375192.2832425833 28988.8765674932
895008765.5983716249 32555.9465171928
894788463.4511831999 32473.9449035759
888585860.6211482286 29309.1705133892
894788463.4511833191 32475.7054702873
906845136.2318105698 35873.0083682798
910132021.8288034201 36526.9916961342
921694230.8005045652 38003.3341814280
922623702.3110969067 38120.9027919769
889411379.6717075109 29759.5138038057
908807001.7908666134 36195.1286268495
888552756.7780963182 29186.2674648678
901613553.8408119678 34548.0097607873
905328591.7876645327 35460.4714810178
918697830.7916870117 37753.4608278275
905694681.4343905449 35561.2689476870
901251629.6874957085 34496.9194937773
895008765.5983716249 32557.3801338310
912744736.8693406582 36988.7405263335
895008765.5983716249 32554.7726680870
903716729.6178871393 35074.4552855394
901991197.8830105066 34647.7885574601
904542289.6113171577 35308.9129278563
901085349.1469887495 34437.2821685575
892880293.2757900953 31550.1664711172
889051469.3605284691 29538.9682123726
910540265.1508181095 36643.5801856667
900169460.4429938793 34199.4959561132
914902082.4137445688 37294.8692977428
929587689.1220452785 38573.1185810566
928403300.2369569540 38511.5247793198
913536496.0300792456 37119.8977185637
903203714.5749888420 34942.6932098530
900570379.6343346834 34321.0554615758
901501828.5003349781 34546.0774049066
923099917.5187830925 38151.8378626108
922676956.0378925800 38149.8110634089
904235868.5139942169 35238.4868681334
906987674.4164954424 35896.0012576841
888452590.9267832041 29004.1084553106
897361758.9505571127 33334.9060979956
892732760.9258296490 31501.7018781835
895808198.6707055569 32807.2624817365
910540265.1508181095 36645.4869239479
898473850.8024990559 33701.3673970574
893736179.8379998207 31780.4168429906
893339727.0723116398 31772.2270059520
907225168.4956436157 35953.0541255735
909088127.1037987471 36271.4219143242
924851324.6137168407 38273.6506099701
927369631.5013202429 38455.7424116135
909264239.5097008944 36379.8012516350
906472704.9038408995 35780.3223812841
892193051.7549242973 31328.9378982717
916117529.4569855928 37475.4279264212
911908915.8497536182 36888.9346681982
898114946.7040477991 33632.3346847171
926449930.7722628117 38430.0313692093
911666809.7182928324 36830.5733252913
900570379.6343342066 34320.9893376134
903482360.3134926558 34992.3190683983
910861569.0493103266 36669.4352625757
913315849.8027495146 37056.5638818890
896818780.1422539949 33156.3748977059
900544336.5357462168 34275.6616620324
890321214.9194382429 30130.1509343736
925245362.0293664932 38283.3573942184
889978752.2086337805 29961.3446930754
908650849.1278953552 36160.0024787746
892603178.3166034222 31489.3733497793
892369671.5907874107 31459.0093532735
896113575.3259170055 32904.6895753616
893984494.6787623167 31977.3032054836
894037640.9908487797 32020.4888459975
919665320.1647650003 37878.9855705500
891867683.4094116688 31237.0338810319
890455617.0705021620 30164.9336091089
912207067.3065668344 36942.3950177580
908398717.8917654753 36130.7409875654
898784375.0456532240 33798.8735219441
926588807.6182450056 38450.4328889847
896818780.1422537565 33156.0207390660
932634482.9673418999 38692.9888858795
893957551.6240086555 31947.0709102824
912678257.7427783012 36978.1557003409
893784315.0649013519 31849.6565845683
890379392.5928860903 30164.0174864881
889356633.9265226126 29716.8745118487
889397254.9850171804 29738.1108476031
935792303.8417809010 38743.8155896664
917942068.8245210648 37718.7502069473
912890183.6207561493 36991.6026231200
889755175.3655424118 29936.3131455290
892173058.7176984549 31293.4052273268
916686946.0302149057 37542.2678428888
916980081.6584264040 37626.5844436884
889755175.3655424118 29936.0079316008
918864018.3184280396 37835.5146284103
896101704.0164983273 32894.4965492958
899198180.8348315954 33932.3913997613
908030839.6484893560 36064.5845258497
921076652.9820322990 37936.1681417227
918775675.5711371899 37774.7584377527
907443377.1081148386 35986.1012749933
899969689.1605173349 34141.2211545311
904861767.9382313490 35346.9721053503
896712638.2847620249 33152.3988110165
918456137.2905845642 37750.9436222315
914024875.3239187002 37172.2157670408
899198180.8348319530 33934.1930793725
914862307.6480736732 37212.6539715528
899358544.8391196728 33956.2397325240
935398299.5508444309 38728.3320577145
916788050.8706661463 37554.6390614510
913197922.3605325222 37052.1061707884
916285072.3822814226 37504.4352070093
896961134.4293669462 33231.9927265221
913442547.7108864784 37077.1275369078
891243758.5936615467 30678.5457948232
899539798.7578921318 34041.5949189864
917367633.4142736197 37643.6415638924
891662224.6584774256 30886.6368945026
891585110.5624933243 30874.2801960418
925814641.2239795923 38355.5044031143
892108726.3631298542 31246.9121143306
892304570.2536991835 31370.8028146559
898965955.4153851271 33808.0197671853
896944657.0926716328 33226.5440732116
914026696.2019251585 37210.5551881939
897009783.1727201939 33317.3804750913
900197582.5629024506 34222.1823289893
921225264.1290944815 37947.8041369915
897925725.6713330746 33523.7200034136
892144052.5040401220 31269.1272811228
898988620.5818558931 33841.7017871342
924778305.6092385054 38272.5994715691
913514683.8699276447 37108.5092682987
911515839.4129731655 36797.1235482842
890067485.3961205482 30048.9529308784
917573893.9449733496 37700.7131456137
913904456.0331498384 37150.5823379904
935721793.8453884125 38742.1862905025
902402501.1663522720 34736.8579879604
916879293.3881250620 37568.8420408964
915596005.2302346230 37364.8487251997
915383589.6394282579 37362.7887924910
916956781.3963669538 37577.2700617313
916336279.2465959787 37519.0104950666
907166863.1173343658 35900.9939644597
905095226.8402891159 35365.7062236033
917550281.5310913324 37676.8256058693
915803879.3162062168 37471.3047188520
915383589.6394282579 37357.9769562483
935418975.6534636021 38736.9587666988
916963860.9506076574 37592.0923012495
899336830.8141350746 33939.6753602676
915383589.6394282579 37359.1736344099
903350171.0156630278 34990.0522113643
929213733.5574730635 38513.0264091492
929213733.5574733019 38513.7264518738
893006810.3042883873 31565.3743440742
898074495.7400826216 33546.3959527785
915192865.7293442488 37333.7584122419
905095226.8402895927 35366.0114375316
924313254.6864413023 38185.2020208836
893815365.0444251299 31931.2226458541
921255618.0968605280 37950.2909824848
903078021.4128180742 34917.6686378322
903130463.7847434282 34934.2291656337
934953186.7249766588 38715.2600858212
902687962.8904582262 34791.9486465771
921031585.4949573278 37930.4772739410
929213733.5574733019 38518.5143928528
924365774.0734924078 38202.2826635838
904231310.6219662428 35176.1088859458
903006739.2304050922 34856.7093429882
929303321.9242280722 38563.5942640305
902348297.4271422625 34699.9734776281
931795481.8564058542 38658.7746813297
934212127.3016517162 38704.8429148197
935177978.1143169403 38727.9913785458
934431577.9924590588 38711.5520365238
933870956.9396903515 38703.8475992680
