125735729.2881266177 8394.1202734001
125674114.8316131085 8381.2315595336
126160914.8834817261 8633.7005735524
126065748.4480507076 8597.1687529571
125349402.0706156045 8140.4025169117
125202207.9593131542 8057.5420856327
126246705.7566302270 8672.7436054833
129633510.2629344314 9844.4616699219
126574732.7912243158 8820.8460303433
126226831.8277157694 8657.9370183833
124589979.6999607235 7525.2032202502
126570444.2965356410 8812.1176944263
127225485.4867191464 9100.9456057250
128134807.0256238729 9423.4704012573
127081546.9601196349 9053.0408502109
124308785.4840342700 7248.1795696574
124403942.8146859407 7295.5979606959
126767637.3283479810 8930.8311634548
127170433.4853051901 9090.6594617851
126562140.0801654011 8811.6910872944
127949537.3408387601 9365.1857913136
125547438.4414696246 8309.4734632261
128778102.4860310555 9664.0575332642
128018039.5066079795 9406.0132510364
126045147.6191015691 8575.2256922110
126260823.1594526619 8698.6363435872
124312962.6265856028 7279.9833146888
124102574.8394880295 6867.7503364080
126347115.5279401690 8711.9219934829
125890100.5544549972 8475.8660477739
124634419.8315053731 7599.2453275280
124183796.5732733309 7034.5562826949
124673748.4388107210 7610.4573092506
125661629.1141422540 8372.0763806887
126063630.1276403219 8579.9228745587
125892523.4154544920 8481.9052000828
127781360.3849793077 9311.8533422947
129154571.4815910161 9765.3124313354
125395635.6621837914 8202.7574529052
125654207.9547061473 8343.2175816782
124389527.4568274617 7295.0264627268
124248669.0532054901 7097.9928723651
126714498.1311042756 8880.1716386564
127953318.8982929289 9391.0052211769
128073411.1071353555 9422.5719631203
125481350.9843540043 8237.5960378051
127660399.3286499381 9262.8469055183
125727215.6655877382 8382.0330376760
124713390.1251309067 7691.3279318883
124560288.2718835175 7493.2810102361
128638984.9968203455 9618.7081623077
123993264.2318566740 6670.4636763382
127403595.9383748919 9182.9832311161
127852833.5760046244 9349.8604763038
124187973.7158246338 7066.3600277263
127543442.4491442293 9236.4787376411
126189110.5736440569 8644.2301986106
131150690.2860070914 9892.6269683838
124675992.0915249437 7613.7482946873
126695924.7425393760 8876.4250184782
125136286.6497122794 8009.5712354034
128160339.4736358672 9445.7579572201
124305758.7179774642 7209.7723737264
126207683.9622089416 8647.9768187888
128577086.0441101342 9581.3328571320
127143445.9128298461 9090.4161553867
128383797.7238722146 9530.1470687091
125027916.2014205307 7901.1409831758
128608769.1758732349 9611.6761283875
127504081.2606631517 9224.1279759891
127275406.0543751717 9141.8261637390
127322864.9180134833 9163.7672508247
126590365.0578484535 8822.6945682056
127551206.3328946978 9242.2873008735
127792073.7383160144 9315.6207530200
127000511.4608982801 9012.1791551597
127583014.9435584843 9256.3343265541
124153440.2157799006 6969.2193329465
124585802.5574093908 7494.1077321788
127210227.9725703001 9095.4870522507
128509091.7889773250 9571.4904575348
124546881.2414595783 7483.6346598513
126375318.1754249483 8747.0475283749
125361009.5943586528 8167.0022296757
124416071.5988942981 7303.7363250726
125341059.4546175450 8124.9617510880
126475803.4977132231 8787.5928240903
126877772.6097699106 8946.4360549934
132660632.6210600883 9899.9910125732
128138131.7154504359 9437.5799929798
127423350.2403017730 9204.9119956978
129105503.4088382274 9746.1762008667
124166570.3133150041 6976.0968410812
126359943.4518863708 8713.3259979375
123984982.8485979140 6617.1972074598
128439445.4954133034 9546.6504526138
126900026.1386100054 8971.0344102867
124885143.0441578478 7840.0844207968
125619300.5814659148 8335.2075338103
128319353.2865708321 9515.0837106705
124365577.0492531061 7287.0233903280
124491502.8432752192 7428.7398035973
124262660.2594763339 7168.2038133275
124535000.7525736988 7476.6827240437
126636631.7439345270 8858.2213355191
125602137.4079477638 8328.9040945955
125962926.5237258822 8493.9337764569
126657195.0786391795 8873.9887550361
124429169.1431476474 7375.8970853644
124258483.1169250011 7136.4000682961
129985333.6276603192 9872.4513244629
125245705.8686116487 8105.4850060791
127693168.8727478981 9298.4381454475
127182032.2824079394 9094.1855950840
127121192.3839897811 9065.8178000934
127685899.2359152436 9297.4790714271
125839172.5645798594 8438.0711392099
126715845.5038521886 8886.0972052105
124865192.9044167548 7798.0439422092
130239494.0025428981 9875.7576522827
128729669.3201080710 9644.2019443512
125030455.0402862281 7908.7855967241
127813261.0815903544 9330.0048873909
126757680.4009274542 8914.8693130501
125182257.8195720762 8015.5016070451
128998680.0171618015 9736.7690200806
127592683.5504596233 9257.2934005745
127243931.2351181507 9131.5609002598
128163220.1927414834 9457.4355818927
128609577.1112656146 9612.6352024078
128263705.5150297582 9498.5803267658
126471580.3305703253 8762.9516748078
126473637.1173684597 8763.3442086535
125647290.4710433036 8337.7421493270
126737117.0662228316 8899.3660803922
128878587.8083193451 9705.2022781372
125354010.7385989875 8164.2580959536
125288089.4289980978 8116.2872457244
124599793.7636802346 7563.6104161813
126816050.7491181940 8931.5724309571
125967904.2503636330 8534.8213593848
124699398.9188600928 7621.1169909259
126900614.8528590500 8993.3705001362
124775723.8252584785 7744.1706501212
127001100.1751473248 9034.2510581501
126756835.0018654615 8911.1055277474
125036945.8234436810 7946.8004311178
127917554.1843197048 9364.8685061634
127814467.8774000108 9331.7030815780
125787234.9915768653 8431.2378194369
124819221.7345569581 7792.1135705676
125397508.6478974670 8212.2010164000
126393800.6839637309 8761.1756802686
125819704.6776184142 8434.4742352106
125905039.5402470380 8493.2755644657
124928640.9534563273 7888.0273412432
125150221.2653213292 8009.9803487662
125404507.5036571324 8214.9451501220
129096596.0200644881 9742.5775833130
132571375.0814998299 9897.5731201172
126556897.4458896667 8802.1197420247
125295088.2847577780 8119.0313794464
125556310.2829429656 8321.6611604430
124424992.0005963445 7344.0933403331
126656349.6795772165 8870.2249697335
124116566.0457588732 6937.2530204105
125446891.0640435964 8225.7473897673
124023284.7139048278 6772.3568095017
124927526.6045443565 7850.8866604421
126494286.0062520057 8802.0562382825
126614378.2150944620 8833.6229802258
125189256.6753317565 8018.2457407671
125512812.3736444861 8273.7182399966
125627389.8407447785 8335.3240487613
125080443.7327421755 7994.7433515642
124709212.9825796038 7659.5241868569
126321142.5423152894 8704.9785264619
124603970.9062315673 7595.4141612126
126209031.3349568695 8653.9023853429
124011523.1446137726 6770.0722850609
124215328.0189932883 7082.4992031413
124459191.3640777916 7389.6002625781
124120743.1883102059 6969.0567654419
124007346.0020624399 6738.2685400295
124062412.6062282026 6783.7758220482
130724748.4782112986 9884.1236495972
129886145.8974552006 9864.5382232666
124209859.4196811616 7072.3774296986
124552201.0030129105 7488.9589586331
126865214.5645888001 8933.6591051109
129431817.6034599096 9820.8272857666
124998654.1163727194 7899.7081399887
129576894.3793718517 9835.9867630005
128965255.6000195593 9707.4699020386
124070888.1236794740 6862.6015628624
127382869.5461616516 9173.9451164491
128239713.4428191036 9457.7528670430
125243293.8043242842 8058.5045587785
124415375.8365292847 7296.1224901038
126656086.7671658099 8863.4591299780
129219492.7620085031 9774.1443252563
124210529.8805518746 7080.9988343078
130393690.5448993593 9877.3630905151
129229097.4021434486 9782.9643249512
129465299.6593102068 9820.9330749512
127951327.6823710054 9366.7429172993
125071947.2000707388 7947.6789902180
129112103.9681378007 9748.6146469116
130473813.9447047114 9879.7154693604
128428687.8854407221 9532.0214798450
128054911.7794960588 9407.8876621723
131377871.5043036342 9893.6331481934
130497837.3702998459 9882.8222961426
130891719.5429985821 9891.9340591431
132113822.5193897188 9897.5114440918
126160513.3379678726 8601.1427951492
125868106.9875875562 8452.8954986818
126148018.2723818570 8597.3660445102
125756157.0671031028 8418.0569137819
129328816.4448092282 9792.3715057373
126039472.7785381526 8537.9555914141
129374548.7865000069 9811.3993072510
131652837.4306126535 9895.0347366333
129553445.8669464886 9834.9313201904
131350935.1583831906 9893.1979370117
129711811.0971982479 9848.7499847412
129799312.6224561036 9859.5153579712
129779526.8753885329 9859.3664550781
130211508.8203400075 9875.1195678711
130749723.5440655351 9887.6466293335
129321004.9863840640 9784.2554702759
