409327844.5689023137 598358.7091641128
407000006.8879150152 433089.9552577138
407160433.5381493568 453385.5086551011
406957392.2923057675 425229.7588137984
407198189.5435875654 455957.9161055982
408681055.8564743400 563214.9867144935
466734982.8530504107 1448028.9965820312
407131788.8365138173 449522.6073897779
407999213.1069290638 519866.8085171140
406879677.1320080757 405175.0478762984
408051742.7259047031 521167.6636901058
407030672.7805071473 435153.7665511966
456729630.8273184299 1291318.7240391374
407632560.9698008299 490210.3597232259
416993207.8909890056 854332.4490973240
406962430.7736220360 427304.3408958316
408078542.7581988573 526302.1172329343
444505439.1134577990 1171975.2450047135
456867458.5205932856 1295944.1606292725
406936199.8047167063 413684.9386741519
407443561.7815306783 474052.0398169346
408739800.9609518051 565818.5104342811
407732987.2279006839 498189.9663450874
411665006.9915979505 702771.1572408006
409063882.5046123862 583549.4336468249
406855066.8722443581 397332.6139785647
407270238.6272284985 461378.0192644894
408708497.8017985821 563551.4436323568
408721814.7270449996 565537.0850493610
409186187.9492251277 590601.1583828628
411625785.9925985932 702480.5561820008
410071075.8530028462 629883.2378407568
407350752.6009141803 466241.1382085979
407661118.9580308199 491754.6576292671
408980000.8213303685 582742.5557533391
450176360.2280287147 1222616.1241551042
450854026.5731478333 1226733.0279846191
407542444.9778732657 481978.2956117094
409171890.0102424622 590201.9946917563
413812102.3328740001 776225.2470412739
407306541.0094652176 462920.2601666152
437388572.5069251657 1089976.1128941178
406877671.0863213539 398498.6551545828
407608006.9412184358 488413.6043275297
413646534.9111251831 772183.8346877582
406835227.7980306745 395258.0318965316
408158897.3659901619 528835.8011571579
410123958.9260173440 636537.0703602880
410704963.0979502797 664817.9603139013
439860418.6689695716 1163281.6519871354
407482867.4006741047 479329.0079693496
410639396.0328744650 660153.5644398779
423961084.1780713797 968107.5798475873
412089463.5823659897 718896.2506209351
406946989.3062124252 418045.6653079391
479983575.0934032202 1489497.8029785156
406895515.9521054626 411610.3565921187
406926181.8446977735 413674.1689981192
409058516.9212354422 583513.8258672028
438210171.5639606118 1106539.5291844010
411794789.7213805318 706313.8211218938
418625577.1124166846 877376.8035827433
420330773.0851423144 919474.6621016293
440435183.7476752400 1171868.1988621354
417206227.2120146155 860489.5047613865
424616889.0720420480 989524.4501440655
408960283.5975478292 580067.1711144149
409078234.3704574108 583992.6627738744
417078438.6139354706 857554.2405720948
416899458.8683989048 852635.5902106053
409294195.4548552632 597253.7194277942
411874443.4092273116 712444.7215125188
448099580.9628964663 1185636.4522801042
418598103.0285922885 877024.5633483683
416476202.9893806577 841015.5735692894
407079719.4379344583 436287.4465323389
416846152.0072961450 848677.5250250584
408973330.4886984825 580951.6180236042
413444284.7379713058 765104.3645271845
407081173.0611358881 437317.6141932278
416908297.5497424603 852731.9539801365
482119501.8227301836 1503354.1105957031
409272225.3522793055 596150.0011660755
411830192.4684136510 706679.1875769719
411264778.3585054278 688855.5056808926
410468514.1593880057 652396.0136586279
412265456.3879992962 726302.3176182508
468985384.4928307533 1455146.0844726562
449111380.1189183593 1210155.2600769997
407519639.3489372134 480656.0535462797
410747403.5385045409 666806.1254848093
407793030.2561300993 500723.6442156024
411529914.9330914021 700118.3963686265
411572921.4575824738 701222.1146303453
407251774.3302136660 458237.8568106592
408750248.9636750817 566642.0747856796
409367258.3138019443 601288.1178652942
477630272.1730809212 1481150.6976928711
412944404.9871469140 744493.8556809016
449547823.7022962570 1216319.3137879372
450002860.5695216656 1222575.7886414528
409269121.7284080982 592554.4044442445
409281148.5637046099 596369.2725186050
409311864.8784684539 598087.3276546269
410266489.7990201712 643408.9027577490
411861509.9516347051 707830.0149391890
410563474.7738674879 658164.1277943701
424241940.5623574853 977728.8606093060
416334780.4869282246 836085.4078965369
481787981.9414753914 1501997.3771972656
439276576.2296769023 1134635.8191895485
408886439.9443379641 574399.6661884971
409865743.2875380516 622125.6870595068
411706078.3580260277 706063.9050298966
424369876.5181707740 985629.7926733624
409697456.3221409917 615203.5731871396
420021633.1464190483 910587.9077018305
411446524.3209164739 696990.2804402113
416031772.3567800522 829889.8273672974
408635777.3239908218 559988.2422661483
411312835.4569217563 690997.2871750332
410968234.3386208415 673679.2293568701
408377768.8206276894 544487.5804089420
411413291.9617937803 696515.8485170640
481379485.6048787832 1500343.4279785156
408759576.8515521884 567745.7930473983
411185247.2334669232 684191.1098068692
419935860.7485645413 908390.2894156977
413966321.8201935291 780037.7492385395
436194763.1685721874 1075692.6573548317
437860714.8379848599 1095305.9341492653
409220909.2745749354 590670.4411928921
445956856.6549654603 1181447.3056054115
445508805.9227084517 1177931.9351258278
436270844.1749072671 1087019.1572070327
407697425.5540438890 493772.1911630817
409822529.6888195872 621021.9687977880
454298050.4193909764 1274935.7319550514
412517880.2700124979 733470.0953224897
438583173.5823708773 1109917.9707093239
416324793.1643520594 835446.9194284263
425924992.1403239965 991435.4097998273
448457778.4663843513 1203726.1657166481
407884381.3541184664 507158.9529314227
410281484.2380632758 644578.8381770700
407906456.1273517013 508481.1949968524
408201408.4562097788 532948.2093912549
410171529.1845406890 637640.7886220068
409256961.3010862470 592276.9002938538
476848956.1780171394 1479404.4545288086
408226760.6747539639 533396.4601609707
430716150.5793340206 1027347.3228252139
481974830.0172963142 1502958.5710449219
409558768.0542110205 607137.4613042146
416101436.1569473147 830879.8272444230
418669748.7415158749 880051.7573881008
418627094.8603720069 878112.1483678677
431221073.6770441532 1028632.6915251613
416054394.1872973442 830223.3044210892
409108543.5109716058 584551.8508971005
423110162.6334224343 945126.0646956097
481507844.8453391790 1501864.4357910156
439357876.9285457730 1134648.4387373645
408075598.4097896218 523646.3607039638
415534170.7732163668 817347.7930075150
415381852.8799741864 809158.3469015580
415668267.1177014112 823141.8014914017
408314465.2454021573 539911.5585940592
414028012.4692159891 781101.6969246455
415315834.0862188935 806864.1911398392
414338245.3349810243 789475.1530908644
414117845.0937067270 785067.9669441767
415866742.1915477514 828605.1965109330
414973953.7359514832 799522.0144566661
415659906.4509173036 820847.6457296830
409360805.8053950071 598427.9919741421
420721254.9613873959 927558.7179473668
408331980.6891744137 541233.8006594889
418761191.2048569918 883906.1568517544
461515042.9554665685 1353352.9115295410
430424091.4277103543 1020677.0837161578
481342726.7172732353 1496800.0795898438
411138834.0480651855 682135.7566734403
413824214.0278375745 778239.1872810908
439397361.1187493205 1138738.4038758278
418578032.4711473584 876116.3939733364
430444023.0333259702 1022378.1272685733
420562860.4763141870 925909.9708174496
461959874.2002977133 1356251.7904663086
418029060.7867562175 862518.7393050053
422483061.5376854539 944907.8654431161
439885439.3005845547 1166978.1559053063
416758988.4823005795 847543.6066748387
448591805.9306910038 1209622.3626160622
426976007.1857899427 994115.9751265179
422226588.3787184358 939139.7513073739
420572185.9573099613 926783.9034346371
412707318.5195912123 738874.6378369331
435741714.9303382635 1071146.3153290749
438915651.4314398766 1133895.4015650749
418882186.8022988439 889396.1836291953
430030409.7673512697 1015021.1892163958
479031241.9786421061 1486053.9725952148
473072037.7877240181 1472249.1485900879
411017372.1833810210 679041.3302916139
410925257.7003833652 673273.2161558717
412253621.8776429892 722795.8243840933
420984764.4285544157 934384.3413733273
412141152.2778675556 721674.7960637808
420572704.0062136054 926895.7739905148
464574059.6698151231 1426806.0117874146
480655674.5115721226 1493805.2570800781
420641456.7381566167 927271.8744543820
432815766.4440262914 1065934.4802348819
420462358.7120995522 922929.5039709836
419239624.8058854342 895213.2993852302
439791852.7758299708 1161064.8010315895
420781654.4886673689 929165.8809202939
421437405.4338825941 934653.3247717648
410280532.8351627588 644233.1615563469
453781342.0080935955 1252716.6835665673
420857105.0740215182 933368.8324621945
420844346.4220099449 930755.0407360337
424154238.6794281602 971026.8626921307
413745834.0162628293 775033.9826756306
413507627.9723374248 766627.2370361872
412363493.1095749736 728092.8233498335
429853185.8361117244 1014055.0763042178
424607243.4548254609 988809.1124461610
412070706.7133427858 718544.7668370008
410226143.5768803358 638582.9851687998
423624308.4132120609 963873.3137419354
419047317.0898014307 890865.3920759885
438749989.8612917066 1115054.7625489235
410410068.3418895602 648309.5681428877
430633693.5946618319 1024572.7914073672
475745648.1543129683 1473003.8734741211
476114377.8419778347 1479211.3646850586
413698014.3802673221 774384.7878174372
439389230.0227680802 1137170.2904725075
423220407.5307468772 955928.2265608441
423829418.2614716291 966453.1672575604
414730552.4895506501 795463.5238225944
428996164.3556024432 1007363.8113411656
409775439.4034615159 617760.0215450195
409645772.2416671515 611339.4949794677
414204193.9374852180 787080.4875244685
439997756.2486100197 1171015.7243771553
424012957.6529197693 969525.7795622479
423728088.1533513665 964064.9648649823
423920062.0963738561 966531.8559782635
478925665.7933141589 1485398.2568359375
419546427.7746844888 902962.8945288123
409924879.6595034599 625517.5723262695
424263218.3605915308 984758.9153044354
462835459.0191675425 1395017.5301284790
413240413.6944649816 758541.6818674691
413439201.8871880770 761403.9683326781
438634871.3389764428 1113035.4074006081
415260175.6701836586 805840.4164324678
416249043.9697457552 833641.5222290731
416286449.4913707376 833661.3870931682
413251668.8900560737 760369.9018845148
427103127.9513207674 999296.5868650209
416013677.2025569081 829106.3610962606
416169344.3309000134 832950.3016518331
460322798.3254305124 1319189.4526941776
439665423.2755624056 1159191.9811539650
437806034.6538611650 1092198.7888398170
437379733.3426657915 1087644.4887299538
438294185.9661062956 1107281.4702820778
430317368.9276538491 1019145.6507942881
430444797.7088841796 1022738.3773372232
455630477.9758450389 1283349.8884034157
413587136.7590078712 769188.8408903182
438798964.6468349099 1118869.4774575606
455316644.2639638782 1276802.3163208961
439498677.1082191467 1152224.4243378639
428982075.7699153423 1001100.4874454550
430323758.8501124978 1019201.7410195079
418944890.7195402384 889403.7101203895
419145113.2074379325 892668.3274795508
418816536.5917672515 884438.5453741080
431446967.6526819468 1034764.6949837413
425196851.5859441757 990385.2475264203
425141197.6206670403 989746.1381514203
429505746.2333208323 1012050.9667890687
457648055.6471046209 1312377.8484497070
431764794.0669454336 1054667.3010776378
431475842.6414440870 1050815.4072640147
457143720.2993564606 1299523.1607131958
431314198.3612829447 1032667.4183135834
452587796.1723107100 1232794.9009613991
435890455.6972572803 1074164.8064647913
453323251.5635534525 1235267.9376282692
430088471.0331789851 1015160.2616112437
430213184.6078979969 1017432.2543213572
430378450.2453774810 1019273.1125483718
431345376.0576985478 1033349.1612620559
449239270.3530001044 1211053.6503326893
