110633959.2128152102 128273.1128184614
126657113.4405968040 258226.5923461914
113332712.8592903912 171954.9582743794
109792929.6166528910 101347.3321381211
109728384.8773137778 97800.5765524209
111771706.8617062569 151547.1116749048
109907987.2803504914 105893.1807832718
109929392.9468551874 106397.2457602024
116430800.9177956879 204015.5429334219
114595571.4076195210 187502.0589722991
111233160.6076135337 142722.6144080460
110687203.3582171798 129840.4295628369
110120955.7588839978 112079.1998769641
112290077.4353982061 159613.0385511070
111226644.5126693547 142683.7010593801
109609892.4112761170 89390.2020571530
113665195.1940110028 176375.4991737977
113882970.2019109130 178082.7948386222
111111634.4441069067 138702.2315806448
116799498.4726357013 211974.4157056387
109866312.9572122246 103070.5054174662
125314371.4701657146 248008.4041304588
124771765.7071503848 244218.0122237206
117143659.2243310064 217059.1185559805
112735619.3498927653 165494.9187679291
112070777.5570770949 155899.1791856885
109799797.8697889149 101418.4634266198
125133517.1445301473 245631.9722061157
112623230.0226544440 163458.4191799164
134614753.9562672079 292640.1101074219
134848429.2744420767 292762.2346191406
129211599.6835102290 266859.5857849121
109592265.4549272060 88491.0996354222
110185572.8649975210 114830.9851789773
114840976.3058551848 191795.9301729872
112467119.7047184706 162135.0613460541
110269595.5825832188 118484.6092436612
134687243.4431536794 292716.8286132812
113725874.7375253290 176684.3070876799
110626472.5071018636 128273.1127903759
110311199.6469938755 119478.5892506242
116199573.1063570380 201626.8198128964
112517127.9551452994 162342.2068538666
109962210.0935204923 107594.8313963711
110095216.7429103106 111899.8461019397
109957283.9936682880 107036.9599457383
111144548.3247241825 139868.5990290940
109624528.4106993526 92613.2590111792
111460299.2986235619 146605.3249725401
110358116.6526281834 120395.2569577694
109632015.5932802558 93005.6578123281
112635005.9501976818 164711.0308284760
109548875.6910994947 80384.4275599374
114294822.5994788110 183696.8207070008
110711026.5761075020 130008.4319628296
111044652.9775817841 137769.1890237629
112583186.1739301682 163371.1389827728
121312813.7921444178 225148.3832869530
114672309.5515560359 188121.0764884949
111879702.2766429931 153949.9440250397
111957395.2374660075 154751.6888355315
110915598.9225845039 134579.9205454886
111070697.9010345489 138592.5731796324
124987943.5221026242 245548.7373428345
117055087.7271621823 215278.7319745596
111054981.3794323951 137907.4210560620
114218659.6061680913 183554.4781789184
113349109.9708004147 172216.2124180794
111039704.3555564880 137709.2470491230
111077213.9959787279 138595.2286614478
109571169.6973224878 84953.9134972692
116938254.3824077696 212168.3570203360
113053133.4655180424 168992.7216463089
109552819.1331195831 80765.3585337354
109987463.4798141569 109103.4188275635
111910403.0742968470 154517.0757921040
113673886.1348390877 176606.6585156098
116995964.6472412497 215241.0466565664
109534624.8518871069 76409.1757155312
113837272.1067270935 176692.2597243987
109649376.7317640632 93675.1311575472
113232974.2829421461 170604.5419806540
111971589.6081129909 155317.3808543682
113458840.8021549582 174254.5989052430
109851209.3126915395 102713.9484243989
114751225.2518960536 188711.0706291199
114652896.6775485724 187509.6440849304
112770236.3827141076 167317.2434902191
111961730.6820842028 155122.4415115416
111855867.4686047584 153806.1716861725
112108088.2558941543 156391.9571841161
117062520.7933185548 215466.7728528555
113376772.1867849976 172253.1881386414
109543883.2743195295 76790.1066893293
122646514.3803600520 228380.8117933273
129404270.7965508252 267509.4229431152
110572759.9566565454 126983.5421063900
109544369.0849259198 79788.8303981125
117486966.7209872752 219794.0326114893
113644796.6153939962 176368.9522428513
114057567.0907419026 183086.7130947113
112862416.9366578460 167625.4677505493
114347297.5252571553 185009.0850439072
117337129.2394420505 219748.2240177393
109615488.5476886034 89555.5952980816
110791766.5434686542 132547.9608825743
111735767.9091560841 151056.7024173737
110346662.9458755255 120219.9283880293
113370906.3493390977 172246.6412076950
134504325.6689118445 292443.9604492188
109999022.5929133594 109591.1901920736
129613219.9385465980 270360.9383544922
117293685.1562289149 218221.1455640728
111535785.5822993964 147600.6328128874
113292914.7589763105 171953.2108573914
109700685.4251669198 94502.1607199013
116841515.5530913323 212158.5949425697
110354201.9264869690 120361.9925367087
113578670.4103801250 176026.9904826905
113233556.9980556071 171915.2454738617
109639145.1722966731 93172.9256805480
110409005.6545494795 122693.1152612418
112555725.0787369013 163351.7027461455
110417360.4085954279 122710.9143674374
127588424.7698538005 262158.5254516602
109540972.6547767222 76489.4716192437
109660349.3899486363 93678.2655172646
110306724.5454946309 119400.2694966793
109600871.7860912830 88995.9286287129
110230476.6684946567 116118.8714651167
113928388.5671239346 179651.6201477051
114776852.6044214368 189526.8878898621
109552336.3710551262 80410.2688730061
110153409.3052023500 114383.5523207486
109558698.6142748892 84368.7886002660
110782011.9126371592 132379.9585106671
117197093.0375737548 217560.1639127310
110034485.8917950094 110332.5293294787
109604736.5379747897 89076.2245324254
109816318.6429529041 101922.8875875771
111755187.6016754508 151174.4534556866
109562563.3661583960 84449.0845039785
110188726.2310429066 115293.4237763882
110766697.2427786440 131806.8501546681
113016500.8082464486 168649.0001411438
114408773.2039837986 186788.4046535492
109555397.8891311288 83683.7863388062
110822307.5926058739 132809.3412010968
114201715.5160706341 183414.7914752960
109549762.7554748356 80393.5367558599
130358440.2857648730 275787.7265625000
111498203.5182015300 146843.2528816462
115094353.9241596460 192857.6025362684
109596130.2068106979 88571.3955391347
110900837.9858107269 134490.8624500334
109789629.9877583981 100861.0154412091
110375756.8721364290 121028.3582758009
110384760.9693714678 121135.5886410475
110018149.3796180040 110164.5269575715
112634487.9650722742 163479.9825638533
109896097.5622635782 105061.4036961198
109590961.5700470656 88490.9479760230
114719405.3542585820 188518.4507350922
109809386.7123799920 101920.6689036191
109628393.1625828594 92693.5549148917
115954014.7516940981 198378.5208829080
116534581.6171176434 205399.3169147670
113502335.8740640283 175856.8582057953
110850873.4317943305 133670.2857782841
109885678.8662092686 104981.1077924073
112744339.1261678636 165731.3670819029
111141211.0479299575 139853.3621237278
110864886.3442645371 133890.8438256085
109672590.8419798613 94180.1118102372
123377158.8496724069 235047.5554608877
109850218.4021961987 102592.7362524569
109684628.6550605893 94190.2266345322
111805177.4880536646 151608.1990184784
111846438.2204414308 152007.3050155640
114788966.1400716752 190916.1828479767
113040478.7468920052 168833.5479402542
114026009.6566814631 181307.3934850693
113565190.4036423266 176006.6884059906
110515736.2114634067 125399.9820172787
109831212.1990416050 102424.7338805497
112088832.4784069061 155964.9768238515
109653417.4593757242 93676.0468333066
110031022.3100226969 110317.0640146136
111700833.0942079276 150919.9382877350
111037700.1532160044 137475.2394031584
110745015.0975038409 130555.2850629538
110474176.5335695446 124244.9667188376
129595835.4661169201 268360.6580505371
110891255.8354629278 134318.6744964123
134358561.2064919174 291764.3090820312
109782698.0571854860 100858.7967572510
113414947.7629244179 172791.8705348969
111028537.6222645342 137447.8504871428
109693753.4945940226 94499.9420359433
111689398.9564104378 150727.6360076964
114382806.4378882647 185500.7000637054
112854692.9008759707 167482.8839916016
130001620.5574695319 271485.5341186523
115377852.2907644808 198196.0246671513
115233387.4439345598 195696.8247159794
111796081.0920784175 151592.4686937332
113112146.4161709696 170490.1064224243
112801652.2693680078 167475.6972427368
111408862.6920598745 145414.1600040495
112589598.6540431976 163409.1043663025
111535742.6053518206 147466.7814712524
130022322.6641835421 271586.8308830261
126410824.9074937254 257394.9550704956
126405036.2368842363 255275.3079528809
114494747.2468579113 187495.4626483917
109950427.2820269912 106670.3836653829
131733953.5767122358 282142.1789550781
111376634.4414738715 144991.7923274338
109928552.8596623093 106195.5169958174
111207120.8716734350 140655.9655969143
110370083.3874438405 120946.5508863181
112235361.6195730716 159012.6991634369
112030017.7659330517 155594.9585743397
111191078.4288233966 140614.9856713265
116620331.9065207243 207646.1861588955
117111371.2242969871 216276.5603349209
116940418.0851007998 214560.1355302334
119092164.6979719102 221355.3511941433
112135279.3875242770 156495.7466121167
132037802.5653103143 283180.5261230469
113844830.3073551655 177766.7552657425
111350902.2414632291 144652.1606807709
112458190.7552839816 161404.9277534932
111423220.2794898897 145916.2107141018
111176674.3468116075 140529.8496456146
111042977.2595299333 137739.4215106023
110482329.7853989303 124326.7741083205
124625824.5281935632 236545.1481175834
131513646.7041351497 280852.9294433594
110283318.5524245501 118641.4828619063
109586029.9863457233 85430.6607466340
112004929.3282873631 155415.2371926531
110431024.3316074759 122847.0321046561
124752574.3208722025 237432.1051153113
113424889.7946402878 173253.9813824147
113484579.1279686540 174301.3254565299
111565213.6908987164 148086.8790802062
110554926.3376303315 126294.9803288430
110618521.2438396811 127466.7361007035
112147831.5425525010 157760.5639735758
111751900.3854927421 151058.7127765715
110279590.8800017238 118576.3742940426
124756539.2282586247 243322.3238143921
127158695.7782140523 260467.8536453247
110962174.3404510766 136670.2719177306
110166282.2356070280 114536.0893777907
111327297.7732159048 143607.7192441065
110618296.6874811500 127333.2244018316
110329732.4232545793 119674.4547084868
110608435.0351514667 127165.2220299244
110321472.6634986103 119531.4800485671
133904822.3783047199 291575.3444824219
130045215.7821784765 273173.2417907715
128462026.0231012255 262930.8023376465
110290839.7338476479 118665.9692042768
132926284.4803643376 284651.9697570801
110394696.6469631493 122124.3014186323
110199443.3464148194 115484.7669756711
133282293.6303670853 291299.0214843750
110282468.5129878968 118637.1463007033
111608648.6479775310 149559.9638493359
133710107.3333135396 291406.9680175781
128982881.9056887776 265979.2373504639
118920591.8302464038 221007.6337268353
112693632.3504915684 165126.9214611501
130186935.1186765581 274736.0745544434
133041266.2392810434 289922.2072753906
128846007.5467485189 265120.3174438477
110212594.5705287009 115506.0210879147
130806041.5788200647 276829.3999023438
110323006.1061026156 119552.7341608107
110271407.6196540892 118490.3980410397
121669980.5270258188 227168.9339742661
133234376.8515298814 291074.2773437500
125570506.3316024989 250674.4311549664
130483880.7054373920 276765.5305175781
130348621.3981317580 275398.2247619629
132899918.7743385583 283613.3756103516
130185272.7993185818 274003.1795349121
116509466.2675269395 205175.9596377733
130909721.2732479125 277126.3848876953
131077901.2754972428 279369.1791992188
126703184.2688894868 258397.5939826965
128449620.4773042947 262331.3940734863
126263447.1818457395 254779.3282432556
116353274.0023426414 201927.6582969182
116180282.1563259959 200304.9336347170
116058746.6644122005 198929.6801103354
122712503.2502641231 230376.7826173306
132990912.4471979886 286485.8277587891
