493338090.2700951695 1215.6834848741
493725974.2029902935 1410.4956681969
548843701.0032610893 3501.3752014775
598529583.8800081015 4867.9269840717
493790393.3315875530 1421.7139326613
583295492.7026878595 4417.7686345266
547983797.8305195570 3486.7220479550
598827870.4910204411 4880.2244002819
539701262.6506850719 3255.2019793147
493374694.8457204700 1296.9956303725
493365794.4132891893 1275.3044776834
552519551.8730478287 3706.9826795643
556343037.5221046209 3803.4476350908
493361745.2949572802 1275.2969024609
493345978.7342364788 1253.0291972933
493365794.4132891297 1275.3043712887
598916242.9295922518 4882.2938354015
562265743.0455845594 3916.4681046085
493338317.2780887485 1215.6873392763
493365794.4132893682 1275.3044792778
538551682.6220978498 3224.6247508625
537984654.3655827045 3209.2651240925
544825554.9644120932 3345.7840299025
544406361.9213327169 3325.1742769495
493447357.7728860974 1320.0658676179
493539593.2264546156 1361.3612168470
523882440.5477827191 2704.8136485659
523706859.8874765038 2692.7915214144
493361386.5592789650 1275.2876775692
493331816.7367976308 1213.1301606332
493331816.7367977500 1213.1302051133
493378743.9640523791 1297.0049517727
553490878.4198589325 3714.3623693799
580491530.4639168978 4382.5319841798
493378743.9640523791 1297.0425378831
493378743.9640523791 1297.0048437836
559641934.5991868973 3868.2559878502
493331816.7367975712 1213.1301590388
493331816.7367977500 1213.1315536828
493331816.7367977500 1213.1677481636
598468463.7174928188 4844.1084687710
591151507.8672382832 4656.4428510182
591194210.1198495626 4664.2227630131
586839324.7753940821 4509.5582606317
497039154.8835042119 1560.1402415783
531966428.9501661658 2985.3699153265
531731273.4197674394 2982.3976443609
493381895.8043450117 1298.9424547706
598435370.6832865477 4834.1310050488
493342159.4233012795 1216.9459893594
493342159.4233012199 1216.9084002346
559527784.9520554543 3819.3835995274
586662810.4173355103 4487.2015483752
528096001.9645574689 2847.4117821153
493698228.2878506184 1387.8450520341
522119249.3662478328 2604.3486849766
493367320.8262357116 1275.3263262263
598325207.0933760405 4832.1597068310
569305911.4439768791 4041.7681038696
579247485.8124867678 4326.7788947668
537160095.8071320057 3132.8327211530
536550841.3138522506 3132.7684352786
537378693.7371832132 3150.4511559455
537742879.6543244123 3162.7804930655
534491468.0978090167 3048.8239097703
496008437.9365652800 1517.6019901540
534683431.6388382316 3057.1371669877
495335140.0218015909 1494.8925456312
573828564.2865899801 4182.3100454417
573627454.5230573416 4163.7953879550
567583132.5999541283 4005.3300222325
493665162.5348909497 1384.2203903162
578524309.0093795061 4317.4977885556
544715981.3245750666 3335.9635579313
551737905.3409379721 3624.1575399629
551226075.4507702589 3594.6706461302
555365255.9893885851 3735.0733430152
493665162.5348909497 1384.2202871927
529984394.7164435983 2891.8664573420
493435800.6407963634 1300.5053300060
493665162.5348909497 1384.2600994915
523999156.6307654977 2712.5458271713
493435800.6407963634 1300.5436964788
525547708.8697999716 2792.1380496732
525083714.6304796338 2771.9308977834
493435800.6407963634 1300.5052217859
502983396.4530537724 1842.4649056679
519272117.1812683344 2473.9756067205
539372154.1433763504 3227.8347093123
505411887.4157124758 1999.0886030057
493425867.1905359626 1300.4036270894
496494553.2818146944 1523.3961426523
522439924.6212517619 2650.2496086955
493482837.3608439565 1338.5496047040
493606275.4720121622 1373.3895122912
498712544.9712215066 1630.6368681607
498275858.1851198077 1607.1228280677
493552685.2392627001 1361.6695441137
493661821.6656721234 1375.0898612123
493482837.3608439565 1338.5890203839
493449840.1620036364 1320.6759300768
493661821.6656721234 1375.0899295043
493482837.3608439565 1338.5497077232
585571072.9078766108 4477.6940027233
544250670.3688827753 3295.1447693553
597950024.0809533596 4820.4517552853
571616827.4718362093 4101.8384693442
597969251.0972906351 4821.7664353848
598017989.2336497307 4827.7257583141
528286436.6408045292 2887.6584620214
532435927.8381505609 3022.5256763322
532525745.2533301711 3037.5490966660
550880226.8214832544 3543.5526167673
575861275.6784058809 4225.1443851736
597769575.1768226624 4817.9028139114
503043377.0357105136 1853.1354347580
545786755.1719195843 3385.9277428316
545719405.0101639032 3375.8998688387
530801897.8775052428 2974.9237658882
530310049.7398599982 2973.2692872586
597561912.9223756790 4814.7005720139
547566549.5053825378 3466.4498538443
597288970.4935581684 4811.6065258980
580168249.3433762789 4342.8424345277
570160238.8967396021 4094.0341088604
597636258.7623183727 4816.7836418152
597095523.2862002850 4809.8491897583
596785622.9146749973 4808.9088273048
551355555.2649865150 3616.9139346685
493515678.4004065394 1345.7252510050
527173461.8786615133 2837.5457645119
595269767.0283356905 4750.6153318882
567358956.0190768242 3977.5763329071
595286067.0161253214 4754.2383625507
566874032.5438140631 3960.3106216145
596550206.3638870716 4804.2709693909
523570788.2724716067 2673.2510431014
546862483.5184593201 3432.3097145808
547939817.0344988108 3476.9439301081
574966877.9118276834 4208.6501997706
596342341.0724532604 4792.3904924393
593654274.9280756712 4745.5099282265
594162588.5834842920 4750.2712445259
584782816.1916347742 4460.7962014899
596324020.2298219204 4789.4816217422
523361818.0710697770 2663.4768357604
596420302.1452851295 4794.3896417618
596248230.7731201649 4778.6666536331
588822117.1596273184 4596.0203733556
546687496.8981006145 3395.8095064740
596496047.8374319077 4795.1427230835
588629642.2888238430 4531.1744639812
587877860.6662006378 4522.3719720751
499943373.6724352241 1689.0264213428
499186912.6866083741 1685.3189006195
535761464.1638918519 3085.8958922000
552503568.1430033445 3643.7619516007
588918429.1477694511 4606.1428878801
589307846.8718390465 4610.3231480615
573197195.9147526026 4121.5847262283
573481109.6568964720 4139.9634355445
596195089.4619271755 4766.4328451157
550934467.5859067440 3583.4781339978
575948667.3966147900 4236.9736377577
596303690.2728626728 4785.0413694382
522326944.4646074176 2637.1352758821
512221967.9483828545 2267.8423354552
549987635.0552973747 3521.9007249466
549921937.1788315773 3521.6997283093
550038570.8012326956 3538.9576672136
550003544.8234094381 3538.9565544716
496967140.7166221142 1557.0375312287
505365030.6074624062 1970.0660478894
494253693.9087898731 1444.5941969686
500187950.1105530858 1708.2881508442
500117884.7330327630 1704.0715191681
572723626.5710128546 4115.0032801812
503549544.2518780828 1953.8811446844
503118586.8210986257 1943.1426974950
508462684.6209973693 2100.5079569399
514241949.8088117838 2340.9787378541
521246370.2507072091 2529.8423956786
506085261.3203079104 2067.3607337027
545240853.3067493439 3350.9629556595
524953565.2485387325 2769.7854092180
524452124.7852492929 2749.4105808732
501247724.0039613843 1803.3347753847
540920612.6996961832 3286.1672949105
494113268.2767089605 1435.4373672174
496905732.9945704937 1555.8727356714
496634064.3592357039 1540.0095913482
494036095.8516000509 1434.7678193749
494017430.5376023650 1427.6005664635
493998801.0910366774 1423.0783066983
498835790.2960865498 1662.1239300931
498723480.0965544581 1641.9551421369
509539099.2526412010 2210.5851731579
495616248.3523809314 1505.9115029294
509213326.2752928138 2188.0774741451
494118200.0294403434 1441.0856359742
494675984.9413732886 1454.2842349331
494344544.4032130837 1451.9902715008
509916604.4570068717 2241.5033287039
494691927.6169016361 1460.9350324261
506701480.2623981237 2082.4746938043
494160693.8742254972 1443.5779655022
505555798.0034969449 2017.5657041380
508775358.4812917709 2124.1455656927
508859169.1518396139 2135.7095024031
521628165.2984040380 2583.4040217841
504602752.7300794125 1958.0152186069
526845030.1344119310 2795.9578853718
494563964.7070727348 1453.0583166499
500674088.0142279863 1742.3245755230
500234581.2778622508 1734.3669343387
502715470.2240723372 1829.7173917979
502186285.5608656406 1806.9282434672
495028822.5497037768 1464.9428036567
498626600.7613282800 1621.3471741287
516960130.4535766840 2390.6136113588
513190585.5387507081 2297.0781329512
512690140.4714174867 2287.4929297804
520049075.3656646609 2499.5910540001
514656614.5384035707 2371.3832855725
527015805.9082206488 2817.2268690268
526907080.0778596997 2809.0020063774
518441076.9376613498 2439.2409456258
505050381.8414316773 1963.3199742548
515128372.8089509606 2383.6466678180
515571183.3924657106 2389.8937110850
521049844.3660265803 2510.5917046756
496573015.2281646729 1523.5842958022
496486218.3198812604 1519.2387480888
496882756.9175241590 1542.7003926179
496631178.4480339289 1524.4325938718
520057048.8040868640 2501.1408951440
517509013.1612538695 2409.7211291611
517640168.0723298192 2411.0975329696
513856468.3343534470 2300.9935428768
514302241.3307358623 2352.5347678386
521179589.7281394601 2525.3446807729
