132725777.8885805309 1867.8772139549
133100910.9641499519 1880.7348361015
98969205.7356507927 994.0021310161
98940075.4545627683 975.0438028676
98864931.0076910853 952.4422734412
122275941.9461794198 1619.1877349155
122563581.7321672142 1639.3002484577
98896221.5433150977 971.3456686171
98864931.0076910704 952.4361127051
98866592.9769336134 952.7343028198
130607254.4146736413 1823.1086288691
98930707.2235048562 973.6995814449
99083574.7656984925 1015.4663409368
131898815.3756433874 1856.2574400902
99032676.2671185881 996.3902951961
99072794.8168436736 1015.2477559225
99192739.9756951183 1017.7045569200
99037470.5572313517 998.3823485813
98945840.3591042161 976.1844923028
99069447.2399746627 1002.4056617275
99104838.7523483187 1017.1604212896
131572159.0462682247 1832.1914116144
131603848.1216082573 1834.9008299112
98993670.4457395822 994.3694720048
98944178.3898616880 975.8925930933
133050790.0724505186 1875.6652431488
132370346.3569983095 1864.3854506016
99200261.2828475535 1026.0371675004
99258207.8525690287 1026.0544371117
99382431.2773271352 1028.2951408006
128829530.0381834656 1752.4906446338
129117340.4241596460 1787.1108214855
99434916.5110041946 1043.1394855472
121481745.0358266085 1609.4256367335
99449455.7528929859 1044.1882513636
99499779.9604446739 1060.5871037119
99667194.8161380738 1063.7913131272
129741022.7208501548 1790.2329435349
130018263.6964673251 1790.4760694504
128820989.1639650464 1746.4012130201
128108740.8670697361 1734.9141629636
131793711.6432944983 1840.0607581139
130488740.7189529240 1813.5621464252
101055687.3746188581 1065.0213007848
100988199.5649273098 1064.9218087118
101091810.6368294358 1084.8231524747
100969889.5633024871 1063.8563953088
131661138.4469189346 1839.4270362854
101086459.8383048624 1079.8671091230
131225312.0122926533 1831.8222014904
101299134.6024981141 1098.2527167623
101286678.4655359685 1097.8516541875
130996702.2188829780 1829.6865928173
101379201.8146167845 1118.1600396919
101431194.5235452950 1118.3883564032
101285009.7786342800 1096.5498056101
101206985.5679516345 1095.3472293417
101311001.2498010099 1103.9776474448
101440250.0411430746 1123.2046118435
113866772.0616517812 1424.1472705154
102132086.7787744105 1154.7485732654
102161512.3226667047 1154.7507116416
102952671.6377156228 1173.9584082316
102385561.5959058553 1169.9282774467
102118401.6299369335 1152.7852410892
102287019.0100722909 1155.0455313208
123289576.0065189749 1715.3412726517
123646155.0487372279 1719.5359190102
119293601.2500372231 1603.3771618385
119907879.0035222620 1606.5896328468
128597902.7115936875 1740.8457147479
105359330.5420332104 1187.1353612999
105681928.4856497794 1188.8393866797
105565686.9737961143 1188.6981812567
105764705.1175372750 1194.4231324628
105920022.6178165823 1210.1310569331
105981364.6087017804 1210.7821602382
106403967.3367666751 1250.7691211856
106172319.8859678805 1229.7354612559
106645502.2084536105 1254.7952504963
106105707.0863054842 1228.3301492593
106094906.5370838344 1226.9575760191
106193010.6128785014 1249.2428966595
106214493.9642964900 1250.4634974400
106009338.3938840330 1213.0573133069
106480293.4574697465 1251.4127176389
106662750.0242209136 1256.0379831282
106822729.1673374027 1293.2714017641
106570395.0784773827 1254.2946209135
106783754.9299856424 1272.7300744522
108004758.4889340848 1299.7564110028
125685344.9342812598 1734.0928354114
125338677.5005318075 1730.5215515941
110009821.7529082596 1325.6408971697
110220295.6864034832 1338.8318918347
109798967.8022298217 1325.4706076831
109681266.2157895267 1323.3482585065
109544706.6061322689 1306.5792313796
123153701.1690599769 1649.6784677953
110893084.6483355165 1356.7389456853
111187517.1289842576 1360.0706113800
110711675.2091329843 1350.9973227605
111395280.3262071162 1378.2429441512
111549014.4436999559 1382.7175696120
111186135.5243840516 1359.2211577445
112935554.2741675824 1390.4551382661
114297238.5415880233 1430.1510392930
115073958.3473052830 1443.6327603515
113386695.6368832737 1395.5208513234
112728678.4341924042 1386.5174034888
113478971.6956032664 1414.2122430727
115137376.5411060750 1449.9220259096
113477091.5580759495 1399.0370913520
113325580.9212762266 1392.6018749997
113325580.9212762266 1393.5072972104
114213210.9503026456 1428.3111807611
115241888.8949380517 1452.0381701794
115415100.1800014526 1461.3032262623
114843123.6387801170 1432.0370016396
114908896.2709653378 1440.3734595627
115510412.5669489801 1465.0961880386
115467382.6109194160 1463.9541716278
115453783.6770834923 1463.3597364128
115602764.8661715090 1484.9583239257
115467382.6109194010 1463.9427718818
115467382.6109194160 1464.1102332771
115576151.4748979658 1469.3408322036
115543601.8279795647 1467.7970747650
116121335.4888848811 1497.0165404975
116028859.2597873509 1495.7623519599
116891927.8109681755 1504.3103968203
117049038.7674601823 1507.1513887495
128987173.2421462983 1765.9888740778
117268404.3034005910 1515.8700252473
119160315.2814821154 1539.2388115823
119078995.7084285021 1518.2295311391
118964211.0448085219 1516.0080712736
119090648.5942587256 1525.1518672407
119150422.5565425456 1529.7685233057
