562040771.8816925287 78926.6352505758
552637528.3689930439 69824.4835486453
553493426.5844424963 71262.3110545687
551673179.4975026846 68336.1960227978
554851150.4908626080 72873.4643588166
551106737.5595963001 66982.9854063284
551949237.2704057693 69016.9680786501
550663142.6645555496 65662.0666049114
551048492.0727435350 66965.4742513191
551026429.6985818148 66787.7343219888
567075603.5793473721 82158.6915872470
552716095.2963888645 70141.8280081790
559273556.1589802504 76999.0178373829
549683682.6139413118 63053.9652117227
551686637.2386025190 68351.2825741892
556918871.8928813934 75049.2190950140
558027067.5664657354 76014.7531966195
558155068.2374876738 76067.2215804085
552255128.9471068382 69456.2301931554
585099974.2534617186 87933.7119522095
557478059.4289137125 75338.7068992220
555668019.1947122812 73799.0920972340
559388808.0268729925 77162.9513205066
556661076.4581161737 74785.6724302992
570897448.1445465088 84278.7389717102
555224828.2483177185 73433.8632974140
564720536.7167934179 80749.5853603259
567170377.1193407774 82338.9344938025
558425642.8586285114 76531.3811732158
562509085.7609471083 79294.9462361410
586115654.3996301889 87994.7540283203
564762069.2288877964 80791.5074041262
551852826.8723412752 68862.3149414431
567671628.5532915592 82582.8965394869
561325708.6153862476 78596.9803605154
557700040.3878185749 75683.5266055092
554092886.2903916836 72035.7527321209
550505546.7040807009 65228.6139624408
553389825.5218061209 71009.7241098558
553652745.3606102467 71420.9756351523
553798080.6788792610 71678.4416602482
554029415.3381215334 72018.1427772869
569261785.0663372278 83455.2837764025
558326764.3342567682 76123.0918029621
557930547.2477571964 75817.5549808107
560072316.3989222050 77875.6301586255
560278101.5699546337 77966.9027810171
570278612.4257283211 83949.5316668749
551337537.3194866180 67801.6284096729
554452470.1264371872 72443.0925760369
554902856.4574947357 73142.0941537097
549644168.8839300871 62931.4854737853
554549652.1990307570 72777.2952217965
554885201.3522084951 73013.1161933413
556208077.6483805180 74201.2462671610
555895672.0780905485 73901.8480023853
555384376.1673403978 73515.2963633053
554195189.7682197094 72194.6650795846
550728787.3889806271 66352.6062098733
554507883.4959952831 72747.9491829781
550860268.9608122110 66470.6778349570
552971705.0173311234 70385.2176500768
549687628.5548828840 63270.1208895181
583659289.3108313084 87712.0840911865
555498305.9868550301 73656.1059350483
583267130.3909140825 87691.2442932129
585153819.2250401974 87935.7866287231
551835905.8638075590 68698.1808664598
557774093.4373971224 75712.3199725710
557284430.8536921740 75302.9096849188
555416894.9711086750 73554.9319085591
562186792.3502330780 79148.5847275928
549790866.8729883432 63989.7794054483
561772518.2912244797 78718.6535759494
554475380.5085177422 72504.9850424590
571729055.9017375708 84654.1069011688
557651034.7543663979 75650.4949664101
549875950.9888898134 64304.3878745372
567962573.3739295006 82794.2478731051
571247352.0281779766 84473.3684978485
558875065.3381623030 76717.8047851399
553667882.2040472031 71431.0648805773
553212867.1645344496 70545.8881900138
552950589.5284538269 70252.4160683048
552549934.5586190224 69813.0099420720
552251507.2367663383 69277.2300868403
552512924.3818718195 69765.8181848698
555211838.3369808197 73349.0651101582
566448725.7090616226 81771.1341159716
555679513.2442684174 73863.1800031178
555527998.3564974070 73765.5918645374
580794554.0185766220 87415.3260536194
556401537.5925672054 74469.3986060843
551636169.3207552433 68289.0042655956
565961291.3345913887 81496.8904207125
573155613.0622804165 85443.9573955536
572407889.9089201689 85034.4635105133
551872910.9686578512 68903.0816658032
572933843.3344800472 85337.5496883392
549699073.9297205210 63327.1949175333
564963369.2623022795 80926.8824785128
551729717.0775301456 68497.6039454630
553697759.4913616180 71580.1347505724
550648740.5952085257 65634.1092795026
563555680.8612718582 80004.2566564456
558938160.3817461729 76724.8397430256
567953768.7981528044 82781.3432863131
557779032.3599863052 75719.8774600588
571704846.3819985390 84613.1127834320
573777184.5001064539 85695.9789028168
557215517.2863575220 75096.4663543031
574186384.3310526609 85835.4486885071
570966923.7483537197 84333.5945625305
572201795.8189152479 84952.5022869110
566080378.6898730993 81595.5731205121
556373343.2603676319 74336.9181508087
553595037.4748018980 71322.2723756669
560361257.7745447159 77969.8152413443
571445275.8435804844 84506.4352092743
586752325.1040346622 88013.1970977783
554406458.3079029322 72369.9799224644
552108078.3142577410 69149.3854169179
578898282.5805881023 87082.3503990173
551447377.9093964100 67965.8186815305
553941062.5319685936 71927.7259270719
549779292.1929606199 63655.7466333841
562477651.6154361963 79270.2482419088
558746667.1595630646 76680.7356475666
560726084.8304800987 78248.2042489126
561953663.5582184792 78889.1709981039
559594328.1581162214 77202.2722896412
561194784.8145866394 78545.3695748523
578631975.4772102833 87036.5345726013
559921431.3104286194 77517.7160633281
552219076.8620038033 69206.3794483472
562735132.6800351143 79474.6288026050
560035215.5333461761 77689.6123757437
578578130.5056321621 87034.5003166199
561862205.1451549530 78769.7051777914
550223970.7420856953 65220.5395076509
575020237.7502281666 86075.7896194458
552265933.6158767939 69534.6408747644
561064597.6266031265 78323.9404892996
568838591.5091137886 83305.8252078295
561529352.8986707926 78693.3338216022
561149474.6449022293 78374.6147923544
553216194.3343056440 70729.3034999147
553319901.8365116119 70931.3969790712
562428511.8871920109 79193.4674466327
563721797.0276402235 80201.1064680386
584106085.8092558384 87886.5576858521
584372226.6237893105 87907.0025253296
563665620.6396011114 80171.4401930142
550912524.7588111162 66547.3513299218
563306100.6878625154 79919.2046430875
563466125.3679262400 79992.2937053815
575048281.9596725702 86137.7023048401
562639551.9322664738 79442.1827657986
578004203.1514054537 86956.7881278992
566084671.9500236511 81630.6093271151
559091319.9454300404 76853.9564080015
553460560.5094544888 71030.1917775350
572545753.6488904953 85172.7929286957
564518341.6464052200 80696.8918550387
574713599.5849474669 86019.3236427307
559772951.5259987116 77432.5410256460
566492053.0392608643 81889.8038003817
566112401.9516034126 81683.8735025302
582498211.6482800245 87651.2157363892
575229402.4505975246 86202.9175682068
563907712.9321025610 80284.9633653536
574642121.9842175245 85957.4013404846
564848333.8175276518 80791.7453935519
574925895.4279025793 86037.7791786194
556850582.2199604511 74812.0231322572
563978554.2392231226 80356.3693445101
564397307.6181771755 80610.9554765597
551136362.8080401421 67575.9570763543
562590943.3856846094 79302.3842416719
564383719.7389929295 80561.3970783129
565483401.6085022688 81314.6566369906
561784048.4758774042 78755.4831566885
559834412.3308588266 77457.6879220083
578191744.5082031488 86981.8685417175
553819410.5822726488 71752.5158130398
550149258.6373722553 64895.6325051223
560671902.6800018549 78086.5817971304
562133359.3202012777 79055.1427292898
579653317.2712436914 87175.9498863220
565741206.3454005718 81422.7216432467
559667822.9879956245 77329.9186959341
563367925.5249203444 79944.4408548251
577543578.1367884874 86864.3739128113
582182609.7543748617 87489.3796539307
562590943.3856849670 79302.3842416719
572692117.7718341351 85258.0636348724
585176623.7102378607 87948.1201171875
565291457.9046747684 81154.2336652651
564995381.9993467331 81029.9318063632
575417719.4847623110 86231.0417823792
561146718.3389611244 78329.8945759386
559063868.2808299065 76810.6316847578
565309318.7785722017 81170.5620820895
576279110.2836821079 86525.9399147034
550520944.9669538736 65391.3849234997
567083813.8291009665 82229.2333047763
549952018.9827004671 64483.4675232803
550050140.7674283981 64817.5002953445
565716486.5537440777 81421.9333940521
549987425.7700958252 64488.9485794936
576480599.6621286869 86619.9190559387
557915258.6107934713 75753.3490758017
576384079.5875996351 86608.1420783997
579973937.7792314291 87239.7530937195
572011162.6463909149 84875.4031925201
576359509.5798480511 86547.7209892273
575820251.0456587076 86384.7571144104
585242228.8573548794 87968.5325622559
551611066.1188600063 68083.3637161097
582236454.7259534597 87510.4105377197
572464192.2956970930 85131.0122165680
572136258.7889615297 84918.8943653107
577162693.4745284319 86848.7135887146
550548388.5921014547 65575.0458264767
553047771.7191244364 70402.3245478645
581900979.1604815722 87450.0015563965
579165293.8101099730 87169.5965080261
581540289.9901380539 87415.6661071777
576717526.4402811527 86737.0436286926
555150112.2833635807 73182.1488218382
556283587.0193448067 74218.2865669951
550631092.3062018156 65582.8367732229
553051453.6585484743 70458.9628748288
556565083.4598387480 74575.3899101838
556344877.8679234982 74311.8485173211
565750307.7068442106 81456.6976931468
556551538.2047002316 74506.9920211546
577807830.5976459980 86931.3345909119
575895474.7071590424 86425.1906394958
576590595.6554368734 86636.1408805847
575914342.5456011295 86456.5303993225
575914342.5456006527 86436.1179542542
553139595.7736831903 70531.0382857099
564876299.9023441076 80916.8738876027
581900979.1604812145 87431.0469360352
577691282.6874809265 86894.6320610046
566777746.2628765106 82047.9016435519
567239969.8196938038 82347.4328437489
568039906.2125694752 82904.7313972157
566577376.1526044607 81994.4832382840
566855799.2407789230 82125.5692978543
566973889.1561673880 82155.1346946401
577097092.6703022718 86750.5471534729
567836438.9089846611 82766.7969718617
567836438.9089841843 82746.3845267934
567324751.7334420681 82412.3670364064
567081207.9137042761 82225.1332030934
567762163.0391477346 82641.1250358266
557241130.1176609993 75206.9789118432
566813481.9314653873 82077.0645881337
553264936.2803459167 70763.8818903938
564170918.0944827795 80404.9769416493
563659648.2925059795 80069.6744933766
556338640.1432118416 74310.1558349617
567455654.0499966145 82473.1870742482
568561288.6759663820 83180.6697211904
571504878.6480081081 84610.4913631678
568407089.5053662062 83059.4311004323
562947136.2866569757 79581.8840642613
552696111.8463461399 69857.7805038169
568713730.9526273012 83245.5118120089
568318329.3007441759 83036.3527656239
565113565.6753371954 81088.8574183001
567848492.3335778713 82769.4690375966
566223583.8796606064 81753.1067557973
562896435.2819110155 79569.4468589467
571742242.3717288971 84764.4329624176
571784733.1615364552 84775.3287448883
573996478.0737502575 85718.7605266571
570991851.5411705971 84443.6839389801
571853018.8873734474 84874.4607181549
564268236.8961892128 80416.9994997308
573383275.6949589252 85524.5840091705
570520313.8191645145 84275.5625934601
561921728.2295266390 78809.6119624733
570969926.9250117540 84367.7837085724
573423121.5809756517 85601.2852725983
574100258.0457657576 85794.9576358795
573169810.3864663839 85457.9623813629
570290818.1835403442 84062.6828556061
570446259.7388609648 84170.0217990875
569324181.8580061197 83474.7145442963
570360057.3440217972 84127.0578880310
572865757.9395332336 85300.1929264069
570039560.3921941519 83897.1099948883
572259163.5692107677 85008.7298183441
569812469.7860325575 83805.2240810394
569453119.5004252195 83553.5931949615
569547028.3867995739 83560.9536418915
569135482.0317063332 83393.8580265045
