902672479.5295152664 5637397.4736328125
899497392.3796749115 5573594.5053710938
885422950.4203165770 5145013.3715820312
885379327.0414406061 5140907.4438476562
901465800.9305522442 5613571.9575195312
906750442.8198081255 5709697.3867187500
900111314.1004171371 5590532.8510742188
903718607.7706931829 5664547.6884765625
914075939.3585540056 5823774.1948242188
900300850.7686047554 5594916.9350585938
883867695.9337643385 5020342.8376464844
903803259.6422179937 5665411.1318359375
897174577.3836274147 5522925.3955078125
892066457.1386904716 5382763.8496093750
888381409.7393883467 5248776.3325195312
891689438.4827818871 5380074.8925781250
903388162.8247566223 5657528.4804687500
903432064.7487539053 5658449.2792968750
884897567.2557564974 5130027.5361328125
888702197.6275502443 5277787.8271484375
890001067.3008711338 5325239.6796875000
891130300.5142184496 5368130.4033203125
897364114.0518152714 5527443.7470703125
903162166.7629317045 5655309.6679687500
884439757.1011929512 5065981.3271484375
884905029.7706270218 5140889.2910156250
904310682.2012492418 5669942.3447265625
898762873.0902736187 5555301.7553710938
891264942.4909242392 5374003.3261718750
897016307.2577056885 5519180.3461914062
901885533.6339590549 5616770.3564453125
883223306.5964763165 4956267.3066406250
894300296.9399307966 5446487.1669921875
898446655.4720358849 5550601.8696289062
911708222.5119663477 5792960.7031250000
897016307.2577059269 5519184.2905273438
887356360.5162279606 5220840.2983398438
913889337.1335535049 5823531.1542968750
902789459.1927430630 5645184.7568359375
891264942.4909240007 5373981.4287109375
886745775.1740009785 5207112.2456054688
897737351.7273759842 5537076.3896484375
891180399.4692537785 5369350.1982421875
898928788.1208786964 5557398.6777343750
917369954.0689932108 5863305.8803710938
944818509.2005722523 6036226.7587890625
911838007.8640439510 5793974.5551757812
885490248.9815827608 5146810.8603515625
886872035.4664688110 5212665.8212890625
884404323.6868255138 5065207.6040039062
884347122.4991577864 5022410.9604492188
911551098.3106658459 5790301.7055664062
913166299.8805179596 5818289.8574218750
912901924.5332081318 5814717.2158203125
883417919.4940099716 4975092.8876953125
890819434.1666518450 5356210.5874023438
887153369.7597454786 5217595.7519531250
883337154.5658494234 4966501.3417968750
925969956.4127700329 5954598.0156250000
916183867.2354568243 5851739.5957031250
909684382.8693106174 5765271.4868164062
897714427.7615680695 5531685.7231445312
896743003.1733511686 5506446.4350585938
947070747.5826244354 6039003.8261718750
898621602.9230463505 5553071.6791992188
887881865.2222495079 5243791.0761718750
902287758.1783328056 5634972.1035156250
896821355.5980219841 5510811.7856445312
897557417.4502916336 5529437.2641601562
890865281.8420469761 5356235.2387695312
889281969.3720731735 5307194.7587890625
895354005.1427339315 5464495.7363281250
943509158.1446466446 6030826.2841796875
898153022.8720421791 5544448.8706054688
893176907.4864531755 5414458.9013671875
908035927.5647189617 5736845.5771484375
883597435.9734380245 4980935.2255859375
902113696.3144425154 5633266.2578125000
902741329.8779947758 5643441.4409179688
901593849.0941982269 5616107.3740234375
901567091.7527763844 5614564.1005859375
931274724.6054980755 5981809.4711914062
903150123.6649500132 5650252.7446289062
888459659.0942807198 5263228.9155273438
903090737.5665154457 5650208.4731445312
892222381.6029424667 5386642.5722656250
926499661.1856255531 5962716.3789062500
888520324.2718251944 5263945.2080078125
889867426.6088033915 5324696.2285156250
903725547.0760662556 5664637.0317382812
917069686.5174424648 5862161.8378906250
888526376.8388916254 5274501.4404296875
889427052.7772991657 5310532.7548828125
889006294.2977085114 5298879.3872070312
889820970.5708098412 5317633.6035156250
883718493.0990910530 4991795.0961914062
910489943.0940572023 5775539.3002929688
899388606.3840795755 5566886.9121093750
884447611.0763884783 5076695.9775390625
909029183.4536403418 5751308.1674804688
906763495.6785371304 5714449.7412109375
888830354.4962012768 5281182.1591796875
884449703.4980698824 5088850.8769531250
887730574.9087359905 5236188.4213867188
890087476.6619940996 5328404.0791015625
946638921.2445201874 6037740.6494140625
928285579.5547649860 5972971.1953125000
909431175.2776014805 5759150.6791992188
890470586.4116340876 5347606.4174804688
888933640.8906636238 5288678.0048828125
912741899.6058304310 5812859.7802734375
890197094.3070036173 5335606.3071289062
884716720.4929786921 5094646.6552734375
884869000.9950023890 5104929.1367187500
891002673.1704778671 5362484.2783203125
885743369.3336031437 5169265.9414062500
927730430.3251299858 5971372.7041015625
905151777.6017906666 5687901.0332031250
909489185.5003764629 5763365.8349609375
889209275.1191034317 5301809.3339843750
906212824.7236231565 5706324.8432617188
944266608.0038151741 6034050.9345703125
940158641.1534663439 6027437.0898437500
905518915.5869394541 5695437.6328125000
899023355.0243426561 5561797.8447265625
890299559.8376662731 5343139.8374023438
885729443.7500500679 5148625.3452148438
928060307.3552055359 5972744.9833984375
900996691.7816493511 5607948.5654296875
886034611.2054259777 5179132.3457031250
892497348.4274958372 5394746.6567382812
927401860.0855302811 5971117.1298828125
943752144.7261643410 6032834.6562500000
899226579.4044021368 5566777.8515625000
907677876.4204735756 5728033.1284179688
917320538.2958076000 5862565.0922851562
927387524.2404637337 5970105.3291015625
886399338.4579746723 5193309.3959960938
913111351.2284440994 5816515.0869140625
895588027.9781404734 5470003.2163085938
886640218.2542510033 5200934.2348632812
893357250.6901116371 5417910.8017578125
885637617.2509703636 5148057.5131835938
886185695.3941119909 5185124.2158203125
895897010.1416085958 5483430.2148437500
894525738.8883721828 5448480.2153320312
886399338.4579749107 5193339.0786132812
887303152.5155934095 5220804.0268554688
890113593.6880252361 5329608.5556640625
926371690.5626327991 5960034.4980468750
896649743.5634285212 5494775.2548828125
909917317.1211024523 5770051.9985351562
912856602.8143974543 5814639.1557617188
914482375.9147360325 5837907.4365234375
919208739.3275537491 5885997.0224609375
901210408.9831147194 5612936.3603515625
893207726.8592386246 5416097.3769531250
892827405.5227241516 5408982.2724609375
901098527.0237141848 5611024.6962890625
920710504.3446520567 5910268.3320312500
913359307.8809611797 5818741.0473632812
926660256.2812550068 5964136.1826171875
923608749.6658890247 5935130.4150390625
946782424.6196222305 6038758.7587890625
909963014.6404925585 5770571.5620117188
911611785.9443482161 5791223.8618164062
907790969.3760505915 5732390.1118164062
920761894.4781379700 5910757.2919921875
911224840.6488753557 5788978.8637695312
912143654.2536078691 5805232.9360351562
900035422.1834373474 5587750.0292968750
908259482.4082033634 5743476.7153320312
908560366.0847921371 5750085.0200195312
884372503.3516192436 5036419.7797851562
893997549.7066909075 5433514.1357421875
926181632.3772866726 5958985.7031250000
887436139.9929782152 5225433.2304687500
887539715.3429180384 5230001.6210937500
911884529.4915199280 5796693.7827148438
914324467.7367517948 5836312.5737304688
936120185.4465008974 5998946.6357421875
923936006.3098328114 5938624.6923828125
930459882.7372356653 5976631.9272460938
920805938.6278734207 5913446.2407226562
906399047.8102244139 5709398.3168945312
902109505.5762255192 5630437.4648437500
903993703.2503023148 5669701.4121093750
912724780.9041851759 5810702.8256835938
913493942.8255159855 5822799.4506835938
906956901.8229740858 5716089.2021484375
947196535.6423063278 6041035.8183593750
925761484.1821558475 5952093.7880859375
911891389.9916472435 5797373.5161132812
910780082.3773527145 5777612.8452148438
921729535.8316255808 5920065.0424804688
901057774.3496538401 5608071.1489257812
900891841.3958200216 5605926.3520507812
914235303.7758268118 5833415.4736328125
902794517.3736835718 5646718.0302734375
910574580.3525110483 5775914.8974609375
908700934.3951995373 5750750.0161132812
907162470.3533673286 5724364.2353515625
914936071.9379081726 5840066.9838867188
915672545.7439576387 5849372.1274414062
916185640.9880981445 5853307.4965820312
929647098.3270841837 5974299.6215820312
924192185.5405023098 5943309.8813476562
909057682.6005277634 5756681.2783203125
923764420.2418644428 5936671.7622070312
921050317.9526374340 5914512.8090820312
909578109.4257076979 5764916.9594726562
914874189.8628633022 5839714.0185546875
915087064.2298264503 5841934.4125976562
904380751.7435685396 5680744.3720703125
922007921.7047644854 5921243.6079101562
923774401.1388391256 5938060.6411132812
905716927.7187213898 5696405.0063476562
905796251.1875891685 5702696.7602539062
915305792.6826967001 5846524.2397460938
908994285.7350629568 5751081.0610351562
919878638.7657449245 5903114.0268554688
919608979.8160080910 5901119.7954101562
910961761.1358393431 5780478.5151367188
905717075.5381468534 5700687.7309570312
930381791.0877579451 5976590.1694335938
905114561.0998665094 5686683.8793945312
904858304.1778193712 5684173.1943359375
921427927.2419354916 5916512.1665039062
929825296.3797491789 5974546.9819335938
931030866.4272181988 5977099.2504882812
917738005.5756334066 5867739.2172851562
917671184.0408544540 5866804.0981445312
946572123.6200872660 6036514.9970703125
931133731.8085972071 5978730.7553710938
935095620.3356107473 5992825.5468750000
896369913.4863072634 5493493.9531250000
924749723.4940538406 5946452.4838867188
893907423.9946362972 5431476.2939453125
888279059.2141484022 5245536.6230468750
907654993.2256604433 5726942.3984375000
923651495.7402740717 5936245.9116210938
893796831.6905694008 5428938.7651367188
915826092.5109745264 5850763.2939453125
893723177.4520189762 5426487.6123046875
893595472.2398672104 5423165.8305664062
892754296.8830903769 5402684.5859375000
905236068.3486698866 5693232.6391601562
894140272.1990034580 5434704.2583007812
911089819.6248794794 5784245.0253906250
904760934.1910059452 5683427.7944335938
917991384.9877779484 5874376.9760742188
941313288.3555985689 6029022.2822265625
932319639.4916044474 5982179.1791992188
892649467.9475327730 5400090.2485351562
924651663.3786443472 5944496.4038085938
895743807.3295990229 5476875.5117187500
892541379.1804033518 5396319.6499023438
936202173.2186838388 6008359.2226562500
941313288.3555985689 6029134.6660156250
925033443.9434555769 5946552.6791992188
894831950.8465361595 5454474.2094726562
894810283.9779865742 5451755.1518554688
939201399.6086984873 6021062.4208984375
934718876.5174649954 5990684.9130859375
895237304.3815032244 5461959.5644531250
939130893.8462899923 6021057.3974609375
942009270.8046456575 6030278.1083984375
933678910.7800701857 5987085.7050781250
932899635.3645046949 5985092.5717773438
937127878.3520807028 6008952.1845703125
937264622.9488888979 6009958.3613281250
933536113.1650141478 5986256.3251953125
933207133.9926747084 5985150.1630859375
937772843.5480846167 6014089.4697265625
896333854.5433502197 5485272.5024414062
920260623.4753457308 5903432.9165039062
920485093.3885432482 5909945.6557617188
918237156.6541657448 5875096.8906250000
920715186.1608828306 5910311.9692382812
919519605.7654899359 5895490.9077148438
918057996.1498214006 5874470.5815429688
939631102.8355746269 6023549.5625000000
917880777.6526877880 5870855.2690429688
918591430.1949131489 5881823.9916992188
917773338.8690997362 5870213.7016601562
935358468.5716197491 5998556.7421875000
938283528.7530752420 6017331.8759765625
924597546.8754583597 5944307.9575195312
938293951.7122130394 6018290.4931640625
940804998.0271099806 6027725.3945312500
922267741.5938428640 5930275.6723632812
922666321.2181047201 5930634.4252929688
937384007.7572327852 6011179.9365234375
939875275.1917281151 6024529.8017578125
923522988.0025738478 5933239.3530273438
918306821.1286033392 5877414.8583984375
919425320.9160051346 5894077.2836914062
919425320.9160048962 5894055.7895507812
934348788.9312309027 5990632.9697265625
933934107.2067242861 5988411.7539062500
