90770187.8549276441 31636.3093230948
89816548.3202299029 28981.6387639530
90878950.1554315239 32155.6971000284
95466590.6239191294 44884.2113800049
92735240.7177310586 38361.9565870762
93225685.8209507465 39506.5042807274
91047689.6177520603 32559.2193420157
89042907.1702809781 25638.6225955971
92315694.0925122052 36778.0440752506
92349019.3643038273 36805.7423784733
88651828.9049881399 23425.5837332867
89558739.6701505631 27514.8018558510
89560860.6789703518 27720.7136335410
93442204.8258057982 40229.1829051971
92886950.3602283150 38436.3591210842
94125735.7543219179 41737.3136897087
97052227.0451494008 47724.8377075195
94565973.4196484238 42718.5483798981
92250662.5918664634 36557.9708924294
91471268.9794188440 33964.0758549571
91517678.1319576800 34324.3978422210
96483337.0214713365 46804.1252441406
92877332.0222789794 38418.2372722626
93303715.7355669439 39846.4255301170
92102846.1739109904 36067.3374254704
91588177.8909439743 34494.9148252532
90645567.6075856686 31407.0521383303
91491651.5740333945 33976.5017591529
89248718.6878352165 26602.8722904213
93135229.9532584846 39319.0381639004
90590420.0653189123 31056.9480733889
91427219.4191821218 33934.5646863990
89074108.5666138679 25690.9427249916
89720383.5026426315 28422.7902136333
93161990.4196187705 39434.7324690819
90642470.6114045084 31294.0452445596
91671405.0720698982 34803.0818174407
93057085.5203154534 39317.2533397675
90704207.9213136882 31457.3298482912
94047288.9705954343 41720.8779215813
88191408.5790112764 18388.2986228131
90094865.2194612920 29448.8196129985
89478946.7936779559 27334.4872653969
88542899.8259305358 22991.3901073784
94079025.0383182764 41735.0186060667
94464090.0383222252 42684.9077892303
88839059.8772483021 24779.9871949442
93300047.3649469167 39709.6407523006
94198251.3737178445 41921.8875651360
93691515.5944271237 40806.7347342186
88234061.1683747023 21324.8905686848
94510965.5512615442 42696.7364044189
89984216.5784865171 29272.1020877846
98483615.6617838740 48767.5972900391
90887224.9392230511 32273.5358359814
94393512.6786413789 42670.1687412262
93418351.6157443821 39951.8510222435
90939675.7717513293 32318.9802529588
92538443.2091168612 37630.3416121006
93998314.5703321695 41346.7177180052
92262954.7688902617 36763.8053057194
96426135.5774395317 46725.0609741211
89714418.6645205468 28360.1725223549
92973858.3391895592 39009.0863475800
88243640.9276119173 21462.9195756428
94656229.0615465045 43026.1920566559
94243559.2383783758 41965.2479777336
92888853.6638315171 38449.3949624300
88751243.7216596007 24599.6726044901
89849685.2073709965 29049.8504245766
88455655.6432861239 22362.4635326713
93966578.5026093572 41332.5770335197
89407124.7949263453 27267.9283664711
92376525.0963785350 37187.2532885075
93429730.5675340295 40039.8361221552
92179727.5877643526 36455.6383135319
94149479.2475787997 41916.9266529083
90539144.1019598246 30978.2643194683
91948432.7977565527 35711.9216074795
89584528.5505505800 28179.8579319008
97098974.5375572741 47982.3908081055
96007105.2566737682 46016.7283630371
93954721.6404687762 41292.2385935783
94323184.3716040105 42224.5703296661
94821427.7114050090 43442.2499866486
90977084.9833032340 32383.3971242756
91833732.9831984639 35097.8115516901
90863423.7469754964 32101.3519256338
93329987.5603684932 39894.8051687889
96559642.4474709183 46981.5889739990
91770962.9267057627 35044.5647504330
93259826.7658990920 39539.8863158226
92766904.1669348180 38395.6647148132
92459752.2775044441 37495.4202806950
93636595.4949144274 40784.6690269113
93850003.0319407582 41227.4231867790
90375340.7539620996 30393.3264863663
93490651.0864787102 40235.8308806419
93841561.2228278816 41062.5719810128
88359020.2280941159 22153.9990223311
91404429.2726764381 33932.5660093352
89106307.8980308026 25691.2523316629
88663999.5390152186 23970.7460297830
91958491.8472494334 35741.0326306820
90780983.4349042028 32034.9041229784
89904584.2522385865 29123.3653225154
94252254.6985089034 41999.4597086906
96111005.3337322474 46127.3862838745
94289043.1227568686 42174.6735677421
94283990.7662317008 42013.6003931761
97523312.5488096774 48608.6285400391
94751842.3014714122 43238.0293807983
89490834.5397303104 27342.9141104519
90230204.2297360748 29992.8344997615
96314088.0600499362 46591.0538330078
95598770.6533320397 44991.2705001831
89155429.4225030392 25870.5928867348
90495038.8780487478 30964.4410332069
96136823.4877195358 46136.2572631836
92070424.6049555689 36031.6670153141
95625792.1179650426 45109.5005111694
88323132.8993464261 21549.3827999234
90157773.9564512819 29496.8070833720
95179588.3504293412 44209.2678375244
91314148.8571341187 33710.3648457266
92951407.2812504917 38557.0453701019
92824311.8064146042 38404.8004589081
97246556.2651758492 48033.0046997070
88347070.5546397418 21669.0723960064
91771219.8785631955 35056.7009538114
88446836.3836828619 22334.3136127852
95906706.2666690052 45669.0325546265
95208870.5275672376 44479.6475982666
90302779.3058559597 30121.5384373814
95192082.9181231707 44291.2437896729
96207351.0385410786 46322.6611022949
97653617.0806289911 48659.2424316406
95373250.5813135356 44876.8722076416
88445894.0941351652 22265.5153380148
89356329.1911883354 26721.9875345230
97352881.7959784567 48302.6958007812
90757235.2701629996 31556.3407054134
92892801.5715276897 38515.1082973480
95237491.8300257325 44570.9394683838
92724746.1489273012 37731.9134224951
95292225.5311687291 44590.5442047119
95869725.7105698436 45664.2690887451
90586683.6485747099 31033.4680028111
93847851.6437428743 41065.2534523010
90321325.9064771682 30135.6360936314
96944538.5638634413 47673.7692260742
91621613.4478709102 34625.2839505672
94520470.3102587014 42718.0250644684
95691295.9558875114 45493.4365844727
94567217.8026665747 42975.5781650543
91599002.8074832112 34622.2439115569
94832552.7694574594 43628.5645217896
95113263.6720869094 44110.1101379395
95721524.2404383272 45505.7987823486
93805409.6478255093 41044.5820045471
89216634.2382757515 26012.1097410060
92916101.0510016084 38521.5166130066
88500414.5187778622 22437.0020130537
91430616.2318184823 33963.1751401424
89025562.3602019548 25208.3849468678
91353173.6843691617 33741.3008763194
95647283.2322403491 45199.8660430908
90284897.1946351975 30082.6223326214
99072198.6037794650 48797.6759643555
92016466.3733810186 35873.0958317630
96582161.3669476658 47047.5314941406
94921564.0283374041 43676.9441604614
88557309.9439854026 23065.0573544353
96182811.5553541332 46319.4801635742
88617996.3001974672 23245.2691428326
91735485.9373753220 34961.1662663333
94968311.5207452625 43934.4972610474
89223852.0760932267 26037.7380979396
88829269.5991584361 24667.1277698576
88432155.4844318628 22243.2122613639
88663414.1799570769 23755.1982044280
88919225.0397110581 24868.9531674236
88556425.6975707412 23044.8339883536
89547827.6002144516 27514.1374271400
97507398.4405450523 48546.8734741211
91700533.6203606278 34812.1085166721
96782407.1488149464 47353.4642333984
92119018.5915533900 36143.7612198703
95213865.9081662446 44535.7923736572
95823807.5390922278 45629.1219940186
90362492.2126305848 30387.2711983621
90329359.4646060467 30345.3341256082
90488417.6735179871 30596.3250872307
92725736.4637143016 37791.9277098179
89981460.9985497147 29135.8087826259
91725616.1293663234 34868.3438465893
88271776.0454497188 21525.0724476241
90404112.9853827953 30496.5771360099
90688966.9357319325 31408.5067014396
94661961.0371189713 43133.3482551575
91088702.3286346346 32841.8477146849
90241036.1874835193 30034.4995867424
90222302.8475571424 29684.3955218010
88943026.7393649071 24887.4758882038
88470065.7613410056 22436.1307797283
88506606.1706378162 22437.1069149822
88533106.9529289752 22932.1788996793
88581602.5401302427 23215.1818904020
94831731.9274175912 43464.4039382935
92054489.9327085763 35920.2319338240
97033902.2223829329 47705.5361328125
94389364.2399854809 42247.3344287872
97238932.0296983421 48013.4833984375
90135418.5570010245 29483.1888844222
90385320.4379011244 30454.6400632560
97235941.2443257868 48011.4688720703
89544332.0129223615 27447.7196414955
91105759.0365511179 32895.5718404166
96977400.1430393457 47676.4580688477
96849344.0430254787 47488.0837402344
92149860.0427664816 36232.8628196418
89198150.2322423458 25925.6041030921
90060597.2603438795 29351.2704678066
95097436.0045918077 44075.2504806519
92251905.3819543570 36559.4951830506
95079333.4278686345 44054.8917007446
94935301.7367742956 43769.3177413940
99272332.6738829315 48798.2749023438
89019483.8871539831 25116.4743181020
96159537.4946704507 46285.1210937500
91875878.5832807273 35123.7165136337
94020116.3634911925 41386.5441217422
91803398.5211747587 35081.7794408798
88993844.3776662648 24931.7118773051
95308761.7756777257 44621.3271560669
91121751.7011578381 33050.4041547514
91713292.6069335192 34833.4841701984
91926427.4354453236 35653.8035181761
94763993.9619773924 43253.2699737549
90865453.7936166674 32133.8047922589
93935486.0034620613 41240.1413305998
90622514.2996928990 31188.3680160642
94042379.1084223539 41498.2205866575
91338013.2665847987 33735.4122599103
93792694.4062635899 40869.2940119505
91910586.5431754440 35564.7019184045
90454557.5497403592 30587.9272906445
91060027.3284234405 32823.4826944806
96173012.9518458247 46318.5401306152
93621574.0575321317 40352.7041014433
91494188.2690435499 34114.9734498262
93561679.1715288907 40303.3680553436
93527359.4394726902 40252.7541637421
91020132.9287174195 32408.0000624768
91289510.3517196476 33544.5952758901
92242206.3124281019 36545.0093908310
91171710.9459851831 33113.1020415165
93559273.9904045612 40258.4018849432
97335799.6771051139 48229.6726074219
91375977.2823322862 33831.9704591036
90600106.0308438092 31080.8371136226
96345122.6753701121 46626.0678863525
91043862.1631444544 32542.2853659056
97323746.2842946500 48114.3214721680
91554185.8550542295 34346.9616501778
91258943.1573137343 33396.8813710213
96700205.6608650237 47217.2877960205
96260673.6328883767 46386.0814361572
99333891.7888737619 48818.6154174805
97313280.6334972382 48041.6895446777
95994404.4846070111 45929.6000061035
98903598.4700795114 48787.5606079102
95163693.2621912956 44148.7867164612
95978605.3856900334 45857.5172882080
98354564.6025865376 48751.4572143555
96272038.3155223578 46423.5152435303
91277735.7047954202 33438.8184437752
96909539.9058208615 47577.9882965088
96905403.7940449119 47540.2816314697
95952140.2297177464 45822.8511428833
91647269.6696707457 34669.1975899152
91910085.0108414888 35326.9389050007
96668282.2921451777 47187.4531555176
96552961.1852976680 46947.4667053223
96493500.4825873971 46881.5204162598
97097907.5309258997 47883.9210357666
97987827.3581572622 48701.1795043945
95511182.5190472603 44927.8201274872
98335604.6582500637 48707.2896728516
95863424.1549629420 45663.4955654144
94612897.8733736277 43009.3941583633
97453193.9889800400 48360.8243408203
96232173.4139824063 46382.8632507324
97455137.2910798937 48367.0189208984
95823420.5772332549 45581.2415237427
96421044.4003978968 46657.8347930908
95354374.8659250885 44621.8873882294
97094727.9502139986 47738.0923461914
96726030.9193743020 47261.1408233643
96633892.7162690014 47062.0347595215
