132312042.6379709840 9.1921135429
132495369.0118252784 9.2158227675
132496269.5268750191 9.2252345737
129806060.8509746641 8.3427875482
111310231.6822352558 1.5567911234
132871090.7628660798 9.3327281661
132844663.7222817391 9.3183022924
111335485.3150040656 1.5571260713
129636495.0517561436 8.0456389108
128355960.2261143923 7.8612924822
111302024.9657346755 1.3839544354
111298108.3328238428 1.2364676935
117186583.9713220298 4.1670484977
123062719.9482729733 6.4257197288
111373960.2836069018 1.5773102195
124094567.6458592862 6.7449562116
111493535.2223207504 1.7241295742
120010491.3423870653 5.5140933453
116984185.1011950374 4.1482262740
111395120.6898276955 1.7081579384
113055929.2847544551 2.6037507782
129107324.0380169153 8.0312130371
115676852.2830944210 3.6334011088
120515592.0811466873 5.7551096427
120016122.7876379192 5.6985366540
121575671.4872947782 6.1452364553
132174611.7857630551 9.1320594009
120935452.1058332920 5.9736280669
118941200.2428558022 4.9992681801
131954589.4714864492 9.0292533292
125939650.4055648446 7.0255530075
114940700.9583659470 3.3305254281
124420581.1825989038 6.8049688491
127684848.3883608133 7.5326344575
126879689.1948217899 7.3460100214
123520216.4197706133 6.6482931604
123124173.9730809927 6.5900518095
128473070.4390845597 7.8613447379
132230354.5369384885 9.1888037063
122911854.0477744639 6.4184434211
122259208.7252431661 6.2685084210
121848658.8212241977 6.2617715362
126187583.8770813793 7.0533002864
130124411.4531365782 8.3474508452
130663356.2599155605 8.5190592337
121171181.1252981573 6.0147138654
120520137.0473042428 5.8734892278
111419598.6784596443 1.7192051947
115726141.9551165551 3.6361636953
118391482.2250929773 4.8304223782
122537232.8843450993 6.3661538395
128807621.3592343926 7.8918029119
128227603.0242057592 7.7261270463
128593491.0711573958 7.8830044735
127407673.0383041799 7.4742959675
131894860.7312069088 8.6057000449
118338246.4241445363 4.5032131952
128590281.7938928902 7.8711205975
115853252.3311047107 3.6448302163
115262030.7550145537 3.4740440132
131550785.8390485942 8.5746096393
117949252.3805936128 4.5028240147
112544796.1797133833 2.4369206688
112198974.0158521682 2.2653122803
113159834.7905789167 2.7800632686
111614584.8991510123 1.9137527962
120365638.2598329931 5.7449228213
111525167.4738905877 1.7488342964
111517573.3702270687 1.7402462124
119065767.5514471531 5.3541890950
126678041.9334999174 7.2993501112
111570751.1542219818 1.9118546008
117323069.9580312073 4.3245387644
111523354.4814472944 1.7417107545
111596436.1358273774 1.9125061604
111554249.2925792634 1.8954703271
116301718.6416486353 3.9813219876
111655685.1460738480 2.0728246964
117519822.9960767180 4.3537854809
111562603.8156033456 1.9020044586
119623324.8075003475 5.3747731647
115939551.9331514686 3.8035816257
115974635.7968934923 3.8321390483
111998313.1229751110 2.0919414769
116864700.9870582074 4.1443620599
114700662.7749232948 3.1447535551
114721945.9227876365 3.3163619435
111850800.1427409202 2.0757714736
114256056.2229200304 3.1439216084
113743901.3732542992 2.9723132199
113537006.0010809004 2.8111897469
111980701.8931500167 2.0862714551
112148514.4568955004 2.0951768644
112493408.4616823643 2.4253641183
112409614.4256199598 2.4196258396
112450499.2697764337 2.4202095596
112407769.2703038007 2.4196257558
112487471.7527696788 2.4211722678
112343228.3448652774 2.2957821964
112599202.5032659471 2.4921635725
112847524.3612731695 2.4981987535
112580797.1366697252 2.4734393079
115209296.2987448722 3.4286836988
125442566.8954836577 6.8964135286
