382760910.8217756748 508730.7710425258
382760910.8217757940 509336.3558337092
384107036.3865301609 539798.8203077415
385100476.8346900940 557621.2351066205
387632143.3234103918 586563.7127972748
383059836.9191091061 515914.6050362680
398121304.7440077662 678882.1118774414
389160193.5681239367 603035.9954709560
391476103.0442181826 625791.4522094727
383947505.0162449479 534803.1092366765
394110647.0540201664 651699.2727616429
388215561.2682172060 594000.7743782401
382841476.6748712063 510243.9490954280
392389784.1414475441 637497.7394822240
392514044.6282572746 640859.6955063939
387332413.7662485838 583443.2648932934
386908682.8392298818 581979.3380134106
386416209.8045278192 570561.9662924912
385234701.3780631423 558946.0461264756
388865508.4536423087 600156.0099247396
397115675.0660957098 671887.2184982300
402043151.3992402554 697452.3811340332
384447442.1933460832 545798.2962942222
384610520.1526032686 548253.8931622494
384296486.6315014958 543313.3070697883
384574254.3015378714 548190.9077644447
387871904.2247992754 591214.4850410819
387485117.9849871397 584247.5895730588
392233971.2091960311 634927.0102066398
386614450.5581256151 575699.8536758423
391602011.0120093226 629128.9326046407
386804268.0474929810 579889.0918574333
396878390.5973664522 670577.7915763855
385305882.7707809806 558972.6657624227
384018182.9503453970 539416.5438070396
388331657.2686537504 596334.3552349508
387263282.8297021389 582790.9890387058
398891133.0468189716 683315.3358764648
391510986.2573807836 628313.6814912558
390849128.5942693949 621517.8605522513
390165272.9405874610 614540.2864441276
392365327.3371033072 635470.7910904288
395988752.0416506529 663467.3411827087
385189330.2708748579 557779.0983878705
385360459.7013763189 559588.5741035077
383854702.8677141070 533581.2905540565
390965224.5947058201 623784.6809490621
384317046.7471125126 544632.6726570228
389739988.1763081551 609133.0628235936
381672003.4894439578 473297.4752606750
404099765.3380525112 706344.4818115234
388640069.7787896395 598731.2180279195
395049317.3824077845 658501.1992588043
385585699.5539146066 564659.6738120224
389888258.6881933808 612952.1429017186
388560836.0613092780 598539.4143812135
393244113.7178748846 645793.8568680882
392856417.8103499413 642566.5559800267
402321570.6952359080 700072.4452514648
393030062.4360145330 644098.5981248021
384811017.1576195955 548729.8784658263
386438914.4856557250 574272.7257461548
394976885.6195731759 656562.5847434998
393196735.6911222339 644976.9619858861
385100476.8346900940 557397.3500434491
390196898.0105611682 615544.5109161139
386036062.1894432306 569668.7225993958
393472000.7520118952 647214.9266007543
398947539.8091578484 683992.1470336914
397875913.1047635674 676274.2381286621
398313502.3453403115 679746.5628051758
383765207.8390296698 532736.2972679237
391730478.9585199952 631801.1599316001
388158254.0742658973 593508.0339302421
385399340.6314572692 562613.2130805585
385885228.9387238026 568759.0108032227
386635514.1072838306 577725.7720110416
389937696.9378085136 613326.4982361197
385552420.7025692463 563893.4938938104
391480814.0389917493 627964.3263256028
386448877.9459262490 575583.9371719360
382274738.9890057445 503308.1303852294
388778981.7623926401 599827.1259176218
387694625.7891034484 587169.8654417396
388625901.6912808418 598546.8451043698
390398826.3711174130 618395.5846444275
395762738.6037333012 663275.5732784271
389388033.5339847207 605172.4290356040
388159548.5838819146 593912.1424126029
395165413.3828445673 660145.5757026672
392414012.3870601654 639706.5996689200
393505248.0649498105 647643.1776688695
385808910.0373846889 568167.6000815537
389772162.6877567172 611662.6214050651
391698490.5023259521 631053.5979198813
396582578.3594556451 668019.8317565918
396466482.3590189219 665899.5607604980
389850288.0768639445 612138.6074280143
387692083.5798459053 586765.4316579434
393470490.4317120910 647092.4453385472
385692814.0369480252 566062.7268945309
397875913.1047637463 676371.3348083496
385966008.7504183054 569486.7977973553
385791682.6840362549 566379.2240220639
386175297.4803035855 570295.1306950185
382760910.8217756152 508709.4969469905
402856042.1148456931 701390.5883636475
389425841.7453262210 605303.1957472563
383055583.9885935187 510743.8792500496
393015407.2929902673 643198.5059116483
394102673.5355412960 651451.3775976622
396466482.3590189219 666199.1462097168
396490694.6898416877 667250.0059623718
395443803.2472112179 662378.7813301086
384317046.7471125126 544632.4068441490
393532875.7193185091 647999.6605790257
403288359.7388660312 704582.6879882812
386101703.6879073977 570116.0321704480
390386792.8642221689 617594.6092934012
381933206.4959278107 488118.3629758731
386195638.3284531832 570526.3193943501
382593629.6921936274 506280.0059582591
392679258.3016976714 641351.1025878787
384012298.9591140747 537157.2782812217
393381636.9955273271 647020.5946305394
393063309.7489526272 644526.8491929173
389850288.0768638849 611845.7473205924
384233617.6697529554 541999.7779684166
396242174.1716282964 665707.2990112305
397831507.5899996161 676253.9936637878
397196649.1433272362 672484.9568595886
401704163.8026008010 696481.6677551270
392947213.7485159636 642743.2525009513
388984183.6903636456 600413.0035822392
400361006.8634918332 689749.5591125488
408718773.2784562707 717573.3165283203
381603689.6297121644 473036.7697095275
394478247.2909029722 655495.5748632872
403288359.7388660312 704678.9294433594
398509000.6515326500 682186.8244934082
398509000.6515326500 682350.7419738770
385692814.0369480252 566062.4608832928
392376323.5551329851 636487.2085556388
384226250.2829214334 540671.2731237510
398492522.2023568749 680151.1492309570
389577461.6162457466 609072.5462707877
394308655.6994602084 653593.8817480528
401312962.0250663757 694819.2826232910
397448206.6386506557 675264.0645980835
389743034.2284451127 609641.1925110221
390115533.9915013313 613844.1203567386
401522786.4747201800 696294.7372131348
403049093.7560708523 702527.8874511719
399673604.9634990692 689369.2214660645
403605185.5564990044 705530.0955810547
394920901.4366208911 656213.4993324280
397831507.5899996161 676097.4033927917
399183799.7136068344 685126.8959045410
387345108.6310156584 583698.3242888004
401454865.2676535249 696158.3194885254
392947213.7485157847 642632.0327743888
398474771.2611957788 680002.1956176758
397196649.1433272362 672533.4334220886
401157284.8909610510 693483.0395507812
396884074.6560948491 670631.6972770691
397651325.7429158688 675336.7771759033
389218137.0485606194 604391.6344075203
398121304.7440077662 679062.0476684570
384411940.5748258233 544686.5540609459
401454865.2676534653 695968.0875549316
397196649.1433272362 672425.8506584167
402593268.0128084421 700093.5907592773
395421965.9185099602 660589.6273193359
392414012.3870601654 639542.0676864982
388488291.6942614317 597060.7217068076
402634450.9470061660 700299.2279663086
401454865.2676535249 696013.1415100098
397764757.0677914619 675871.8131217957
388999873.1359856129 602647.1698555350
391955077.0656150579 633511.2562240958
387971080.1899147630 592609.7896999717
396797830.8225104809 669828.4635124207
382171191.9476541281 503177.7427593879
384012298.9591140747 537157.5440940956
397386275.6773992181 673633.6662101746
397196649.1433273554 672572.6011466980
384848197.3527626991 552840.4999032384
396051695.7030546665 664147.9252967834
397379061.4167035818 673045.9822502136
395095170.7402015924 659252.2405452728
385032161.1767658591 553609.7697997456
393735938.2290623784 650603.2298234105
396062769.0442392230 665031.4503173828
398509000.6515325308 682067.5683898926
384557089.4672263861 546275.0655093292
394994436.5116133690 658066.4678134918
390037408.6023942828 613399.9553787112
394994436.5116132498 657711.8786678314
387903854.1694526672 591442.1235870719
390870087.9908055067 622597.4410261512
385390727.5854936838 559888.3747626874
385674350.7049785852 564847.2518149521
388770256.6008383036 598969.7897552848
390870087.9908053279 622293.9104065299
402006750.3631770015 696694.0649414062
398509000.6515325308 682029.9617004395
394837512.1575333476 655894.3763127327
387782511.7605764866 589247.2333282828
393534703.5995023251 649914.8491471410
408188903.7668538094 716166.3547363281
381776502.1966827512 481536.8080590367
390545988.5107574463 620040.6657575965
400887906.3480682373 692947.8160095215
381970297.5949539542 488875.3743805289
400800956.4757936001 691685.1790466309
394808608.3036727905 655609.5682714903
394351747.4592973590 654370.9923437559
383753018.9943582416 529150.7266333586
390545988.5107574463 620158.8146833777
403288359.7388660312 704402.5983886719
394057976.8860192895 651312.8964520097
394837512.1575331688 655763.3977971077
399032273.9380492568 684473.2779235840
385510224.4819832444 562830.0410834881
382131270.3444807529 490976.1560139749
381775791.0917613506 477790.8638395667
402638207.2452457547 700827.9286499023
408448109.6677953601 717215.4772949219
394351747.4592972398 654095.9601171934
382930381.4083914161 510537.8577887416
393885875.2466661930 650889.7029069066
381673644.4648684263 477445.8807005286
402634450.9470064044 700596.5399780273
408237457.2374122143 716204.8281250000
400370204.9742372632 690154.5386657715
402104075.5280980468 697717.3226318359
383753168.5224309564 529819.4541353583
390693053.3229036331 620477.9533180594
392253934.0512342453 635127.6927006245
382740060.6183570623 508150.7470868784
382642974.7576794028 507432.2915274501
388261847.4035907388 594709.6167721152
391132962.0534354448 625154.2050403953
390604199.8867188692 620304.1467995048
400770161.0339757800 691652.9317932129
390604199.8867189884 620346.5598854423
400884150.0498286486 692261.4502868652
392413475.0989839435 637512.5389389396
400502316.7450078130 691306.9660339355
401772384.6351983547 696582.3610229492
402261337.2783616781 697725.7130737305
402634450.9470061064 700178.6676635742
383424406.4255406857 522831.5842914581
383230598.8518529534 521814.5601631999
391551281.8907719851 628969.3599853516
392097073.6531997919 633557.4638046622
392133858.3395753503 634708.4419261261
399441767.3075435162 685760.2878417969
383732926.5166301131 527469.1871230006
390318101.3725869656 616148.8826927543
383397044.0573858023 522031.2035665512
388462206.0125200152 596647.7409176230
387925036.1919085383 591445.6448540092
383474918.0040347576 525593.6906411052
400160768.4499925971 689560.4809265137
413079941.4751354456 720503.1282958984
400655034.8132677674 691580.2277526855
408007354.9773152471 714856.1489257812
408237457.2374123931 716947.1506347656
400833244.6952699423 691743.2166442871
408075602.1152963042 715205.3581542969
408117337.8489637375 715225.4448242188
412721007.3154821396 719668.7060546875
406951440.0888271332 713971.3353271484
407699730.9856516719 714855.2104492188
407650794.3059123158 714603.2954101562
407349297.7786862254 713995.0285644531
407398234.4584257603 714173.2358398438
405040702.0653670430 708191.1577148438
406756750.5932602286 712841.8380126953
405040702.0653668046 708171.8078613281
406005471.5012907982 712051.9937744141
405862216.5557264686 710808.4715576172
412549975.8897093534 718473.7927246094
405644087.9053345919 709981.8087158203
411894177.9041417241 717586.2526855469
405496220.3957516551 709518.5195312500
412623272.5426026583 718687.5853271484
404498837.7340590358 707233.0656738281
412273555.6169589758 717798.2973632812
405432201.6049284935 709147.3760986328
406590658.0402503610 712315.4302978516
405018254.8826736212 707884.3896484375
405157847.9779518247 709073.9472656250
404933764.3894498944 707621.2864990234
405484150.4687816501 709163.7061767578
