42945398.3201818466 301523.7617187500
42157375.6814059392 266848.8974609375
42274456.4786301106 273128.8383789062
42819724.9053498209 297914.4658203125
42731166.7229970917 293117.0878906250
42654935.2645699233 291178.3349609375
42132399.9841467291 265987.2089843750
43626366.3658011928 324284.3496093750
42430290.1808939353 280758.5507812500
42518903.4566774666 283537.4780273438
42228491.1630049273 271046.6982421875
43647837.7144635990 325435.6894531250
43033972.9509752020 306547.3613281250
44257023.4272524267 337405.9140625000
42413370.5525878444 280502.4106445312
40758096.9223995954 160449.0015869141
43629294.3278716877 324795.5195312500
40715952.2240729406 145916.7197265625
40889780.9703637660 173796.6813964844
42668885.1259319708 291746.1220703125
40964416.3732087612 183058.5372314453
41870312.8375383541 249693.7436523438
41174158.6832425073 202416.8397216797
41901986.8820180520 251643.6708984375
45101864.6614306942 350045.7519531250
42885801.4572890028 300713.3085937500
44027933.0062175617 334829.7197265625
44616976.7745232880 343239.9667968750
43920271.5614075959 330822.9199218750
40897943.1108264029 178238.0086669922
42238600.4795069396 271634.6074218750
41748667.1792119145 243169.7802734375
44491376.8407759219 342051.0244140625
43392831.4835053533 318650.0263671875
42881432.6201550364 300342.4550781250
40858917.2182804868 170864.4364013672
44264848.8984723389 337456.5214843750
40741183.0316783562 157884.3244628906
43152384.2665581852 310645.8251953125
41473549.6811339781 223707.1059570312
45463486.3699927106 351174.6552734375
43063491.6113262549 308069.6308593750
42520076.4057074264 283844.0224609375
42282139.5617347062 273696.6254882812
40749986.4617066979 158390.2672119141
40890328.4249268696 174043.4942626953
45391670.9663853347 350699.9218750000
40802299.0526066571 166734.4802246094
44387886.3534884155 340663.7724609375
44037514.0304456502 334880.3271484375
42331255.0419806242 276990.7949218750
42401823.0690165162 279896.8623046875
45099105.6031277329 347851.5615234375
43665428.8081342280 326093.0878906250
40793641.1373506486 164428.9329833984
40738183.1766781732 154031.7491455078
42408064.4491710737 280275.7133789062
43649052.7133747637 325632.5253906250
42548412.9925220311 287081.4985351562
42518152.9634704962 283480.8608398438
45337610.7876929194 350427.7558593750
42064833.4776690230 261405.7343750000
42529733.5780853108 286263.8603515625
42142509.3006487340 266644.7050781250
42195640.5558929741 269220.8994140625
42192256.2653969899 269208.9902343750
42256646.7209899575 272761.2041015625
42128874.5217907950 264962.1032714844
42909233.0947590917 301263.8457031250
44968047.1027354747 347736.7724609375
43036900.9130456969 307058.5312500000
43083857.0432650894 308200.3271484375
43738721.0123463795 327773.9697265625
42640755.5628587753 290005.8300781250
43267489.6604070812 312702.9233398438
41962069.5986933038 255461.6376953125
42808444.5955354422 297785.4658203125
42169453.6333629191 267634.1469726562
43253598.9889859185 312355.4111328125
42310606.6736121252 274558.3139648438
42828134.9362655506 298442.9619140625
41084837.0402454063 194977.0900878906
42340816.9039195329 277808.4331054688
40915404.4561107382 180849.2794189453
42480618.0978393853 282969.6909179688
42597373.6430506930 288658.7578125000
40816130.6239837781 168676.4602050781
40812262.6876363382 168146.5483398438
41245314.3680132627 208972.2131347656
44718025.2426624894 344627.2187500000
42533054.0598696470 286702.6474609375
42805124.1137511134 297346.6787109375
44586079.0859786868 342693.7548828125
40876378.5635648221 173475.7071533203
41244766.9134501591 208771.1553955078
41381924.4028939679 218980.4289550781
41058420.4385942742 192648.8544921875
44112763.9877064750 336216.9716796875
44734260.4789954126 345002.7343750000
43889334.7326463908 330112.8925781250
42694112.4366891533 292133.8110351562
45255929.6471566781 350230.4169921875
42895382.4815170914 300910.2421875000
41075334.3293154985 194597.5895996094
45409889.6838473603 350776.7158203125
40978972.8774761185 184979.2355957031
41306594.7034066245 212547.2990722656
44862686.6253056452 345931.7314453125
41030190.3485649228 192352.8078613281
41163356.9256150723 200220.9211425781
41199622.9326995835 206218.0180664062
43518023.3260702044 321226.2207031250
41024009.3130949661 189124.5106201172
41193441.8972296268 202989.7208251953
41885911.1583904549 250190.1232910156
44238477.7791426182 337252.2519531250
43461081.8350956813 320142.4677734375
42458445.7388789654 282473.0566406250
42875692.1407869831 300252.7460937500
41456532.7238846421 223210.0197753906
41168868.1244376078 201069.7779541016
43868318.9605920613 329571.7792968750
40861238.6908739954 172199.3428955078
41410715.8365825042 219969.8514404297
42499157.2856826037 283349.1386718750
40724610.1393289417 147612.8129882812
44873440.1721847430 347469.5576171875
40955826.1246829703 181145.3260498047
43585831.5643415749 322718.6621093750
41075881.7838786021 194844.4024658203
42039745.4216730073 260700.6083984375
41904791.8680423498 252323.1325683594
41575365.0726716220 232412.3854980469
41120022.5963752046 197055.3277587891
43962951.6810430884 332280.7280273438
44894354.5757706091 347600.2539062500
43748595.0586191118 327803.9130859375
41972979.3875708356 256441.8122558594
42376098.2486175150 278440.3925781250
42202968.0111826137 270381.8457031250
42549430.1546291038 287163.2099609375
42733836.2745447680 293555.8750000000
41620940.0415467173 234441.2419433594
43124399.4920471758 309357.8964843750
44374454.6642961428 339168.6816406250
41475766.1694624051 225786.2141113281
42443109.8204760924 280889.2470703125
40801751.5980435461 166487.6673583984
41136812.0910375342 199575.0461425781
41552515.8116559535 229942.8891601562
43704746.7500917614 326831.6733398438
44671263.1911769584 343751.1367187500
41543332.6759401187 229563.5278320312
41239138.5429522172 207677.2979736328
41287100.1397499815 211881.9558105469
40987849.2650839984 185837.3331298828
41333231.4470221177 215451.6979980469
43922968.8408526704 331004.0742187500
41532607.3253240138 228544.9985351562
44005102.5428965166 332589.7275390625
43433985.1436279491 319526.1083984375
41276397.7957956716 210666.0195312500
41553692.4962951839 230456.7219238281
44698937.9320980310 344211.6992187500
44310238.7714391947 338918.1298828125
43940412.3143980503 331659.9257812500
44053958.1699780896 335340.8896484375
42359722.1538580582 277852.4833984375
43973953.2683701590 332398.5112304688
41504680.5791971534 227573.6380615234
41145244.2735077590 200096.0905761719
42600301.6051211879 289169.9277343750
42743493.4469226599 295975.7128906250
44291655.3266681284 338457.5673828125
41279325.7578661740 210670.5119628906
42836101.0001092777 298502.3750000000
41865380.9195496738 249681.6640625000
43402248.0307734609 319340.3178710938
41098612.8639171347 196623.9191894531
42185638.3635131940 268621.0810546875
44108397.4717587680 336053.3476562500
41268045.4480517954 210634.6014404297
44216026.1097422838 337065.3164062500
43646845.3633631542 325256.0820312500
41310808.9212949723 214082.3980712891
44381477.4592358768 340095.9853515625
44137099.4397506565 336632.4912109375
42784204.9937262833 296851.7949218750
42848758.5926308185 299012.4697265625
41366667.6637439132 216761.5225830078
41504133.1246340498 226836.8629150391
44594193.2255960330 343075.0458984375
44833839.2365180254 345651.2402343750
43790894.5356518850 328852.9267578125
44497077.7677338496 342426.5400390625
44011414.7954630032 333801.3701171875
42759869.5416821018 296436.2753906250
41754246.6050057635 243223.1240234375
45260018.2401876822 350312.9667968750
43899172.1115202457 330695.7832031250
43300291.0518820509 314892.6660156250
43047010.2295477092 307519.0937500000
43777043.9224098772 328341.7568359375
43142169.6630370915 310095.2880859375
43685119.1488643214 326713.8901367188
41569319.1236043647 230853.6484375000
44949859.3506402746 347628.7714843750
41339723.3310297281 215869.8220214844
41455982.7933792844 222737.4259033203
43358557.7021201923 317421.9472656250
43892619.2501955256 330565.0869140625
41756550.8354737386 243451.7292480469
42911758.5762765482 301370.8046875000
45163764.5567570627 350212.1298828125
41887803.4452768043 251615.1166992188
44439378.8459644839 341635.5048828125
42624515.4201523960 289775.4760742188
41642931.5791493282 236244.5720214844
44161459.8725071549 337008.0068359375
41945757.1065384224 254402.5036621094
41170290.7468950674 201663.1058349609
43344316.8446563408 315965.6816406250
41823675.4046790749 247525.7546386719
41995250.5347857997 257949.8820800781
43675009.8323623240 326253.3276367188
44424507.8256121874 341174.9423828125
41960439.2133046687 254885.2600097656
43491724.1235764623 320845.8603515625
41830183.5470516607 248093.5417480469
41932947.4260273799 254037.6384277344
41917749.8868604302 252583.9536132812
41856346.7132737413 249131.7277832031
43309872.0761101469 315089.5996093750
43056591.2537758052 307716.0273437500
43728248.7440573126 327262.7998046875
43066700.5702778101 308176.5898437500
41732726.4751850367 241835.8286132812
42325934.0837582797 276350.6250000000
43381734.4907553717 318258.9531250000
41927684.0283080935 253076.4194335938
42822320.4432111382 298040.7373046875
42725571.3562673107 293044.7050781250
42947556.0048225969 301989.1992187500
41775230.2499104664 244334.3498535156
42004062.9076263681 258746.2744140625
41633299.1021769121 234506.9052734375
43810584.8763819858 329313.4892578125
41359668.2503495589 216372.5233154297
41438765.5587555766 221739.2133789062
41778531.4239284992 245103.2329101562
45400303.6308250874 350763.0253906250
41467495.5302288905 223438.2473144531
42449939.4564863667 281394.0996093750
41816810.9397240281 246897.3046875000
42471501.3518540934 282622.1787109375
41429658.3072064966 220889.8382568359
42599639.4406604171 288767.6718750000
42385332.1172599643 278926.8193359375
41606219.7808689848 234111.7048339844
41410838.8126287162 220767.8529052734
41572247.0856748596 231449.3974609375
41343591.2673771754 216321.0980224609
43438536.9226174280 319958.7124023438
41688506.5480244234 238404.6054687500
45091002.2925525606 347851.0537109375
41744459.8316733018 241878.5544433594
42400596.6412079334 279763.8251953125
43261769.5624668747 312585.1401367188
43016427.7013313100 304362.5185546875
41988742.3924132138 257382.0949707031
41342651.2931002304 215874.3144531250
41784250.7476228476 245217.1826171875
42290833.1565617099 273819.7285156250
41707538.9183757305 240385.4208984375
41297127.1219793111 211930.0546875000
43483459.2052990049 320430.3408203125
43319981.3926121518 315550.1621093750
42666886.9859119505 291234.9521484375
42028249.7862073183 259154.1254882812
42981982.9327851236 303486.4365234375
41955050.9905283526 254664.1542968750
43183152.3359986544 311106.3876953125
45208507.2736288905 350224.8066406250
42992092.2492871284 303946.9990234375
41683562.1115313023 237577.9096679688
42102071.4172452167 263630.4062500000
42323151.9845477566 274573.0363769531
41527417.2362044379 227614.3002929688
41688265.1839092970 237836.8183593750
42454883.8929794878 281466.4824218750
43193637.1748008281 311168.3037109375
41721488.7797377780 240953.2080078125
43524330.1625068039 321455.9497070312
44788105.0576039404 345181.7890625000
43209449.6090345383 311473.5283203125
43161860.0037671775 310752.7841796875
42972401.9085570276 303289.5029296875
42962292.5920550227 302828.9404296875
42954027.6737775654 302317.7705078125
43608208.9345448911 323006.5351562500
