777829319.0545681715 5839379.0859375000
778453886.1593300104 5848083.5605468750
786390744.8317524195 5908460.4726562500
771300079.9714506865 5722050.2617187500
771309752.0568463802 5737307.2192382812
781054573.2467120886 5877714.7890625000
781807116.8069221973 5879692.9257812500
769147202.5318787098 5655287.8574218750
774554793.5664756298 5793969.6235351562
772553369.8195791245 5762397.0375976562
785392168.8688477278 5904041.7539062500
771668293.8004727364 5749458.6059570312
771961802.9194577932 5752800.6401367188
787711192.6121869087 5911334.7656250000
776212161.9487209320 5819344.5859375000
781011454.9199635983 5875777.8818359375
777023351.3041151762 5832223.5449218750
771105791.2853312492 5718604.3706054688
777802275.0637328625 5838706.1445312500
771160635.6966786385 5719839.5610351562
773127150.1937494278 5770354.2514648438
776187938.5315662622 5818294.4726562500
773515633.1662435532 5779909.8950195312
772064448.4715671539 5755313.0502929688
779377121.5502910614 5859975.9462890625
774474844.5159515142 5792894.4213867188
779129226.9195331335 5855051.1494140625
773760323.3984373808 5780269.6518554688
777982621.3765648603 5841617.4150390625
776669783.6242117882 5824880.4902343750
776911564.7361423969 5826830.7324218750
776890464.7171878815 5825904.5322265625
782045250.3640733957 5884836.3359375000
773230911.8697162867 5770842.0561523438
769675102.8850009441 5673111.7714843750
776514332.2515801191 5822794.3476562500
778801493.2898927927 5851486.2402343750
771643727.7940540314 5741672.9926757812
782928919.0361436605 5891740.6894531250
775846336.6381145716 5815421.7871093750
769233989.3974364996 5661573.4726562500
775308094.1461521387 5807356.5722656250
772350078.2390552759 5761096.4848632812
770041269.6532506943 5692525.6181640625
769690210.8714301586 5679570.8642578125
779008045.7109651566 5853895.5468750000
773822568.3457506895 5783922.8305664062
775846336.6381142139 5815369.0224609375
785670010.2585685253 5905263.9511718750
771186163.7957845926 5720035.7133789062
771248128.2887226343 5721132.3559570312
774769909.4201271534 5794816.8046875000
776880359.3616006374 5825345.7158203125
777714955.3077378273 5836890.5908203125
774780187.8099998236 5796442.5922851562
779247553.1232450008 5857479.8007812500
782446757.6886507273 5887712.3798828125
769833209.3471090794 5687130.7797851562
780133703.8889749050 5867592.1748046875
788126605.2945504189 5914635.0751953125
770227061.5761859417 5703733.5859375000
769787909.8864609003 5684358.5810546875
774276436.9786019325 5789974.7866210938
779742222.8966027498 5862576.1474609375
779521843.1332302094 5860653.2431640625
775846336.6381139755 5815363.4101562500
778956398.8896185160 5853019.4218750000
774780187.8099998236 5796558.5834960938
774212794.9325492382 5786677.4443359375
774212794.9325492382 5786633.0449218750
769578402.0791690350 5665056.5678710938
782035159.2670173645 5883970.3779296875
774868591.5318847895 5797086.9951171875
772279088.0812445879 5757998.0502929688
776578905.3392312527 5822951.3740234375
780893805.9568140507 5875004.9023437500
785347254.3299242258 5903710.2558593750
769708473.3288745880 5680509.6933593750
778846430.5495442152 5852890.0419921875
778310240.6234472990 5843843.5458984375
779207149.1173992157 5855891.7294921875
770890669.4384933710 5714026.2446289062
770105855.0243406296 5697037.2617187500
770120747.5181056261 5697903.2763671875
786071583.8269163370 5908083.5654296875
773067827.2416445017 5768938.7172851562
773909228.0190839767 5785563.5322265625
778439199.8974422216 5846917.4228515625
780596414.7118735313 5872640.1503906250
779937010.4750024080 5866187.6142578125
770738022.5348865986 5713243.1108398438
780303626.5044558048 5870632.0996093750
774920516.8216853142 5797490.0581054688
775433907.5644409657 5811640.1582031250
773650771.9881019592 5780000.8925781250
773392479.6464760303 5776356.2773437500
772815895.1621688604 5765628.3125000000
781940957.1379226446 5880833.8173828125
773246676.7597224712 5772269.8696289062
777422114.2398948669 5834429.1679687500
773473921.8855915070 5777108.3505859375
772764860.2396914959 5764950.2094726562
771065898.1069604158 5716380.0468750000
773173889.8002521992 5770539.2016601562
774711129.9811623096 5794402.1137695312
775019810.1561770439 5800619.4414062500
785670010.2585684061 5905115.2099609375
779646599.3198415041 5862261.2744140625
775763261.5859531164 5813731.7626953125
776379247.4298613071 5821520.3574218750
779129226.9195326567 5855042.7333984375
784808619.4721335173 5900613.5146484375
783609686.3323540688 5895373.6601562500
777582968.1736003160 5834599.8544921875
774237378.5073196888 5787049.6376953125
774320580.1139354706 5792802.8925781250
781112502.0310482979 5877855.6142578125
778733914.4590330124 5850408.0771484375
778672279.7269321680 5848582.0986328125
779822805.2879587412 5863228.4667968750
774853800.2090206146 5796942.5576171875
770762114.5812213421 5713926.6508789062
783891485.1633131504 5896540.6572265625
784855522.1399939060 5901026.3896484375
783138902.6938844919 5892068.7744140625
774932099.5306367874 5798391.9814453125
782918173.3258335590 5888343.1611328125
777845468.3084404469 5839930.9785156250
776060353.0851157904 5816392.0771484375
775190337.8046702147 5803444.3696289062
784525993.6290636063 5900393.2382812500
784967079.9797443151 5902063.2392578125
781543461.0646671057 5879467.2363281250
784053717.5931349993 5900216.5917968750
786616713.6625424623 5909243.9912109375
781994522.1678253412 5881734.4179687500
770681219.4266996384 5709249.4877929688
774212794.9325492382 5786640.9316406250
777475844.9025231600 5834501.7626953125
780448539.2723795176 5871788.7021484375
786864730.0379502773 5910554.0048828125
775190337.8046702147 5803272.7631835938
784967079.9797441959 5902055.7529296875
785324358.8086463213 5902604.6171875000
786616713.6625424623 5909253.5830078125
788083477.5757783651 5912207.4443359375
