127198142.5570889413 22054.8171758652
127044594.4028771967 20197.3235710561
127052517.9383873940 20197.3967790008
127063399.3008302301 20230.8274860382
127331826.2054014951 23739.4452567771
127070607.4115971774 20336.4770783661
135790491.0097109973 43876.7953532413
127004746.3992191702 19285.3940056264
128600724.5998161882 30894.7426904989
126985580.6230207533 18373.4644401968
133660971.3444582075 39453.0010087863
127068371.3789405972 20231.3149849176
144552547.5503855646 53601.6449038982
126993504.1585309356 18473.5246343017
149182489.7392552495 61408.3894100189
127131529.7044037282 21248.4066437958
130685088.1268003732 35176.8087038323
133235064.9644231647 37664.3811897933
127023551.2971722186 19318.8979206085
127043476.1785225868 20197.3062496185
127128448.5528668016 21143.2445503473
128604345.6396566033 30898.7211825503
127698201.1551527530 26761.1675005294
128133075.8872697204 29106.9741491927
127352143.8745692670 23739.5606295019
127831369.0312100947 27644.9648282854
127179657.1185643524 21915.6034473553
128764483.8614256382 31700.4255740298
148759394.2057131827 59801.6907806396
150617873.3782075942 63147.6629943848
128036894.3732777536 28968.1217868654
127514819.1287237853 25560.9806457236
147112560.4566701055 55964.7104160786
127508242.2635318488 25536.5709377900
127043385.3504481912 19427.3881393671
130125869.7354898155 35121.2147224946
128049659.3892658800 28996.8086096896
127029036.3620833009 19395.7031459808
127312165.0651217252 23106.2571885167
127413559.4192724675 24649.0510802940
127130398.3572818339 21150.0150154829
129439703.2424311042 32975.1635477543
133525336.5330449641 38576.1948260590
127423356.4828869253 24651.0352037326
129304228.1049107313 32832.5245197937
128025710.4865139872 28878.2127211420
127470368.0882114470 24822.4625633713
127222651.1136205792 22192.0770891188
127962955.6382196397 28757.7382857455
134908255.9994312823 43498.2086818442
134591782.8241276145 43023.2365558371
129692281.3161706775 33918.4959902093
127537888.0744156688 25681.8194959536
133761621.4863424897 39554.7121084109
128157879.2918380946 29628.4031042755
127093235.6285889447 20945.2727601305
127669372.5988300890 26732.9198901309
148693925.3554646671 59687.7625904083
127822345.7587274313 27644.8494555606
127118170.3245207518 21140.9208084345
127433829.4222630262 24675.2435154868
131982357.6370288730 35737.5392259881
127095858.3051319122 20969.6824680641
130748776.6930398494 35222.3809084222
128727651.2475496531 31498.7676150454
127057248.0317142159 20228.9912430048
140180506.8436409235 49112.7077195644
140497830.4228841960 49680.2200791836
128817817.5187582374 31708.2870196579
128012968.8503924310 28828.9509581178
128223813.6652581245 29781.4552690638
129882285.4620005637 34720.8261575028
127475404.5116233528 24911.3845011843
127305588.1999297589 23104.0066545485
127852770.1317635030 28165.0762470094
130073470.0367893577 35021.7437180802
128137712.5986322314 29246.4537927760
127002641.0629274994 19260.9842976928
128149958.9048515558 29446.0682642115
136197911.4360790849 44797.7401487157
127657674.8202593625 26708.5101821972
127562163.8203725666 25820.9903247012
128909384.8311482668 31787.7259226544
128694511.6647958905 31469.5819136752
138567480.1829713881 46048.7688924968
150422185.2727532089 63074.8713073730
137067903.8205542564 45181.9593975544
127248889.1190923154 22827.5156913474
131469127.9191232324 35691.1577886865
127573658.4293455333 25821.0635326458
127858729.6463139355 28334.5242273463
127202096.7457379252 22055.1567943394
146590246.1639969945 55538.9205865860
127835945.2314447016 27733.9238931788
129706901.3239209205 33955.7654909417
127438560.9985431433 24788.2219090415
133359677.8801008314 38259.5690467013
128539998.0110277236 30788.4960086001
128219429.3965499103 29767.8495114222
127470901.2680336535 24874.8272149563
128569933.8855889291 30824.5818112269
127574693.4646859914 25823.3140666140
127423740.1583712697 24651.3748222068
127634449.6714829504 26587.6713319672
127187596.3450358063 22052.8330524266
127894668.0009189993 28395.0830735145
129683441.3846781105 33693.2439858168
127273388.9184627682 22964.7626178563
127606375.9399615973 26448.1608847454
147746119.1331814826 59391.5972361565
140117325.1993759573 48259.6713778079
128646228.9509270787 31290.5997073306
129222291.5925275087 32404.0097455308
127898816.2095550597 28419.5392044960
127453255.4192323089 24790.5456509544
149404978.3637432158 62171.7679443359
145882021.2241151929 55389.3956232071
127633872.5363097042 26587.3317134930
149515250.0198023617 62824.9895935059
129844893.2056050748 34454.8568548486
135502724.5646306276 43796.6557182074
127248311.9839190990 22827.1760728732
135891634.7492794394 44463.8860443309
129603909.6347880960 33590.2750276849
127790045.5079232603 27523.6709868563
127452678.2840590626 24790.2060324801
128637327.7703662366 31011.4832269801
127308210.8764727414 23105.9175700424
129099494.4980128258 32098.7560722008
149304275.1595768332 61409.6989746094
134025477.8537558317 39989.6581653736
127297664.6644196063 23103.9334466038
127613318.1684270650 26472.5705926791
127014338.8414982408 19285.5093783513
127640326.1625659913 26593.8644341081
129916755.1074372977 35021.3931674287
127632056.3064357787 26556.4708849341
127358957.4384761155 23878.6160855247
127272820.5404507518 22964.4359861268
147348397.8476454020 57468.9724750519
127385753.6607153416 23999.4549357546
128054808.7904033810 29103.9748003138
127817963.8898962140 27610.2762927711
127640449.4015016407 26611.7414214266
127552861.9371250123 25702.1355979098
150086406.5492483377 62924.6446838379
127225273.7901635468 22193.9880046127
128203314.0168616027 29674.6277367007
127276020.3521669358 22966.6865200950
129110131.5232793391 32163.5113129616
127214727.5781104118 22192.0038811741
137759166.1687705815 45810.6784697473
128375227.9451875538 30135.6450621737
149468607.8549596071 62295.2431640625
145262309.5284312963 53863.9159574509
127195519.8805459589 22052.9062603712
127245689.3073761314 22825.2651573792
128383171.8876456320 30293.7953882767
128044624.0077368468 28987.6210414199
127068571.5290039629 20249.7726430893
128151929.7021386176 29491.4932939662
129273965.0939017683 32783.4781268016
128254078.4173802286 30102.5096716583
129802372.9263809472 34141.2988852784
127326924.3511141688 23737.1215148643
128457989.7807331383 30543.8957420718
127599840.9652511030 25910.0647623194
127395789.7350077331 24015.8630120335
127124221.2587434798 21143.2272289097
139082651.3662484288 47991.9334392548
127326347.2159409225 23736.7818963900
143267087.9525209963 53023.3653323650
128549995.7527261376 30813.3871222092
128686064.8123564571 31420.6391274584
127184396.5333196074 22028.4233444929
127543264.6826402247 25699.8118559970
129751852.6404270977 34100.5682253167
127174390.6855736375 21915.5861259177
129858289.6050857008 34602.8283876702
134284839.9459245801 41081.8036214188
134102272.5700707436 40375.9157544449
128538184.0189736634 30697.7700892044
129085345.9740130901 32071.8744721413
127017503.0728300214 19292.3123511672
128510706.0225039274 30638.3294153763
128227481.2425708473 29871.2025843216
127056232.8521333635 20204.2245951593
127708672.2396909446 26837.2592389910
128170043.1752585322 29673.3432695521
128211664.7305506021 29694.4192583216
127211527.7663942277 22167.5941732405
133808413.4563089162 39685.2067300156
128154014.3444247991 29619.3381579472
129234283.6012516022 32699.5486286804
127813967.2919093668 27607.2316606371
127168119.8422554582 21400.9131659744
128683017.9558414519 31298.6095547453
129338283.8059238940 32906.5870333388
129440774.6916766763 33184.7245892091
147989737.1047352850 59647.0122241974
127148152.6801019162 21280.1475236891
127237765.7718659490 22825.1919494346
129203159.4276630878 32383.7626331970
127214150.4429371804 22191.6642626999
148894640.8818497956 61331.4604797363
127597366.2856161743 25839.3825244186
143070065.0596849024 52060.8736293316
127790747.8526509404 27598.2296263827
126995609.4948226511 18475.7751682699
128623379.5539710373 30927.8339311732
129538122.7289584726 33374.4500154778
127187019.2098625600 22052.4934339523
127264897.0049405694 22964.3627781821
127395305.9461271912 24015.5233935593
141429541.3504717052 50441.9172694683
127543935.1641061902 25700.1514744712
127121021.4470272809 21140.9766949415
127203058.7436806262 22056.4534273148
127325599.2803795189 23263.2647338584
127353229.5091268867 23876.2923436118
138955686.5395125449 46235.9016187862
127138123.8083000779 21255.6646078108
127322464.4973184168 23204.7900939658
127159849.9861252308 21363.5663391454
127123644.1235702634 21142.8876104355
127056647.1476108283 20228.9739215672
127113097.9115171134 21140.9034869969
127083778.3806854486 20368.1447503148
127237725.4731196761 22275.5645549549
127721698.1163468212 27396.5482021701
127091701.9161956161 20368.2179582594
127724065.0357510149 27418.6805912387
127140229.1445917338 21280.0743157445
127256797.8236777335 22859.4326037643
142045139.0344023705 51155.9672877789
127228775.4622502923 22197.2610387085
126995510.1885588318 18475.7578468323
127150775.3566448689 21282.0584391830
127151352.4918181151 21282.3980576573
127066676.0194126815 20231.2976634800
127733939.0834556073 27421.0043331515
127027946.2401092947 19319.3854194880
127631506.3162230998 26509.0747677218
127768651.4499321580 27502.5426842775
127017917.3683074415 19317.0616775751
127614589.4885153770 26506.7510258090
127605941.6951055676 25961.5617863070
132439685.1986519843 36490.5858593062
127526255.3334390968 25597.1452022921
127499312.4756812155 24939.6168945162
133058703.1772712767 37188.5296089388
132747692.8502011597 37011.9273125492
132106487.9129487723 35984.4224107303
127228382.8599321693 22194.3276230870
