116003666.6749390513 201754.0711633004
116242441.8806607425 218154.8380985260
116289886.5885297507 220050.5205985904
117923543.2189100981 302693.8681983948
120536154.1752798706 363409.7498035431
118468410.3735644966 317897.6100902557
115836399.3613423854 189647.0825664438
115851251.8098363280 190061.5444236398
116343229.6520072967 224841.4236019254
116595402.1280828565 239951.0642278580
116220251.6820165366 217043.8378655314
116493721.5110416859 234476.1832167838
117317418.9882938415 275742.7136249542
117692820.7724986076 291594.5390577316
115858182.4737607837 190269.2144182995
115927212.4250844866 197727.7061016001
116015218.0656903982 201919.8004455008
118234116.9144517928 310902.9360847473
118515466.9720041603 319959.2646770477
118956852.9743142873 333884.7480382919
117361920.3224439174 277385.6495895386
115639370.9206121266 165741.5651232675
118011437.4268499166 303452.7024549469
117309695.6107580364 275669.1296405792
118661761.2170384824 322532.6783485413
121316017.7101758122 369637.0125143155
117037420.2773680985 262224.1677815650
120199013.3357808739 353269.8012334928
118852809.0955335945 327030.5323009491
116840077.6306881607 252948.5267972946
115574915.6794407070 157677.8087689355
117587973.6547794640 287888.0180112049
116873186.3408629298 253427.4140043259
116955276.3483735323 257876.0850992203
117400621.6719865948 280388.2618535981
117502132.0720958710 283606.6263446808
119163746.4116755426 335493.1229162216
115620400.9518798292 162155.4928289391
118715111.2795590907 325471.6275157928
118050086.1959798932 306179.4304189682
120401591.9142946005 357323.2168562040
117845918.8782555312 298214.4470262527
117555099.8791748732 286559.5767364502
116737534.4910900146 248736.4892545175
121855198.4086162299 376775.4137917981
130304040.4738873392 419163.8916206360
120370867.2483370751 356779.3756562695
133205653.0904327780 439365.1308593750
118287972.5154312700 311189.3605140671
115543317.2378399074 147751.0135172382
118730223.5253304541 325746.4482336044
119455123.0534449369 339794.8274660110
118359429.0706782490 312777.2386878952
115670488.7246817499 169846.6124809422
118332181.3950774521 311902.1270851120
115628206.7720192224 162200.2159271538
117740829.8981853127 294305.9046779107
117912783.4803346395 301526.7550977692
117765734.4809898138 295681.5586866364
117808344.5012246966 297766.3098964691
115748729.2299116701 177915.5723032393
117065266.8542640358 263062.2996175025
118712837.1543056071 322980.8154783249
136896357.8858119249 455121.7258300781
117785619.8408149332 296953.0566148758
115793549.8093972802 184592.9063765742
116780272.5002747178 249493.1099744271
117741336.5128285289 295052.8506788239
118824511.2916328758 326501.7418203354
116877636.3304767162 255016.0076112747
117604528.4838726074 288357.4633035660
117484309.2986903489 282902.3425760269
117630462.9497283399 289735.9506082535
117666759.3944790065 290332.0712137222
117861555.6980107874 300507.9714063630
117447238.1721559912 282840.9322614670
116472540.6444343477 233106.0240370963
116574468.0075868517 238971.5375945304
118165528.3033723533 310895.6998390183
117961360.9856480211 302930.7164463028
118023246.4326918274 303829.2726758942
118917004.4720299989 330945.7988710403
117562680.2795484960 287557.2016815171
118115113.6986529827 308696.3674024567
120216707.7182204574 353750.1347352490
115824043.6596659869 189320.4018015303
117993838.0109660327 303045.2597998343
116186810.7612013817 215167.5448967814
117202809.4156619906 270234.1022383902
115754416.4812677801 178366.0484030582
117195472.4049954265 269025.1884114478
122119120.7300509661 378247.0127038956
137138984.5627085567 457572.1350097656
116944757.5003749728 256781.9480028152
117017192.5994471163 262045.0650841926
116165629.8945939988 213797.3857170939
121674822.2146333009 376015.6157312393
117372386.5584500879 278171.6132159662
116649454.7978889793 242252.4488416146
115658133.0230053663 169492.6489741839
117379723.5691166073 279380.5270429086
117215096.2467334569 272655.0821738672
117293501.6174141616 274962.2098015510
115729915.3704138100 177504.3781263605
115702001.9761593193 171346.7197997607
117434663.5088548958 282010.2430657111
115731603.6853816360 177689.1514155902
115719458.2762040794 177154.1619038060
115900025.0097368062 194105.6456344165
116435032.0072274059 230113.4897804260
122963663.3266179115 396819.7694759369
115687397.7343804985 170641.8112442829
115781194.1077208966 184266.2256116606
115760439.7332963794 181752.5804995373
125712869.3511478007 405135.9467048645
137126758.0478004813 456547.6409301758
133843404.5739342123 447383.0845947266
115924617.6551365554 194607.3769597448
115706087.2714046091 173046.8505897000
115887669.3080604374 193779.4809636511
115707102.5745276809 176827.4811388925
120785450.7020819336 364581.3612767681
115644468.6716394275 168310.1598498300
115502175.0150748491 134410.4170871153
115631097.6668399423 165071.1776339486
118941077.2888245136 331393.9360008240
115791782.4486413002 184430.8255075850
116711188.4130282700 246655.5464331840
115681710.4830244333 170191.3351444639
127265638.4326362163 416035.5860786438
115564025.5740070790 151884.2239102200
115811860.7519945651 185286.1095766462
119406201.7412144989 339104.3566169739
136063821.2516593635 449840.3969726562
115804138.1503177136 184757.5062724985
115537543.3576663435 145587.1471757703
115529270.1038941592 144938.9247331433
119316334.9049155414 338229.2472991943
118855231.3439970762 329031.0119476318
116018855.8699582219 202865.0713962950
122255314.4820531011 381026.8557796478
137360223.9116365910 458491.9548339844
133695370.7862751335 439609.7643651962
117071059.2769147754 263978.6458763108
118711234.0706586540 322948.2280759811
115705189.2000331581 172509.9221067168
118935539.6845587790 331080.3664398193
119955738.6605182737 349828.5092020035
119557268.6618950516 343181.1282815933
122630825.4516837150 389720.6609287262
136871911.6721714139 454210.2135009766
116075924.7405539602 207651.2148939967
117002815.4935926348 261299.0455205177
121835971.5341747552 376186.0586023331
118447986.8860477954 315361.6896687150
115974592.0479310900 201566.0770289302
131345220.7225723863 425243.3898229599
137210454.4694558978 458071.6296386719
118908149.9936706871 330257.6417274475
118404916.8935925663 314759.8857858682
118413391.7855785489 314959.8387277627
115619076.5801361501 161681.7131962217
118404383.5213384032 314166.7868450189
115983138.2189666480 201720.3328868188
115600935.7324830443 159309.7764070667
120875458.6969496906 364853.9958173260
117831719.9949355125 298152.5604383126
122630526.0115405917 388290.6625669003
116267557.2577464879 219662.8992745280
116380001.9970514178 226982.7252998352
118393503.6143711209 313588.0827331543
115905326.9947893769 194402.5703707971
116118628.4784291536 210317.5585309863
116038414.0479473770 206041.6361605525
116072552.8620421737 207225.3622404374
119786037.8395578563 347866.9792833328
115775074.1081436872 181985.5696368217
115524555.1354466826 144621.7524202280
115796046.5562148392 184653.4047270119
116254029.8053990901 219629.1609980464
115523878.3355841637 144295.6357706562
116888102.5664828420 255801.9712377023
115582512.1333503723 157999.9145619906
115567773.6374837309 151977.1870370843
119656353.8840758950 345442.0916604996
115596853.2845788151 158878.9982411899
115516281.8816744983 143973.5299776010
115509317.0570318401 140111.0388189666
122201675.5159259290 379651.9478206635
115507275.6134432256 138829.2691732757
116069051.4011643082 206588.5681244135
115601951.0356061161 161455.2923085727
115594354.5816964805 158615.9483563378
122660180.7266032845 393775.0468196869
116165433.5429721624 213211.7814885974
116763683.7809896320 249227.8693151474
131834487.3211702108 433483.1469640732
115544828.0154195428 150928.1400677636
115553101.2691917419 151576.3625103906
115583188.9332129061 158326.0312115625
116963825.9531528950 258628.3879278861
116809207.3571473658 250848.1209295297
131099135.4746720344 422030.7761754990
125269490.6143294275 401072.2698249817
116989883.7509489208 260264.9103676056
115838896.1081599295 189707.5809168816
116025861.9946491569 203820.3635937572
116038217.6963255405 205456.0319320560
131364199.2248353511 426357.3852424622
116130680.7617451847 210546.0100148618
116088280.4422302842 209288.0883089900
116189068.2135768831 215312.9963202477
117123737.4697135389 267236.1542223000
120252804.0710577071 356154.3343647122
116984691.7965301424 259278.4400537515
116582717.1315504014 239307.5616213058
117346493.6153017282 275758.7772224450
116201999.9562205523 216278.5451297760
116006691.5740341991 201910.7394725122
116151937.2103158236 212382.7112188339
116908968.4098601192 256445.1252092756
115540404.2169137597 146310.1074967757
115570491.8809349388 153059.7761979476
136438645.1623911560 453813.7932128906
119656426.7223500013 345642.6822795868
133749547.8161586076 444810.1014595032
116732054.2564055026 247271.1980623640
121324137.7234088778 371951.4420233965
122090421.8640771806 377521.6138151193
120328440.3269965798 356725.1051607132
122508764.1084265113 386851.2828769684
122276550.7778741717 386786.7281894684
116643495.3285461068 241441.2240061201
119662595.8247494549 345923.7635354996
115867702.2627748251 190744.2716020979
117157481.7235715240 267294.7198217416
117110978.4632066935 266402.1849630380
116253182.7161055952 218777.4327055253
116566932.2268275172 238693.9571685791
135914051.8094786108 449420.0717773438
115886152.1790485531 191537.4319093563
131909222.3390203863 434493.3120613098
116793428.8710259944 250131.2755503096
132024304.2101747245 438014.4054450989
132309691.3370824307 439026.1940193176
119664902.1505226493 346697.3226175308
119483263.3507479578 341878.2060670853
130190216.7745225430 418054.9118843079
116514587.3544188887 235091.8348459639
115870037.6977212429 191310.8934158720
116693667.8183132410 244534.2712705636
119903326.5299174190 348180.8780307770
116595648.8741941303 240341.6967742179
116346036.3867186010 225248.3009147644
116229756.8841283321 217985.6640057564
115971715.6234589219 200004.5257560052
116132544.2642574161 210587.0826763548
120093907.1775784642 352433.0440301895
116302702.4981771260 221811.4997677803
116280784.4457946420 220010.5922500491
116869152.2576960325 252964.5903947854
115876105.5951775014 191499.0331711210
117424831.8986255676 280610.9788120294
117549602.4345012903 283854.4116428399
116616514.7175713778 240957.3484033979
116772563.0276487470 249488.1215787362
117348730.4189208001 276423.7606199288
116435278.7533387095 230971.9458885193
116232316.8727283478 218039.5698110461
116405532.9692310691 228804.6724004745
116432041.0213333070 229900.0892256536
116659274.5225885659 243879.7577750419
116834758.9619713724 252280.7999924384
116672068.4414174408 243911.9576454663
116680140.3659658283 244500.5329940820
117098582.9456363916 264929.2232845101
116122419.2563250661 210471.8143888749
116657598.0624054521 243260.0844746347
117288428.8417347074 274130.6835974418
116138971.6077676862 210662.2209745683
117180450.3390871286 268861.0689236854
116826687.0374229848 251692.2246438228
117353567.0988743901 277222.3803555701
117170240.4339896441 267350.0409908295
116325875.6700023711 223880.2997266650
116558860.3022790849 238105.3818199635
116540055.1220142096 235973.6478331089
116498904.4017331153 234675.1743535995
116389797.9597268999 227130.0851511359
116361112.4320513159 225253.7921823859
116490832.4771847278 234086.5990049839
116392369.9976911396 227140.8410105109
116411175.1779560447 229162.2263311744
116461270.6506694406 231384.7387398779
116487422.0064582974 233499.0915357471
116215978.0535991043 216312.5443044938
116275812.9240976423 219971.8655778766
115919010.6669376343 194515.7535671927
116005252.2887643725 201869.0555844046
115886341.5464753360 192053.3503084481
