144758515.9892897904 199100.8541251551
145139114.3972409666 236666.9157820474
145923291.5123086572 284605.1728938054
144578225.4752368927 170311.4387131091
145210737.4335446060 239186.5564062726
145710426.4542500973 271761.1714556227
157754784.8143887520 504353.7962775826
145297394.2402671576 246540.0852167141
148506665.4753968120 361419.5464059711
145527323.5164799988 261961.4768027663
147504101.1766643822 336748.7221324444
148652650.3213455081 363504.1374027878
157632257.5328213871 501643.2013068795
145488304.5607897639 260322.9821875226
145765724.0037847757 276883.1142412564
145667473.1644940972 270256.2340701232
147539123.5781475604 337748.8528482318
157944989.7424387038 508321.5511603951
145524127.1729372144 261693.9780584713
147432001.1351158321 334114.3875642475
157932692.9155725241 505652.2003608346
146002947.8827020526 286451.5454501808
153970712.1690990627 463623.1353258416
148303982.9276227951 355536.7463200241
151519119.4022088945 424417.6161255240
175113311.1311288476 644313.8298339844
145393988.0555649102 253562.6662618648
145480870.5628646910 259949.8005919587
145386554.0576398671 253189.4846663009
145519889.5185549557 261588.2252609134
153462377.1130054295 454380.9124756437
172680722.2594144046 623860.6345214844
153546615.9327621758 455767.5203857999
144889045.2200917900 212847.8235144280
157494468.1711025834 499533.4987922311
144858467.8185227215 208064.1484807618
148468491.8389707804 361418.9961130023
153911713.7800996304 459669.5925293546
157873816.2683344781 505075.8514533639
144933444.8690105677 215782.8150099646
145876999.6061566472 282060.9340997338
144833967.5505484045 206989.4275888335
158248550.2800512612 513594.6803107858
145114000.9384398162 234353.3370448481
158589188.7254271805 514379.2274604440
145592631.5966565609 267246.8650591504
145635584.8864124715 268751.8024446499
145358279.4234808385 251463.1982032191
145167369.1029582024 237680.3012324106
144906422.5242611170 214743.7905358206
156614101.7867754102 484983.2328081131
164974518.3565152287 534916.3457390070
163525412.7215522826 518891.7028557062
150315352.3169301450 400593.4453858137
145433007.0112550855 255201.1608771086
145336413.1959572732 248178.5798319578
145945050.7423652411 284899.2045409679
145553763.4217162430 262582.4394415617
145282922.1123539805 246190.0534784328
154008246.8423378766 463875.5097656827
163569219.1956644058 520704.1039662361
156161437.0530110300 478657.3498730431
155692741.2840006053 470899.7990917931
145468829.6234025359 256572.0352728376
156605337.9436228275 479383.9758863449
172012719.7738510370 615300.8817138672
150199751.9027279019 398648.3685425520
150624381.2830568254 406597.2403643958
145203191.7151056826 238933.5277529489
150547814.6165010631 406387.1529791355
153713963.4225030243 458499.4793770518
152229663.7233690023 437605.5390819311
147297451.2162289619 329863.6639901996
153865145.7585712373 459628.0119087901
145465811.9596108198 255771.4290269613
154144575.7737835348 464700.7231010124
146392983.2686279416 302228.5917301178
145277930.7054669857 244774.4983015787
165164704.7036685944 535919.3466949463
145377136.5130674243 252659.9961778652
145019281.3109140098 223226.8949613702
144623448.0208862722 177851.2240829822
145066929.7184315622 229663.4187098872
145080712.2962355912 230326.7724219691
148290530.3047401309 354292.0158509016
171409832.8172151446 615288.9903564453
153372583.7370294034 452373.0150147062
145354507.3763187528 250963.4114371073
144976238.0813920796 221834.3928675316
144673788.2487958670 185469.4063779730
166207967.2265605628 545115.1188964844
144990020.6591961086 222497.5949682854
153617859.6384454668 456248.0733643156
148682830.1355193257 365359.8029342424
145473271.9969712794 258856.2417460214
158138197.2750998139 508739.4599256516
158144543.7981111109 509293.4977827072
152069186.1875692904 435368.2374210684
147532840.1598229706 337240.9366774559
153947532.7618720531 462818.6034794431
145515588.4872653782 260331.7285776865
158222405.7980950773 509896.4093885422
157451117.5363953412 493493.8275337219
157491718.6316140294 494224.8524595601
145852397.2494453192 279221.0324786007
155969791.3600406349 475835.1959022935
155838451.8202507794 474242.4878944810
161604707.8494875431 516721.3809165955
167615340.4711130261 561957.0218505859
145634113.9687383771 268676.5982425213
153946279.2320720255 460504.9346466642
146572393.5125275850 309793.6218206882
144830970.9630024433 206855.2170721423
144718086.4644694924 192694.7777408976
157814077.3397533894 504589.0591993332
144724651.3931058347 193012.9073249232
146482984.3199844658 306725.3173807432
150190162.7890084982 398486.6557739973
157426224.1742444634 493443.4174661636
144563385.3785044253 169635.2736700661
146372637.7070502043 301934.0129873753
149245067.9295360446 377830.3402527571
144641701.7995794415 178509.5878643151
144665625.0906962454 185255.3873153813
146280336.2023563981 298872.4304025937
145565609.5450190902 262912.5155899525
170896864.7751375139 602428.4335937500
146517264.4673072398 307139.3834616114
144878863.4165050387 212499.0354206227
147163124.3305001855 326881.7349525224
146881648.9322720170 319301.3541557938
146425803.7968904972 303199.6260278355
157139006.1158662140 489313.0280103683
144558787.9984761775 169218.5698806401
144630882.0188113153 178222.2901653405
145014184.6506863832 222863.5153040551
152626214.9876094759 445454.0449554920
152233013.7595519423 437696.4941742420
144790541.4381822050 200449.1406878848
144720743.0871380866 192770.0001639016
144539966.3225560784 162782.0494701024
149950497.6145910025 393105.8824585676
163647614.9682232141 527316.9158073664
151788097.5932009220 430051.8760942221
144689908.3212208748 185979.8101748824
146154171.6926092207 293755.0884182453
149606964.1372817755 386769.6861928105
145110336.4803614616 230349.1214721799
144539101.8145277500 161869.6441059466
144839134.1211019754 207069.2361347340
146654232.9434497356 311543.8033745438
144753918.6092616022 197748.4425333105
144547400.3204811215 163167.2420341130
144585188.8682054877 170321.8348399755
144699717.1131107509 190037.6409152746
151822697.9429615140 430377.4109786153
144639567.9363876581 178477.2709744330
146081578.5779497921 291046.9430029523
144655721.8102191389 184763.5972319003
144709923.3063699305 192480.7586783059
145026787.1575632691 227553.4336390160
164823365.4017881453 533728.9298939705
146256638.0204133987 297475.9143248573
153667954.7192074060 456387.3281358778
149241084.5880375504 377789.6654996872
149002258.0446675718 373066.9077792168
165428864.2423746586 537521.8869987726
149257224.2477878034 379279.7992371321
150962875.1278586090 411797.0579437017
151832472.2970515788 430402.1473537683
170989806.3478288651 604408.8486328125
156871575.6277033687 486661.0550117493
149774176.1101065874 390799.1105961651
149413149.4674485922 382892.8793153465
149132213.6962627172 375334.1181736887
149422683.5711511075 383857.1034215093
174289285.9093499184 642595.5319824219
146441637.6353766322 304763.7547982335
146570501.3221918344 309317.4509403855
149244807.0471489429 377802.3446167707
170517618.5197433233 597449.2799377441
170725669.1818480492 601643.2181701660
173163282.8879535198 629680.9660644531
149018669.9939012527 374535.3131226301
158197159.8986552358 509320.8230073452
166220415.5930337906 547148.7695312500
158597436.2825423479 516190.1386659145
172930611.4076882899 625722.0231933594
168505216.2173962891 576124.2346801758
173467533.4742873609 637877.8088378906
173682327.7829834819 639794.1096191406
171066131.3968848586 604449.8569335938
150544161.0063151419 405279.3058410937
168453988.5298610628 575496.2014770508
146110915.0825368464 292276.4402899742
173740774.7397672236 641173.4650878906
146470572.0794407129 306287.1096018125
167619546.8997394741 562200.2982635498
172846092.5493871570 624482.7390136719
167758589.4785430431 567767.9311218262
154655747.4998877048 465439.7150026113
166756691.1212848127 548757.2875125408
151054807.2419328690 415900.4593464190
173487053.7740890980 638054.0905761719
149678675.9201341271 389603.9527211189
147572603.7218819559 337757.7686913013
172797493.0017049313 624290.4263916016
149617950.1174430251 387627.0255453587
151321437.3260023892 421888.8476392301
173364279.8771337271 635579.5102539062
149626576.1996187270 388233.3450199366
167045888.2845181227 560934.3671875000
168986522.2504729629 577914.3279724121
171351540.0584450960 605133.0783691406
149325067.9333991706 381335.2175415754
149490801.5229890943 384698.2757691145
151705761.5641505122 428688.7520581754
173980757.5658794343 641323.9094238281
163485025.4755517840 518051.6500386596
150771507.3734908998 410844.9520984942
170149887.6590702236 591011.5184631348
172500267.1245569587 619496.9259033203
149149187.8877723813 377239.1876039207
172168639.1250633597 617198.0487060547
169713085.2275457084 589478.5341491699
148746383.8373932242 369293.0704774559
167536880.8086528182 561381.5265483856
148439286.1805318296 360458.2112245262
148183461.2387232780 353959.0634084642
151664389.3008274734 428557.3454419645
144578120.7702178657 169697.5809621271
146129533.0941849351 292942.4193735253
146797326.5849530101 316818.4401757885
148140747.8215694129 353633.8918580711
148092382.6151903272 352979.4800637960
149319972.2164278924 380804.1180337667
148538132.6915435195 363105.6841043234
173169444.6391606331 633298.1063232422
144516827.7198701501 154998.8104319926
168743775.4794608057 577417.7112426758
165902569.5350941718 543018.1466827393
144531667.8166026771 161541.1817665454
147495875.9788588583 336490.0307103097
170690321.1480398178 599302.8104858398
169946709.4738519490 589965.8708801270
154480947.3492600918 465113.8389443010
146098916.5509228706 291379.4758341908
147340398.8367635608 332515.3718194496
170163617.4063428640 591112.8753356934
167920613.5045726895 568115.1121270657
147027663.1183842719 322640.3992880117
147402426.7709208131 333751.9616201650
170305584.5984619260 595685.5902709961
170503546.6028420031 596733.4589233398
170208649.1626695096 592839.6173706055
147234458.7817916870 328549.2819310129
151091590.7612138987 416127.3388101133
168338526.3609243631 570508.9588067532
168009096.6477800310 569321.5172576904
163777064.6587623358 527798.4469136596
148741154.6107205451 368246.6299589574
146074144.5800247192 290728.7707529198
147072777.3195919096 324475.4097289573
146462036.9612020850 304885.5081927907
148339351.2873616219 360107.7638951242
147205225.2565822005 328476.4376503080
150391837.8358484209 403329.3159328753
147760155.8754625320 344423.0218602121
167353876.9479518533 561157.7189369202
146313332.1386990547 299483.2554860841
154879483.2542291880 470411.1025156975
146347952.7134888470 301487.9688182604
148215279.5347244442 354263.8769044578
147227070.2235139906 328530.2488041818
146974845.8140727878 320623.8526936471
146839576.0251243114 316911.1080146562
146693834.5870224237 312352.5331881046
151773100.7734103799 429328.2971841367
147386979.8343762159 332961.5981415510
169945858.7925794423 589526.2206115723
148053847.4378597438 349908.3383222818
165405613.4763389230 536231.9733978510
167674768.4033381641 564190.3727455139
148063188.5605319738 351354.6681374311
147737959.7996971607 342864.1175850630
147972818.1797839105 347392.5341805220
166830701.2059162259 555699.1178264618
166857652.5260092914 556276.5692424774
168997732.0168487430 586899.1495056152
147103785.9253687561 325045.9492691755
166662483.3309492469 547806.4865913391
147695744.1488417089 340526.2470069658
147911006.7072665691 347340.4792410303
165891470.3182505667 541951.2052540779
169604919.7326933742 588133.1617736816
167675630.8047772050 566677.3432960510
167350658.2137263417 561105.7555580139
148296803.6275703609 354412.7610076834
150378743.9811511636 401498.8839762211
146491517.3096343875 306833.8954901695
