949715512.1643111706 1194.0178495805
949500864.6598799229 1111.4639996834
949504714.0732216835 1140.6609477586
949473846.9537734985 1109.1630017651
949456569.7321513891 1107.8388410030
1112997240.2798743248 6241.7940288850
1117768587.3001635075 6248.7266515485
992490379.0596749783 2703.6652286176
949767009.5747364759 1212.8055550439
949633310.0844982862 1188.6790977867
949649381.6068277359 1190.5287320616
949793541.8980313540 1214.1422703546
1151945639.9736032486 7189.3139290999
1152124665.4682812691 7193.2168332528
1163489089.6206011772 7529.8931334615
1122284408.3332920074 6318.7500285716
1122549006.7421374321 6318.9032077403
1108475744.3159878254 6020.0168901821
1126472763.1211678982 6537.3447488908
949924886.5327045918 1216.2231949006
949941146.1333249807 1236.3995834027
949937023.2830548286 1236.3692423489
1163416610.7223761082 7527.1950941682
950026434.4856097698 1259.7043272640
949920763.6824334860 1216.1928538467
950249101.5560948849 1281.5280621385
1109725273.3684465885 6067.2109410509
1109217729.0620937347 6065.8689121787
1138343898.4430987835 6837.0973252440
1138456079.8682277203 6846.8781861448
949926954.1838874817 1234.6245106284
950076124.3687093258 1281.3007145000
1109031720.6975283623 6037.2418692537
1108487728.0454916954 6031.3004100748
1106485779.4322972298 6008.9844836895
995516289.3945773840 2813.9923763848
1163337001.7871909142 7526.5987306237
1162999846.3037421703 7518.3592124581
1163070219.9517600536 7520.7575240731
950000303.5541762114 1241.0935653114
1162976228.9714531898 7515.7948623300
1038143410.9579600096 4223.1519409559
1122713053.4885056019 6463.2191170056
1143396277.3670332432 6895.6296818681
950329444.3437941074 1285.7510505205
950373180.7037111521 1305.1556163110
970855376.9510515928 1993.6671549152
950331629.9686838388 1285.7921266907
1107042842.7990019321 6014.8798691209
971959258.1453895569 2014.4264707648
971079612.6157510281 1999.2188712511
1027117788.8522659540 3918.0802086347
950746991.8611644506 1328.7196013386
1087754182.2436068058 5712.7430293005
962308521.6276351213 1705.8187460297
1159380210.1589617729 7279.6296352521
1011945449.3674660921 3455.8073963551
1000247840.0304604769 3042.6851147598
999457701.8878111839 3027.4921406692
1066974854.8843343258 5014.7804972711
1044392288.6898533106 4508.7047418992
1069687286.2223658562 5121.2501578620
1158857228.2884955406 7263.8603293218
1159139076.3890614510 7268.5442992963
1006413538.5898866653 3230.1978133246
1056229407.9452158213 4720.9234790955
1016887573.0154761076 3610.7671946987
951317828.4488033056 1371.1789663347
1162836001.7257468700 7436.4898312688
1162864379.2482056618 7437.5390154719
1134896832.1161172390 6593.4986972483
1148663100.9828133583 7010.4005229717
1016692820.1234880686 3576.0827891328
1162804008.9872863293 7434.0505680740
1162785778.2020158768 7430.5213302970
1162310904.6015107632 7423.8390859962
1162659007.2514054775 7425.1390871406
1135302070.2888898849 6706.7034882759
1134988777.5637104511 6698.8429888938
974249069.3670008183 2128.0145571722
973599858.2858709097 2105.3477452292
1071263521.2086555958 5126.1274834962
1068236512.4408712387 5112.5011059685
1121588844.0169959068 6311.4243656321
1121068296.5924813747 6295.1122594080
1010715411.0505315065 3438.1157551896
952569350.1854889393 1385.8528131131
1019603938.3694812059 3717.6909050704
1019937144.1316723824 3745.9684276343
1002520821.1338833570 3124.1227290946
1002075621.6948624849 3100.7876441794
1017575314.1989089251 3636.2996034865
1017218358.4597574472 3620.1844730620
952625988.9547799826 1392.5593873643
996907659.9293936491 2854.4316919760
979339578.9925433397 2287.6956462949
978922221.0647104979 2262.1380879216
952933330.3240308762 1419.0200506306
953265537.6811052561 1422.0602539574
977831184.4356125593 2218.0435504869
977314450.3748077154 2194.7084655718
953034756.8953815699 1419.5864514315
952726143.8158739805 1395.9578972769
952753222.5245513916 1396.6530580602
953507744.4248667955 1438.6397673822
952530271.0969471931 1377.0991638394
952487005.9890416861 1376.8316817542
953301281.5063642263 1422.1996375318
1007220341.8261923790 3361.8993962369
952762749.7782059908 1403.6173647207
952556580.6616241932 1379.0311779718
953796373.9692707062 1472.5742487273
953816903.4700195789 1473.1335344770
953658377.1918814182 1449.6909465864
1018396571.5872336626 3670.5379805206
990635686.8280293941 2671.6159316337
990399246.4130450487 2657.2316008842
982507076.7056882381 2346.1314863881
997713838.8358715773 2920.4639691177
955221017.0425863266 1517.2129298373
997509371.7593780756 2897.3045359562
956376259.0824154615 1545.0958154534
985794415.1901793480 2482.3283578749
957660119.6325248480 1609.3066440280
1030297932.2664917707 4083.3843817760
1029990530.8785041571 4068.6776769210
993737580.0056586266 2799.0193355037
958058674.0059089661 1646.9923435715
958016273.9231591225 1636.4452436600
963428750.8165829182 1769.5942563444
958016273.9231588840 1636.4012067947
958040570.9813385010 1636.6825448727
958119768.6519478559 1658.5217436166
958040570.9813385010 1636.6342145657
958551948.7922301292 1698.6034820322
958124332.4368748665 1678.0632362608
958387440.8107428551 1683.4598713784
1012252142.4162528515 3505.2326617165
960922867.6295721531 1704.4098882152
998383008.1687853336 2977.6431030697
997742527.8992176056 2959.9002108162
965132943.1940221786 1771.0130998450
989235038.1834286451 2589.4329310606
966727259.4131641388 1777.6742177822
967750042.5043518543 1794.4868705393
968361720.6083322763 1842.1591840099
968118830.4680368900 1822.1724098697
968526758.0736057758 1850.1399837249
969797705.6909997463 1898.1265048080
981884774.3086763620 2290.0583586635
970029416.4437195063 1915.3973931740
970701826.4707916975 1927.1030807216
970753396.8126136065 1929.1330344592
972770785.9256937504 2020.3377524027
973172988.8116430044 2029.5833059794
973460372.0712782145 2030.1130001955
972961512.2525314093 2025.2123036608
984239206.8073625565 2361.3873119596
985401932.8188728094 2474.1078769304
985513656.2776532173 2480.8970520853
984982057.2189718485 2438.0937649890
984982057.2189722061 2438.1090569183
984933680.9352355003 2437.7910945692
985250001.0766837597 2462.7034185010
984933680.9352352619 2437.7761550226
985016738.2275944948 2439.7208905496
986927008.5673985481 2509.9193244454
1001827774.2052085400 3071.0399574521
1001545977.3962413073 3049.3306373986
1001932310.7263458967 3077.9246768827
1003297990.4417375326 3153.9536752684
1004542998.1996150017 3189.6137659761
1004297500.5654219389 3184.0479943812
1006558916.5993154049 3235.9733633387
1006650542.6450940371 3237.4181582288
1006300851.0780085325 3224.8703832731
1006390267.8994960785 3224.9811426753
1006423439.9837913513 3233.8030891211
1006776101.8742029667 3245.1628514991
1007932132.5687949657 3370.5088954462
1008126887.3395316601 3384.8054083268
1009223540.5426281691 3402.8316180497
1008684367.3367617130 3400.9840645060
1009811635.0822087526 3418.9552507574
1009977284.9641631842 3425.1773301983
1014484417.9315207005 3533.6648074766
1014485253.0243442059 3534.0321142976
1014296346.4558672905 3526.9525251542
1014726808.7355169058 3538.2893573574
1015335037.4241104126 3548.6728591859
1018614900.2122102976 3682.1160219938
1018296867.5630376339 3648.9140255482
1023005286.4168413877 3772.5853382421
1024266094.5245984793 3906.4581655893
1024196674.8977688551 3895.1248917315
1024548335.0627610683 3916.1262697611
1073369242.9343831539 5201.9876621970
1023469984.8580220938 3818.1489928414
1023772395.0158458948 3836.0677206752
1023752068.7714173794 3829.7378718306
1023752068.7714173794 3829.7453722407
1023752068.7714179754 3829.7825705458
1027556723.3130660057 4003.5271985217
1027485940.7902350426 3996.8486399746
1028643382.7827248573 4006.5669739383
1028971685.8505758047 4018.4096510691
1029864578.5855464935 4032.5099415868
1030471477.4239771366 4109.0282215947
1030471477.4239772558 4109.0767845983
1031391073.0084487200 4154.4572689096
1034695793.6703164577 4171.4903355099
1034832742.1856230497 4173.5067639805
1035338601.6804417372 4200.3303004670
1034995902.6948046684 4179.1463175765
1034522280.6626344919 4160.6275968179
1035692901.5279474258 4202.8719787231
1035744069.0226508379 4221.8154360719
1038453976.7275303602 4312.0968621965
1038872842.8415019512 4317.5102408580
1038362390.2133122683 4310.7080116528
1039017220.6011918783 4332.9657860301
1038521191.3229880333 4316.6679241858
1039184805.8294334412 4336.6993707373
1040048492.9263736010 4337.8424962969
1047838791.0694906712 4551.1090164059
1047563392.7194540501 4527.8728052622
1047712054.1135448217 4536.0880080634
1048321596.1943361759 4551.2589411126
1050960284.0667817593 4594.1738653621
1050960284.0667817593 4593.8029737910
1050960284.0667817593 4593.7916365108
1051669991.7207667828 4623.1247007018
1053738388.6371010542 4638.2494630113
1054734893.3334497213 4690.6052140039
1054930084.8290429115 4700.5518761617
1054850285.8214040995 4694.2085346919
1059663704.9517931938 4814.7992646284
1056301263.2056636810 4759.9004431502
1056594080.7247304916 4761.5173324817
1056291801.3529710770 4745.8365521492
1057507315.4013569355 4801.3259178922
1057258492.3935021162 4780.4701411463
1057258492.3935021162 4780.3738410212
1057411481.9650239944 4788.0133802183
1061441352.7165858746 4894.4289957844
1062224974.9512511492 4945.5256900452
1061567469.3968464136 4921.6077913903
1061245035.7813072205 4893.9463252388
1061759541.7855393887 4933.4245920740
1061917894.0824317932 4938.6193832420
1061473369.5572034121 4895.9332236610
1063718015.7174851894 4958.1317353994
1066291120.2460736036 4977.0194863379
1068173418.5111654997 5021.3762133438
1074298841.4450342655 5292.5560472086
1073995656.2919390202 5271.0342061594
1073995656.2919387817 5270.6547632292
1075285457.6729402542 5336.7621213645
1075110326.2837603092 5321.5404466167
1074997807.3844640255 5315.0927120224
1075745225.6197881699 5378.7086441889
1075971621.0560798645 5406.4301811382
1075199258.6502530575 5328.7767846584
1075199258.6502528191 5328.7667181492
1075997163.6001186371 5409.2155672386
1079865632.2524399757 5432.0068784468
1080342285.0623517036 5466.2852990739
1080342285.0623514652 5466.1488187425
1086764014.0979800224 5684.1211557612
1082823298.8622775078 5546.7540531643
1082823298.8622775078 5547.5440693386
1083099839.2910137177 5552.3734179400
1083099839.2910139561 5553.2028742693
1083292540.9000873566 5565.6575568579
1083292540.9000873566 5565.6262210272
1083372417.5551612377 5576.9011629485
1083979922.4530739784 5582.5972935222
1091042160.1295018196 5738.5751696825
1091394732.5621855259 5750.2605159655
1092288273.3560159206 5756.8867312074
1092282751.0504264832 5754.0542922616
1092347976.2419118881 5779.9196363091
1092347293.8462889194 5757.2410154939
1095108969.2748031616 5786.5631140321
1098651968.5269734859 5818.1110098138
1098696712.2446081638 5819.6685786024
1101374965.5692727566 5876.9099416658
1098696712.2446084023 5819.7103445306
1098696712.2446088791 5819.8606993929
1100664405.0184490681 5858.0211046375
1101225264.3798327446 5862.1117390618
1103499736.5050125122 5914.4980955981
1103734277.4021775723 5930.9605796933
1103544841.5890603065 5922.5937948823
1104781929.2467603683 5954.4576285481
1104730853.6503789425 5949.9499359727
1104914524.1739068031 5983.5145053267
1105321896.7260053158 5988.4580202699
1104834605.7609288692 5963.7770896554
1112375987.3931241035 6069.9081285782
