766124632.9860329628 15473341.4160156250
770534174.6911649704 15512705.4550781250
769984563.4957751036 15511200.6347656250
760457699.0416547060 15385301.8261718750
760749594.7684594393 15395708.6269531250
771447064.0028700829 15522393.3105468750
740317190.7744451761 14784399.9218750000
742637556.8108800650 14887176.7148437500
765785430.6147240400 15466243.9238281250
737152826.0330290794 14629437.8710937500
767682767.3033349514 15494269.5683593750
750753657.9484603405 15152287.8300781250
769206659.9062664509 15508227.0878906250
742315161.1783626080 14872465.2812500000
761245568.0985534191 15400222.0136718750
740859905.2511607409 14806854.7578125000
739812118.2904708385 14768519.0097656250
769323863.2294524908 15509283.7558593750
765834749.0164642334 15467374.3535156250
749714121.7042251825 15137647.6230468750
769007949.1784896851 15507488.7832031250
760518477.6498730183 15386276.7050781250
765834749.0164641142 15467191.0839843750
740512394.2832746506 14790849.3105468750
753934997.6852967739 15246194.4003906250
753911330.1323517561 15245229.5957031250
769323863.2294524908 15509356.9394531250
736062791.2845194340 14512060.2949218750
747425211.3758226633 15074142.0703125000
760591152.5049116611 15393413.7636718750
744466481.4693053961 14968743.7148437500
772980440.9712064266 15529754.4472656250
753255728.9183347225 15236595.0253906250
762176288.2915513515 15413080.9042968750
740398691.6249219179 14784593.6601562500
763310359.5556147099 15428508.5917968750
739122429.3988758326 14720239.0390625000
740632538.4129983187 14804916.5683593750
739325516.0987075567 14733701.3046875000
734753731.0027575493 14361666.3769531250
741473152.4137980938 14832619.6503906250
761445507.8697398901 15407392.3222656250
740767360.2620769739 14804919.8242187500
748919475.6764458418 15121628.2812500000
751626133.5509952307 15185538.6914062500
748827000.3349077702 15118285.9921875000
748919475.6764459610 15121658.8320312500
765842017.4975237846 15472903.8261718750
766722699.3358258009 15481836.7832031250
745842338.3270045519 15028457.0488281250
745181490.9011143446 14991410.0371093750
761675125.5708805323 15409776.5878906250
767484282.8634848595 15484606.0957031250
746071910.8570334911 15033520.2910156250
740934185.0940508842 14814972.1386718750
745309582.2774825096 14994574.9550781250
748919475.6764458418 15121616.9960937500
743476473.9099342823 14930816.5234375000
769571932.1873992682 15511087.7597656250
756764684.5873245001 15312093.6582031250
743985627.9896764755 14948822.2968750000
739608349.0398657322 14756032.0664062500
741157167.1880009174 14826247.6347656250
745992224.6689326763 15033503.6035156250
735216864.3582404852 14425169.1210937500
772403489.3189619780 15528865.5019531250
765163885.8050800562 15464027.0527343750
735392949.5116145611 14455303.9472656250
764606155.8121000528 15449387.7988281250
766140899.0712637901 15476042.2753906250
734852690.7983670235 14419655.8320312500
772277263.0467176437 15528824.7011718750
769007949.1784896851 15507044.5566406250
739282326.3643181324 14724752.9804687500
739696505.3996288776 14756956.9238281250
766760269.0537682772 15483729.1035156250
759754965.3073576689 15371273.7753906250
743946790.0399158001 14945411.4511718750
760424528.5039943457 15385170.1386718750
735233755.1495389938 14427909.0156250000
745319138.4819207191 15003587.6113281250
744559268.6575119495 14976033.0507812500
735349646.7252868414 14436878.8320312500
735084970.3964705467 14424211.4609375000
759272852.6665034294 15362044.0957031250
758173278.0380548239 15345728.1542968750
736494041.8135308027 14554473.3066406250
771728256.1519366503 15523379.3769531250
746201697.2112592459 15034447.7539062500
744224652.7697954178 14955749.8046875000
754573728.0040520430 15265088.4863281250
746209165.0944843292 15040864.8945312500
751925478.2505322695 15195722.2539062500
740840824.7295063734 14805101.6367187500
756374724.6998637915 15308183.5449218750
758914408.4892868996 15358710.5839843750
747369303.0701432228 15069668.5488281250
746220535.2566940784 15042764.4492187500
736819505.2284268141 14563467.8808593750
765036811.6708680391 15460614.6191406250
736006741.6238667965 14495519.7031250000
735790434.0882279873 14489978.2460937500
736533551.4150738716 14562826.6035156250
768687891.3291405439 15501811.8300781250
740302636.8426200151 14779289.1777343750
792949997.7122222185 15587105.0605468750
744208879.8195675611 14952937.2656250000
754298740.2038736343 15263395.0175781250
754257770.8522695303 15257488.2636718750
766336967.8912214041 15480629.6230468750
736977077.0863045454 14571810.7753906250
744949632.5190253258 14989397.1718750000
738009908.1479738951 14645464.2714843750
738650909.9599323273 14683211.0468750000
738018567.1967320442 14651978.5136718750
751115169.0572909117 15183571.6015625000
735584138.8974282742 14469018.7617187500
736874193.9239112139 14567189.8417968750
755486799.5391868353 15287972.2363281250
760061993.2729769945 15379239.6191406250
738482170.2621895075 14660945.8027343750
745401763.9245626926 15005555.1015625000
739512710.7042473555 14740009.0058593750
755350354.0032892227 15284739.9667968750
760261282.8695111275 15380483.5878906250
759122123.6372255087 15359431.0214843750
736238281.7373093367 14536858.1601562500
739005576.3686898947 14710420.2851562500
735314326.7177050114 14431258.6347656250
740077578.7134841681 14770925.8085937500
740095002.1729892492 14774250.6210937500
738526299.6065483093 14677134.0234375000
788228450.4091355801 15578993.0566406250
745401763.9245624542 15005549.3671875000
747672029.3716237545 15083306.1132812500
745573340.4889578819 15017706.7011718750
747572644.8207409382 15078250.3945312500
749605739.9703432322 15134187.1601562500
757836166.3416705132 15334784.0957031250
752900808.4202295542 15223918.5800781250
739024169.9354060888 14714520.9453125000
759432330.3254047632 15364302.6894531250
748150444.7570267916 15095164.7500000000
759958028.3866074085 15372674.1074218750
749605739.9703431129 15134067.7031250000
756063849.0621367693 15299926.9550781250
756063849.0621362925 15299786.9550781250
754973982.9264494181 15274562.7207031250
745804153.7449247837 15022806.8730468750
755187027.3153107166 15281783.8847656250
753646367.0233266354 15243326.0292968750
754796532.1181662083 15272120.3027343750
757420923.6672651768 15327205.0878906250
764724591.8936498165 15453004.0878906250
749508509.0917414427 15130934.5703125000
750876032.6005264521 15175070.3242187500
745779888.7852528095 15019892.6757812500
738525944.4048918486 14667736.3867187500
736410509.5146212578 14541771.8769531250
771831931.1155323982 15526790.1347656250
771274216.5229793787 15521191.9824218750
737041728.1556569338 14584814.7226562500
764862932.9728864431 15456641.9980468750
764315581.1125544310 15448449.2089843750
764862932.9728870392 15456684.0957031250
763871926.8099997044 15444729.6113281250
738857827.6483618021 14695316.1523437500
736480074.7872581482 14541869.3222656250
738539415.3849093914 14677628.5742187500
738857827.6483618021 14695115.3457031250
792228894.5778961182 15585298.4316406250
787805655.2280197144 15576132.4667968750
765995726.4010616541 15472949.4667968750
744423504.2138398886 14963279.6738281250
738664063.9266648293 14685692.8359375000
737032211.2091766596 14573645.3066406250
752479916.5661395788 15217865.1699218750
753320789.5709960461 15237326.5371093750
752630968.2659864426 15222088.7910156250
762921274.0729793310 15425452.8378906250
787707424.0154793262 15574420.0253906250
741738256.6794772148 14845854.6113281250
792122871.2569677830 15584835.5175781250
744088967.7321981192 14951300.6601562500
771009851.5550316572 15516703.1621093750
770594947.7602237463 15516508.0214843750
792496937.8767186403 15585815.5839843750
762479392.8748595715 15419871.7207031250
752330730.7490769625 15208657.9902343750
790376114.1260383129 15581276.8261718750
744751447.9315036535 14980874.1113281250
747941267.4814243317 15090441.9531250000
752910641.7250558138 15227567.8652343750
752144627.1047539711 15204506.3378906250
742117592.8714827299 14871787.3203125000
743692321.3708276749 14943518.6015625000
741859714.0837634802 14858816.0390625000
753253228.7045257092 15236339.5996093750
741859714.0837635994 14858818.3398437500
741944256.7674747705 14868083.2246093750
743233092.7868211269 14929240.7890625000
743367973.0146619081 14930252.8730468750
742798186.6776406765 14907820.8925781250
773339788.4607447386 15533752.3027343750
771042213.7706481218 15520578.8144531250
773589087.8058708906 15537441.0527343750
742664843.9196051359 14896808.8535156250
789353463.1695452929 15579185.7597656250
737953906.6681210995 14639505.1894531250
774897146.0746730566 15541896.1542968750
737953906.6681212187 14639556.5996093750
763402102.3667721748 15433809.9238281250
762195681.4954856634 15413514.0527343750
773219876.8059840202 15533548.2910156250
775083998.3741909266 15542364.0058593750
773198032.0043978691 15532444.7558593750
737836251.2406277657 14639151.8339843750
773219876.8059834242 15533365.8339843750
790700235.9142938852 15584446.8535156250
776669305.3286325932 15550230.8144531250
742369309.1582646370 14883150.2695312500
749136071.5572957993 15123256.3476562500
749147589.8213697672 15123352.2578125000
738228319.8034067154 14655076.9902343750
741558885.7211474180 14841333.4218750000
782363940.0354614258 15568343.1542968750
747448533.5450756550 15075225.1308593750
744811489.7418937683 14980979.3554687500
741241379.9234477282 14829345.7714843750
741360177.6044012308 14830966.1093750000
749945698.7505975962 15142373.3691406250
750104202.2229775190 15149980.1113281250
750229969.5258312225 15150500.3535156250
742777157.5365189314 14898867.8867187500
744262345.5613183975 14959641.5898437500
742510438.9401283264 14886298.9218750000
750038042.9250463247 15145832.5566406250
742510438.9401283264 14886377.7109375000
754987928.9352531433 15275791.7363281250
742985134.0533342361 14911257.4746093750
775753316.0685782433 15547093.2050781250
746639178.7658703327 15052662.0273437500
746855055.2966278791 15059198.8710937500
775519008.1971470118 15546863.4589843750
751055847.5114438534 15177066.2285156250
775517987.2158230543 15545683.5722656250
750839970.9806860685 15170778.9550781250
787011254.6695437431 15573883.1699218750
752325887.7210451365 15207165.5351562500
762278439.5850986242 15413519.4511718750
754004018.8536721468 15256241.1972656250
755908255.7315725088 15296620.7441406250
747087581.4767706394 15062051.3203125000
747791646.2433757782 15083523.9335937500
755384357.5601447821 15285185.6113281250
754679417.9176037312 15269778.9433593750
775501319.7294893265 15543750.7207031250
753507342.9212968349 15238341.6347656250
758632725.0420272350 15349312.2910156250
774493320.2825256586 15537954.5917968750
758865687.0773240328 15354277.0097656250
768339286.9858230352 15497266.7285156250
768415958.9079535007 15499792.4628906250
767204778.0317459106 15483944.2636718750
762356907.6309399605 15417705.6542968750
767193063.8209460974 15483897.7714843750
752397696.3966301680 15210338.8378906250
758050918.4339506626 15341157.5058593750
758327602.3350415230 15347875.5644531250
759069325.6676956415 15359060.9316406250
761364031.8288004398 15400747.9980468750
763652100.9940671921 15438045.5527343750
757380771.5138827562 15326752.8261718750
787258835.7954950333 15574074.1972656250
781098212.1251423359 15564009.1894531250
756906500.9739799500 15318533.1425781250
756909656.0194553137 15319040.6425781250
786663765.3592556715 15573189.5527343750
762011951.2919319868 15410202.5996093750
779066567.8023308516 15558856.3925781250
757186108.3153748512 15324603.8886718750
778992478.0263367891 15557802.2324218750
757572375.2582721710 15331835.0527343750
780384809.4445854425 15561599.1425781250
780530614.1673741341 15563409.4472656250
780072118.9406176805 15561482.6855468750
787789166.5135383606 15575020.3378906250
778070938.8296000957 15554692.8730468750
779239636.3287264109 15560832.4199218750
776584652.1747308969 15547999.1777343750
777358621.9856281281 15551728.8300781250
778247217.8425744772 15556451.6503906250
755903637.7105754614 15295943.6425781250
777390450.1867543459 15551731.7714843750
786549141.1156679392 15572425.1777343750
776996578.3572685719 15550780.3925781250
778147839.3292710781 15555171.6230468750
785870423.9988853931 15571577.1816406250
