698245046.0043467283 2715224.3807373047
701848102.4833999872 2975997.7763671875
701848102.4833999872 2975985.7021484375
707981494.6842205524 3319751.4603881836
698028883.4164745808 2694866.6465759277
701916810.3175225258 2983403.6581420898
706178312.2515177727 3231097.0603637695
711295016.1054980755 3461283.1566162109
706178312.2515180111 3231211.7427368164
735233948.9142936468 4206749.5546875000
697865932.9729758501 2677881.9244689941
701402637.7304179668 2952724.0156860352
706748075.6792746782 3247052.5288085938
706019869.0135545731 3227139.0839843750
700256363.9642882347 2863100.7612915039
703805516.9908571243 3095095.7103881836
710804543.2842056751 3452551.6210937500
703125053.5565260649 3069362.7581176758
705695923.9510968924 3205833.0545043945
698028883.4164745808 2694851.9728698730
711826287.7691732645 3490012.5991821289
800599364.6094620228 5028443.4885253906
800197301.6340967417 5028095.4152832031
836311606.4061340094 5412114.6123046875
767105185.1500450373 4707161.8122558594
699098801.1522599459 2783793.0333862305
698849028.7334774733 2761701.4619750977
698336641.1680819988 2722337.9221191406
701657175.3110017776 2972348.0933227539
702682981.2262712717 3031735.8789672852
707882698.3031435013 3319379.7308959961
718524941.0468840599 3731795.9079895020
718160024.3261419535 3718137.0459289551
703004481.0666900873 3057961.8828735352
700846951.9872909784 2912986.8820190430
704069197.8209873438 3130459.7826538086
699869256.4945853949 2840407.3141479492
697243742.6244940758 2628624.1246032715
835713160.4271824360 5406002.1337890625
701483122.4476695061 2956619.3959350586
701230096.9695134163 2936921.9974975586
699364802.7352560759 2805232.1140136719
704870551.1130932570 3172271.0279541016
701441428.5711662769 2955092.5184936523
699841727.2001701593 2839274.9108886719
700299822.9272594452 2869971.7005004883
701913650.2724211216 2983032.1144409180
701566827.8654109240 2967265.7913208008
705760661.8422154188 3210856.2556762695
735287728.1076661348 4214635.2941894531
699196186.3151147366 2787571.5778198242
698941842.0806508064 2770215.2713012695
697901061.2820185423 2684191.8016357422
698723118.7571223974 2753579.7677001953
697867134.2616024017 2678889.2283020020
766335950.3882006407 4699897.1437988281
698026061.5085370541 2694726.4845275879
697961196.5232267380 2686981.9275817871
700763060.1687263250 2906812.5294799805
821702877.1562019587 5290513.0102539062
700077595.2310119867 2855822.0184936523
761087698.6356543303 4585510.1018066406
760980313.4115101099 4583217.8391113281
700377233.7894123793 2879319.5076293945
699055131.5235339403 2777900.3914184570
698931252.5778512955 2769972.6763305664
705853026.6964099407 3217715.9695434570
766634620.4552481174 4701418.3039550781
704641318.7590301037 3160990.5060424805
767020110.3608933687 4706803.1589355469
766494959.9958670139 4700898.0246582031
709848657.1247866154 3409662.9091186523
709707325.4512456656 3406626.2027587891
825259541.2390235662 5314101.8085937500
766990439.8156791925 4705324.7387695312
703953313.4018405676 3121132.2326049805
767130931.7292103767 4708221.6054687500
708432432.9578591585 3350824.3803100586
704799295.0518984795 3166497.0471801758
700319961.0084499121 2874540.3463745117
835463462.9129745960 5402615.8417968750
708077862.6500178576 3331114.3641967773
766668357.6202468872 4704015.8347167969
703223379.8894267082 3077721.6588745117
798008990.6207487583 5004713.3449707031
801381172.3111479282 5029897.4121093750
806719068.1502802372 5094500.5791015625
727234508.2980283499 4013640.3769531250
705916586.4777336121 3220356.2876586914
703301520.4637326002 3085030.4041137695
735631545.9473897219 4231248.4724121094
702192090.4100110531 3003669.3313598633
702765294.5539450645 3038767.1188354492
729178449.3846703768 4066699.0816650391
764567469.8588907719 4656402.6901855469
727527722.3977082968 4024624.0730590820
702762284.4510604143 3038736.6821899414
714202976.6649879217 3577610.1461486816
710527681.8114116192 3443275.6730346680
765428532.1859050989 4668103.7346191406
709892292.4980753660 3411117.8281860352
710493153.2060887814 3441652.2536010742
702003287.7287620306 2985813.8312683105
700587487.7872914076 2893850.4719848633
735414817.8689386845 4222599.5656738281
766852319.3709135056 4704911.8054199219
711914970.4568302631 3500725.5223999023
711301622.4486646652 3480506.9247436523
800085390.7790418863 5005450.8359375000
703377204.8770247698 3087671.1125793457
710527681.8114117384 3443276.6886596680
709927932.1053186655 3421186.2360229492
814680688.2650460005 5227262.7036132812
814804226.3251256943 5232251.7817382812
827740682.8326869011 5334916.3857421875
827562887.5378141403 5334839.7275390625
767061534.2553564310 4707099.3508300781
774663484.9753490686 4737404.2272949219
797616007.4561295509 5001151.1140136719
707771468.7395516634 3317785.9388732910
707415359.2974063158 3295644.8556823730
767270845.8355014324 4708347.1691894531
835251457.9555939436 5398448.0517578125
770244958.3127355576 4728357.0725097656
810319586.7257955074 5158972.9477539062
819852798.5908318758 5278034.6513671875
829932980.1989598274 5374659.7597656250
709865488.5852515697 3411113.0399780273
791969103.7848019600 4960042.3159179688
792296215.7089221478 4965469.8012695312
708558849.3698381186 3359560.3739013672
712883401.6256067753 3542399.8217773438
757279987.8026875257 4568113.9716796875
766220666.9986288548 4689051.1174316406
759393792.4385982752 4578695.7294921875
711954412.4416310787 3506649.5955200195
705442639.2409224510 3198733.7806701660
712516506.2314012051 3528984.8884887695
802893558.0235918760 5069682.7036132812
811877806.4350385666 5168818.1337890625
706882152.7432941198 3266766.2108459473
710215084.9240585566 3437501.9315185547
710197056.1763107777 3433104.1350097656
828433909.8589872122 5335316.1328125000
706225670.5936695337 3234430.4731750488
826377101.7552270889 5332196.3286132812
732585154.9178516865 4160278.0203857422
762708047.5645737648 4604858.3801269531
803881552.9269560575 5069893.5981445312
787676425.6689268351 4899988.0197753906
730563434.8047192097 4108247.3769531250
730063360.6385850906 4104207.2412109375
795028126.2866597176 4984889.0212402344
732367248.4767992496 4156064.6976928711
731657793.9344582558 4132572.0697021484
806985292.3187762499 5105005.7114257812
806879983.5802173615 5102678.9956054688
791802001.7743453979 4942974.3312988281
834982663.1753852367 5393227.0410156250
710130104.0504987240 3427231.8721313477
729385672.4966008663 4072345.3685913086
818034569.2756747007 5254038.4575195312
732870287.1234741211 4168188.8421020508
829263425.7590391636 5337148.4682617188
829068053.9934736490 5335612.0571289062
733129424.3340287209 4175204.0191040039
710126882.9348315001 3427043.3474731445
781049703.3800461292 4864202.9714355469
729590595.1231822968 4082485.3764038086
729590595.1231818199 4082458.5966186523
783302929.2046595812 4893863.2082519531
728038127.7487078905 4024641.3360595703
834615458.2856661081 5392834.4941406250
729840091.3290991783 4092670.6298217773
726494404.6517829895 3993678.3636474609
777798764.7282193899 4760894.5461425781
777312942.7775624990 4760352.7043457031
790931947.0720770359 4936075.2756347656
736032459.4820380211 4243756.5683593750
735734331.9472146034 4233850.4372558594
709229886.1275496483 3388585.3880004883
731777148.5027265549 4137083.5460205078
731160186.1370928288 4123563.7158813477
732847800.3958466053 4166462.9077148438
833748145.5342903137 5391327.8012695312
816979668.9079656601 5240024.7734375000
817069472.2223086357 5242840.9052734375
812476812.3411381245 5204418.8710937500
732723459.4389588833 4163935.0714721680
795494208.2614878416 4999429.8381347656
733409144.6871170998 4186943.6443481445
733279718.6796711683 4182131.7424926758
728188809.3050184250 4029950.1813354492
717227001.2632431984 3711652.7999877930
724523280.7714515924 3927579.3093872070
715707873.8077987432 3648231.0103149414
715755248.3410047293 3653474.6890258789
822073351.8035018444 5310586.2636718750
707185397.8739340305 3281357.1957397461
818697039.7141178846 5269057.0537109375
834106949.1874963045 5392670.9458007812
805851535.4319964647 5092007.5551757812
715523498.2279819250 3644799.1194458008
831198767.2914239168 5382878.7392578125
725011908.6480362415 3945356.2053222656
707474707.2948218584 3297813.3866577148
714703163.6671469212 3602787.4506225586
818626976.2920588255 5261941.8969726562
722169522.8148906231 3869197.1608276367
724920745.1796178818 3943395.1810302734
733842273.3138743639 4195875.3444824219
716111590.1669956446 3671185.8386840820
722860830.4576592445 3904373.0534057617
716856645.6795413494 3701779.2526855469
758790828.6197668314 4576580.8439941406
731017264.0603113174 4122149.0095214844
715889491.9470869303 3659173.7842407227
716172247.6376894712 3676956.2114868164
762615282.3761475086 4600030.6195068359
787523105.4248743057 4898603.6452636719
714780554.9012852907 3606367.0787963867
815727156.0607324839 5234857.7314453125
717008949.8256776333 3706145.2172851562
715350242.8396505117 3635156.5988159180
721878884.0470643044 3862234.6673583984
722506397.9286741018 3886129.8900756836
717038258.3312608004 3709785.9731445312
720498432.5493512154 3826098.4661254883
720848147.3348184824 3835774.2687377930
723882721.8249859810 3927467.0512084961
720099652.6810952425 3812471.3491821289
776434501.8365962505 4748601.7587890625
725408905.4151743650 3962673.2286376953
726236663.7710965872 3981072.4617309570
791836947.3196716309 4947635.5644531250
718842487.0519638062 3777451.8323669434
718583149.2058705091 3769728.4359741211
722626483.5006424189 3888582.6581420898
719478898.1003196239 3785139.3174438477
721337698.9220874310 3840364.4779052734
721552568.3269555569 3843985.8706665039
713556223.0303208828 3571942.7126464844
713194594.5163425207 3546785.8565063477
724830439.9403699636 3938417.9257202148
713345533.6605299711 3550528.2326660156
719194240.5218644142 3784860.7011108398
719737001.5258268118 3800201.3522338867
714283275.0337548256 3588955.0924682617
789690447.8055806160 4909671.2270507812
802648993.9615789652 5064619.9326171875
789596625.4971871376 4907530.5864257812
809323441.7844556570 5108493.2285156250
764022553.4964463711 4635222.8332519531
809808402.4109966755 5121290.6743164062
736825049.1663465500 4248890.7452392578
780117826.5233957767 4787024.2231445312
737231644.9911570549 4251342.7845458984
742250818.5229654312 4349960.2072753906
741960837.8182623386 4340381.5769042969
738069113.2217235565 4275213.4632568359
742694952.2053616047 4361293.5760498047
737669932.7693207264 4263908.5892333984
739192411.4908496141 4301488.7047119141
740032948.4364657402 4313949.4188232422
739837293.0052055120 4308227.8953857422
742500190.1888442039 4361281.1844482422
741514204.0624549389 4324820.1912841797
738772303.2302829027 4282045.0936279297
741804029.2758718729 4331108.5711669922
742935252.8154476881 4372919.3084716797
738476504.1403311491 4277373.9185791016
743575318.1745667458 4381205.1761474609
743112466.3656126261 4377211.7469482422
743793295.4588102102 4388704.6956787109
741290271.7976988554 4319736.9007568359
752108827.3057245016 4485065.0970458984
753485297.1331235170 4514597.2169189453
754119034.9191766977 4525104.9592285156
756395425.1606541872 4561077.8225097656
753594277.5468763113 4518630.5332031250
754042492.2760020494 4521069.0103759766
746228177.7208969593 4435686.7492675781
746690458.6773699522 4441016.0458984375
746548647.5018223524 4440691.4851074219
754834959.3403500319 4525590.0085449219
746332017.5249955654 4438362.2512207031
754872431.6528279781 4544668.3305664062
747628217.6607953310 4448236.9189453125
745075395.4315309525 4411234.9847412109
744718352.1054737568 4402780.0681152344
747698032.3542964458 4454201.6501464844
752192138.7125146389 4499802.5728759766
755506874.0941773653 4555280.1542968750
748072760.8137155771 4454924.4631347656
748491828.1650271416 4468153.4221191406
748330553.6642162800 4463376.4270019531
751811953.7979979515 4479672.3358154297
756495021.2112138271 4565976.0852050781
761816890.1922545433 4597203.4792480469
760776223.8398989439 4581414.0996093750
