643907507.3260151148 490574.5796774011
650203041.7835823298 656591.0370927615
649646481.3350598812 642803.8936641676
647688143.4777190685 607592.1025649272
649262655.4091812372 641895.8352058394
674314700.5872615576 969317.8809576482
655968530.1776843071 765508.7288240994
652385462.9038820267 693848.9808059963
642451687.9446933270 411301.4912317353
646684503.5862643719 586359.4296580236
649532844.1628537178 642701.2034549396
646317429.1588134766 568131.8149861824
650369945.7434357405 657173.5904352231
648822870.8584779501 638799.9039180739
649205453.0044188499 641531.1262214644
649754368.1012402773 649780.7658699019
674349458.4825696945 972866.5693121403
655465398.7109451294 761608.1771883572
764691729.3071821928 1608905.9736633301
642519454.2725176811 419059.0420129853
642792549.0064730644 435728.7160909395
648415107.6678266525 632930.7872188551
648672074.1922870874 638110.7071407301
648732902.8468408585 638652.3082149489
653985949.6764695644 732843.8105825308
643196413.6944574118 460142.3304667454
643519286.8690325022 471452.7118167989
647144875.3898919821 597110.3041437548
647416364.4756398201 601491.5905123632
648320742.9070926905 626369.8933688086
648402947.0709656477 632767.6086433394
734618210.1326229572 1325022.8113413127
642653385.9095498323 425966.3586633760
642825555.1011513472 437382.4354512910
643533416.0484124422 474556.7894853465
649223212.1727077961 641588.2492683394
653014406.6533752680 706270.0897351834
665645185.2857809067 883065.6568600995
643322229.0883775949 462580.1515138132
646296559.1270191669 567786.9698781502
647970574.6519896984 619039.1163912695
650032732.5373722315 650585.1630892319
653964078.0759706497 728714.4146474722
642578684.9036800861 420342.2427633028
643083888.5531092882 453462.0780253392
648334918.7703745365 632761.6129024489
665861447.4392211437 885809.3773801191
653085870.0557310581 708625.1954265865
650816071.1658761501 657520.0534524063
653973889.5239598751 730076.6142934683
647631693.9370346069 607211.0063124858
647342970.6830635071 600252.2767897807
646915650.4854786396 593992.4378329199
647131807.2154421806 594757.9384127539
647225752.7545722723 599434.1542709334
652729364.4549436569 697838.1680618557
643616525.9448863268 479025.2475208981
643835555.2641389370 490444.4701758735
647759231.4361360073 617822.5470553320
647009781.7067930698 594363.7435653670
648141814.8476212025 625661.2360847456
644421729.6942745447 510544.0784247331
661904385.2051888704 854587.0877717137
665345315.1533367634 880715.6399533612
643466763.8015135527 471152.0278525098
650181752.8085371256 653789.4641120894
662396131.2365388870 857389.1445323611
643670612.1203848124 482462.9008606417
645464359.5523868799 545986.3024432193
645960888.3687382936 560176.1486081611
649736669.9661951065 646547.2883308394
642683656.6903190613 428099.7935445528
644129612.5436233282 502756.6017959397
645717424.8019181490 553743.8532244693
646269355.7531503439 567117.2075032722
646046617.9685943127 560677.1290769111
653630629.6136512756 721768.3173987654
643360251.4019505978 462807.2157227976
643565001.9113653898 475608.3375492208
643781855.6703706980 487178.2340515597
644084440.2731662989 501916.7363110445
644474647.7402863503 513951.8059712928
646051522.2629915476 560691.1393308174
646178721.8588970900 566602.2167806160
646264451.4587525129 567103.1972493660
643737317.1542870998 485988.1604791625
644047518.1490542889 498373.4382269128
644836803.4819563627 526042.7275345437
645900258.0022095442 559357.5092875492
646849573.2640184164 586952.4530955236
645833059.9355876446 553899.5363173797
665744914.2255188227 884078.0953976972
642621056.8150051832 421810.7329309541
647419812.7317315340 606445.2155464155
644497480.5649441481 513981.7318188362
646628689.2586948872 585350.1174593847
665815505.3190356493 884192.2150876386
642753136.4036951065 433105.6534078340
642969301.1649975777 448802.7781490604
646320008.8429921865 571255.2608801108
646139282.7426457405 562539.3985544425
642730990.0413579941 429503.6726339082
644398896.8696167469 510514.1525771897
644912554.3526259661 529482.1770987622
646574562.7017989159 579241.6362009924
642814862.0417697430 437261.2791402559
643451693.7155542374 468928.0851078145
644657170.1712900400 520801.9153257994
661212747.4525749683 843879.1754792333
644002979.6329706907 497183.3268218978
645269006.3874988556 542347.9368651342
646430073.7590867281 579194.9023142736
764871959.7477065325 1612424.9613342285
643292342.5748316050 460356.2087691179
644718732.6178424358 521672.6724391095
645070536.5506894588 532716.9231006484
765030894.8709486723 1613306.5980529785
661073143.1929988861 840952.0985749364
646749403.2378009558 586606.1927841170
642853384.9204727411 444890.2016866426
743109745.2384686470 1406214.9864398241
743369045.0154381990 1410971.5180255175
665964655.4859098196 890955.6107785566
652623945.6481812000 696966.3233352932
645138975.8788709641 536156.3726648670
646145433.9051781893 564246.5977454497
665437244.9739935398 882823.9105832441
655501012.9973547459 762690.4113192166
655396539.9361623526 760831.1820711697
665884518.4850953817 887005.1723019941
747822210.7601534128 1478412.5253305435
644606373.8010941744 518233.2228748910
673839305.5150705576 967132.1344976872
653892537.4620391130 726163.7122918237
659857963.6861454248 820065.4487023896
653893097.3337996006 728623.7002648939
717315126.7611933947 1222337.8610493243
645837168.9793593884 557048.0563746300
661540404.1148601770 849388.9825213302
661336069.2174793482 846612.6226928283
645351419.8444002867 542630.2833217289
687653891.2612863779 1088758.0571259873
654993673.9621858597 752430.7118681826
654528028.4755258560 740028.6662608720
656424677.1416186094 773436.8554110135
654651675.9859962463 742137.7857141127
654051631.5344139338 734380.2349328627
656339249.2441674471 772725.5385164822
655028805.1605700254 752764.5204619326
677609458.5954885483 1008034.5075134486
661342910.4984638691 846760.3800170470
661515889.4465857744 847703.3314969589
668859291.8417344093 910268.7340035189
658341164.9151769876 801470.8722949571
655578318.5463376045 764258.6871981228
674736809.2622616291 978297.5925684422
664123323.9383753538 867854.1456675045
654980303.5111758709 745624.8354651716
677525068.9404892921 1005564.5509704798
656394671.0475524664 773227.7958407010
655320336.5516487360 756747.8431877698
660752049.6601438522 828305.0971029637
674771476.1738669872 980044.4523859471
674451942.0117489100 977229.7298365086
661825803.6430660486 850165.5660679389
755822210.1933177710 1544328.1892089844
658357912.5586628914 803212.8147998399
661869608.5872976780 851183.4515478064
654191590.0839111805 739092.5312920205
653439446.6223831177 711170.0229263771
649732585.5386875868 644270.5947617292
661675537.9324222803 849574.0913074065
654797303.8463779688 743701.5723902967
650830407.8979333639 658445.1199990166
651264506.7058665752 674036.9888712261
651503090.5950272083 674484.5918727964
673872920.7556283474 968985.1462793797
650842226.5730555058 661000.3416787041
652084796.7626860142 681847.7858425230
651873768.3740565777 681468.9177813679
651752264.8320007324 675572.0526882261
650602618.2052333355 657416.1528894901
654738928.2384330034 743646.3634059217
657945236.8101564646 797845.0074973649
723425124.1738195419 1253195.6386834076
653381071.0144381523 711114.8139420021
650107786.7407933474 650928.3641396416
753762569.0489480495 1537745.0785675049
652223679.1591743231 686630.8296524137
760497992.6673333645 1588684.9178161621
660442959.3108803034 827502.7516928613
666989708.3435387611 895705.1088127997
661769002.7166138887 849855.3547351409
650998441.1867386103 667351.3825088590
651083400.0475609303 671883.1217666715
651255914.3103972673 673526.3029190153
669744548.0029373169 917771.7425639480
669345953.6601951122 914511.9913432449
757665821.4576278925 1580506.4697380066
672582672.7366942167 953294.2975374509
658734312.2061413527 813437.4329671210
669033244.1641637087 914436.7561566485
653570354.2967525721 712185.6262604786
658622429.1793745756 808256.7904193944
651701164.2523843050 674508.1425929001
658066591.1370968819 799389.6318500584
667523198.2946854830 901251.1199443191
657681004.5455553532 790426.4801166600
665145481.5195825100 877193.9645170271
671499107.4574996233 935372.4458418621
658433370.8129423857 803771.0059955663
658557579.0661461353 807010.2425678319
658243662.2067482471 800940.5368793553
659293468.9180029631 813452.0336652307
668869476.9275982380 913690.9820659012
660785798.1415090561 840647.5843676776
710233935.3397408724 1177991.0258967930
659710386.8724982738 817030.9981220311
684831912.9542994499 1055654.4294465641
675070970.8576842546 982612.6362548210
675917844.5567101240 987744.2678771354
664627549.9959605932 868879.9175534546
664775589.7608373165 869037.5103437230
664965554.0129076242 869576.6560406983
675934200.3384766579 990955.3882384636
674696874.2652463913 977998.2987302281
674876274.0745712519 981025.4504027702
667209563.1143726110 897162.9363238662
692360469.7730687857 1116395.3740147110
667224809.5071291924 898362.5684306473
667157623.7118535042 896827.9697978348
691814813.0734798908 1106574.3721277472
666970979.7046010494 894919.2233378738
692786610.9005776644 1121679.1913675200
691851956.6597765684 1109726.9236013629
715390912.8431211710 1196258.2106770270
756557088.6429157257 1555611.9973449707
756487487.1501698494 1554462.6596374512
667367738.4498978853 899622.3362792027
675271010.8979660273 986729.2463068143
672789546.1442409754 954920.9156081975
672611012.5691699982 954689.1647537053
757669397.2895561457 1583191.0395507812
674933795.9630566835 981274.2553344108
670970549.1396784782 932379.8602535469
670510203.6657423973 924827.0854601008
667760148.6103358269 901882.6747305840
739136409.8347600698 1353947.9378700256
668315190.4797216654 902390.6017561182
667775160.4514476061 902197.0223036273
688998749.9382729530 1103192.5839576181
669376413.2622473240 915977.8671091199
663072784.5036774874 866430.4614625424
676909768.9876098633 997719.9333949424
676319770.0928938389 994360.9663539268
687781752.2812403440 1094986.0023593120
755812934.5147913694 1540332.9010314941
692538524.7656912804 1118875.0324319731
684369006.1327705383 1054322.1706648059
745886024.8546823263 1417076.6773748398
669964328.0649665594 918184.7655180274
690843381.0174219608 1106227.4936174434
690684438.9656298161 1104805.3716539424
681509145.4091414213 1037433.7733827146
693035780.6254674196 1123610.6016916167
682652223.2600629330 1042545.1819839180
682419265.8074696064 1042239.8843764961
693475222.2706912756 1132574.8519357573
691896786.9282921553 1115510.5798223149
693161778.6268235445 1126296.8880418669
693321606.8803461790 1126876.1629115697
693056246.5788767338 1123768.1812814604
693056246.5788762569 1123653.0870431792
678880429.5657200813 1009772.6413097233
704644529.1152931452 1170665.9467237499
678989316.2738504410 1010569.9601317984
679689901.6352708340 1015190.4423968275
685372449.3034863472 1063665.0422331109
672509038.5932751894 946176.9189022651
731272001.9822090864 1306106.6539827585
751135767.7741230726 1495849.1647567749
740295575.4421062469 1376201.9445120487
721912211.2366617918 1242094.8550150669
732604040.0864880085 1319196.9712764386
726075543.0016591549 1266249.7644081637
737449138.9071736336 1331805.8709496260
736343982.1859160662 1329167.5140341297
730090880.7599169016 1286395.6316457987
704437140.0802909136 1132885.5470872130
704323932.1163418293 1132705.9520402160
716902669.8803679943 1207470.8418085421
725940036.3286077976 1256238.1530644782
738135983.3118628263 1340491.5880344920
712404695.3775652647 1185597.8995846119
710822436.0233871937 1178677.3335062084
711601501.7667877674 1181084.0125506935
713000642.6713072062 1190110.8389128037
712773478.1382812262 1189565.4840238877
711263990.0721192360 1178860.1547862110
713950501.0286070108 1190646.4376834449
