268972709.5588213801 2696.6906814463
271169594.7427656651 2881.4269554048
271603479.4857853651 2915.0889577735
275073775.0566954017 3145.4540584087
274853383.6532558799 3127.9331791401
267205045.4214605689 2500.8479614612
268473225.5479829311 2649.1612239219
268258083.4424954653 2632.1257300712
273190516.0386255383 3023.5994170383
270873276.0628271699 2861.3625259940
275323637.4120760560 3158.7354090214
283292303.6942793131 3423.6410379410
286035988.4736751318 3444.2355298996
286416085.5159576535 3447.9775762558
281749440.7397723794 3394.9297218323
273278019.6255884171 3033.7213416100
266603894.4398928583 2388.3223004956
268463910.0929815769 2648.5612693168
285175865.4055386782 3436.2369871140
267103381.3527520597 2479.9467323851
285265276.6962564588 3440.4396944046
278522522.3389207721 3310.7769427299
267130436.0488386154 2480.6567130443
270343917.0927932262 2810.0013019759
265547031.0163432062 2215.0811931808
278771836.5835430622 3320.7158832550
277367607.9339419007 3262.2876989841
268738014.0231491923 2677.0567676220
265925531.4581452310 2276.6248371098
286138261.8241752982 3447.7359266281
267704529.4322990477 2549.7880177405
270658133.9573396444 2843.7774735037
272695541.9289594293 2992.6161799820
271879704.5970228910 2933.8733485441
283260173.7341493368 3422.3598871231
268757567.4533339143 2679.6551875956
268080378.1658200026 2594.8990846016
277963901.3334452510 3285.9648947716
272062454.8961454034 2945.0372527679
281236701.2313021421 3388.9145956039
271841213.3159049153 2931.3558441575
266986760.5437747836 2465.1047922112
267448189.8439404070 2528.9724129476
269224712.1604373455 2712.9390126336
268082501.9997462034 2610.2738995887
269328189.8986524343 2731.1658307184
267177990.7253739834 2500.1379808020
290585629.1176465154 3469.4397726059
284315756.3548887968 3432.3105440140
286646667.1314206123 3454.4842519760
267534395.0065935552 2538.9871677198
271899798.1657239199 2935.1533871844
272644018.3759335279 2986.5874279591
286075312.8686996698 3446.4547758102
266475408.2405403554 2380.7018338870
270456744.0174829960 2820.7650763784
265937831.8035462499 2310.0878386348
276302054.0637757778 3216.0258350372
272816628.7074708343 3003.8899825290
276198240.4507144690 3207.8396685123
285234539.0496268272 3438.4100942612
269558107.4663217068 2743.4938661847
266753130.6685110629 2423.9850984551
266012358.6593228877 2315.1924787536
269654805.9266563654 2756.3513185401
283053865.4266548157 3418.4725866318
288110143.1053954959 3464.7784299850
282756070.0819361806 3416.5835828781
288833507.7624133229 3465.5624952316
275256692.7849230170 3152.0589281917
268221441.5383203030 2631.5257754661
281155604.6366590261 3388.4729661942
274516088.7160011530 3107.2830765247
275928371.2646825910 3196.4688761234
265657205.1781563163 2235.5361940358
268369525.1527173519 2637.0443759300
268655200.6329317093 2662.1575413141
266653239.6578374207 2400.8930823039
266917034.4009365439 2459.0182870459
275850296.8763169050 3189.8217738867
274678607.9658194184 3116.3539144993
267212865.8314241469 2502.2280353811
267304120.3035905361 2502.4509760719
268043877.7553417385 2594.6001868583
268422294.2572118640 2639.2128173597
268133480.0529890954 2614.4649596550
269126101.4903504848 2710.0354399625
267147193.2563045025 2481.2617401909
267821952.1493036449 2570.7736141142
268531267.4813851714 2656.6058849487
268091817.4547474980 2610.8738541938
268589975.5753368139 2661.8409872446
267409997.0210247040 2506.7776764520
275479252.2517498136 3165.0277531147
287977026.6429035664 3463.2690973282
275602443.6949586868 3171.3976225853
268191878.8285615444 2614.9969067909
275980601.1933012605 3205.5891716480
273563122.6059004664 3044.5169544816
272368203.1721138358 2971.1478152971
269084264.0856741667 2706.2277417127
268944321.7260777950 2691.6132003386
265726953.7562535107 2236.3886588085
274578766.6207747459 3111.8195326328
274745830.6868352890 3125.0602266788
269480447.6410914063 2739.8076530565
267973315.7035488784 2590.7748322822
266863087.3589566946 2439.4011249691
266436568.9768965244 2355.8402567599
280940240.1602109075 3381.5299634933
268002040.3506654501 2590.7924886085
272580466.5509128571 2984.6534188787
266885920.3751320243 2441.7737208158
281009466.0350250006 3385.2471475601
269250530.0734221339 2727.4796175901
267630388.1545819342 2547.0062334575
287866333.7800945640 3463.1800947189
268697148.1562855244 2671.6717604715
269423143.7296773195 2737.5002356637
272416421.5282759070 2971.4583437840
272295375.7624180913 2965.5090958576
277741157.4983636141 3280.2237873077
276410618.4756051898 3225.6655323505
274049429.9952522516 3083.8560748100
272289185.8220862746 2961.9330025415
273841530.3894764185 3059.3966471553
274898954.4369914532 3132.0181013942
266225101.0537425280 2337.5922427867
274296738.6372228265 3099.5199406147
286842129.1542797089 3455.1747732162
273880279.3209237456 3076.5819497108
276550461.3265712261 3227.3920421600
273646043.6891909242 3057.3468394279
266174926.0065824091 2319.9650566075
275665959.9522418976 3177.1763710976
280821959.7770335674 3379.6421403885
269392056.1708879471 2733.4041145910
274972485.1085844040 3136.4507610798
268997820.4799147844 2700.8767456952
266449812.7876173556 2356.2865661242
266731313.1054059863 2403.2826004457
270965926.0425534248 2871.0743583906
268833812.4160069823 2680.7597982902
277447724.4753897190 3267.9825255871
268805381.3424544334 2679.9976060782
266170627.1756191254 2317.0792400334
265724248.3673122823 2235.9210092518
265747344.1096680164 2237.0021659825
269751869.5812497139 2758.9865512718
269566330.6758379340 2751.7721942533
283805864.4263268113 3425.7915754318
276682720.1820179820 3237.9257824421
279649758.6712483764 3351.2845730782
266288601.6391583979 2354.8741204236
290104347.7131533623 3467.0858602524
277445452.8380493522 3267.6947648525
265842783.6738277674 2274.7970463727
265817711.9504848421 2253.2802264187
266459183.6432071924 2367.8640529606
266229035.5657410622 2338.3734753821
276580442.9878514409 3231.3312218189
271309082.1517044306 2882.2545244216
275546051.7753134370 3167.9311068654
276279784.8822151423 3210.3324704170
273265597.8654017448 3026.9174139599
267374041.4314494729 2504.4177008942
285655507.6409370899 3441.1470384598
270183163.6711745262 2801.0866367612
268548138.1706606150 2658.0332889948
283228298.9434890151 3419.0292673111
284821353.3359954953 3436.1481218338
266109760.1787582338 2315.5822174046
270219805.5753498077 2801.6865913663
268886011.8151273727 2681.1047209892
276811694.6997928023 3242.0281398296
279785589.9721360207 3359.5106678009
289617537.9159978032 3465.9426355362
267917979.4223877490 2572.4860164300
275464337.0448518395 3163.4507830739
269907027.1878037453 2771.8394291271
285209875.3729579449 3437.6992654800
275796058.9861069322 3185.1214737892
269964865.3484156728 2775.8002074230
271493868.8482132554 2906.5158105071
287606582.7186005116 3461.2910909653
268902882.5044028759 2682.5321250353
280257888.3081097603 3368.5999794006
281661688.3978610635 3391.7896308899
270092986.6496321559 2785.9220909650
276178124.3330210447 3206.1503233910
269077157.0093528032 2700.9002046976
276628476.2333814502 3236.0835459232
268905472.7726348042 2686.2886332665
273357256.2061484456 3033.7315546374
289376372.6820548773 3465.8894453049
268678460.5761253238 2668.6457604561
273427247.2112671137 3038.7604170442
270064432.3256264925 2785.8805944268
281532194.0190472603 3391.0316238403
271448220.6334666610 2900.0658992107
265805587.5649993718 2240.1537820790
287723063.1596662998 3462.0490980148
284419904.8575871587 3434.4604444504
267431649.3682375550 2508.9487013891
283603803.4503504038 3425.4346342087
283492493.7098340988 3424.8225736618
267363757.6253120303 2503.0360382870
280632917.7540646791 3376.3365983963
288037851.3546069264 3464.5664873123
267752391.2504612207 2555.6316794846
287160805.3922757506 3459.7174940109
270298886.6701864004 2804.6720064382
282876800.7953446507 3417.0169839859
280108201.8834724426 3364.3535041809
267400510.7213286757 2505.1762742996
279625546.8665282130 3349.0940160751
278929197.6152769923 3328.0583090782
278701658.8517970443 3315.4487085342
273000948.3973404169 3015.1202255487
273444869.6098931432 3042.5650972724
279984848.4588150978 3362.9166603088
280408511.2767008543 3375.9031972885
281743784.4495097995 3393.8984870911
283988062.1545642614 3431.6570825577
279778007.4551128149 3359.2492122650
280930911.2720260620 3381.2753248215
269961941.0658852458 2774.4310421373
273384109.4836353660 3036.6050658822
281526716.7154371142 3390.3646364212
283908628.6679348946 3427.4799890518
279407041.4674607515 3345.7673754692
282426694.3117302656 3413.6741418839
270307236.6105653644 2804.7987145285
278648688.7269768715 3312.1972830296
267944735.6630631089 2574.5801378656
271146846.2161455154 2874.3602855305
280045204.7997584939 3363.1066060066
278228065.6173639297 3298.9862191677
270026333.2326695919 2782.0765024934
267708296.9179876447 2550.5805677287
282382239.5804978609 3411.3923692703
270935630.2864348292 2861.8546756009
270389517.4661592245 2816.9043600063
270540624.2043355703 2834.9915948088
270535953.2230079174 2826.6856875519
271405679.8331674337 2898.1802820936
269815651.8457744718 2761.1845148567
270591714.4444226027 2839.2729233007
273541602.4462946057 3044.5127971247
282374288.2710977197 3410.3611345291
282297604.3717142344 3407.6511583328
282290786.3918843269 3406.4064455032
281768386.3965590596 3401.0343179703
270749727.8351950049 2846.5563157300
280230950.1732166409 3365.2746019363
288590330.8562183976 3465.4963331223
272345394.6307960749 2968.5198784620
275772242.0017663240 3179.8583064079
286015895.8236972690 3441.3218336105
271754581.2986693382 2928.5723223388
272084476.2260251641 2949.3625341132
273643177.9625771642 3048.4895560145
266854516.6394825876 2426.4065677301
272655991.5738483071 2991.3536078334
272778287.3313341737 2999.0098816231
272449118.3393384814 2978.4644066170
274172649.5100334287 3090.0194363594
274504617.6021460295 3101.4145349935
272747850.0315265656 2997.9044752792
271928657.7151340246 2943.0622194707
272991196.6917085648 3010.0665592253
273378830.2256289124 3035.8733170331
272193404.7262564301 2960.8741212785
271567172.6476254463 2912.0066898763
278468889.9155855775 3307.3923892975
271313364.1817162633 2894.6255084376
271597381.6903086305 2914.2561458449
279121688.1860991716 3331.3848700523
279387014.2164231539 3342.3761401176
278099099.9267954826 3296.5016725063
279524018.0617623329 3346.9166774750
279543083.5710800290 3347.4431781769
271440598.6416246295 2898.3655597866
278759951.3980661035 3316.4885201454
277107796.9415670037 3253.2611963749
277399442.2274061441 3267.5696637630
277068302.2777287364 3251.9919111729
276272105.6273202896 3208.8014872074
278483409.0411083698 3308.3485238552
277079626.7427610159 3252.3295605183
277232434.8136837482 3260.3762748241
277250953.5124202967 3262.2102382183
277766607.9728708267 3282.8607079983
278061598.3036497235 3290.2498943806
277789203.6644355059 3285.8649775982
277659487.9027119875 3278.5133831501
277619933.7555583119 3277.4385783672
277608371.4276316762 3275.9727008343
