178387979.8546223938 1040036.1217041016
178648475.7506918311 1090529.1143798828
179098328.9651948810 1163508.6120605469
179190989.5184890926 1175238.0798339844
179813703.5829592645 1244984.3479003906
180317577.7377947569 1298576.3510742188
181176638.3030923307 1373400.4245605469
205551381.9986666441 1880077.9707031250
205665552.1746671200 1886668.1523437500
182408992.4505371451 1464754.0087890625
183640149.6313225329 1544914.2465820312
191054722.8119678497 1762937.8183593750
182544264.2990332842 1479863.6865234375
207555502.7335944474 1899431.6972656250
188250037.7211067975 1707048.9052734375
183688634.3658893108 1549242.4887695312
181908875.1255665123 1434502.1691894531
185503200.7845490575 1620881.5180664062
180807507.6416883469 1342127.2988281250
187840171.2309809029 1696555.4169921875
178194110.2212749720 993381.4276123047
182668271.1741711795 1485443.1875000000
186407184.9525566697 1655435.8769531250
178527018.5881443620 1069782.7630615234
181381935.5151307583 1392545.7099609375
183518693.6372743547 1541602.3452148438
178060649.4008988142 954345.5416259766
181968064.3041044474 1437369.7304687500
182555704.4586927891 1481767.1948242188
198317240.0306916237 1826657.1943359375
179430402.9913083911 1202236.4299316406
179548422.4471000433 1217031.4743652344
182573788.3761384189 1482457.2548828125
182865270.2183376849 1494226.0151367188
183043457.2524081767 1509598.8398437500
185215215.7751900256 1616039.7211914062
184880763.5653207302 1596887.7763671875
179700250.7363689542 1233527.1931152344
179865481.4738864005 1251402.9248046875
184734068.0151382089 1584378.2758789062
182879875.7634880841 1498850.8686523438
207701465.7225082517 1900318.2910156250
178101400.0639443099 965260.0007324219
191174544.3857310712 1765705.8232421875
191566278.0450393856 1774740.7480468750
178024592.7690151632 938427.2330322266
182480402.2095645666 1475704.5942382812
180580677.2240254283 1324433.0532226562
186706229.3983164430 1664978.2856445312
181324200.9602573216 1384053.2553710938
180641518.3494249880 1331787.0424804688
181107183.3540916741 1368997.1657714844
181973157.5117273629 1439689.5939941406
182499618.2833796442 1476220.0380859375
178761084.4328272939 1111996.5469970703
182137714.2617495060 1451116.2246093750
183206087.1803420782 1522353.3139648438
183392676.9861634374 1534587.8149414062
178009009.8762180805 927803.7547607422
178522104.6292474270 1068464.0555419922
190656896.6940047145 1753956.5468750000
181206622.5468310416 1379329.7983398438
186560711.9514242113 1660356.5844726562
180809543.1745240986 1344594.3039550781
180826236.8204566538 1346092.4050292969
183059921.5479168296 1512689.8984375000
184800874.8673709929 1594026.8530273438
179063188.4137638509 1158480.5388183594
181746215.9673430324 1422265.9223632812
182707343.7539487183 1491781.5146484375
182803563.6620294154 1492373.0380859375
179222748.3748719096 1179110.9060058594
183039861.1799098551 1507260.9140625000
178686049.8759548664 1097956.2642822266
182331454.9555426240 1464475.4687500000
177988345.8129503429 920872.9552001953
180907587.9934852123 1351006.3608398438
185942329.3971989751 1635177.1733398438
178205961.9638238847 995855.5028076172
180909289.3424246609 1351991.9580078125
182200904.2172144949 1454861.8027343750
179914211.5270160437 1255999.2402343750
182947472.8936800063 1505154.1279296875
178422197.2744830847 1048150.9664306641
184729166.6709626019 1583774.0092773438
181439462.7877272069 1397382.5871582031
181519306.2731673717 1402357.1765136719
180844808.6974276900 1347558.8347167969
178646244.1499942541 1090070.4381103516
179278279.5193607211 1186568.3337402344
181765432.0411581397 1424211.7946777344
177991869.7182503641 923257.5938720703
186812971.7347392440 1669887.8730468750
178028346.2347521484 938692.6187744141
178384226.3888853490 1038617.3199462891
180989793.8090541363 1360145.6691894531
181038749.7752990723 1362802.8730468750
199470409.2721121311 1850787.2851562500
180790720.4578434825 1341155.3923339844
179741813.3267360628 1237401.3676757812
178260251.7654101253 1012207.0965576172
181541289.6110067070 1405231.5444335938
181580758.7246047854 1407813.8208007812
179886350.3370447159 1252703.1762695312
200836881.6162214577 1859283.5302734375
190809091.7818955481 1755187.6503906250
181368226.0830321014 1389946.2290039062
185142796.5254986286 1612349.4750976562
181682162.7194209695 1415179.8085937500
206479571.8419062495 1890712.4902343750
207192607.3429183662 1895992.3359375000
178044599.0336281061 946008.3372802734
207341945.2881457210 1898362.9941406250
193013369.0824807584 1779312.1640625000
179225980.3306323886 1179951.1179199219
179076167.8680815697 1160219.5451660156
190368018.6975179613 1745527.1708984375
179321774.1529945433 1192653.1665039062
179025117.4583117664 1153710.0527343750
189553682.5606266260 1729657.7636718750
189018467.1639735401 1720139.3955078125
182424369.2397376597 1470623.2617187500
185009272.4774909019 1606733.0786132812
179367367.1860797405 1197056.8125000000
191157383.7647154331 1765290.1250000000
178051611.7831394672 949007.1488037109
202767526.7842698693 1862378.3232421875
180601241.2344582677 1326461.7734375000
190377077.2205951512 1748211.3505859375
183324256.5257654190 1528827.2163085938
191415384.9750108719 1770618.9355468750
179610517.1707632840 1222303.6123046875
179249873.4467289746 1183307.0095214844
180624869.8579707444 1327925.6677246094
180383263.7600698471 1304606.3881835938
198825868.2185797989 1833327.9218750000
180379933.6838097572 1302733.1960449219
187860059.7910793126 1697705.6933593750
180690816.6942064464 1333914.1569824219
191242183.3802410662 1767111.0390625000
186392156.7105972171 1655079.4545898438
191480803.2717249393 1770706.1718750000
178133469.6209121346 974722.8686523438
178144075.6444338858 977834.1213378906
178972299.7363232970 1145613.2438964844
181663403.2168258727 1412861.0957031250
178464345.5626274049 1055444.8775634766
178125669.4607578218 972843.0180664062
178064975.5320223868 954769.5762939453
185291943.1413253248 1620220.9331054688
189872954.3064828813 1741659.1679687500
189265704.3561257124 1720845.0458984375
196001989.2396616638 1791448.2021484375
195624245.7009369433 1789890.6250000000
179748623.6061757207 1238522.5476074219
180066030.4931855798 1272144.2482910156
181674798.0727087259 1413485.2490234375
193881585.6429640055 1779677.7031250000
186391663.4933597445 1654232.3017578125
200175429.0230937004 1853612.4013671875
180877770.8268471956 1348611.7060546875
184307817.5724400878 1573825.5043945312
202455515.3560333252 1862077.0556640625
181637613.1948616207 1410684.3857421875
184220397.8076312244 1568447.7163085938
207534040.9353979528 1899022.7832031250
178921249.3265535235 1138994.7001953125
184757663.8996268809 1584581.8359375000
181186352.2844578326 1374545.8728027344
184941986.2081491053 1601322.8710937500
184980292.5728207827 1601512.4716796875
202768336.7827568352 1864747.5527343750
178290622.3926511705 1017420.2442626953
184179947.3615615964 1568343.9472656250
178012243.2773834765 928922.6369628906
185607479.4516754746 1621978.5688476562
186012550.6844952404 1635892.6108398438
178209987.8916339576 999737.7728271484
182050434.2055473924 1442756.8823242188
187670758.3618495464 1691080.8242187500
190877347.2767342329 1756122.2597656250
190959259.2524248958 1762169.3476562500
183144247.5994611979 1518689.6220703125
178905635.2550764680 1136412.8334960938
196814353.4812529385 1807620.5156250000
192912143.2763631642 1776257.0576171875
178244775.4776625335 1008711.2139892578
196248008.8829349875 1803882.2060546875
197599199.6562567055 1808661.4755859375
190435495.5498379469 1751074.2451171875
178163775.3663030565 985072.7498779297
178105673.6387884617 966758.6431884766
184373446.7399143577 1580536.9555664062
184076767.9562272131 1564641.0805664062
204033088.6720640659 1871554.1083984375
182021882.1943438351 1440642.3464355469
181724288.6041627228 1417373.2104492188
186192879.6811304688 1645376.9223632812
185133173.4665683210 1611782.9062500000
194407600.0461275578 1787243.1337890625
193955668.1282911897 1779810.9443359375
203585547.1243647039 1871307.4482421875
178198562.9523315728 994046.1910400391
187426116.1419048607 1672968.5400390625
198129611.1989294291 1816055.0410156250
184454152.3991218507 1583273.2797851562
178811514.6654409766 1121220.6625976562
179577446.6612121761 1220941.5336914062
203257089.4816019535 1869210.2158203125
187491167.3153029978 1684863.8056640625
178419484.9233813584 1047192.1334228516
189390927.2618905902 1722709.2617187500
184777614.8671925366 1587460.1577148438
180192436.9958833158 1285818.3439941406
179956910.4805472493 1259161.4731445312
200720640.7717126608 1853680.7685546875
186072832.0826850832 1639708.4267578125
186564693.3125998676 1661020.3032226562
184771423.0520828068 1584715.7348632812
193192938.8335109949 1779413.5576171875
192769697.7131376266 1775633.9111328125
184289669.2385646105 1571384.7021484375
180058007.9472351670 1271238.9321289062
186449231.5055480897 1658216.9814453125
183908516.0191377997 1557247.4013671875
195551928.2235265374 1789320.6347656250
180127824.5603762269 1278239.9570312500
182298207.4796468019 1459760.6181640625
185643156.0759322941 1628648.0229492188
183579494.6313648224 1542483.2758789062
183468009.6144846678 1537354.5175781250
183426146.3249278069 1536042.3344726562
182868155.1413575709 1497059.8583984375
182657114.0854256451 1482792.4096679688
182458205.0417705476 1471465.4487304688
207046749.8008448184 1893265.4511718750
183664301.8003404140 1547992.3896484375
178911955.2384793460 1137620.6950683594
183502248.5296816230 1537999.3593750000
187197777.9996266961 1670059.3681640625
179997690.3499977887 1265676.2082519531
179830629.5488111079 1246987.1821289062
183812653.8340701163 1553582.8896484375
186044434.2787364423 1637013.3178710938
180591181.3223342001 1324709.5227050781
178360248.2325718999 1032912.1488037109
185540315.0387737453 1621811.7836914062
180266605.3589268327 1293361.2307128906
203187866.1836416125 1866806.2695312500
179953463.0477457345 1258321.0917968750
178748541.1941073537 1109261.8020019531
186112688.2298949361 1642685.4086914062
188324230.1694618165 1711901.6562500000
178306238.0882906318 1021114.4610595703
206710836.0147346556 1893197.9306640625
178281508.8283151686 1014977.0948486328
188078189.1015567482 1706043.0498046875
187906151.2790258229 1699693.1347656250
178088875.0012022257 962491.9290771484
180257519.8616769612 1292247.8222656250
188336176.3148898184 1712804.0039062500
187913883.9478100240 1700529.5126953125
187228388.5860112607 1672581.1855468750
179926801.6555845141 1257078.7697753906
198302456.2676174641 1820963.8164062500
178804115.6539486647 1119093.3723144531
188002639.7335834801 1705233.1845703125
178938661.2941903472 1142002.1440429688
179909829.8497743309 1255124.2209472656
205332436.4099240005 1876609.0937500000
179909016.7812366188 1254638.8020019531
180469773.3005019128 1311797.1232910156
179292800.1706498265 1187985.8974609375
179761222.4208045304 1238778.1677246094
179450123.9957024157 1206195.0258789062
180572609.4453631043 1323242.8181152344
180071619.0983073711 1273298.7263183594
179397824.8069740832 1199577.8100585938
179887683.5048817396 1253054.7739257812
179917377.8612965941 1256230.6005859375
198602222.3881910741 1831662.8105468750
179769583.5008644760 1240369.9663085938
178731129.2264705300 1106104.9130859375
179783566.4297141433 1241789.4433593750
179187041.2494028807 1172844.1733398438
180484395.2311557829 1313209.3889160156
178855138.4494474232 1127901.8598632812
178302371.5865163803 1020983.9002685547
178845905.2332243919 1125673.2739257812
178928187.1102056503 1139926.9077148438
179545929.7839028835 1214929.6975097656
178458315.5204142630 1054244.8787841797
178635344.8286384642 1089690.9573974609
178611909.9269113243 1084304.3129882812
178535430.9478345811 1070427.6917724609
178584817.7220855653 1079181.4993896484
178379141.3501786590 1036926.8453369141
178608189.7809465528 1083475.5279541016
178586994.2476833165 1079913.5521240234
205277264.1099441051 1875188.1064453125
