209811612.0209945142 178083.2915649414
206418567.2385522723 164038.8624248505
202369520.2678924799 142242.1112224460
199435558.1869905889 120993.2899219738
197745657.1044240892 104911.5939147221
212573194.4566326141 186171.1846313477
198274046.8344638646 109477.5107254731
204636371.2234880626 155151.4715180742
206045873.9641477466 162899.0618114471
199847024.8145516813 124581.9800458299
206885688.4541342556 166803.9619407654
201432247.5684394538 135635.0971203195
197846390.2514555454 106242.3925003754
209694561.1379694343 177576.9995117188
208360577.0068132877 173043.2666320801
200921423.0211469531 132564.8802318918
205495981.5205487311 160504.0481722355
204142725.6357945502 152194.2203870164
206220331.2591500282 163967.1840801239
201566695.7171966136 136809.6363091813
210312594.8460812867 179662.5857543945
211531972.2087154984 182769.7342529297
201682613.8682677448 137366.8917736411
197810426.2878318727 105962.0188278900
215342578.9089978337 187643.1594238281
215338397.1848436296 187493.0349121094
211535019.5139163435 183512.9301147461
207735618.7238881886 170530.1436309814
198433076.0587766767 110599.4828188168
198054800.5089183748 108220.2643265473
198377831.0951721966 110319.1091463314
208801997.5139328539 174709.5875244141
206040775.3049476445 162834.3514385223
208176148.1134761572 172389.0968933105
205825851.2587111890 161915.0367412567
199954652.8250445127 126021.0861311303
204958136.5353009701 157022.6094706059
202744510.6934847236 144264.2505801665
205113278.4671001136 158451.9008333683
206471884.0687089860 164653.8909492493
205321524.2255464196 159435.9259035587
201667253.8713071048 137148.8556855666
197975627.7955697477 106449.2139861332
209869795.3828686476 178939.6974487305
210207556.0614494979 179397.6879425049
205893175.6127343178 162016.3189678192
209367987.6275218129 177155.4324951172
206906874.3462951481 166891.0080070496
206984122.5638836622 167252.9208641052
199139881.2407341599 119034.0928394543
211193530.9296844304 182446.9426879883
206647301.7299401462 165017.5956001282
204006821.3844299614 151527.1870463835
202592145.1084243357 143484.6945958482
210672965.5312270820 180872.0645751953
203937068.7889623344 151412.6934399949
203849773.4661325216 150878.1800540434
200279653.3859009743 128114.4302931176
203709579.6950495243 150053.9813733445
209303805.2692796886 176675.8651123047
202906837.4949886203 145263.9998294711
200326320.1765525043 128484.0076041566
202979559.6454536617 145539.6063748347
202183001.6050277054 140535.4945226060
204765718.6432722211 155677.8629972935
207730520.0646881163 170465.4332580566
210709393.9280316830 181196.9257507324
211363311.0050829053 182569.5654296875
213283991.9709567428 186351.0026245117
207638905.5305330455 169879.1995849609
204200219.7349003255 152724.3670677543
201732592.2286275327 137962.5318074571
203526248.8698903322 149214.5701629519
197941350.0844506919 106345.7141158329
198997840.9036025703 118351.7140133129
203608765.8300714493 149664.3030726062
205961367.0673577189 162379.0019512177
210477941.8246802092 179893.7937316895
204486534.7124714851 154272.1817650199
199869686.9333248436 125059.5504951822
205410768.0170527697 159732.0304148197
200352704.6087887287 128571.9557146179
197536713.4644454718 97798.3566761139
197570660.3378836215 99818.7900951849
197990113.8640625179 106811.4004933881
200719772.1196865439 131254.7459359514
209594378.1676570177 177552.2130737305
198554494.9209083319 111599.2128793073
200781868.5578376949 131370.6983930469
200383589.9053289592 128837.9153428422
200466989.2360487878 129371.6766920434
205742078.4692339897 160930.9528772831
201135214.1235517263 133664.7272743583
206530366.6726579666 164739.6155586243
201814278.0441687405 138432.4002156602
199942269.5133664012 125569.6382906185
198206177.6698781848 108524.6479683863
199266924.7901889980 120514.7354786145
202457120.2113981247 142269.1281400071
200450688.2331001759 129118.2890153276
201218091.8274062872 134198.2848951221
200548557.5059882998 130293.4954514848
200828564.5736631453 131787.0735612260
215277649.2542424202 187465.6186523438
202953108.9819466174 145435.2455945360
200520214.3814607263 130249.4534898149
202507323.8570403457 142495.8931546556
200830537.0307115912 132003.6909232484
201694925.2150007188 137491.6625866294
211931077.5191246569 184339.6178588867
202871142.0605033934 145097.8406680571
201884179.3542585075 138693.4256558763
197510521.3081526160 97756.8120174530
198810568.2863626182 114646.5519609125
205753883.4936265349 161184.2922770977
211618564.3161388338 183558.5837402344
207784539.6362153590 170910.5580101013
201374617.8027048111 135421.2463002549
203070935.9607954919 146663.5804334031
210297712.7220840156 179562.4906158447
207666170.2366214395 170446.5928001404
212871750.3800740540 186208.4619750977
204980236.0324592292 157522.9994084835
211094519.2731727958 182298.5551147461
202544731.4267830253 143061.0382848131
204973187.5951943398 157118.4390146732
203772429.8524101675 150630.2080424773
207665324.6017060876 170047.5884666443
197648087.7983480394 103401.8311888920
203019660.2680445910 145846.4837155687
205306666.0605104268 159209.2755014896
210876973.2114708722 181964.1775512695
200507610.9671043754 129701.2263999330
203465445.3929508328 148785.8361554490
208046026.4499185979 171224.0262985229
209776287.3249831796 177588.9756469727
214835598.7897351682 187130.3333740234
202933492.6587786973 145339.3450284349
206457164.0398525298 164385.9505119324
207199046.6101200879 168172.2355613708
200694911.6723766625 130874.4202379333
205253048.8413738906 158715.0834543705
203874416.6376236975 150936.9739880906
203400903.8054629862 148109.6793179857
207834691.8547432721 170913.9665184021
209269647.8675567210 176458.0470581055
198251193.5738629997 108839.5626717878
197781621.0680478215 105191.9675872074
204288643.4649803936 153391.5562157035
198624432.9946992695 112936.6931407377
199415877.6016651988 120750.3415729748
208069948.4654632509 171764.5202331543
204786583.2845090926 156326.9055613875
205290107.8747473359 158757.9475151896
203036316.8819296062 145952.5159116136
215137906.9242907763 187251.1293945312
199358304.2937969565 120668.9006149517
212346299.2827493846 185182.1663208008
206892784.3533868492 166830.0984439850
208508679.7399153709 173585.7090988159
202321519.5753841698 141244.4140858995
201945126.2194403410 139480.5262532579
207250484.4157231450 168878.4449729919
198846532.2499862909 114926.9256333979
208243960.9228613079 172517.5805969238
208107449.8694627583 172117.5680465698
200885739.0876013935 132256.2117805229
202103327.6008999050 140016.5470509874
208302178.1117302477 172949.2187118530
203318278.5350794196 147578.1417508470
201259861.7915744185 134785.3628293620
204350898.3452973366 153435.7906208383
201135829.9093835354 134003.3697979795
200603567.7914734781 130853.4629949676
202292749.2144745588 141095.6432881700
198884128.8077813685 116472.8557269322
202800258.9755514860 144458.3728680955
202542138.9840031862 142756.4850535737
207430048.3784111142 169656.7201194763
202805009.2156787515 144515.0790934907
208502841.8952347636 173066.9122619629
207140564.0061711371 168086.5109519958
209097603.4306759238 175158.6902160645
203276631.4229320288 147528.5897565233
201014623.7656144798 133618.1477073776
204070175.4771446884 152109.8570601614
198480706.4560084343 111335.7353226019
208069258.2607758045 171318.7790756226
205706887.2970224023 160782.3830850124
202308359.8008849621 141106.9836583482
207846671.1211298406 170952.0688285828
207892525.8232263029 171198.2533493042
200968471.6385368109 132666.2840829240
205403806.0846171379 159469.1128947735
199451112.3333063722 121769.2610008465
198671787.8961935341 113135.9802982556
198864474.5374269783 115462.7437259899
201368723.8941333592 135210.7340522157
203054699.8131343722 146051.4048505174
202725379.2951117456 144159.0188947069
204842176.5307946503 156603.6847112179
205482194.8819513023 159974.1052134037
208738121.4924739003 174148.5261840820
209161566.6533445716 175448.2637023926
203413016.1240079403 148368.2504980909
202700720.1847889423 143700.1647916185
201231989.4025259614 134417.4582696306
200979452.1722215414 132684.3270962583
200143426.4545294940 126775.9111474501
202241657.0393599272 140771.7387700425
204365804.0834140182 153533.4678227901
204509131.7525309622 154610.1134666800
208673020.7808323503 173807.0680541992
201508034.9442044199 136410.3093648301
198727609.7968404591 113612.3250496136
204780753.1112503707 155710.1429631710
199694584.6003353298 123210.5803158032
199916768.9363973141 125175.8618309246
207378391.9888630509 169370.6684226990
199760370.6718235612 123783.2258236157
207377084.2767916024 169239.8265037537
198582838.0454358757 111643.2548409773
203358220.9639945328 147849.8389048921
198600916.9738479555 111921.2440589695
202845543.9248663187 144662.8457608568
207011723.0852338672 167358.0061302185
197951812.6992007494 106391.1314170109
206664450.8157559335 165896.5728416443
209046686.4324697554 174993.2043151855
201440258.1361293197 136039.6179862367
202590333.6356971562 143125.2256894456
199655464.5619591773 122723.9857780682
199592675.5514281392 122602.8510887371
207361052.2937217951 169185.1409568787
206820892.2580434680 166730.1629295349
211394176.1260057390 182615.1769256592
208680653.1522331834 173809.1165466309
204009573.4169234633 151633.1432540091
209154358.3902908564 175196.9177856445
198444742.4923847616 111055.3616501165
207590347.4120576084 169759.3689880371
200718828.6893925667 130933.1529095517
200980583.4713274240 132985.6306640506
199506934.2339532673 122245.6057522045
204447708.3329867125 153716.5717186332
204066005.8205653429 151666.8276431235
203920549.1671331823 151022.3103532540
204427936.2880962789 153610.5610434413
198397367.8119399846 110579.0168987585
202127287.3961543739 140084.2067342149
200124422.0719917715 126535.7159337997
209087868.0375567377 175093.1534118652
199713027.5449931920 123574.1054622876
199464940.3397078216 122038.1738042831
207218952.8035053611 168669.0423736572
199542898.1975769401 122525.9794246899
201632498.7394698262 137138.7606587755
204675282.3076869547 155343.7709627151
206559187.9221061468 164888.9133872986
202643877.3016380370 143504.7181210862
204673852.1708423197 155305.4685251713
199705406.7058970928 123337.7737514721
201561119.3249903023 136584.7567067491
198694241.0037604570 113575.7630492123
204545907.4470224082 154831.7119243145
202962980.4264671803 145463.1187405931
211753788.3378707170 183859.4631195068
204922837.1768604815 156883.8592631817
212212350.2194761932 184927.7668457031
201756711.3536267281 138203.5765614854
211465952.8386564851 182694.6394195557
204692444.8204811513 155370.6588847637
207866360.9238117635 170976.7970275879
203726088.4268474579 150064.1924638497
204702348.8893099129 155665.3020122051
207035560.3694866896 167959.1302757263
200245264.4972926676 127739.6170924651
199778942.6296887398 124435.7358172880
199540843.5619122684 122463.0411979901
202495517.5514957607 142372.1814618455
200142584.9077496827 126738.2970985519
216518631.1241224110 187794.9187011719
207211658.0362384319 168322.8349266052
202337780.1348410547 142009.7493448006
204620869.7049407959 155121.9378259182
201216875.8895657361 134013.9149439679
212058704.7329556048 184431.2967834473
198832173.7137721777 114890.1432982357
200144623.6409031153 126922.0105191218
198738702.4104257226 114435.7170782955
204423446.8455080092 153588.4899923205
216352379.2342875302 187694.2495117188
212193700.9916645885 184720.8702697754
210560428.0029236078 180052.2071685791
215934135.4047795534 187647.4913330078
214474106.1852424443 186751.7442626953
214788072.5657808185 187129.8710937500
214305318.9317798615 186719.6143798828
215127699.1349548101 187137.2105712891
