795540806.6424815655 5042429.9926757812
796063150.2733273506 5080451.9394531250
793949940.1417800188 4907696.6647949219
795744600.3806797266 5059223.7631835938
798058438.8143621683 5240776.2216796875
800357557.6382128000 5384465.6875000000
791944052.8676879406 4704944.3405761719
793007243.3355095387 4817697.6176757812
793926246.3962029219 4905216.7746582031
799251708.2423498631 5319027.2087402344
790850296.7601222992 4532042.0666503906
792668225.3579163551 4775274.6364746094
794107911.1392554045 4916721.3029785156
796953963.2856163979 5161064.8525390625
812125109.8084243536 5921806.7895507812
859512901.9439229965 6840744.4453125000
791987117.7201342583 4710749.1105957031
791904835.6991910934 4699606.4140625000
791800955.9716197252 4689339.0061035156
792020339.7410405874 4711568.8298339844
791211850.5891263485 4608892.0588378906
837832596.1791250706 6592311.2622070312
800577028.5898607969 5396196.9799804688
792178019.8769912720 4727069.6240234375
792274816.0419325829 4734550.1743164062
856944974.0066444874 6814664.3671875000
856761332.2173173428 6814428.4707031250
791714275.0846332312 4676500.1491699219
792926983.7958725691 4809190.5893554688
790942188.0630096197 4576610.3264160156
793249817.2528628111 4841228.4064941406
793334134.2310746908 4847397.9284667969
791746376.4009438753 4683136.3400878906
837389257.7718064785 6581966.5297851562
792734706.5452309847 4787613.5837402344
795336009.2345827818 5025698.7358398438
849568523.4374448061 6745037.7192382812
791186678.0629311800 4602272.1882324219
946286834.2766497135 7534972.7929687500
793650819.2445437908 4874654.3181152344
795160564.8395479918 5012703.8327636719
796639171.8858430386 5133363.1220703125
793732095.9303056002 4881471.0974121094
794017325.4062508345 4909862.1833496094
795459158.9842164516 5032722.2836914062
795699318.5406552553 5053805.5478515625
795387906.9210567474 5027189.2934570312
837263728.4149169922 6574363.4658203125
792561487.7801967859 4765663.1135253906
790866972.2280521393 4543574.1174316406
798707550.3328667879 5280614.1230468750
797970828.5685555935 5230539.5756835938
795117941.5794765949 5006333.6936035156
796849909.5887595415 5152953.2041015625
946307997.0045413971 7538874.9257812500
795825467.8656445742 5065234.7468261719
921138071.1917076111 7311364.7104492188
867754490.4729409218 6924162.2373046875
837741956.7694015503 6586638.9409179688
822390960.5420759916 6250529.3286132812
817700086.3872451782 6115455.2592773438
922335825.2574528456 7322313.0004882812
921826948.7106395960 7317288.8256835938
819053376.1692787409 6148174.0903320312
946150063.9033988714 7533033.5595703125
802291795.4801759720 5496507.1745605469
835494398.7675411701 6509784.1621093750
898859697.8994599581 7161736.9003906250
940443738.0078785419 7508803.4189453125
926840190.8258606195 7351125.7080078125
796176441.1714917421 5095167.8618164062
802074217.5931899548 5490306.9167480469
810174033.2835464478 5863592.8969726562
834622834.2678172588 6484097.8105468750
795399049.1357825994 5029086.7412109375
937852247.5768071413 7467039.3417968750
796245250.4919656515 5098512.7282714844
794362270.3460038900 4938503.5314941406
801415679.1204032898 5449920.5642089844
801662063.1187373400 5457356.6247558594
794987488.6146080494 4998622.2512207031
802401866.5663186312 5504165.0717773438
807159114.3113658428 5751196.9980468750
800402299.0019365549 5384720.0878906250
794566918.3240886927 4958792.5327148438
794160903.1101925373 4921947.9118652344
795606722.6690791845 5048406.0561523438
800637031.3688663244 5408551.5898437500
791148938.9016907215 4597509.0158691406
791240724.9714088440 4611866.7712402344
808422514.7927820683 5790445.3950195312
792842134.9350988865 4797944.9274902344
821598542.2819222212 6216942.2490234375
807563294.9912128448 5768872.2553710938
798491828.2193229198 5270708.3637695312
847307078.4016733170 6718233.6811523438
847334669.2190697193 6720845.0981445312
800468977.2351646423 5391991.2031250000
795789844.0289279222 5063662.6652832031
799922617.8989770412 5357595.1223144531
795901022.6056656837 5069517.1582031250
803064514.6535472870 5541520.4470214844
794640114.8866335154 4963809.0253906250
799122702.3681774139 5309061.1437988281
819667489.4723899364 6160652.4135742188
819343968.4658102989 6156211.9145507812
794310640.4463063478 4934599.2590332031
829250757.6214412451 6392511.7426757812
910376108.8651018143 7240030.8632812500
933238286.4458695650 7409849.6718750000
795865440.4489021301 5068077.2495117188
860108690.8682039976 6851582.0878906250
822127243.0649642944 6229044.6489257812
799708212.2618082762 5342454.8093261719
820355237.1084913015 6167380.9072265625
797202726.1084343195 5183555.3168945312
797368792.5792729855 5193969.1108398438
800543928.3459076881 5395310.4484863281
801127916.7380123138 5437020.2233886719
797671711.5429692268 5214158.5913085938
800617190.7919795513 5400565.6188964844
850703722.9070428610 6767196.2919921875
802723205.4085431099 5525099.9616699219
824907426.1889098883 6302700.8334960938
856320778.4319757223 6805831.3085937500
805432464.6360802650 5662499.4584960938
797202726.1084343195 5183549.9907226562
911602646.8542755842 7245657.7021484375
916398050.2859752178 7277419.7099609375
835349743.5788528919 6486146.4633789062
797100599.4006829262 5170812.8125000000
873596105.3949913979 6969396.4843750000
930693528.0362274647 7354229.6035156250
913915396.0066168308 7254731.0927734375
842041925.7177861929 6629690.7182617188
805698907.5244280100 5675963.0029296875
902435734.7968295813 7164474.1230468750
902633264.1708592176 7169581.7353515625
802225035.7691563368 5496462.1408691406
801292815.3191652298 5444704.6442871094
835387648.8464245796 6504338.0205078125
839773859.0327541828 6603244.3320312500
944904205.6668298244 7519550.9121093750
804056764.4021538496 5591020.0244140625
835314717.9523742199 6484871.3613281250
857941960.8660289049 6820265.9902343750
858039165.8714570999 6824237.3232421875
804990524.4709206820 5647532.5102539062
806070868.2614160776 5696718.1640625000
804915936.2951066494 5643563.5322265625
805069209.6295633316 5654803.9267578125
801018619.1278301477 5430977.8420410156
803984066.4617141485 5584881.1166992188
835968240.2640602589 6522322.0058593750
798267942.8259278536 5248439.6762695312
803980729.8101233244 5580107.1123046875
923605066.6200834513 7326138.4594726562
805544061.3579314947 5669185.1694335938
806628594.1769980192 5716005.4711914062
816533683.6921975613 6073875.5112304688
801823411.1681094170 5478908.8825683594
859263546.7030805349 6838704.6933593750
945263459.1831254959 7524356.1025390625
944919253.1480652094 7523319.7089843750
936194031.9378238916 7458855.1044921875
936257648.4736689329 7460305.4912109375
804634084.4947161674 5625496.9887695312
853750516.8551255465 6778273.9052734375
852931418.5730162859 6769536.8046875000
936052356.1331135035 7432735.2128906250
835577464.7362374067 6519133.5004882812
814933183.2760759592 6035074.1635742188
814808085.8435974121 6031270.7744140625
815265230.5233813524 6046856.1674804688
814808085.8435976505 6031271.5629882812
909442204.4985610247 7232936.0664062500
909059821.6466130018 7232583.8613281250
813426588.2569994926 5980629.9252929688
932151984.7258459330 7395240.8242187500
815035751.7945812941 6041062.3593750000
849589791.1983776093 6748494.5761718750
805936678.3694641590 5689196.3540039062
803611170.4843598604 5558051.4304199219
821163561.3500384092 6200334.7006835938
821139346.3111555576 6197865.9584960938
799816945.5859862566 5349434.2929687500
806372686.8024892807 5710446.6723632812
800082674.8083084822 5365528.5000000000
800185500.4121872187 5369768.8378906250
811360920.0208669901 5910347.4931640625
891282250.2730330229 7116375.4707031250
821334861.6317081451 6206482.5766601562
815944226.2319325209 6071407.9570312500
841511707.5797173977 6614002.0087890625
812307681.1127644777 5945016.6289062500
812184949.3777046204 5932789.7978515625
812424140.3520631790 5947871.6591796875
811460252.4320055246 5911242.6835937500
894446199.7894105911 7145073.3603515625
813487279.7896096706 5980734.8413085938
872294132.2987760305 6962432.7412109375
816827614.9899077415 6090600.7495117188
930865222.8169887066 7373196.1240234375
891560087.7416850328 7134577.5322265625
891911617.2598495483 7138002.0761718750
815485287.7615853548 6051040.0527343750
810811163.1496565342 5891989.4511718750
846410056.0767379999 6704490.1284179688
809135677.2533979416 5825502.8852539062
944078617.1395729780 7514361.5107421875
810790133.5120697021 5888981.8173828125
809385342.1651126146 5837689.4809570312
905701335.5915567875 7186306.1181640625
816929380.4998832941 6090824.9165039062
848111951.3802496195 6729066.4350585938
854895114.5054851770 6803772.5468750000
858985868.2132737637 6833899.2070312500
809233832.8173981905 5834534.9711914062
858576515.1649013758 6826804.9335937500
807937166.4451781511 5782013.2905273438
859106709.3950082064 6834036.5869140625
848249007.2693288326 6733091.3173828125
808672874.1332726479 5805382.4379882812
931853112.7553690672 7393094.3750000000
931988046.0577976704 7395050.4882812500
931031780.8656364679 7374388.7656250000
874666360.3299386501 6979479.1328125000
825302606.9668923616 6311485.9287109375
824540653.3427660465 6301277.8271484375
919502010.4235719442 7278950.4833984375
847219963.1932219267 6713816.6865234375
846515124.7915210724 6711109.5195312500
810101532.1397800446 5862537.3686523438
887559693.4121067524 7079527.9384765625
835382638.9811882973 6495687.4301757812
834872105.6053930521 6484425.7954101562
878275708.4895668030 7021266.9072265625
809992357.0284147263 5859314.6337890625
809680454.1245504618 5844781.2431640625
866987964.3033503294 6913664.5693359375
926115387.6314365864 7330528.5996093750
853704620.7020143270 6770084.3593750000
862961160.5288352966 6860204.4052734375
863356561.8508396149 6870794.5458984375
812258064.9919427633 5937002.1035156250
849341572.2814019918 6744846.9653320312
877155881.7679395676 7003093.1347656250
877276602.6338422298 7007743.8007812500
889081568.5376609564 7083422.7275390625
889320781.3889528513 7093388.2773437500
815752780.2060214281 6054556.7832031250
814478560.4621164799 6014198.4746093750
926719881.1086401939 7342380.4042968750
876866708.1986246109 6993680.4794921875
885855316.1683787107 7050403.9267578125
885524799.0099977255 7045869.6484375000
828391128.1189700365 6368399.4707031250
828125799.6645894051 6362221.2578125000
833791613.2752614021 6470985.7622070312
829688569.3206359148 6404404.9340820312
874117644.5126782656 6971869.5732421875
919943275.5697023869 7290858.0078125000
920016721.6697069407 7295764.9960937500
870796012.6892496347 6948760.9443359375
864535383.5581481457 6891998.3261718750
868100480.9853405952 6939378.3613281250
826271925.9582042694 6326254.9746093750
823960707.9329562187 6292636.3823242188
881805544.9878760576 7040783.1269531250
881745399.0240603685 7038327.8378906250
888511136.1171964407 7081537.5595703125
830198111.3783060312 6414509.8325195312
876687147.4737491608 6987707.0537109375
832909918.2706512213 6459408.2753906250
832307025.2398705482 6446529.8603515625
824150904.3043220043 6296779.5034179688
824175722.4393208027 6297515.2446289062
824113462.0861378908 6295979.9057617188
827725729.5118838549 6359730.9116210938
827570395.7416943312 6355504.3774414062
845010167.9571275711 6688845.1894531250
826478747.5277208090 6337613.6689453125
866206556.8371578455 6903120.7939453125
831418726.0992064476 6430487.0756835938
823814984.6722673178 6283673.2001953125
819270469.9003776312 6153403.1933593750
818687302.3438012600 6141574.1660156250
830484903.6626023054 6416328.6967773438
830140729.8974944353 6411918.4028320312
834571134.5182617903 6475575.5361328125
844135886.3531318903 6659550.7495117188
844185767.7512933016 6664557.9272460938
843841396.0638468266 6658175.8764648438
844711466.3039559126 6673586.3579101562
819711587.0436670780 6164867.9892578125
819721333.9386210442 6165407.6391601562
819675703.3606232405 6161414.0683593750
820582550.3032912016 6182950.1005859375
843457188.4756917953 6650582.5810546875
843278321.8431288004 6637739.5175781250
