624736266.4582762718 4426745.2290039062
619773172.2527747154 3875855.2458496094
621051030.4207435846 4057048.1572265625
622541784.9351404905 4231272.8007812500
620960982.8703837395 4046685.2363281250
631952499.7770789862 4827122.6928710938
620450529.5036944151 3978595.9074707031
625867158.8446521759 4496229.8286132812
622179688.9435659647 4192091.4873046875
634755312.9828429222 4920151.7456054688
625653110.3207392693 4484407.8027343750
631273241.5278481245 4797715.8828125000
633413689.2083466053 4889256.0131835938
628006697.2104947567 4621403.9541015625
619999548.4285757542 3916614.3371582031
654358742.8461127281 5322540.7109375000
625618620.8319402933 4484068.9697265625
620427914.6973990202 3974745.4794921875
621014512.4116615057 4051444.3129882812
622524752.1172854900 4229576.7133789062
638201988.6561416388 5030473.0878906250
619535357.4606299400 3806961.9104003906
620470981.5638839006 3979542.4462890625
622578413.6506531239 4237919.7045898438
634963285.3696721792 4922530.5903320312
658891340.6104289293 5409522.2832031250
621033786.4090808630 4054961.6958007812
631424611.6041246653 4805763.3457031250
631433348.2838337421 4806785.8715820312
622557791.5377770662 4233989.2167968750
621979968.8676625490 4170752.4555664062
622227333.2754818201 4197074.0527343750
621587387.1906288862 4125972.2377929688
627540724.8748946190 4597410.8212890625
628660734.0402848721 4665240.8378906250
620052282.3615489006 3927763.8505859375
624237902.7995563745 4387781.3623046875
628798295.4931908846 4676431.7802734375
630289054.1064772606 4740305.1181640625
619847690.5107609034 3892038.0969238281
623771479.6612727642 4344041.8896484375
631575165.8552281857 4817881.0424804688
625371614.1813195944 4466620.9394531250
624563612.8023544550 4414095.1113281250
621237078.0182687044 4080452.6572265625
621308784.7660900354 4089908.8393554688
624714048.5924822092 4423698.7299804688
621717986.4992851019 4136001.6728515625
678692062.5890034437 5538277.2207031250
625097763.2482290268 4454205.1699218750
619971854.5829091072 3913794.0441894531
629484549.5730297565 4710440.6787109375
624341666.0540212393 4398614.4340820312
621268717.9651126862 4083690.1855468750
623506702.4304295778 4324099.6962890625
623482876.2167074680 4320038.3974609375
626677441.0764902830 4552184.7753906250
627006658.0001108646 4570596.6552734375
627399237.8319681883 4589243.0732421875
621630766.6572690010 4127822.9233398438
620514283.8313528299 3985618.3105468750
623848439.4424264431 4352556.5053710938
631390823.5116722584 4805556.8183593750
633682432.1107844114 4898312.7153320312
620331374.6935875416 3964294.6088867188
629588894.7064298391 4716428.4404296875
625679853.9446877241 4486444.3793945312
619674071.8861286640 3854989.9704589844
627639659.1727544069 4603454.3334960938
628153800.8829945326 4631347.6406250000
623923316.4913618565 4361345.8295898438
635615380.2392807007 4955547.7221679688
620634730.0503898859 4002375.4936523438
620981138.0091146231 4047912.0288085938
620813660.4343709946 4025772.4570312500
622344162.7044941187 4211284.2768554688
628685801.1874974966 4666449.2871093750
620353802.7429405451 3966754.1166992188
629351449.9202135801 4701354.4570312500
621538809.8933489323 4120170.0346679688
625329882.1705119610 4466406.8808593750
624292145.2498422861 4392096.2158203125
619710342.8996541500 3863233.6428222656
638868890.3237498999 5035686.0693359375
631536933.2647019625 4807984.8061523438
655800538.4126788378 5358406.7470703125
631559650.6174913645 4816373.1665039062
701377721.0071829557 5713400.0605468750
621365139.2626435757 4098480.1289062500
622623663.2901874781 4239908.3764648438
624752468.9128831625 4429395.5078125000
624305594.0179017782 4392999.7143554688
622317713.1509106159 4206424.0971679688
629413231.3402553797 4706269.9780273438
631538667.8752434254 4812838.0307617188
622702061.7710299492 4247768.5849609375
625600199.7653800249 4482931.8437500000
622665165.2684202194 4244049.5996093750
628643847.3300179243 4659245.7656250000
622780479.2827478647 4255493.1997070312
637989102.0863963366 5020813.5810546875
624177662.6113358736 4384489.0976562500
640977640.9681662321 5086522.2070312500
619685999.4112287760 3860938.6086425781
622664008.8407406807 4240010.8701171875
619618622.8057651520 3836754.3835449219
642488769.3848218918 5137928.0908203125
621476771.2009849548 4110045.0136718750
623279082.0892976522 4300839.0009765625
715474779.8870339394 5792823.1962890625
641509202.8581446409 5119105.7021484375
623569951.0250333548 4329758.4682617188
620023322.1319854259 3919677.0927734375
625675789.5449856520 4485053.1938476562
627531600.8109732866 4594242.0498046875
715048513.7884891033 5789603.1171875000
641187946.4505034685 5101316.3906250000
644762794.2117736340 5184060.3710937500
623407499.3853282928 4313867.0791015625
631052218.9060951471 4783688.2216796875
658867482.3144557476 5408465.5097656250
621481376.6766079664 4110467.4975585938
625810909.4391180277 4495929.4277343750
622812360.6133375168 4257922.4521484375
638000908.1658749580 5024834.6337890625
626070656.9658101797 4512919.0283203125
619862822.7207322121 3892719.8044433594
641203151.4130359888 5107697.9003906250
666281232.8613101244 5452058.5615234375
641255915.8502579927 5110511.8339843750
619672172.1815470457 3854605.7956542969
622141702.6264050007 4187645.0874023438
621950926.0764949322 4166101.4096679688
642817038.0232739449 5145497.0380859375
622104787.0929198265 4184064.8671875000
620099780.7211844921 3928455.8303222656
677713299.3798607588 5532430.6542968750
682376644.1638115644 5580138.3056640625
620444262.9627597332 3976795.8168945312
647046134.3520746231 5243601.8291015625
646687798.1874566078 5233785.5039062500
619710500.4729481936 3864083.0036621094
628986420.2280730009 4679800.2128906250
625664269.7434968948 4484565.4638671875
664647290.4031462669 5429617.5322265625
664277818.3670105934 5424707.4960937500
623078246.7818522453 4281605.7514648438
622891518.8723970652 4266636.3652343750
628736606.7546451092 4667191.3051757812
691008802.1860326529 5668770.2119140625
641411582.2055464983 5112742.4160156250
641540804.7152458429 5119850.5595703125
645880659.6934447289 5214490.1416015625
625695228.5573767424 4490563.7055664062
686259493.5884684324 5595153.5947265625
628433978.4770265818 4646351.3378906250
658220057.2844855785 5398376.2812500000
640563476.8645732403 5082426.8574218750
620648667.4489380121 4002978.1870117188
628406069.4833191633 4645540.2602539062
628364559.5298982859 4643754.3696289062
631230203.8487747908 4791751.3378906250
641218122.5178879499 5108919.2285156250
628574492.8747141361 4656435.5717773438
625530086.1718705893 4478452.5815429688
625431368.3807243109 4473589.4628906250
714472211.5508685112 5785151.7949218750
639557448.1456503868 5056482.4208984375
647701895.2672492266 5251144.5742187500
656687576.3294504881 5387181.0048828125
658234656.6094608307 5398725.2666015625
642060532.6411412954 5125904.4394531250
641044708.9373254776 5092604.3974609375
667811717.6199340820 5455055.6074218750
625171449.2414346933 4456123.5136718750
658083992.2199666500 5389882.2636718750
635220779.7028703690 4933275.0561523438
625966919.7312647104 4507822.1098632812
707566504.2538356781 5746814.2558593750
626223702.9511195421 4523406.8256835938
630290700.2092310190 4743318.0068359375
634928026.1128245592 4920983.4682617188
626587998.0978237391 4543563.2558593750
621803657.1483024359 4149841.1284179688
631185486.2071361542 4791414.0078125000
655505867.3359307051 5347775.1171875000
639855481.9755666256 5070894.2031250000
639083012.1782814264 5041161.2705078125
639676131.4622150660 5058765.9926757812
686447352.6366406679 5600217.8046875000
686634923.7756904364 5609320.9121093750
675885692.6370736361 5532221.9033203125
635058762.3392968178 4923054.7485351562
650738866.7558631897 5278407.1572265625
651651689.7049711943 5302349.1953125000
633880972.1062912941 4905727.4379882812
625558490.4134174585 4479108.6469726562
652778235.0326853991 5316478.9951171875
672305374.9279071093 5495158.4111328125
672323218.7623497248 5499157.7880859375
688550375.1732637882 5642760.0361328125
645128315.2694646120 5189229.8281250000
644559363.1566516161 5178751.6845703125
637454725.9933594465 5013698.6425781250
640978249.5175497532 5089959.7089843750
628245787.7999684811 4633658.7924804688
637911229.6963493824 5019993.6787109375
627110905.8354457617 4578523.4038085938
637785975.0720541477 5017447.0830078125
706141945.1142939329 5743117.2646484375
640234524.1849100590 5075599.3505859375
630094081.4931823015 4731011.6655273438
638312357.2117049694 5035263.9013671875
685396492.6454459429 5594726.7587890625
713611390.9536459446 5781284.7158203125
713386366.2835860252 5780300.5634765625
654371803.0424671173 5326165.1357421875
626995202.1860511303 4570197.6049804688
630580850.0866526365 4756060.8334960938
630689798.0465451479 4760397.9277343750
632516797.5187791586 4848658.4599609375
632923726.9856425524 4864543.7734375000
635072161.7721526623 4930431.7924804688
640417933.4525047541 5079946.1337890625
634577831.2899447680 4919499.5043945312
655890053.4705431461 5361871.5917968750
673264230.0016329288 5501115.5791015625
673172507.8997669220 5499727.3896484375
628240925.5252702236 4633472.7163085938
635258557.2977697849 4935093.2387695312
636262968.2161859274 4974188.3510742188
636541925.2443597317 4989443.7617187500
656648611.0087088346 5381037.8896484375
656071358.9781469107 5373621.6416015625
713138775.1276825666 5777368.3320312500
634159669.2212344408 4914073.0268554688
643741615.3404481411 5169000.6748046875
634200305.9012024403 4915132.6411132812
635368049.5911030769 4942667.0922851562
636452198.4633888006 4982845.3129882812
643464079.4112225771 5156704.6191406250
632825952.1110787392 4861369.8847656250
636746450.5826761723 4996966.5097656250
634513955.5707217455 4916589.4252929688
634253615.2564314604 4915183.4086914062
712964693.5030090809 5775772.4863281250
632596138.0560795069 4852068.3603515625
649068432.4683972597 5269095.3339843750
648896308.4377108812 5262009.2929687500
712100721.2889802456 5770448.5781250000
712435767.7320899963 5773475.1035156250
645219730.9215784073 5195358.4570312500
644872377.4622092247 5186764.7695312500
706129528.1991262436 5735841.3476562500
688451434.7545460463 5617466.4033203125
651909511.2063095570 5307358.2705078125
711976113.0606381893 5769803.7050781250
711479454.0210468769 5769401.2656250000
648578251.5555211306 5257159.9267578125
681100524.2676700354 5559857.3583984375
702812846.2593599558 5728989.2236328125
648942951.5699667931 5264053.0263671875
648743153.5540566444 5260395.7500000000
682051496.3071111441 5573191.5234375000
681777748.6940149069 5572558.0146484375
646559756.9794896841 5224272.1142578125
697310900.8589861393 5698260.2294921875
697242975.8002548218 5694397.9052734375
654067722.8152847290 5321488.7812500000
687497882.7167218924 5615698.6142578125
702610215.5759495497 5715098.0166015625
679056432.4131598473 5555880.4677734375
696915780.1713325977 5687683.4726562500
710634579.8058426380 5763571.4785156250
699456052.1239867210 5705845.3066406250
699128138.4681487083 5705199.8359375000
688526156.1287424564 5617540.7568359375
700402266.1099675894 5711875.4677734375
637286070.8613374233 5004453.7871093750
705664559.7309155464 5731911.5273437500
639327791.9022206068 5053991.8632812500
709755085.4250659943 5756129.0341796875
670789028.5385676622 5473572.8310546875
649885661.6012852192 5275420.8574218750
693631775.4125427008 5678738.0244140625
683489769.3417297602 5594419.2705078125
709457577.5327329636 5752567.5644531250
708876890.2466683388 5751017.0791015625
651102639.4433038235 5299340.9042968750
708917870.6942198277 5752421.1943359375
707972818.6835370064 5747628.4853515625
708654876.5094251633 5750657.6220703125
708339991.7580041885 5749040.5908203125
655788776.6126952171 5355513.7607421875
655658614.3630845547 5354096.3271484375
655140519.4881258011 5343421.1396484375
654665841.6257773638 5334008.1689453125
686894645.4516804218 5612582.8623046875
705387704.1990920305 5729838.0761718750
705334383.5439203978 5729545.1757812500
