102488808.4174830317 113276.3762511611
102984768.1724128425 141649.8879126310
107158337.3675483763 193336.6972607374
106375080.1143859029 189539.4924877882
119620657.4802794009 237826.4465942383
102550445.6154445112 117423.6574668288
102194044.1910736114 81822.9793370394
102263510.5311442018 90058.6365864156
102188050.7078153789 81265.9513314394
102222441.9877330661 86367.6683978466
102969190.7703887820 139248.0521702766
105015010.7364516854 178849.3173365528
102196512.0583444387 82207.9684788017
102644842.8719850332 124761.3589743972
102924830.9316452444 138191.9168127775
103174189.9819545895 146962.1263813972
107932343.9894906133 197919.6609802246
102279237.2635076642 90857.3235567687
102797730.9052915275 133030.8522966355
102202742.4485390335 85373.6022465853
102963570.4314035624 139144.4913779432
102245226.1421398520 86940.2384662060
102255867.7815709859 89818.1956532625
102446253.5970295817 109950.7866896987
103421785.0975135267 154795.7136006355
102259537.7243136317 89863.2574055074
102711760.8692041487 128884.8424325585
102752669.0197113454 129976.0080221891
103347001.3117726296 151550.7437469922
102251894.9747404158 89622.8164723543
102275264.4566770941 90661.9443758605
128180690.4394733012 246218.1318359375
102206715.2553696036 85568.9814274935
102271594.5139344633 90616.8826236157
103260370.5795078278 151181.0155110359
103309055.8284068108 151293.3118062019
102218469.1809025109 86172.2892169384
102729183.8098498881 129276.9846138805
103847038.9251779020 160184.3780121803
102848346.8416977823 134360.6688561374
103409221.7790527642 151867.3190948926
102396666.4269493222 102965.3812312484
103205770.8879362792 150576.8244709969
104341682.0073137730 168720.3596633729
103072501.6956181377 146229.6498723030
102815930.5414319932 133436.0157431364
102265849.1545223445 90518.8348487765
102937888.8711856604 138583.7122349739
103012564.4548505396 142771.6787724495
103040054.5213510394 142975.7393345833
103131335.4261712134 146612.2535405159
102202635.5285439044 85362.7630363107
102382900.7527872622 102545.2886891365
103372169.0217917413 151699.2333900891
103627161.9734259993 159836.1824555397
102423723.7249583602 106662.6086023897
102762171.0618470907 130341.9010885954
104478048.6207189262 170974.6053376198
102296393.1841635108 94077.6739461869
103332708.1316229999 151304.4346699715
102222335.0677379370 86356.8291875720
103202924.1143141538 147098.0503697395
102896243.1712080687 137554.2347372770
115924502.9166552126 221970.2786865234
102530181.6745923609 114732.0674843574
102722886.3792637736 129271.6940865368
102991065.6029989868 141655.1784399748
102784648.5507659763 130824.8425850803
102312119.9165269732 94876.3609165400
102731496.2339377999 129567.5906694382
103489968.9024129361 155691.9402527809
102769893.5007427186 130533.7795065641
102805004.0312373340 133431.9237021208
102250235.0418559611 88726.2736869454
103088947.6078583896 146242.3009953499
102901845.4318241179 137595.5287785530
102829830.7415103316 133991.7506064177
119910905.2250202298 239096.1062011719
102199363.3132879287 82303.6628980068
102893529.0324421227 137527.5768774748
104083633.8137636632 164055.9921314679
117477186.3371151835 230565.5748901367
117619447.1609499902 232386.2050170898
103463740.3077284992 155045.6702961922
105332649.6592867821 180902.2309718067
102554824.9060725272 117833.5494040102
104936450.0070501119 175915.4052033508
111500206.7591240555 205468.4771056734
102948815.3813803196 138853.4282994270
103001691.7861526012 142119.9899601936
102263403.6111490577 90047.7973761410
102271487.5939393193 90606.0434133410
102830008.4998543262 134090.9731100798
102850007.1306538433 134376.9783103615
102191916.5946508050 81450.4913020730
102861132.6407134533 134656.0905417204
102798706.6006512046 133426.6331747770
102504301.1145095080 114054.1527518630
104966542.6769288331 178529.2185188467
102193937.2710784823 81812.1401267648
102187943.7878202349 81255.1121211648
102671851.3626644909 125845.1786167622
104993936.1495141238 178794.2984856367
102280143.2936433703 90974.8677258492
102753524.4099068642 130259.7251534397
102212707.6193540692 85777.5019358397
102738769.3598836064 129968.6620749235
104194831.0119508356 166499.5785756111
102276130.6955365986 90779.0795027614
104492627.2119443864 171278.9232342206
108837893.8524312377 199882.4750102814
105578776.6488667428 182975.7327294284
104517794.9219635129 171427.4128773175
102218362.2609073818 86161.4500066638
102202120.5628548265 82307.6466338094
102277586.8779189140 90825.4031319618
102308603.7130487859 94735.9551396370
102882245.0389417261 134706.2614280581
102218976.6074678004 86307.8607274890
102228434.3517175466 86576.1889061928
102232407.1585481018 86771.5680871010
105928856.4727222472 184897.3319286164
124840043.2609647810 242701.9614868164
102216680.4261846393 85972.8811167479
102285229.6274921149 91065.8440651149
106528134.8138241917 192747.4445537385
104298720.6502003223 167563.5071930885
102245119.2221447229 86929.3992559314
105464412.0804877877 180980.5607447559
102206608.3353744745 85558.1422172189
102571326.0317237377 118200.0147958398
102560511.9511093497 118153.0002860427
117003583.0382118672 228487.1020812988
104607903.6094382852 174231.4234833717
107450379.2282774746 194701.7682851851
102374816.7699969709 102111.9168050736
102651823.6284365356 125426.8713327050
104478334.0317947716 171032.6141571999
102502236.0547891408 114032.1746940017
102302296.4541944116 94329.7462576628
103918767.7665851563 163769.8190850019
119275011.4959794283 236241.1962890625
102259430.8043185025 89852.4181952327
102298323.6473638415 94134.3670767546
102251788.0547452867 89611.9772620797
102322106.9036550671 97749.1648367643
102321492.5570947081 97602.7541159391
102255760.8615758568 89807.3564429879
106061340.7731020451 189465.2961525973
102363691.2599373460 101725.0651510954
104829787.1984366775 175691.4585761763
105643110.2628342360 183310.9869599426
102261860.1455554515 90026.7161616087
102329749.6532282680 97989.6057699174
102498613.7268819511 113703.2923240066
104247189.1393348724 167197.9188141823
102359255.2974881530 98973.2761693001
112809003.5199218690 205480.1723260880
104559906.2216420323 171498.9204876386
102288750.4345903099 93837.2330130339
103619723.4081615806 155876.4115341902
104689475.7992855608 174697.7298138104
102722687.3793987930 129154.5584970117
105899215.1702773720 184066.3392496109
103621038.9373620301 155929.7860920392
102550964.0245083421 117567.9284933656
104411055.0220971107 170812.6169037819
102627429.9483284652 122276.4837442040
106031265.7182074040 188762.1467632111
102921888.2465002239 137965.0508719534
112964627.6872325391 210722.5515785217
102193369.8300296813 81455.0793561367
102504408.0345046073 114076.5313376784
102584905.6312174201 121303.3878745437
102390543.5023604333 102910.6037754267
103886223.2967123240 160280.7317974530
107589655.2427396625 197738.2874450684
119538744.6253485680 236922.1286010742
102212034.3775839210 85657.7343854336
104125745.1134421825 164127.4997417890
102379417.9923008233 102523.7521214485
102420016.1120314002 106215.3273085207
104058466.1037445366 163907.5024883710
104320384.4049121737 167652.1525433026
102396297.9686533511 102916.6307377815
103846762.4065435827 159885.9330773354
102892967.1859041154 135004.6809073538
102253374.0008053780 89665.4967485694
102304477.1669537723 94635.9199833870
104312712.1158673614 167598.7779854536
102401186.4802608639 105953.3498076797
104050793.8146997094 163854.1279305220
102442770.8365431279 109929.2501220107
102337833.6360185444 98547.8518071175
126555546.4348430037 245722.0063476562
102279130.3435125351 90846.4843464941
102422608.1417304724 106378.7741698623
103878551.0076675117 160227.3572396040
102354713.6123710573 98940.7304234505
107473509.5737117827 196677.0336662587
104238812.2150648981 167185.8462128639
102708828.3293785155 126669.9034968400
114313912.1060606986 213309.9629058838
113981057.8155477345 212782.7896881104
102627155.2821361423 122255.3569601625
102468651.3966259956 110607.1648545051
102314050.3797273189 94933.0540471077
102275157.5366819650 90651.1051655859
107054296.9642491639 192823.1359599885
120488575.6347842366 239326.9316406250
102318023.1865578741 95128.4332280159
102547786.2343034744 115036.3904976696
102283426.6219127625 91021.1222233772
126050304.7195299566 242764.0618591309
102530288.5945874751 114754.4460701728
102317408.8399975449 94982.0225071907
126281667.1478742212 245648.7570800781
126653289.8913915902 246122.1418457031
102433733.6517900825 106765.6258238405
102453896.3466027379 110316.1017759889
102251173.7081849426 89465.5665412545
102265587.9230531007 90363.6015500454
102388666.5350213945 102643.3147886842
102437706.4586206675 106961.0050047487
102281559.6847494841 91020.7823128700
104957498.0573090464 175962.0779732466
102317670.9412058741 94997.3758549690
102408829.2298340499 106193.7907408327
102424209.6670910418 106681.3700674623
102400572.1337004900 105806.9390868545
104216642.4072185159 166597.7992615700
102337219.2894581705 98401.4410862923
102528116.6148720086 114710.0894264961
102893370.5490013361 135093.1130820364
102919874.4612200558 137764.6648888439
102513361.5648487508 114419.0263479799
102565843.1535462886 118166.6129263490
118709853.9617508650 233104.9111328125
102825052.0294291377 133663.7211861461
102345476.3855917454 98788.2927402705
102623854.6783989966 122218.8612866849
102539722.8719012737 114990.5562094301
102677704.1885194033 126104.7860651994
102887750.2100161016 134989.5522897029
102480868.2370843589 110912.9070395082
102582451.5417833626 118586.8664498180
102610786.1913002878 121981.3026070381
113885142.6453728825 212544.8935241699
102914955.1627176106 137649.0189766735
102435801.1203156561 106790.5960043520
102701105.8904828727 126478.0250788713
102634187.8932637572 122354.5416207099
102509739.2369415760 114090.1439779848
102362356.3619442582 99181.1713566035
102844954.8898857683 134228.8386177868
102354099.2658106983 98794.3197026253
102515533.5445642173 114463.3829916567
102515426.6245691180 114441.0044058412
102694073.2793552577 126378.8404183239
102477635.7064636499 110636.2261961550
102619432.8432404995 122063.4785421938
102686350.8404596150 126186.9620003551
115936755.1530880481 225015.6314697266
102539615.9519061446 114968.1776236147
102729391.1918486208 129541.4101509899
102480761.3170892298 110890.5284536928
114840043.7962176949 217781.5851135254
102435694.2003205419 106768.2174185365
102824213.6236395389 133642.3538536876
102261000.7696621716 90021.8116483120
102478696.2573688626 110868.5503958315
102433629.1406001598 106746.2393606752
102264973.5764927268 90217.1908292202
102867148.9943241477 134691.1671897024
102617035.6289331913 121991.3623547964
102823716.0227468908 133526.7079415172
102822291.5546879470 133519.3859200329
102868573.4623830616 134698.4892111868
102632761.1507654190 122290.0963845104
102596031.1412770450 121690.2395285219
102638555.4583880752 122663.3353981823
102571637.4611689448 118539.8519400209
102768250.0186046064 130366.8967813104
102477550.8808830976 110609.4828537554
102662949.1384961605 125813.7229866832
