169916740.9175056219 189477.5479517430
172984073.3923193812 218248.2549483478
180384744.3969572186 254332.2500896454
178136919.8983506262 245655.0273995399
180189731.7501764596 253441.7829875946
178362754.5155409575 247123.3605063260
172465733.9732803106 215250.6716604084
173086884.9503343105 218716.1199385822
176399268.2370921671 237594.5590749830
186860402.9536717832 262506.1879882812
176463383.5892670751 238027.5908742994
172984073.3923193812 218176.6240889728
172356281.7918196023 213983.4375600666
170046512.2150097191 191605.3810431212
170438584.2846886218 198529.4886748046
181140519.3327307403 257037.7294921875
175881394.6565521657 234441.5950873643
175759969.0679604113 233816.7483537942
183500501.9254019260 261211.5360107422
174015864.7765895128 223745.3787703961
176320661.1017128527 236449.9484931380
178576101.8806416094 247714.7649863064
177177102.4191031456 241897.5924301334
169875149.7582550049 181143.3043146580
179084971.5642828941 249864.2286087573
181128465.6272527277 256997.6690673828
170438584.2846886218 198611.9394499511
175759969.0679604113 233792.6581438333
178829356.0865802169 248603.1601889431
176325681.1789030135 237372.6831733137
175759969.0679604113 233871.5248430520
172337006.6408632398 213771.4656340331
176325681.1789029539 237363.0956488997
176459144.6548858881 237923.1254340559
176833158.8119215965 239834.4200363345
177264135.8816242814 241915.1011581607
184588690.7685346305 261685.2709960938
181009622.0381249487 256560.1309814453
181403419.2718109787 257439.0242919922
181286574.2083357573 257374.7553710938
175759969.0679604113 233770.5602434427
176833158.8119215667 239812.2956466861
179751714.3727869093 251934.0639953613
178618369.9932436049 248287.9616409838
170330264.3180035353 196452.9198805541
181522262.8609387279 257901.5064697266
183500501.9254019260 261186.5056152344
179516338.5184606016 251758.5066947937
180686362.6377120614 254712.9160690308
177307999.7137089372 242344.1892318912
176325681.1789029241 237316.9075385481
170755737.1094616354 202818.7000700682
177112987.0669281185 241408.7849960513
183032144.9622045755 260908.5189208984
183877765.8330493271 261240.9606933594
177575913.5562586486 243219.9258332253
169875149.7582550049 181196.5852899998
179633183.5819358230 251824.3198051453
179321325.8716798127 250765.3473320007
183877765.8330493271 261248.7470703125
177359340.7764336467 242513.0497055240
184588690.7685346603 261739.9169921875
179500403.8671846986 251302.3667488098
179385441.2238547802 251222.4856987000
177410403.0097687542 242683.3843612857
173382179.3440181017 220174.3584542722
184588690.7685346305 261685.4483642578
177605415.6565495729 243564.7973861881
171689748.9797188044 209995.1643179804
180686362.6377120614 254688.8095016479
180686362.6377120614 254791.5017623901
177811499.4206064939 244486.5307846256
175131962.4320957959 231373.3208250999
177747384.0684315860 243955.4125595279
177481301.2787301242 243206.0898666568
184548700.4525193870 261644.5456542969
179191060.6366343498 250518.1026080251
181403419.2718109787 257469.8005371094
177982933.9299396873 245164.0872589350
170470489.9114830792 199020.0913054198
177982933.9299395978 245141.9628692865
179773687.6279427111 252237.7709846497
177112987.0669281185 241509.7495956607
172206109.3462573886 213253.9857756346
178505807.4169576168 247560.6344925463
178258400.6879011691 246476.6814375818
177424250.8368375003 242813.5856552310
172141993.9940824211 212755.6032683104
178265183.6046874523 246574.7678633630
175789434.0188263357 234308.4336180687
169888639.9812124074 182870.6143274754
170470489.9114831090 199042.9189421386
175622565.4950343668 233692.7335448265
177918818.5777646601 244708.9310699701
175488624.7313843668 233222.0670409203
177619263.4836183786 243657.5357895084
178578093.5007199645 247917.8662367761
178505807.4169576168 247553.0279251635
180730957.4759103060 255364.9134216309
169900693.6866904795 182946.7073450536
170349272.8607157469 197532.2728850096
180886512.8792673945 256126.9711914062
175558450.1428593993 233259.7017455101
173394807.9159302413 220668.0307260007
172141993.9940824211 212812.3433806151
181503852.4315508604 257746.1129150391
178505807.4169576168 247577.0268265307
178201068.2525124848 246043.6496382654
176083081.5797857642 236018.5833378285
178505807.4169575572 247531.4637161791
176188878.2204469442 236211.2213383168
175131962.4320957959 231320.7975096703
172824628.1304577887 217433.9141897542
180540415.6422916651 254598.3436889648
172760512.7782828510 217127.0354666097
177417185.9265551269 242773.0580673404
178201068.2525125146 246149.3220015466
176898685.4844892621 240668.4628409296
180691500.2324865460 255297.2393188477
180755615.5846614838 255624.5987548828
172465733.9732803106 215211.3825979084
180888751.3707422316 256189.6174316406
175960119.3095157146 235139.7184465677
177407467.5375924408 242547.7415692806
180333548.8717354536 254116.1284484863
185010121.2615469098 262077.4937744141
181442160.5735661089 257609.0466308594
170604152.3240166008 200855.0136076659
170063495.6770310700 192079.1298224181
172519483.4136570096 215475.1144704670
177294757.2927782536 242199.2692845911
173384442.0041319132 220509.9056039304
179807137.5763431489 252614.0916557312
181534316.5664167702 258000.0919189453
170666425.6854887307 201871.8579069823
170536654.3879846036 200036.6529680938
170157801.4201723039 192666.9088274688
173525705.2105361223 221125.4660287350
173452921.9103333652 220766.1171517819
170795551.3918970525 203010.1045500487
184588690.7685346305 261657.5007324219
177029582.7790951133 241027.8117178828
170984957.8251464367 204914.3459135741
170666425.6854887009 201773.0837370604
181534316.5664167702 257941.3680419922
170209346.2331996858 193852.4871069640
170398457.9358427227 197659.8081709594
173452921.9103333652 220772.2074838132
170398457.9358426929 197615.8274580687
173583819.2049392164 221221.9333138913
184099899.3494927585 261442.4974365234
170732965.1688301265 202604.6602751464
176834570.1323142946 240238.3092154413
170755737.1094616055 202817.7667204589
170226030.7292574942 195416.2778517455
170140817.9581509829 192109.7335345000
181286574.2083357275 257353.9248046875
176834570.1323142946 240137.3446158320
170252048.3337568045 195578.6160322875
170545208.6347212791 200336.3405424803
174945350.3125443757 230640.2980332375
183936144.9816994369 261302.2130126953
176888319.5726909637 240412.2512930781
181281585.4131400585 257249.0122070312
170545208.6347212791 200327.1368681639
183500501.9254019260 261212.8928222656
184062549.0001264215 261370.6800537109
170140817.9581510127 192167.7046038359
171581803.0741034150 209647.2898527831
176757540.1673195064 239346.8705692738
175267997.3214762211 232110.3962035179
180333548.8717354536 254092.0218811035
170288707.3686967790 195857.5432478637
173171663.1906644106 218975.4630685300
173171663.1906644106 218946.1874337643
175151834.7690166831 231860.5057616234
171993774.9001505673 212426.6826445311
175478258.8195860088 233063.9419188499
172244707.1406609118 213724.0170984417
178978184.2826718390 249739.8331009448
175137542.5720637143 231758.9455504417
173117913.7502877712 218755.9757028073
178985249.1929542124 249757.2914749682
172018433.0089018345 212632.1149260253
181934456.4294824004 258320.6589355469
170157801.4201723039 192684.0141741484
178847286.9880659878 249364.9266068041
171954317.6567268372 212158.5909392089
171358653.9872094691 208273.0706755370
178978184.2826718390 249742.2917191088
176713760.7051594257 239307.4646854848
173999569.6566000283 223515.9433989525
176804252.7490906119 239658.2278080434
171232740.6862133741 207425.3468521088
173903843.2857291102 223320.4582915306
172008067.0971035063 212520.3457609862
180745249.6728632152 255512.0189208984
171383888.6025725901 208814.5825851411
171150322.4500310719 206467.2701461762
171754167.4151715934 211223.6104704589
171818282.7673465312 211556.3683439940
179017773.1235129833 249792.1988236010
174725570.7460165918 228906.5479979515
171793624.6585952640 211402.5163847655
180525714.2259524763 254547.9637756348
174400017.5482281446 226372.2554564476
180465398.8574502468 254526.5703430176
171043334.1359567344 206205.5435684174
180752314.5831455886 255557.2576904297
171043334.1359566450 206150.7830703706
171610864.0868113041 209777.8373381346
171043334.1359567046 206199.9534805268
175885889.3390009105 234630.0861823410
171043334.1359566450 206150.3076065034
178696674.6834983826 248377.0531937182
170845629.7557030916 204165.6576736420
175281044.2699428201 232355.9697508812
170897691.4023999572 204471.1895568818
170536037.2380338609 199229.6359373778
171024249.6784722507 205072.2703673095
171525151.8089767992 209456.7178390473
171262671.5518052280 207446.7121017426
171358653.9872094989 208289.5788542479
182497087.9808201492 260050.7163085938
171031280.4304785728 206039.5267074555
184060310.5086515844 261331.0555419922
175912235.2414319515 234644.6385505050
173365232.6087244749 219974.7863131091
184516862.9008984864 261532.4776611328
173278192.8670294881 219817.2496077716
178573051.4064354300 247642.2901605964
171213346.4599497020 207039.6000181884
182465415.0531566143 260004.2238769531
184060310.5086515844 261360.1015625000
170807605.0973751545 203158.4824949950
182465415.0531566143 260035.2380371094
171204214.1169796884 206642.6406523436
175789677.6383230686 234317.7803916931
175448115.1595434546 232943.3954100609
172230414.9437080026 213624.4892358929
179804152.3360846937 252321.6230278015
171649307.4759725928 209954.0693246573
179804152.3360847533 252371.6017875671
172416962.6707333028 214479.8887624592
172687671.2903764248 216571.7764577717
172261407.2673762143 213753.4114675373
174536177.5375073254 227627.9484801292
174521885.3405543566 227526.5529417992
173840275.0576254129 222914.3502593040
173840275.0576254129 222899.2551665306
174563234.3513155878 227710.3119902611
174629487.9520967603 228840.1259703636
173787726.8026257157 222377.6597424746
173840275.0576254129 222849.6848540306
183310553.0428327024 261073.6240234375
183046437.1591575146 261006.3319091797
183310553.0428327024 261041.4647216797
174607093.5472415388 228459.9859557152
172705341.4582593739 216576.1362905353
172368335.4972976744 214139.6830587238
183046437.1591574550 260988.5866699219
172448925.0355692208 214491.9832448810
172448925.0355692208 214481.1447439045
180054486.9246524572 253048.8168029785
174029681.6078820527 224140.9495635033
174029681.6078820527 224150.5292754173
180068779.1216053367 253052.4287719727
174107593.6379930973 224997.0201659203
173840275.0576254129 222870.9402251244
182651191.7474800348 260587.6420898438
173840275.0576254129 222921.1462798119
175065820.3224969804 230871.7658524513
175065820.3224969804 230940.6251053810
175939231.0039440691 234811.8257126808
173970816.1211185455 223363.2650542259
175080112.5194498897 230989.7076554298
175939231.0039440691 234742.9664597511
174240188.7502051294 225911.5160765648
174166537.3272884190 225440.8495726585
182798859.8632372618 260674.4975585938
174829519.9594035447 229621.6695494652
181824628.8717098832 258257.5256042480
174829519.9594035447 229667.2148375511
183013718.9225762486 260740.3531494141
174344312.2471081018 226301.5692687035
174046082.4135061502 224772.7877234668
182054147.4132237732 259096.3066406250
174843812.1563565731 229723.2297606468
183013718.9225762784 260772.8980712891
174417548.1333563328 226863.1758055687
182242218.8301008940 259614.8131103516
182199052.5413466692 259328.7843017578
182157171.4522523284 259231.0517578125
182806087.1499077380 260701.4465332031
181948851.4896415472 258878.8785400391
182446794.8994276822 259906.4586181641
182439729.9891453087 259876.3955078125
182199052.5413466692 259250.1986083984
181780222.8538475335 258105.7629394531
