209988363.1076206863 11794.1485844936
209732520.1351399422 11682.1815188080
210854192.5393076241 12197.8625794649
210792230.5166266263 12132.3284045458
211084914.5925275683 12308.8633221388
210069180.0981700420 11802.9702912457
209598536.3127490580 11564.2164322287
217708483.5061981976 13532.6878051758
210456366.7707123160 12116.3968592882
210151845.6338022053 11845.8743914962
213505739.0843116045 13012.6915826797
213638206.0664712191 13015.9367914200
211488291.8260069489 12496.7925662994
213970516.4779021144 13101.9949378967
212985644.3863158524 12915.0518274307
210368975.3969266117 11941.1904911399
216710812.5641605556 13416.4969215393
213725101.6642401814 13054.6990814209
211005617.1276017725 12227.1255074739
213931105.6948772073 13065.9929218292
215151712.1548588872 13263.2946949005
214974188.7437873483 13222.1967735291
210822271.0899729133 12136.2739423513
209663727.0720570982 11588.7662598044
209547882.0824365020 11542.6490752250
211203894.2884509861 12415.2530001402
210431333.1785216033 12004.7822317481
211983748.6624208689 12672.3277978897
209613072.8417445719 11567.1989028007
212093812.5003575385 12693.6794633865
215883175.5723229349 13366.5891761780
211452511.7974639237 12479.0201511383
213375631.3007299602 12981.8397960663
218782534.1968127787 13533.3660049438
209246778.5627164245 11516.1672078520
209367928.5441548824 11517.6204831153
218962746.0861321092 13539.0103378296
211936479.3201136589 12630.7091531754
213123104.1176887155 12929.4193735123
216956475.2971862555 13479.8241767883
213958805.0087938309 13072.0724363327
212397611.5784467459 12791.3703269958
211591461.8632601798 12540.1962804794
220508572.3688624203 13565.1396522522
213143841.2756249309 12956.6842994690
216816890.1661253870 13430.7340087891
213300865.8806125820 12976.4161100388
211013205.0988514423 12264.3250809908
215433691.1838634014 13295.4136295319
215940652.7153868675 13370.3027343750
209934045.6550827026 11720.0126762688
209856385.7174675167 11690.9983059689
212380487.0804142058 12763.3313732147
219397796.7071444392 13554.7958374023
213900975.2408778667 13057.7165937424
211673425.5855011046 12551.4354076385
215448797.3847042322 13304.6490592957
213287703.7464616299 12958.1327037811
214089957.3422151208 13128.4063949585
214019497.4085555077 13118.9385843277
216618098.0296650827 13415.4685745239
213438367.2757457793 12995.2168655396
216883831.1169397831 13440.6761131287
220530213.8602108657 13574.5748786926
211343260.6226432920 12418.2789400816
216924089.2688043714 13478.2846717834
212606302.2672088444 12858.8283405304
216901500.8319286704 13467.9697456360
216346747.9058818817 13395.3735885620
215269179.7240166068 13285.1679496765
212973884.1566913724 12896.4535303116
213955949.7061353922 13069.5710248947
212964631.0012583137 12882.9255380630
215052249.8144989610 13248.0076045990
209932867.0926316082 11698.1305542290
210256188.5739504397 11878.2388157099
210293947.1679388881 11903.3404492587
216300329.5066895485 13392.1935348511
216750349.5615374744 13417.9693870544
216837402.4090667367 13433.4477272034
211702674.2965247035 12619.0119485855
213122827.8905674219 12924.5580101013
212500388.5100824237 12854.3086862564
215619528.0781542659 13311.7486610413
214455265.9593730867 13130.7627210617
210398320.1517883241 11949.0562199801
213049625.5193523765 12920.4610147476
215705595.5586386025 13344.4284057617
209976424.2936950624 11743.7168112099
215224504.1364953518 13281.0276374817
209102603.4714032710 11153.5112274375
211241746.4463704228 12417.6296711564
211935517.9329954386 12620.1564340591
212196617.0166084766 12696.3144121170
217465459.6898640096 13514.1721725464
214997275.3492413759 13236.1531734467
214952593.0260324776 13221.8743801117
209971612.8468618393 11729.4305789173
209676257.3140177429 11677.5653435886
212320948.3391394913 12713.1462993622
214589021.2016966641 13201.1835632324
214569617.7718595862 13154.5692348480
215358326.5739101470 13290.2557868958
212325717.7810047269 12716.2874391079
212353651.4087355733 12744.7640244961
214980110.0461245775 13233.7288112640
214948534.2948964238 13206.3475093842
215406772.1869333386 13291.5860404968
216374330.2320420742 13409.7859878540
212234783.5540181398 12711.4263896942
220486026.0772379339 13564.7621650696
213680377.9709832370 13018.4784231186
214913981.8135829270 13204.8921947479
220182731.1975648701 13556.7848014832
220362943.0868842006 13562.2876167297
