376565428.8078261018 3849879.0495605469
376858102.8387491107 3875192.8884277344
377510807.4882301688 3900023.6550292969
376828091.6239178181 3869208.7609863281
377048519.5960235000 3876045.2814941406
377972242.3894029856 3918312.5988769531
378713091.1765848398 3966972.9963378906
378798336.3743893504 3971814.7580566406
379684728.4895196557 4014404.6413574219
379814833.7544795275 4021890.5690917969
379585737.2371038795 4008378.9353027344
379176621.9310335517 3993606.8029785156
379093724.9896077514 3978920.2980957031
381248998.8002606034 4079494.2951660156
380191079.4985172153 4035073.9699707031
381650357.9957548976 4094059.2910156250
381081280.6316437125 4066277.5805664062
394621529.8228051066 4424744.4165039062
392689569.2621007562 4391428.0966796875
376333215.7640094161 3817591.3601074219
376557091.0056512356 3838253.7775878906
376743822.8605989814 3861664.8977050781
377735967.4757268429 3907350.0446777344
377426619.6576013565 3897248.8981933594
377419016.9953173399 3893654.2380371094
378079849.7972687483 3930678.9104003906
378495995.4939009547 3955694.2780761719
381369140.0456076860 4079922.9714355469
379918026.7188868523 4024373.9313964844
382132294.3232275248 4110633.4160156250
381913760.4385703802 4105426.3544921875
376220525.4427866340 3804182.2106933594
378320053.0219808221 3940375.3425292969
379769171.3841571212 4021409.5798339844
380586551.9128882885 4048251.5895996094
380702850.5008022189 4060250.8737792969
381224629.8068095446 4069918.0957031250
380252837.5934885144 4045300.1164550781
404966795.3374888301 4578327.4848632812
573988804.2439293861 5161735.0576171875
422909142.3026846051 4688175.8862304688
375963188.2436951399 3798240.0847167969
376238926.8802727461 3816679.5964355469
377072242.9521765709 3876584.7912597656
381724506.0667716861 4098706.5976562500
381394263.0991476178 4084261.0075683594
386685593.7642530799 4251371.0117187500
376984299.1085143089 3875354.9260253906
377150284.2041586041 3887155.3757324219
378432201.1975384355 3949484.7111816406
379313974.7005286217 3996288.1032714844
382501528.1161532402 4123345.4541015625
387098398.2618177533 4266062.8847656250
392921744.4598383307 4400058.9658203125
376152898.2721812725 3799989.4011230469
376238684.9760311842 3804469.0095214844
376732581.9663572907 3851750.1437988281
377477740.0340127349 3898601.3874511719
377331066.1131340265 3891317.4099121094
377624468.5326820016 3905023.9377441406
378310498.2246703506 3939904.3000488281
380103271.4076319337 4032881.0402832031
424522873.5037246346 4713383.6088867188
423723545.2373641729 4705641.4409179688
391655547.9145259857 4360922.9360351562
377845955.4606742263 3914351.1223144531
378297097.2165691853 3937458.8581542969
378039658.4526840448 3929361.8210449219
378308319.2512919307 3937812.0358886719
379343924.2517939210 3998363.7175292969
384791044.7903191447 4191984.4020996094
376177796.8306539059 3802621.2770996094
378452044.2846139073 3951611.8146972656
378766574.5415287018 3969831.4660644531
386016913.6984188557 4229672.0913085938
385107524.1174365282 4202170.0249023438
387172379.4277116060 4273101.3315429688
394357968.9343695045 4419115.6015625000
375952438.3079242706 3793277.9294433594
376434882.6012961268 3829242.5231933594
381846168.3090363145 4100906.4882812500
391299166.2731292248 4350257.8076171875
391319014.5486092567 4350930.3085937500
376336333.7626941204 3821160.6286621094
380378144.6949629188 4047292.9230957031
391514576.0314380527 4355104.3081054688
386523239.3465217352 4251019.2333984375
385935819.7708449364 4225222.0302734375
376379542.4632008076 3823148.3796386719
376481686.2998704314 3832968.9753417969
378368168.2364196777 3943905.8327636719
382466306.9151045680 4121956.2431640625
389052028.8568440676 4306468.0493164062
376314226.6992158890 3816684.2429199219
376474248.2492399812 3829333.5095214844
379023237.3463465571 3975468.3039550781
379167427.3349308372 3981373.3527832031
382684040.2429146171 4128729.9052734375
392483892.7456501722 4391167.1748046875
391769458.4169570208 4375521.7099609375
378514469.7075499296 3959554.5241699219
378914282.4540773034 3974251.1887207031
379514265.3071506619 4002551.2282714844
382770530.1996988654 4132136.1933593750
389884794.8864712119 4322639.2836914062
394051266.3032346368 4414068.2944335938
377912521.7369512916 3915600.6760253906
379481721.3604199290 4000662.9880371094
393719679.4217558503 4410236.4672851562
378433736.2606053948 3949795.6013183594
378248122.4681767225 3935637.0798339844
378608307.7997410893 3964307.8156738281
574763533.8193867207 5161868.5634765625
386389728.5147204995 4250669.8974609375
384247469.8355413675 4177548.7282714844
384213418.0440835953 4176821.7263183594
394814827.8742927313 4441873.8393554688
394705744.8865269423 4437960.4731445312
385816680.2318517566 4223892.3007812500
394452690.7418239713 4424743.4946289062
393788091.1839465499 4412753.9848632812
390560131.4403236508 4331777.0224609375
386389728.5147206783 4250774.8642578125
378929255.3933128715 3974315.7980957031
380101014.5351054072 4027249.8918457031
382239403.0776285529 4118825.5878906250
386761068.1904529333 4260416.8886718750
384812801.6883414388 4199139.8662109375
398140617.7682952285 4482426.4785156250
389910286.3929201961 4328646.0791015625
389056456.2306017876 4319374.3994140625
505434967.0278731585 4998521.9726562500
388514305.2494224310 4303994.9223632812
404000536.1514991522 4552978.5258789062
384273137.0380145907 4180271.8945312500
404972278.9253959656 4578409.2114257812
386025612.1447842121 4246393.9370117188
383530060.7579259872 4154327.4667968750
397558629.9246163368 4475764.9892578125
397473872.8584206700 4472272.8662109375
383927979.2133604288 4175568.2021484375
384609154.0307716727 4191123.0444335938
384395246.4914271832 4183524.5654296875
380660280.7608253360 4053519.0344238281
520777195.1647983193 5066431.8183593750
520580755.2687420249 5064626.6523437500
404451877.7842953205 4567436.8793945312
388347782.9753473401 4283597.3891601562
383799963.4334136844 4173370.8266601562
383914201.7412256598 4174228.9140625000
382948301.2946879864 4135557.9960937500
385233543.3064709306 4222350.1196289062
388347782.9753473401 4283693.8305664062
385816680.2318516970 4223777.6699218750
405189202.5536826253 4586047.3315429688
383661177.3154684901 4164540.9150390625
397733075.7250837684 4477605.1357421875
405065902.8683722019 4583358.4321289062
381391158.8156156540 4083742.0842285156
382413933.0206352472 4118927.8916015625
383676592.4562293887 4166357.8779296875
382936099.0907249451 4132602.3740234375
406275329.2093210220 4599074.1660156250
381242817.5298473239 4075562.7399902344
383101576.1265812516 4143329.5898437500
383005318.4212867618 4140513.3735351562
381953294.4901738763 4106189.7070312500
384395246.4914273024 4183639.1962890625
423443267.5631256104 4700910.0952148438
382645935.1838043332 4128126.8476562500
388098586.5702213049 4281378.0747070312
381636670.3866011500 4092375.6137695312
382073449.0946661234 4106344.8417968750
405693566.3262795210 4586635.4028320312
385070889.4305119514 4199463.5732421875
390851205.0620546937 4347348.8837890625
385070889.4305119514 4199560.0146484375
393625053.7298273444 4407099.9399414062
383627031.6939507127 4160206.3725585938
383386752.5610630512 4150827.3598632812
383207616.4756710529 4148794.6250000000
397421808.3449335098 4469799.1821289062
381602999.8866174817 4088494.9721679688
393993600.2806847692 4412924.7104492188
406266884.1515342593 4596014.0874023438
405611189.6251649857 4586228.2612304688
423857638.3071669340 4706386.6704101562
381596434.7839927673 4088108.3208007812
398895356.3897615075 4486517.8710937500
398983346.4966629148 4493291.6425781250
400113377.1160835624 4516859.3017578125
573538311.0867953300 5161212.2128906250
388245087.0183198452 4281565.1528320312
391286352.0762538314 4349939.9604492188
572376549.8173110485 5156337.8261718750
405945400.1382113695 4590745.8051757812
396014037.4956476092 4458389.7597656250
399623990.8982512951 4511852.4990234375
423321486.7820598483 4700901.8247070312
572741428.8825005293 5159206.1601562500
423476673.7178991437 4702456.4184570312
399276495.1454607844 4511305.5966796875
422835038.5597381592 4687275.7446289062
388424791.1370694041 4289059.5532226562
388035770.6353663802 4279345.1586914062
388005577.2363037467 4275974.4096679688
422954562.5480363965 4694483.6088867188
423875492.3346658945 4709535.4448242188
388342049.0894633532 4282214.5097656250
402575160.5383863449 4524936.2832031250
401156408.5483039021 4524154.1523437500
550028902.6592971087 5120566.7890625000
388005577.2363038659 4276070.8510742188
399241766.6364415884 4509753.6591796875
537414050.2339953184 5072634.4863281250
397290408.1052684784 4458502.2543945312
405616673.2130723000 4586457.0620117188
395835610.8680909276 4451801.2797851562
572246717.0190509558 5153672.3222656250
405616673.2130721211 4586309.9877929688
395580287.1175308228 4450056.7016601562
408012412.3056551814 4600322.6147460938
408014339.7900233269 4603654.8442382812
424987604.3701454401 4716722.1738281250
408151830.9993587136 4606422.9067382812
425447972.8531535268 4721204.2109375000
426419148.0850546956 4728802.4887695312
424736977.5492608547 4714129.5605468750
424508917.2797761559 4712129.4365234375
572254079.8250784874 5154281.5068359375
425320164.3744397163 4720592.5600585938
425807386.3708383441 4722771.3520507812
512344856.7791983485 5016348.5859375000
572203297.5247528553 5152829.0966796875
425224668.6080586314 4717885.6879882812
426324521.6429665685 4723659.0532226562
398763397.3720791936 4483544.8164062500
397329737.3701134920 4469561.6401367188
414314437.0041496754 4633452.8520507812
571215932.1206989288 5150082.4003906250
570170725.3159152269 5147348.0097656250
403081986.8717496395 4532767.4829101562
398464824.2534298897 4483494.1342773438
422042327.6610628366 4686805.1293945312
410887120.2511687875 4613532.5581054688
409894608.2210859656 4608119.4614257812
539246777.2925562859 5080158.1113281250
430030680.0929272175 4741381.5600585938
569936122.8283632994 5142193.6054687500
569117360.8903695345 5140749.6601562500
569309505.9009375572 5141098.2060546875
550815782.3539206982 5121481.8173828125
546144481.0256619453 5087141.0449218750
568958188.4519240856 5132090.3798828125
568375054.0593278408 5131325.6025390625
442530325.8986970186 4818239.4726562500
441488413.1620170474 4813912.2978515625
435073851.2267058492 4746492.3813476562
435185541.8008591533 4751840.3579101562
440691227.9138792753 4765698.1801757812
420331992.2918959856 4652049.7788085938
419496081.5115130544 4648086.7084960938
419450597.3827968240 4643724.3828125000
421754313.9138785005 4661898.8398437500
455238407.4691604972 4845128.1406250000
454708702.8939667940 4842630.5693359375
440226843.1277348995 4753692.1098632812
453885568.0316302776 4833677.8442382812
465688371.7560123801 4867337.2197265625
465227875.5599761009 4860243.3701171875
464496653.3482733965 4854958.4658203125
469138750.1663069129 4879652.8007812500
468815821.1163621545 4869036.5166015625
473340920.5162624717 4895245.6845703125
479443974.3424860239 4900420.1552734375
479069849.0018152595 4900358.4667968750
487563711.8176769614 4936460.2167968750
495418508.0529718995 4938971.9833984375
481504336.5063347816 4908843.0859375000
482216140.9706938863 4913479.9462890625
482102399.4065834880 4911570.1025390625
483839790.5088208318 4918321.6406250000
483811845.0418043733 4915359.5820312500
495236702.0808709860 4938837.6777343750
483373335.0361192822 4914361.4716796875
487122450.7775750160 4918898.1308593750
487559063.8066141605 4919059.2783203125
496470713.0071007013 4940377.1064453125
498864665.1394541860 4946226.4824218750
499090667.2582162619 4965528.6386718750
497717614.9871627688 4940991.3505859375
498792575.7944008112 4943496.7363281250
498976245.5925600529 4958865.1171875000
500417837.3458467126 4972797.4648437500
499611972.7550082207 4968612.7900390625
500290962.4352072477 4969236.5888671875
501398310.2864825726 4973890.2431640625
