89478730.8795467913 968695.4951171875
85491021.5464923680 727951.6988525391
94119897.2713814229 1014119.4013671875
89518347.4412723929 970364.2324218750
88887676.9861493260 952897.6147460938
85975936.3323600143 799323.1300048828
89850846.1976794004 977485.6337890625
86574402.3130494058 846528.6306152344
89775273.0432534814 977108.0078125000
88248474.1095578521 931884.6430664062
86974594.6357434988 876616.5629882812
87457843.3294422626 899605.5722656250
91977992.5340629965 1010495.4843750000
89348809.4405492991 965468.5854492188
90230588.0339961052 984901.2988281250
88187333.9794588387 931319.1967773438
89232978.6159824431 962987.7373046875
87236902.2606897950 887819.0781250000
86318869.6618356109 828977.2496337891
88065786.6451005787 927598.3959960938
89063440.6152593493 958092.0903320312
88142188.1745588779 930596.9936523438
90360803.0535867512 990319.1669921875
88963438.5192082226 954507.9511718750
92516838.4587160796 1012550.9951171875
89708629.3644770235 974656.5947265625
88697768.6679075509 946072.1870117188
85842274.8791164011 786549.2486572266
86026324.2457495481 804291.5758056641
86059337.0694280714 807779.2952880859
85687627.2692830414 768398.3848876953
86241089.5247885734 821600.7545166016
86468912.3838409632 839955.4945068359
87927000.6589948982 920657.8510742188
87810770.3850267678 913974.8964843750
88937271.7521778792 954504.6054687500
90060641.8685434312 984484.5029296875
85857104.0214490891 787114.6949462891
86285808.3102577329 828411.8033447266
86852924.0228301734 864794.3535156250
86883685.1084166765 867452.2646484375
87246411.6387959123 891177.9501953125
86498525.3467285633 840456.4970703125
87960013.4826734811 920663.9829101562
89146432.2264790088 960264.5273437500
86930704.1598771811 872170.8486328125
86349973.7626909912 829430.1959228516
85767789.9882220030 780856.6817626953
85437870.9609457403 716329.9547119141
88641097.7221099883 944823.7075195312
88449994.3642605841 940266.8583984375
88255694.5485623181 932890.3632812500
88381633.7951571196 938695.6918945312
89198482.2582063675 961319.0000000000
91284057.9754047096 1004562.0400390625
88649518.7665522695 945662.5117187500
88419620.2816220522 939701.4121093750
85739917.5364752859 775209.4337158203
88355431.9497176707 936355.3432617188
86446403.5219753534 837748.7958984375
86437665.0657479614 836930.4395751953
85895856.5417902470 792674.4268798828
89389478.0724695623 968656.3251953125
88776149.2778547853 948677.0004882812
86032027.0354135484 804453.9215087891
89597172.8604502827 970941.6435546875
87974696.1180865020 920785.9453125000
91586440.3634345084 1008493.2441406250
88270397.0654202253 934279.9487304688
85625624.4636126161 751115.8966064453
85624237.1730513573 750397.1373291016
86213003.6565662771 818041.7489013672
89225552.3394098282 961845.2763671875
88918529.8291731328 953928.1259765625
86710245.1065636575 855235.9182128906
86404652.2420694083 835788.2984619141
96041422.6866393387 1014869.3671875000
86359348.2512403429 833591.3726806641
87912171.5166622251 920092.4047851562
86223475.4188776761 820083.0227050781
86266399.4567041695 823557.0917968750
88361627.7372111976 937843.9926757812
85431604.9666927904 705146.5264892578
95020671.3070516139 1014497.1923828125
89326735.9453806281 964618.6362304688
85637382.0440529734 756776.6407470703
86011495.1034168452 803726.1295166016
88140881.9546309710 927997.1137695312
86739192.2308424413 857809.7482910156
88646996.5625011623 945220.4877929688
85765407.4063300639 775774.8800048828
86097277.6836506128 810537.1783447266
88801762.9429675043 950616.1411132812
88003402.1884532124 923656.4487304688
87981961.3993424624 921261.8330078125
87901442.7440004945 918900.9643554688
86179958.6877496839 816910.8563232422
86760633.0199531913 860204.3640136719
89096837.4604504257 958657.5366210938
90161728.3863751590 984642.1689453125
85990054.3143061101 801331.5137939453
88571864.4580372721 944655.0415039062
85882682.2837988883 789632.2095947266
90155014.8795701861 984523.6728515625
88811468.6351604760 951281.0415039062
88342017.3506551832 935661.9731445312
88857233.2833272368 952031.5366210938
85899225.4037192762 792924.2886962891
91367873.9087642878 1005332.4179687500
89970657.2617475837 979369.2656250000
85814085.7397138476 782255.7144775391
88543900.1079063714 942133.2807617188
86166072.9976007640 815081.6868896484
86249053.6812274754 822406.9909667969
90001321.7448735237 981467.6435546875
85946244.4551797956 797642.8726806641
87006581.1261980236 879086.9467773438
85594004.2611364871 743335.2158203125
86198174.5142335892 817476.3026123047
86910619.3259534091 869776.2329101562
87326391.7853787690 893847.8110351562
87400495.4460221678 896286.5131835938
88333663.3870802820 935322.2319335938
86945438.0173669904 876054.7944335938
86393324.0992542952 834405.6904296875
85924803.6660690606 795248.2569580078
87804492.4231997430 912810.7758789062
88001957.8238488585 922037.9165039062
87557035.4107773751 903772.4165039062
90566405.4917526394 992081.7861328125
87101640.7147378027 882810.6025390625
86988365.2997141480 878521.5004882812
85606765.3418051749 744147.2296142578
88708293.1083470583 947117.0771484375
91160823.8665177077 1003717.2275390625
86244095.3153040707 821675.9311523438
87749216.5122642070 912752.0444335938
86442695.9842228889 837220.8270263672
86820761.3164822012 862417.4602050781
85719687.5165927857 769548.6895751953
93527580.2427848577 1013972.1855468750
91030801.3690553159 1001570.9033203125
87280382.4634916484 891803.9150390625
85698751.5579384714 769074.6623535156
86149627.5036987066 814299.4360351562
86224145.9690218568 821110.4848632812
86985140.3370872736 876692.3310546875
88047737.2282011658 925712.0131835938
89291660.8064087778 963510.7011718750
86010003.6605883241 801896.9600830078
86411838.6046205908 836586.8959960938
86888480.1184706390 868757.8088378906
85889957.5866331905 792196.4967041016
90384913.3645004183 990484.7724609375
87853437.4125029147 918335.5180664062
86117227.0299327970 811102.6246337891
87826991.4456209391 915865.1342773438
85936976.6380937099 796915.0806884766
86530480.8265670687 842171.9482421875
89665372.3585461825 974076.7695312500
87727775.7231534570 910357.4287109375
91184934.1774313599 1003921.3886718750
85570232.7511175126 740576.4360351562
89150105.0483260155 960739.1748046875
90817034.9576729983 996340.7324218750
89927193.6803735048 977954.4340820312
87417454.9771747589 897730.2514648438
86147481.3468191028 812853.2381591797
86800593.7784203589 861426.5419921875
87617136.8065497875 907325.3920898438
86269682.5196590573 825117.9886474609
86556926.7934490144 844642.3320312500
86603945.8449095637 849360.9160156250
86582505.0557987988 846966.3002929688
88139363.5713820308 927945.7368164062
87581380.7102344483 904541.3002929688
87633258.1829817444 908054.4423828125
86708166.7451482117 854944.3896484375
87458563.4596941918 901243.3935546875
86863619.8588894904 867207.2895507812
90890641.9390408993 996906.1787109375
90543223.5318904668 990695.3828125000
91970953.1523079127 1010449.0156250000
87678548.5797970593 910301.2221679688
89624407.5096673071 971791.5927734375
86719360.1848467141 856330.1484375000
91090147.7601983100 1001901.8437500000
87747163.6440302134 910898.5908203125
87655051.1704208404 909671.0156250000
87849350.9861191213 917047.5107421875
86910638.9103500247 871925.8735351562
85642292.2301335484 760010.1752929688
90706590.7321059257 994788.1230468750
90299054.2181093395 988171.3476562500
86697919.3957359791 853935.5327148438
90235064.6724652797 987026.2890625000
90560554.7118316889 991404.7216796875
91372241.0804262757 1005517.0175781250
86889198.1212392747 869531.2578125000
92966093.0786657929 1013211.0283203125
85520649.1569948941 734092.7764892578
90904181.4443159401 997691.7841796875
85572939.4241871387 740903.8253173828
87823848.6858567297 914132.2841796875
86860250.9969604611 866957.4277343750
85665489.3653860837 761667.9549560547
91842274.7325628549 1010265.0273437500
87143792.3331122249 884513.3979492188
87606222.4075234979 905453.9394531250
87306873.4773074687 893719.0625000000
87100458.6042515785 882598.2504882812
86350523.2039278299 831623.1572265625
87826968.1901036799 915300.8183593750
91137319.5328561366 1003002.7968750000
87340510.1979840398 894533.6220703125
86830918.8561779410 864332.6076660156
91318811.6601083428 1004617.9873046875
87539456.7971613109 903490.1733398438
87296237.7277363390 892620.2358398438
87464964.3834128380 902924.7270507812
89764237.2334614545 976003.3486328125
87240079.6903834045 888524.5869140625
87627929.5189326108 907924.3232421875
87165233.1222229600 886908.0136718750
91573149.6862919927 1007095.0771484375
87079634.3285600841 881819.1103515625
90610574.5690474957 993424.2666015625
86892829.5303796381 869645.0043945312
91202188.4517021030 1003941.8242187500
89039871.7461997271 956477.9218750000
87243560.0616198182 888630.1591796875
86517052.1818670481 842073.2089843750
89971985.2307038456 981302.0380859375
87732046.1713759452 910810.5434570312
90970766.5371945947 999551.3583984375
87058193.5394493341 879424.4946289062
87537746.3556776643 903434.0483398438
88914436.9096812755 953762.5205078125
86757359.4357063919 857844.7431640625
89941434.1008984894 978291.0380859375
86668292.1335662454 852375.2666015625
90021775.7323050499 982928.2929687500
87338660.3608632684 894208.7407226562
88745288.0041116327 948568.0449218750
89732938.3871698231 975551.7978515625
94910450.6789664328 1014297.6250000000
89011208.1050448269 955968.6005859375
91150898.5170827806 1003184.9130859375
90262946.2103415132 987321.5087890625
86711960.1768764108 855348.7416992188
87437878.0828208327 899431.2846679688
87345156.9814630449 896113.6782226562
92763117.7087329030 1012813.2988281250
87582028.7753618211 904661.6235351562
89144335.3946115077 959723.6201171875
91394786.8831251711 1006031.9423828125
86636504.6427927315 850032.6040039062
90625364.7823580056 993596.8603515625
91213294.7558729500 1004412.2744140625
92179265.9556528628 1011475.3808593750
90799642.1968336701 995274.0810546875
89888068.4341035485 977807.3642578125
87411432.1159388721 896960.9008789062
85632670.3494002670 755069.9078369141
88738404.3535826504 947460.7929687500
89846142.4833181947 977348.2402343750
89970097.7420533746 978800.3593750000
89947840.7566422969 978387.1894531250
92993069.4488492459 1013412.2382812500
90329619.5304722339 988635.8476562500
91680813.3744612485 1008520.5927734375
94047665.1383508444 1014101.5302734375
89891051.1733532399 977928.0654296875
85618283.7448184192 748810.1359863281
91824113.2662740052 1008554.2773437500
91332390.6443350017 1004800.1035156250
92092656.9852542430 1011133.5039062500
92394753.8066899478 1012361.0791015625
92287913.6062473357 1011676.5908203125
92946906.5614975393 1013122.2363281250
90775250.3501882106 995243.6787109375
86674697.5284767151 853680.2268066406
86622572.4874604046 849448.1115722656
91454846.7069783807 1006260.3115234375
90928496.5623676926 998160.4267578125
91354293.6585937589 1004846.5722656250
91884208.5159722418 1010294.2744140625
90560412.6214052737 990968.2363281250
91546020.7056951970 1006512.2226562500
