669120546.7406646013 4613947.2734375000
673458670.9153524637 4654290.6845703125
658283048.1314228773 4419867.3803710938
670909576.2974503040 4631702.8339843750
666887589.3545502424 4587456.3759765625
659799536.1388722658 4460043.7636718750
659535338.7382534742 4456500.6845703125
671211844.7469757795 4636519.7753906250
660512454.7905464172 4478363.5087890625
656350857.3026363850 4363863.8164062500
660191019.8532495499 4470401.4726562500
659635006.9210211039 4456981.9824218750
667735249.7877521515 4600330.3134765625
663622242.2734491825 4534994.7128906250
658867801.3780502081 4436311.5322265625
664204617.3200662136 4542990.6552734375
657357165.1854389906 4393070.5595703125
655341492.5724911690 4329036.0341796875
668749764.5109852552 4612827.1699218750
667729488.1708720922 4598609.1376953125
662104955.1299302578 4507555.6894531250
659058375.6123344898 4439889.6977539062
656224315.2125986814 4355258.2011718750
658218685.7048703432 4417279.3686523438
655747808.3079710007 4340804.7192382812
672575294.5984948874 4647486.2919921875
669291294.0707868338 4618657.8408203125
660366643.8764880896 4476873.7421875000
670446527.8711434603 4627308.4638671875
663438924.8598082066 4532285.9541015625
672941770.2503098249 4647842.5000000000
668342298.5394437313 4607798.9326171875
667115967.6580921412 4593336.6025390625
675060535.7022528648 4665258.5234375000
665008370.3370065689 4558980.6162109375
660839936.8722153902 4485168.1855468750
668232010.6840265989 4607064.7060546875
653080625.0339777470 4228535.1000976562
654995767.0683408976 4312932.7124023438
659353621.4946351051 4450192.0029296875
655723027.2646512985 4335491.9970703125
667916062.2625477314 4603321.1875000000
675747526.6944742203 4665874.3964843750
653898678.3064318895 4246564.2182617188
667066506.5513367653 4592602.3759765625
656141294.3074747324 4355120.9882812500
666140152.1755632162 4576517.7480468750
674446628.7445837259 4655963.5859375000
663011370.1717528105 4527959.0058593750
656233805.6194175482 4355634.3291015625
666851771.1237330437 4585238.1894531250
666659479.8947942257 4585108.1787109375
663519427.7032854557 4532576.2333984375
681340323.8168091774 4682861.2255859375
665149975.3339813948 4561557.9912109375
656118766.4041030407 4352180.0771484375
659696566.0548485518 4458980.2207031250
659717822.1948096752 4459784.3378906250
660296166.6982578039 4473486.6855468750
657903962.7151916027 4410084.5712890625
664877237.2383320332 4554938.7070312500
665178239.3406397104 4563007.3632812500
657559132.7251206636 4396737.6196289062
667445972.6237601042 4594303.5605468750
667652073.4219697714 4598580.5546875000
664965252.8515796661 4555831.1484375000
666097740.1687893867 4575925.6318359375
662288434.4545361996 4511811.2333984375
661895064.5958610773 4505022.5468750000
671814151.7654352188 4641996.3076171875
671638190.5218671560 4640118.6552734375
659459589.3305422068 4453518.9072265625
662125393.6328747272 4510559.7841796875
674677057.6601647139 4660132.9169921875
668564308.6561605930 4610713.1933593750
663705326.9694037437 4540121.9257812500
662119015.1071443558 4510069.0996093750
653779529.5193958282 4235477.9848632812
664108923.6059138775 4541235.1845703125
674776308.7982051373 4661421.9882812500
661312779.1248416901 4493536.1533203125
658761514.6504477262 4434053.6909179688
673954935.1882500648 4655608.2656250000
654676559.5933917761 4301508.2631835938
658093105.5046977997 4412630.2641601562
658515441.1512430906 4426734.9277343750
659112616.0461055040 4445639.5429687500
671069127.8188232183 4633532.4921875000
684705720.7975751162 4690063.1367187500
666401136.3232094049 4580316.4580078125
655242757.2736647129 4321658.4257812500
660128489.6503485441 4470354.7226562500
676224582.3852775097 4667835.0937500000
665913258.6489628553 4572812.3808593750
661290596.6462372541 4491334.6640625000
659915884.4741728306 4465410.0810546875
659816332.3247764111 4463135.2724609375
653332789.4585821629 4234732.2299804688
669311291.8156230450 4619927.0595703125
662788949.5334384441 4520989.2714843750
669311303.9935055971 4620290.3037109375
663541215.3374156952 4534784.0947265625
662571342.5254418850 4514568.7958984375
654121165.9056658745 4264860.2084960938
658866337.5314372778 4435895.6728515625
654906970.9693627357 4307250.5024414062
659807621.3973972797 4462041.8720703125
661415770.7876586914 4494988.3066406250
664481245.8080993891 4549900.5947265625
671205059.2851299047 4635785.5488281250
666167505.4915356636 4577070.8837890625
656278247.1026297808 4359917.8808593750
665510870.4497023821 4566797.2275390625
669012040.1214138269 4613610.6298828125
657611779.1541634798 4397408.2290039062
664464954.8252439499 4548785.4404296875
665281320.2946771383 4563741.5898437500
669318077.2774689198 4620661.2861328125
661326031.3957660198 4494887.0517578125
657770655.2975322008 4404658.9926757812
670171275.4026782513 4622268.0722656250
664728252.1231778860 4552635.9550781250
666957278.5177755356 4588674.8046875000
667500337.4300718307 4596986.8652343750
668096840.2683818340 4604759.3828125000
654553171.4830950499 4295129.6875000000
674782968.2057890892 4662307.5644531250
665863806.1454218626 4571726.6923828125
658271844.9295048714 4417483.2636718750
671948453.4496358633 4642653.4794921875
675811488.0104031563 4666847.9599609375
656197393.5459107161 4355170.0659179688
654148667.1984719038 4266133.1264648438
656446109.2279769182 4367760.7299804688
671148229.1734364033 4634706.3867187500
659344962.2912141085 4448735.2578125000
657182219.7443770170 4388942.3549804688
669472133.0295087099 4621784.6748046875
666474021.9552510977 4581728.9541015625
660778452.5853124857 4484105.7480468750
661741001.1690648794 4501099.5156250000
667512722.4588751793 4598548.6083984375
665394782.1869776249 4564358.9033203125
658565785.4963930845 4427822.4956054688
684686442.8412046432 4689596.0722656250
662029867.8682664633 4506630.0283203125
658987926.9037241936 4438239.3911132812
655998496.5971239805 4346716.0913085938
665097907.7323589325 4559524.6171875000
665102286.1863493919 4561070.2382812500
672991051.6680158377 4648287.9257812500
658040668.7750524282 4412554.7827148438
670191129.9606696367 4622314.8222656250
674794029.9884699583 4662730.6250000000
658864189.8571308851 4434419.6591796875
665567888.8520464897 4569298.3662109375
670764519.9455518723 4628621.4648437500
665464974.0561378002 4565386.8945312500
663316804.6657804251 4530981.8740234375
660658995.6304265261 4478809.9335937500
665259413.9036080837 4563164.7255859375
662848683.1404867172 4521990.7333984375
674679957.2361003160 4660839.4941406250
661501547.0368059874 4497656.3593750000
656754879.8597091436 4373805.9321289062
662639093.2211644650 4517550.2001953125
661570269.5638393164 4497674.9130859375
662365962.2849936485 4513091.5888671875
665671577.2261499166 4570609.3056640625
668465173.3814944029 4608133.9746093750
671082340.1018141508 4634067.4843750000
672094047.6524258852 4646173.1083984375
653922978.0813162327 4260951.2871093750
662771790.1046744585 4519257.6992187500
678965465.1296548843 4676026.1796875000
662701242.0768468380 4518315.2861328125
666454167.3972595930 4581682.2041015625
666535383.9256044626 4581935.4130859375
683514561.0050946474 4689284.8574218750
668150120.8285783529 4606322.2812500000
660356788.2864588499 4474552.7099609375
664648839.7457689047 4550001.4033203125
662849629.9275740385 4522608.4843750000
668065005.9717651606 4603800.8681640625
655039592.0811989307 4316561.8637695312
670733162.1823800802 4627830.8496093750
667008149.1773884296 4590098.1406250000
674873612.3475604057 4663747.8154296875
654176877.7288686037 4288337.1342773438
654197112.0018894672 4293380.4614257812
657986960.8232544661 4410951.2260742188
657487631.0129736662 4393659.0366210938
676951319.5716235638 4670109.0566406250
676976785.3967447281 4671889.4453125000
667468503.1334553957 4596028.3505859375
664817474.5191878080 4553697.1279296875
669204504.0240997076 4618427.9052734375
668730101.8523731232 4611100.9990234375
656058947.2900544405 4349578.0942382812
662974591.6257629395 4523732.5058593750
664867532.5519901514 4553877.4912109375
676531171.2104531527 4668252.5683593750
662349630.5098340511 4512246.1123046875
661056782.8012590408 4487522.8808593750
661433678.2967970371 4495969.0937500000
670440636.5632970333 4626989.1191406250
661406792.3186470270 4494936.1191406250
661095620.0197948217 4489144.8125000000
671531959.1673365831 4639212.5439453125
660989215.6272758245 4486329.8222656250
661664500.4443395138 4497834.6152343750
658137930.2790223360 4415200.1245117188
664128382.2406069040 4541556.4023437500
660742778.0620002747 4482502.1914062500
661214626.2947677374 4489237.5419921875
661705856.8625388145 4499285.5527343750
670767778.2409887314 4630040.5898437500
658609365.0042783022 4432081.1132812500
657896257.9960727692 4408394.6435546875
669144255.4746890068 4614098.7666015625
671736555.8876066208 4641840.0019531250
664358836.0456578732 4545335.7910156250
661835964.9065049887 4501671.4697265625
664459154.1966886520 4547032.1943359375
666617088.8480672836 4583512.6962890625
657602970.2763831615 4396825.2177734375
682177673.5592937469 4686441.9472656250
667344480.0501559973 4594208.6601562500
660270332.2088781595 4470606.6621093750
665818270.6364858150 4571196.8603515625
666309101.1691968441 4579021.9833984375
656616736.9603163004 4369413.5332031250
664258561.6189012527 4544448.8037109375
656982357.2482408285 4380636.2265625000
657075575.2464723587 4382459.5058593750
654879554.0031472445 4305162.7900390625
655623606.4191923141 4331163.1787109375
654714281.7057492733 4303926.1220703125
653991490.4345629215 4264070.7729492188
656469684.3303107023 4368132.4711914062
658462495.7551515102 4425352.5766601562
656822232.5763411522 4378338.4697265625
658444837.0784710646 4423902.9814453125
658128811.6021251678 4412857.7456054688
658756924.7334619761 4433689.6577148438
658336205.8785206079 4422237.4599609375
658154488.6349028349 4415928.7783203125
683165546.1067831516 4687154.0683593750
657760624.3211948872 4402639.1899414062
655130581.0866669416 4318803.7011718750
658555352.9318519831 4427334.2260742188
656689238.8939282894 4372810.9599609375
670276467.5280122757 4622746.4150390625
655109102.5445731878 4317610.5322265625
656594130.6112130880 4368937.8457031250
655668901.8709207773 4334698.8276367188
655282308.9711195230 4322141.4438476562
670309610.3543714285 4624070.7275390625
657659185.0570948124 4402005.0117187500
657114894.6674444675 4385290.9355468750
657139442.1061078310 4387989.2646484375
654926236.8670381308 4311935.5019531250
655504659.5096844435 4329379.7128906250
655023302.5945655107 4314387.5888671875
679639530.5924628973 4677988.2851562500
678533846.0657024384 4675447.9941406250
678519794.0722128153 4675401.5332031250
679692346.9410121441 4678797.2792968750
678253041.6587613821 4674180.6767578125
655236744.3300224543 4318831.0537109375
677763419.8195128441 4674101.9560546875
677699048.9664213657 4673526.5537109375
679424457.0706011057 4677913.5947265625
676817867.3172717094 4668950.9423828125
654628039.5354564190 4297074.1708984375
677367054.1097004414 4672698.2714843750
673227297.1171782017 4650329.6748046875
654922787.2856955528 4308092.4033203125
679241268.4029278755 4677731.4121093750
673207442.5591869354 4650282.9248046875
679103665.7605220079 4676767.2089843750
670721727.2201248407 4627802.8964843750
662543441.7777438164 4513975.1767578125
678966821.2648477554 4676234.0878906250
674570610.2397567034 4658234.4921875000
678542485.8241100311 4675853.8349609375
678855222.0301693678 4676011.4589843750
678264977.5042937994 4674736.7558593750
682928958.6393438578 4686655.8496093750
681962951.3623117208 4684110.7949218750
681105283.9738532305 4680044.7705078125
681249531.0343511105 4680320.7714843750
680392485.6845608950 4679945.4003906250
679897386.2252488136 4679659.4599609375
