237321506.0336243510 4775620.3496093750
228477777.9130801857 4627450.2636718750
230163488.3272831738 4674766.3339843750
224591537.7032611072 4458240.5117187500
236148345.8167439699 4768124.3437500000
226668686.0635523200 4570567.7265625000
229336368.9165099263 4654933.5761718750
226481189.6785737276 4565797.5839843750
235730580.6531138122 4766020.2558593750
233984999.9213170409 4744959.7460937500
230534037.3397550881 4684984.5019531250
230163488.3272831738 4675035.7324218750
229640560.9770313799 4663871.2226562500
235300031.8338894844 4759073.3886718750
224155767.4888470471 4412930.8027343750
230394661.6750151217 4681543.4726562500
229088638.0911765397 4646343.5722656250
230198198.9716888964 4677342.0527343750
225106313.1994705498 4489367.4921875000
228575501.6683247387 4632726.7910156250
230534037.3397550881 4685024.9609375000
230568747.9841607511 4687366.6816406250
228844585.4842922390 4639818.6464843750
230335606.4076090157 4679555.8085937500
229941020.0588504970 4671469.6562500000
229810613.1303539574 4668111.6835937500
229640560.9770313799 4663827.5859375000
226655503.1539224982 4569357.4199218750
229111161.0584536195 4649371.5605468750
227993378.6144978106 4612268.6914062500
224366959.7379917800 4442901.5058593750
226187547.5631311834 4546655.1972656250
229990227.3868363500 4673074.3769531250
235758958.1529044211 4766584.9355468750
224684907.5020951331 4464709.5214843750
229623915.3842179477 4662811.1992187500
230553780.2938781679 4685561.1757812500
223822230.7681438327 4363105.0429687500
230901972.6377738714 4692545.0781250000
232610585.6765711308 4722263.6835937500
237150380.5132854581 4773653.6894531250
226120226.4536623955 4543621.8066406250
240107699.6658120453 4786367.9511718750
225550498.2993387580 4515622.5976562500
240977662.0577585101 4787151.0136718750
228276979.9148326218 4621202.0156250000
231427900.6430056691 4702626.9355468750
230099833.0604862571 4673652.9804687500
231706495.5774447322 4708564.5625000000
230797073.6774557531 4691413.6933593750
229444098.2737052143 4659690.7148437500
229186919.3608668149 4653298.6503906250
228661815.2854803503 4634509.6679687500
227100083.0702760518 4584234.0488281250
224283552.7690600753 4417626.6953125000
224334527.1723286510 4419016.8847656250
226737630.8751045763 4572198.3769531250
224461978.6139806211 4450031.5566406250
224417934.1412604153 4444469.2773437500
225052607.8780262470 4472311.4277343750
225699731.6594901085 4523315.4941406250
224900353.9506011009 4471911.3476562500
224791967.9872096479 4469813.4921875000
228276979.9148326218 4622611.1757812500
231060700.9216122329 4695129.5722656250
224791967.9872096181 4469556.2851562500
229828416.4260427654 4669295.2148437500
224334527.1723287106 4419140.3613281250
237321506.0336243510 4775673.8886718750
230568747.9841607511 4686592.0000000000
226268190.8732573092 4550460.6113281250
225053465.6037851274 4488595.7773437500
225459014.0460978746 4510954.8046875000
230733597.4043909013 4689206.3750000000
230733597.4043909013 4690044.2480468750
229275642.4318498075 4654329.5136718750
227840327.4797410965 4607457.5371093750
236935348.0832086802 4772127.3378906250
228141056.9496549070 4617850.1660156250
224461978.6139806211 4450175.3613281250
226858014.6690886617 4577704.3730468750
229536420.1985988915 4660934.3164062500
232846939.3925798535 4727686.0214843750
230724165.8481850028 4689085.7675781250
231600771.8282341361 4706211.3183593750
225292910.9608638287 4503041.8750000000
231780588.9387468696 4711074.3750000000
227296372.3550324440 4595202.1347656250
227522657.0493870974 4598014.8125000000
234214081.8886885047 4749075.6191406250
225345758.5565491617 4504143.0058593750
228743037.4232635200 4635277.1953125000
223966979.7153944671 4377491.8476562500
227114221.0087003112 4584352.0546875000
227420496.3633340895 4596625.3203125000
225175874.2137444913 4491876.6660156250
229444098.2737052143 4658658.0976562500
235377981.3936659992 4759614.4394531250
233835922.2367406785 4743561.2871093750
224417934.1412604153 4444518.8671875000
224127562.6669891775 4409933.3242187500
224137849.4582809806 4410543.6230468750
232681746.3069022894 4723952.5371093750
223835651.7739709020 4370235.0312500000
227685734.4546190202 4603814.4804687500
239634335.2095458210 4785384.1347656250
229768972.2066666186 4666898.4570312500
228804836.7951578796 4638744.9316406250
230765460.3943596184 4690243.2148437500
225379099.2905203998 4509039.4414062500
224272523.4189571440 4415505.9296875000
231427900.6430056989 4703325.6718750000
226930746.2906183004 4578892.2656250000
227126208.1700913906 4587191.5410156250
223884426.2122625113 4372520.8593750000
230120181.3151201904 4674515.8789062500
225907604.8595056832 4534979.3164062500
226930746.2906183004 4578685.1152343750
226893739.6751291454 4578309.9394531250
223940153.9245741069 4372674.5253906250
225052783.8547725081 4481743.1250000000
227741334.0166691542 4605210.1210937500
227914053.3605436385 4610962.7441406250
231427900.6430056989 4703478.1796875000
225788036.9697003961 4529255.2675781250
226818863.7042698860 4573862.9101562500
230419382.1433846951 4682343.0937500000
225863074.6816340983 4530750.1445312500
225929217.3103449941 4536635.6269531250
223988441.9818671048 4378532.8671875000
227413365.0449814796 4595713.9960937500
225929217.3103449345 4535755.8554687500
224065381.6012177169 4384557.8476562500
226274450.1499190629 4552975.3398437500
223864435.8626819551 4372303.0820312500
227163795.0248422325 4588785.6093750000
227966900.9562289715 4612230.2773437500
228845741.1175696254 4641438.7812500000
227582484.6264972687 4603645.7753906250
227128081.3625081480 4588324.3515625000
227278324.0054378808 4588792.9609375000
225150533.9133530855 4491327.3847656250
228769982.8151563704 4637532.6855468750
227367648.7676487267 4595633.0039062500
228478943.1386361122 4628388.0742187500
225929217.3103449345 4535461.5546875000
225608659.9603583515 4516988.5957031250
227713632.5286978781 4605065.0625000000
227713632.5286978781 4604824.6269531250
227713632.5286978781 4604904.0019531250
227035647.1923469901 4581599.6425781250
225633468.0369864106 4518552.4121093750
225547122.3381921649 4515479.6914062500
229052821.0004733503 4643163.0625000000
227713632.5286979079 4605190.6054687500
228339776.7687673569 4624437.7343750000
225244597.4878338873 4499905.9570312500
231777644.4257721603 4708966.2402343750
244257368.4306009412 4794789.9667968750
225222072.1831901670 4495305.7382812500
227064904.6367017925 4582136.6679687500
239366239.3337306380 4784312.7011718750
225937380.3366791606 4538284.5644531250
237000642.7485094666 4772154.9296875000
225944816.5045854151 4538856.3222656250
227468249.0376589894 4597465.0253906250
226997019.8643589616 4580312.1933593750
225337212.7714019120 4503567.1093750000
225375169.0331299305 4504199.5820312500
236766065.6126137972 4771128.8769531250
239634335.2095458210 4785656.9394531250
241852198.1410063207 4789707.9707031250
225867167.1774978042 4533404.4746093750
236766065.6126137972 4769537.3164062500
238837786.6009703577 4782721.4628906250
226277186.2833343446 4554108.5585937500
235594875.3396988213 4763340.8984375000
226078925.4089583457 4543145.2226562500
225486965.8879504502 4511724.6562500000
226478055.8560815156 4561427.3906250000
231813037.3274343908 4711386.5605468750
236766065.6126137972 4769571.8574218750
226475831.4896095991 4557930.4199218750
238913909.2623159587 4784003.6425781250
236766065.6126137972 4769522.5449218750
225749036.4995892048 4525836.1015625000
225520313.5068388879 4513649.9765625000
231318586.2456416786 4700120.8457031250
229046487.5209833384 4643067.6250000000
226196714.3870026171 4546873.4941406250
226208679.3742444217 4547096.5312500000
243172406.4502980113 4793279.5449218750
225653288.4337052405 4521802.4472656250
231958268.9485381842 4713515.6757812500
226129899.8122270107 4544704.6210937500
242919576.9827136397 4792539.6503906250
232398619.2486408353 4719749.3593750000
226389146.5319361985 4554157.0253906250
228223236.4337083697 4619575.9082031250
232166382.4477090240 4717113.1757812500
237306710.5381707549 4773938.9628906250
233774519.6462491155 4742345.2910156250
228556619.5335844159 4628867.1191406250
232216154.2725675702 4717903.5976562500
227524785.6431550086 4598310.9648437500
234514467.9239138961 4750758.9140625000
234520131.9489504099 4753037.8769531250
235162068.1079666317 4758257.7988281250
226022388.8034623861 4541688.2578125000
224093014.5145547390 4387154.8515625000
228122622.1562212408 4615801.5136718750
230181235.8131177723 4675404.2578125000
234520131.9489503503 4752340.7988281250
241433264.1683709323 4788327.0410156250
234689142.1408107877 4755731.0527343750
240646074.9188467562 4786804.9238281250
236534245.4355754852 4768451.5136718750
226413264.6266531050 4557619.4550781250
238326972.0740892589 4780115.7636718750
235582541.4574038088 4763198.5683593750
232916984.1366918385 4728267.0742187500
234520131.9489503503 4752127.1367187500
235053679.6516658664 4757042.4433593750
235637800.7153314352 4763951.9960937500
228724043.0131478608 4634651.9941406250
235053679.6516658664 4757043.8691406250
228254746.6583349407 4620148.9960937500
235053679.6516658366 4756776.8925781250
243598998.1835395098 4793739.6503906250
236495019.6000927687 4768272.1093750000
233986922.9014939666 4745234.3261718750
236335313.9865909219 4768254.7421875000
234520131.9489503503 4752131.0292968750
239842246.2053848803 4786000.2363281250
237788937.3755721152 4778159.4589843750
228565675.8447586894 4629628.2265625000
229090381.8947706521 4647136.4433593750
229090381.8947706521 4646521.2617187500
237532787.5318810046 4777965.6464843750
228825927.4638606012 4638929.1425781250
233453953.8523407578 4738172.9414062500
228983992.4917954504 4642654.7324218750
238157689.6034943759 4779911.0605468750
234450135.5197481811 4750501.7187500000
233592054.6701759100 4740390.1718750000
229090381.8947706521 4646615.9238281250
233357933.7156803012 4737174.7148437500
233592054.6701759100 4739973.7304687500
233592054.6701759100 4740403.1640625000
239525704.9236027300 4784726.9238281250
233592054.6701759100 4740394.7656250000
227809594.0466943085 4607158.8574218750
233592054.6701759696 4740941.5410156250
230479239.0664758682 4682493.7812500000
237431297.7637481391 4777205.0839843750
233552071.7663339972 4739965.4082031250
231993401.2567732334 4714197.3476562500
233043525.4512842298 4731251.5898437500
233608700.2629894614 4740951.6035156250
235391035.6203226447 4763023.4355468750
241241236.6639352739 4788184.1464843750
233159253.3544327915 4733163.1074218750
241677258.1824674010 4788818.2167968750
227872718.6077136695 4608676.6562500000
233043525.4512842298 4731762.8515625000
232927103.1039959192 4731154.0976562500
241536696.1592824757 4788663.8144531250
237799343.5551844537 4779193.0527343750
233043525.4512842298 4731156.6835937500
232776058.7079829574 4726983.9121093750
232687704.4953880906 4726623.7441406250
232159220.6400329769 4715611.8964843750
232927103.1039958894 4730960.0000000000
231634273.3070113659 4706956.1992187500
234052295.2565779686 4747014.5722656250
232484566.9645667076 4721444.0996093750
238424245.6267978251 4782112.7285156250
233893599.1619501710 4743585.3789062500
231335557.9305187464 4700843.2265625000
232284214.4805390239 4719287.9238281250
237799343.5551844537 4779352.9941406250
238424245.6267977655 4781282.5839843750
234992976.5804038644 4755770.2734375000
230988742.9722299576 4693405.5156250000
230988742.9722299576 4693766.3066406250
230988742.9722299576 4693969.8515625000
231450028.8930118680 4703901.7500000000
241671921.6735628843 4788706.3535156250
231159215.6692460775 4697501.9355468750
230988742.9722299576 4693734.4199218750
231526221.0366257429 4705655.3144531250
235703964.0526326895 4764014.3808593750
235105708.5642792881 4757398.7753906250
228067561.6797499061 4615135.6562500000
242657428.9251423478 4790186.8027343750
236702579.6510963440 4769181.5839843750
242681895.8469356894 4790206.3925781250
242565855.5501888990 4789950.1503906250
240771793.5258614123 4787059.5839843750
241677720.1373130977 4788829.3144531250
