542760588.5967274904 458119.2765502930
543701768.1490983963 461001.1260375977
540294088.3613287210 448531.8258972168
545385014.3524751663 464695.9142456055
537075212.3454498053 429049.0256195068
538889628.1083372831 441435.6140594482
548252759.5817818642 470383.7181396484
540020589.4879332781 447447.1897888184
547268367.7114158869 468762.2103271484
545152554.4882700443 463862.6530151367
536809675.4346190095 426960.5229949951
538643770.3864473104 440908.8023986816
535542289.0141170025 414105.6522064209
547081672.1176958084 468073.1315307617
545399767.2244743109 465158.6618041992
547106860.1893849373 468251.3599853516
536105502.7742239833 420336.8468933105
538719245.7686061859 441170.0757293701
546487168.1387414932 467885.6469116211
540580548.7396886349 449618.9746856689
556573238.6653581858 474796.9108886719
538095584.6195448637 437067.4573516846
538996862.4313839674 441788.8781585693
535623593.1525101662 416504.6778106689
546396689.4299012423 467832.7755737305
539413474.7429841757 444078.9834594727
541640023.7012053728 454562.2137451172
545397149.0852476358 464911.6434326172
543075679.7718724012 459513.1537475586
542783937.3443905115 458421.3236694336
544073204.0373107195 461465.4250488281
538854518.1388475895 441189.2454071045
543645070.2525857687 460626.8690185547
538095584.6195448637 437058.0783233643
539038594.7349779606 442390.7511444092
543491434.1031836271 459897.3114013672
545641912.3213378191 465909.0855712891
545760966.8207519054 466158.7559814453
544428809.8723745346 462794.2893066406
545543879.9925514460 465649.0439453125
542760588.5967276096 458138.6746215820
537954737.5005859137 435644.0216217041
549097976.3366376162 471245.8926391602
541708302.5454043150 455262.9493408203
541228570.9201732874 452955.1248779297
535822909.1670284271 418111.9957427979
536034093.3721705079 420046.7927398682
544254230.0042024851 461820.2597656250
545641912.3213378191 465923.2448730469
542019636.2631903887 456159.5728759766
539178473.7430663109 443135.5440216064
539444168.0335662365 444349.5571136475
536774063.1376742125 426938.1957550049
547214668.2826809883 468692.7175903320
547531544.4069453478 468792.9125366211
539038594.7349780798 442400.3686981201
538262681.2911149263 437331.3319549561
539971196.2372775078 447251.6835021973
536424109.5675935149 425038.8867034912
547678417.3136651516 469154.4419555664
537435333.0635197163 431789.9414520264
545807144.0079065561 466682.5292968750
538039563.3231167793 435725.0912322998
538991642.4559457302 441742.9583282471
541533219.3775315285 454380.5563964844
543381874.9089602232 459717.1678466797
544589626.2700146437 463049.5079956055
535374914.7219779491 404660.5577125549
540500649.3989254236 449187.7054595947
542673847.4587916136 457283.2088012695
549455510.8637877703 471595.4257202148
543491434.1031835079 459894.7330322266
545562968.7837768793 465734.8161010742
543075679.7718724012 459511.5260620117
540020589.4879331589 447414.9092712402
541640023.7012053728 454566.7678222656
546396689.4299010038 467830.6724243164
544631334.3170325756 463293.8947753906
542493810.6687597036 457264.3561401367
545598562.1281059980 465819.6171875000
537363822.5304697752 430658.3438873291
545070035.4016908407 463681.6733398438
539846999.9060629606 446192.7651367188
540621737.1369761229 450712.0894165039
538486067.5315103531 438411.3856048584
536319073.7518352270 423927.0219879150
547859742.8490467072 469471.2292480469
538968547.9843792915 441537.6598205566
539428165.8992491961 444148.8198852539
540073986.8018766642 447454.4216003418
540396353.5855928659 449073.4457397461
539127016.2223837376 442604.0827484131
544589626.2700146437 463039.8540649414
542704997.0427544117 457618.0140991211
540084369.5433347225 447587.3322448730
541113548.3345817327 452225.8377685547
542945965.6363676786 459316.6936645508
536943204.4727896452 428198.9046478271
554262897.1620737314 474523.1317138672
537683178.4866585732 433381.5368499756
552811494.7226171494 473563.7193603516
544254230.0042022467 461813.6473388672
542945374.3300926685 459204.2620239258
541010761.8141756058 452053.9046630859
542760588.5967276096 458122.5164184570
541488200.9859523773 454203.6861572266
540901865.0458884239 451939.4615173340
551026579.7026692629 472972.9982299805
541773689.8139419556 455512.1295166016
542945374.3300926685 459220.3247680664
551130425.6778944731 472989.9334106445
537379502.6721082926 431360.0995635986
540020589.4879332781 447427.5535583496
553210007.5499597788 474196.9418945312
536305517.2377937436 422579.9530792236
537531757.3494342566 431893.1856536865
537550007.0509800911 432485.7397003174
536431145.2468509078 425328.2779083252
541773689.8139419556 455520.3919677734
553973480.5617811680 474442.9326171875
539578693.0166386366 444559.6239166260
546365492.9621146917 467240.8174438477
545543879.9925514460 465641.2169189453
541127293.6172477007 452436.0262756348
539865554.9137642384 446344.8076171875
541232111.6090945005 453187.1038208008
535382526.3108862638 404898.9133033752
542791738.1806904078 458477.5678100586
541640023.7012052536 454553.9002685547
537561944.4430279732 432640.3674774170
536857844.6434231997 427756.0656280518
550833564.6728999615 472628.0267944336
541066095.6236131191 452154.5200195312
544321399.1411683559 462010.2975463867
537224412.8432759047 429328.6678619385
544589626.2700146437 463057.4496459961
537837721.8621232510 434165.0200042725
537905470.4135531187 434676.6173248291
546991485.1943463087 468059.0529785156
540510443.7277984619 449214.7215270996
543535511.0583623648 460442.3840332031
544393203.2341192961 462325.4773559570
541412782.4452375174 453772.5106506348
542104385.7174996138 456217.4102783203
537742973.0481252670 434011.4197540283
545151206.5917404890 463792.0137329102
538565667.9385488033 439319.7543182373
537093572.1343567371 429225.1487884521
545674185.4343312979 465952.2980957031
545772217.7631175518 466211.8532714844
542135535.3014625311 456564.4113769531
539865554.9137642384 446359.2368164062
538399954.5449423790 437357.6080169678
535495787.9406880140 405869.0506858826
537633753.7622163296 433214.6541900635
539227866.9937222004 443357.3413238525
538602236.5348933935 439383.3389129639
544943743.6072908640 463626.5338134766
543381874.9089599848 459716.4146728516
541708302.5454043150 455284.8775634766
545179485.9746756554 464191.4903564453
545183228.1214147806 464642.4991455078
539623029.1689254045 444852.5069427490
539365376.0769261122 444015.1752929688
542791738.1806904078 458493.9120483398
544652287.1928851604 463388.4052124023
543381874.9089598656 459712.1129150391
537281244.4756712914 430108.5879058838
539642731.2483372688 445301.3842620850
541750247.5359565020 455478.3585205078
544378443.7915197611 462044.9375000000
545406921.6286834478 465186.1597290039
537620004.9561530352 433031.1281585693
538642186.3091028929 439536.9748992920
548315489.7591983080 470695.7456665039
538970315.8907790184 441681.2596893311
541539052.4037954807 454411.1046142578
538405159.4551845789 437806.7738189697
539880541.5800290108 446416.9770812988
536113112.3342232108 422115.1252593994
537837721.8621233702 434165.0397796631
545922689.0074818134 466861.6831054688
536652136.2124535441 426455.2087554932
541580262.2012196779 454544.6289062500
537066030.5068280697 428480.1911468506
548075015.8262953758 469660.5531616211
550351647.4819831848 472323.9196166992
539592765.2846102715 444806.4624176025
540510443.7277985811 449227.4883728027
548827735.0625520945 470777.3132934570
544000799.7743521929 461030.6347045898
556249515.1627006531 474613.3776855469
539742779.6628923416 446066.0345153809
536580504.4388714433 425754.5413970947
537837721.8621233702 434176.6360931396
542314612.5664850473 456994.5520019531
541488200.9859521389 454201.4097900391
538642186.3091028929 439554.0336151123
539330955.6781402826 443485.5141143799
539742779.6628924608 446089.0668640137
538970315.8907790184 441677.2081756592
548013869.3813122511 469517.5877685547
540020589.4879332781 447435.1050720215
540358018.0986260176 448950.9259948730
553018680.0762754679 473592.0473632812
540235782.4286319017 448519.6238098145
551101261.6600223780 472989.4265747070
544135219.1459411383 461563.7905273438
539137132.7363823652 442758.9206085205
551422848.3592813015 473041.2348022461
539929855.2305934429 446855.5537414551
542760588.5967276096 458127.5900268555
546277290.9650735855 466989.0020751953
551336302.0438799858 473037.1867065430
539880956.9787396193 446463.0809020996
538490568.9263519049 438411.8464202881
540805498.1228576899 451202.5267944336
541884069.5892176628 455718.1771240234
550852031.1598289013 472629.3679809570
550329114.7069649696 472196.0186157227
541381632.8612748384 453409.9969787598
541411324.9139972925 453582.9846496582
546277290.9650737047 467028.0158691406
541411324.9139971733 453569.0842590332
553037239.7494181395 473862.1867675781
539357234.2958343029 443857.0191192627
549841388.9980593920 471990.3281860352
549523123.1739523411 471911.5580444336
549160457.5482416153 471576.8998413086
552554971.0507336855 473558.2857666016
541381632.8612748384 453409.6322326660
542135535.3014624119 456559.5895996094
549920474.9970993996 472089.0907592773
552326133.8382334709 473417.7683105469
542314612.5664850473 457005.1927490234
543359655.2129764557 459588.5587158203
540149956.7900454998 447949.3397521973
550272555.0555970669 472193.7886352539
547678417.3136655092 469174.2550659180
542686048.4981673956 457386.0507812500
541203263.6054167747 452467.2926940918
548244709.6786389351 469781.5825805664
550827645.0352154970 472575.6206665039
552193374.6643677950 473107.8771972656
