43041602.4929870740 29767.2380113602
42222997.2039727494 25398.2635253444
44367294.3271880671 35156.6178631783
44942107.3003486618 36963.3368225098
44893736.6864443868 36865.3108520508
42578992.0265581384 27467.1693773270
42467871.4969163835 26798.0012191013
45033635.0530590639 37028.7947998047
43974832.0054889917 33969.4649505615
42787050.7570320815 28470.6999303326
43960084.5708883926 33905.8996810913
42502684.0729876161 27045.2472114041
44156253.2586511821 34437.8651103973
42598416.1654828787 27563.5397067070
43112872.2057150230 30111.0727808699
44680106.2545567825 36323.9338378906
42606613.4736636728 27619.4653959572
44372938.8665025160 35186.1844520569
42091142.6099303812 24494.4742609039
42893779.0817924887 29054.8288294077
41967637.6885261312 22439.2995482236
42792279.7178421989 28471.6864720806
44480324.3813118264 35636.0520324707
45869114.0755528212 37609.0027465820
42205109.4456009939 25377.3120901026
44813036.3643095791 36395.4175720215
44717475.2857262045 36329.7816772461
42120900.5575719327 24501.1086027063
44441595.0223232582 35635.2038269043
42591271.3521782309 27562.1830492020
42554051.8297573552 27383.1545754763
42589927.1132442430 27551.5648784637
44664542.7567018270 36300.7823791504
43920850.3188437447 33491.1805142760
43761229.5268095583 33070.2021179199
45057041.9360596910 37060.2098999023
44758815.5657573789 36331.9936523438
43914785.8389966562 33490.4749173522
42121555.9950620085 24647.7989374176
42028677.6221845672 23490.2324161232
42374185.6530110091 26463.7055712715
44183063.2123912647 34728.6742172241
42793942.5844286829 28515.5903721154
42179985.4936683998 25212.8485589996
44409401.0562631339 35571.1767883301
44214352.3250991181 34877.4471435547
42043540.6854964495 24147.5943170562
44379827.0348932594 35302.9686584473
44348537.9221854135 35154.1957321167
44203419.6098532379 34813.2774963379
44141922.4405745715 34437.1595134735
44649437.1121888161 36259.9067993164
45003071.3157987893 36990.3350219727
45139534.9750742093 37423.9149169922
44166066.0172982961 34663.7989730835
44195222.3016724586 34737.4243621826
41934910.2279556468 21669.8554864675
41917605.8213297650 21526.2581586838
42452761.0152938589 26651.6101412773
42500238.0379608497 27035.9007440582
42897117.6834303737 29108.7183821872
42509476.2349447384 27201.1314376071
42094169.9275361672 24494.9443599060
42346124.1491233930 26289.2018721774
42375529.8919449821 26471.6580682769
44799526.4350071102 36393.5484619141
42343438.8272628635 26164.8070798236
44375831.8703428879 35233.0937805176
42084960.4149318412 24302.4807026088
41911924.5205202848 21446.0425287038
43420673.6047678217 31319.0788917542
44136491.9959284216 34395.5908432007
42319090.5174376294 26124.7781244293
42167336.6213852391 25059.5238824859
42314458.8715915009 26044.8045247272
42029210.8829450309 23589.1790372767
41957424.5604535043 22357.9720941335
42067403.9442082644 24300.9189935699
44770380.4295398444 36392.2600708008
43715231.0348271951 32935.9085111022
42367463.2570967898 26460.9291365817
42960590.1004275978 29371.1786155999
43979178.7598032728 33970.0693283081
43594224.0927039757 32192.3443965912
42290392.8865280300 25963.5009509102
42192359.8162470311 25253.2444659248
44197355.1300061494 34812.5718994141
42365845.0122057423 26394.3518420234
42897738.4622056186 29168.3674036562
44886690.1267721653 36794.0737915039
42310472.6685447469 25967.3208653033
42587364.7303503454 27543.9954636656
43213176.1883713380 30525.3820145726
42560769.9229768887 27408.1642481387
44336749.7358920127 35052.2825355530
43421633.1529794559 31390.0353507996
44336508.9402976781 35006.9242839813
43950652.4339301288 33873.8613624573
43722921.9897505790 32963.2669610977
41980223.6723006219 23271.3908296600
42158174.6224374697 24647.7994500235
42586559.1386826485 27533.4978046049
42537365.4693379253 27372.8587020114
42273919.7597868890 25720.1367452191
42237019.5550606176 25559.7285028473
41990006.5538385510 23278.2504489738
42004400.3515909761 23431.5751254875
44997138.6478811875 36978.8352966309
42436698.0018575639 26634.6810856909
42166553.8308774829 24691.9463438037
43995286.6190330312 33977.0302810669
42229006.3901962712 25406.4038263336
43539089.9910358489 32167.8658504486
43111067.2961020097 30070.4582831860
42415713.8417218700 26632.1840630100
43105691.5146468058 30069.0951347351
43422954.9333872497 31410.3289880753
43427570.2905368805 31455.7087594606
44627098.1651373282 36104.4955749512
45815708.7637647018 37608.2971496582
43603110.3921228573 32217.4045513868
42513502.2106261104 27219.5340254977
44115745.7631876767 34280.1716804504
42412430.0966712609 26632.0658982359
44373268.8419277295 35227.1155242920
41975700.2376664728 23115.4024104550
43894249.9417932555 33460.5639448166
42474738.3752251416 26883.3830133453
42472622.6821063906 26875.4305163398
42035147.1773391142 23735.8693719879
44340744.9004423916 35122.1574134827
44865609.3973708302 36793.2255859375
44924821.0071371198 36885.1346740723
44605624.7710448802 36035.4689025879
44579256.1326759085 35810.8874244690
43769034.6119297296 33100.3124389648
42161934.5260159448 24681.2417778075
43291116.3196148872 31014.9531440735
44649410.1758132726 36174.5267639160
44047483.2820673287 34061.8771514893
44591901.7169016302 36031.8999633789
43117316.8468361422 30235.7434668317
44890599.7555508390 36834.2750854492
42386048.0889554918 26502.3930407539
42804381.9392141253 28523.0755016974
43323058.4191082343 31184.9580337182
42811136.1128529087 28537.4260094336
43211988.1820789725 30438.8417420089
43216597.5032658428 30549.7368915826
42397422.1398502290 26517.9419729188
44821005.3479591683 36582.2711029053
44829741.3034062237 36625.2538146973
42639981.6545097008 27712.9965718463
43148172.1406664848 30316.5841933265
43694162.0772281140 32685.5424375534
43922763.1995369568 33702.1340980530
43459489.8344650716 31766.4425029829
42994620.9455533996 29489.6412933266
42974086.1707525700 29427.8125274575
42507697.8449364752 27182.6960845664
43161636.6073602736 30339.8817920536
45374926.0853550658 37546.5556640625
44581319.6036343426 35915.8455352783
43361486.3128851503 31257.2501258850
43133424.7060659081 30272.5844794884
43335722.5772741884 31231.0834693909
42629067.1439881250 27625.4931469038
43182171.3821611032 30401.7105579227
43016747.7977409810 29637.8073261529
45601562.1831668541 37606.6042480469
42967508.8346915841 29402.4865386880
45286045.1716871336 37522.4351806641
43525815.7370237857 32100.6702437401
45140484.9965155274 37424.7342834473
43458145.5955310911 31734.9933414534
44817230.7389231697 36558.1561889648
43092245.8258816600 30024.2154072076
42831809.1500380635 28640.4638780132
42565254.3209115416 27428.9404487610
43065441.2183279246 29915.3335407525
42824753.8132861778 28628.7882995307
43713425.3230887428 32833.1838378906
43113095.1948287785 30233.6544907263
42484361.0838326365 26956.7340901569
44099513.1301108450 34168.3909301758
43658828.5426903144 32521.2053532004
43236449.9768283740 30673.9384296685
42661626.2831759453 27862.4107649997
42812551.9766886085 28577.7084307969
43233080.6092466265 30623.0616850853
43484886.2752237618 31959.1837671995
43677922.7316051796 32585.3750004172
43154026.9694515765 30319.1602917169
43449510.1238132864 31669.9547177169
44389438.3210293353 35351.3170623779
44395348.3055565134 35399.4495239258
42523793.2101061046 27272.6223433688
43052253.6126997396 29847.9420514107
43597361.6500759572 32201.5579948425
45550876.6459192783 37548.3308410645
42665137.8427572772 27938.5157214180
43055125.6361395270 29906.0154560357
43026179.9346992522 29638.2882344276
43393179.5910640880 31270.4498176575
43490650.8542034253 32030.7546921968
43422449.9369670600 31407.0815600455
43306022.0562716350 31155.3475732207
45545647.5709746405 37548.1882324219
42656003.3691569716 27825.4533782676
43478976.2906965762 31922.7134934664
43439715.0070679039 31650.9115439653
42671747.4695523977 28021.8922074810
42695435.4954304397 28111.3176988140
43242359.0724597648 30734.0397593379
42702592.2942071483 28146.2109232917
43430282.8701096401 31644.9036645293
43068541.6616015658 29970.7280883491
45487871.3984467685 37547.4826354980
42882254.6386477798 29042.1410876289
42842993.3550191149 28764.6148730293
43033336.7334759608 29693.5687050521
42704399.1263859496 28216.0419360176
42847049.7105221823 28764.6148745786
45119003.1262165159 37383.8587036133
42918520.3324585408 29175.3664294258
43613534.3411954567 32291.5030651093
42585640.6881382614 27470.0459880829
44624723.4744122773 36064.5516967773
42678027.8112766966 28042.6240095571
44636234.6809555963 36159.6704406738
45084883.0038449094 37354.8594055176
42530950.0088828132 27286.1881575063
44583704.4087208435 35956.0468292236
44931110.0875461102 36898.5460510254
42759764.1507495791 28467.4958362654
42942189.8206907660 29276.9379868805
45173846.8057288751 37453.7335815430
43654520.1039341986 32467.0366954803
42848027.1554703191 28788.8405248225
42664296.8266123533 27938.4057055488
42848398.0857730433 28788.9583499204
42726952.1343597397 28323.9731204282
44839058.6058971733 36749.4553527832
44303306.0561301485 34996.0421447754
42737077.5194846466 28373.7918999232
42489935.8143984079 27028.7551928535
42536341.9113317430 27308.2065144554
44277672.6948090494 34931.1669006348
43401957.5407609046 31311.9106946290
42713831.2633442208 28216.0419375668
43682563.6122752354 32635.5652051270
45184924.9124298915 37455.6026916504
43237159.4531460777 30689.4076494025
44393640.4646597505 35357.2953186035
44048179.4635785297 34108.9318695068
45255928.0949234441 37522.4139099121
44496858.7829247415 35688.9235839844
44541974.4226507097 35757.6039123535
43028472.0290015861 29693.2018737495
43271236.4729351476 30963.3057465851
44008298.6300390735 34025.1884765625
43278055.0515810922 30982.5613007843
43296114.3764441535 31081.3344364241
43263574.6777382419 30834.9981269836
44531033.6806227490 35753.7775573730
45166802.8001154959 37453.7123107910
43270393.2563841864 30854.2536811829
44124503.1384430379 34319.5405559540
44759000.4514699653 36344.4106750488
43532067.1868837997 32106.8797397614
44519996.8131624907 35689.7717895508
43867875.5900032446 33274.4602279663
43809730.3232226819 33161.2141265869
43860293.6865795329 33274.4046478271
43829833.2160526365 33166.4128704071
43837025.1557407379 33185.6684246063
44327482.1568787619 34999.8684997559
45371378.8407974988 37543.7716979980
43871795.0342925116 33307.8089752197
44098713.4103113785 34131.5498809814
43698297.4263933003 32702.1258316040
43686676.6374125928 32637.2505874634
43302932.9550900906 31100.5899906233
43638412.2447044402 32427.0635356903
44159543.6455198303 34551.7338714600
43942195.9174978957 33750.0124492645
45354920.6287842691 37523.2833862305
43886715.2715494260 33350.3139495850
44270572.7258765325 34887.3966674805
43148058.5185287967 30296.8567688635
44297826.6610782892 34933.7416076660
45639615.6071114168 37607.4524536133
45598096.2993063033 37549.0364379883
45714378.3038660139 37608.1580505371
42918767.0811994225 29206.5273401737
42939406.7205607891 29231.7114832401
44291287.4886720553 34933.0360107422
44086835.5014295056 34110.8449859619
44082708.5023895949 34109.6374664307
45484072.0565632284 37547.4613647461
