117625222.2034586072 6395.4087899886
117423387.2590978444 6319.1502313041
115751695.3224938065 5718.3141007572
115944558.4202873707 5799.4583172947
116801874.2598948181 6117.7155903727
116003411.9835999161 5810.2245070876
115674073.8580164611 5695.5630936772
119808448.4628710300 7029.2706222534
122550559.8378212303 7582.0001564026
116543267.6540272236 6029.1400039262
120677882.7798631340 7254.9564552307
117722708.9311504811 6411.5300058089
118070779.9749435782 6522.5470209122
117428881.8404515982 6338.3546792418
118437138.5738338679 6639.0990681648
112812734.7658770978 4489.2357530743
115638810.4734106660 5689.7049124839
120846135.4687847495 7295.3976860046
122312539.9672499895 7565.0531578064
121976145.2114055604 7491.9615592957
116387657.7662109733 5933.1228759355
121975998.0037030727 7489.7420310974
118425426.3822699934 6622.1520695686
111031959.0780544430 3156.0084005603
113243541.6557174921 4668.5303850323
122146129.1843319982 7502.8521461487
112164968.3458069563 4094.3071223259
112799179.3175529838 4480.0098750740
118733250.9957463145 6699.9176850319
112743743.4344356656 4457.6333799511
116536398.5322274417 6011.0074450597
118193632.2780211717 6556.5400781631
113068554.4060038924 4589.8105496019
116592768.4002654254 6034.3134429521
117316686.6768736541 6291.1515561491
118184929.1356968880 6548.2264828682
113187567.8955759853 4653.8026609570
118341446.2250064909 6606.3304982185
113001494.4449351281 4575.9448900372
118491368.0671669692 6654.9813618660
117469922.4665340632 6350.7918089591
116283863.5290276259 5919.6799233558
112934985.1875076294 4505.7059203237
124134411.5194057226 7722.0785713196
116021619.7032525539 5810.4738939333
124119500.4387605637 7708.8588981628
116472685.8296767175 6005.7833326388
118525230.7728309482 6663.4741401672
111077632.8144994676 3249.8961838018
121406176.9379464388 7406.7287979126
120122533.0502233505 7099.2139701843
112879795.3021379858 4505.2275667340
112936250.6969313174 4518.7526958138
121145671.8971845210 7339.2623996735
112303295.9559197724 4163.8088902403
113050995.1911733150 4581.1183290631
111407239.2556676418 3599.0616337731
117628343.2108856142 6399.3153953552
115293315.8615675271 5512.3654661309
116229386.7871605009 5904.3116643107
120060908.0919746011 7088.1929130554
117756615.2126725614 6444.0596536361
113790945.7126094997 4896.6399807088
112547553.5192070156 4320.9724020001
111378352.6758715659 3517.3279339723
116355527.2279092222 5921.5435488153
117969467.1973796338 6507.2098307610
117903627.3678915203 6463.3594813347
121894847.4922121167 7473.9548015594
116723446.3760519326 6089.1132985955
116682413.3564751744 6065.6693596132
121552444.4416111112 7424.9489898682
121491256.9939208925 7407.3714218140
122976179.7292403281 7619.5117607117
112735116.4656061679 4386.5415446907
117959608.5606629252 6496.4362157546
112478726.1624628752 4288.1017026305
114253760.7005969137 5109.2883352842
112699556.3607681245 4383.0738895088
115186953.0190679431 5494.0390178628
112549223.6780254990 4335.2640065551
125622080.1105255634 7785.1705131531
112415125.6808535010 4263.2367558628
112309028.5448207855 4165.4335246682
112237801.2982938141 4147.1253411435
125204351.8416967690 7773.7118721008
122845757.0234573632 7597.8824501038
118895421.6771735251 6758.1395902634
111521378.5454525203 3604.6268753535
117001197.9997825772 6218.6101290137
117439111.4366524518 6345.6478411108
116778407.5062653124 6097.0541959620
111618430.7702940702 3711.5630832807
119887712.4486956000 7049.1821689606
119300751.1289716959 6878.1814861298
119856869.8387551755 7045.1529159546
111565211.2888266891 3676.6812552787
112407707.6171903014 4256.4252324253
117911211.1168075949 6490.7241067290
117841035.5114659369 6453.5953429900
121209603.3191382140 7345.7655258179
111288618.3465481400 3488.6526628188
112344067.8999832571 4247.2449422032
111723182.6961430311 3788.0199932866
123460589.2797299623 7681.8466987610
112280262.4040397257 4158.9549174905
112870237.0984232426 4496.0016887337
112315450.0389609188 4169.6898007542
116836705.3540454060 6137.7160947389
112099661.1176574528 4060.5481628753
111047597.9158554524 3246.6647701990
117551382.3838190883 6365.4590567313
111111708.6921326071 3366.0115323737
117327797.3192790449 6293.9073006734
121232072.2477182895 7360.0096244812
117250267.9178516418 6261.1740137488
117323954.9162537903 6293.0880228430
122163964.8941157013 7534.2350044250
117183752.4880340099 6247.1762387819
112188629.8981976211 4122.0851959563
112690957.2329326123 4366.1874512619
117247468.3279730380 6260.4031601509
117251127.9631855935 6269.6867762953
112950035.9106589258 4525.3207160830
119143906.3294341564 6846.4497275352
122038503.9031904489 7501.4810676575
111612403.4067490101 3693.7754526809
116900287.3878485411 6163.9729219824
116953342.9515709877 6186.6961199194
119810525.0434523374 7042.0274353027
112609345.6198062003 4345.3620041794
121098843.0855468065 7321.9106884003
122009458.7851440758 7496.0667266846
121909308.3698352277 7480.6948356628
121796547.6324549317 7463.6918106079
119865367.1553514600 7047.2008743286
120059394.3654256910 7087.2488632202
112524948.9138410389 4318.2643403000
124895426.1712952256 7744.5775718689
119069294.7155807614 6809.7722890377
114431571.4950384200 5163.8914754941
115425655.7950875759 5588.2195328852
122252396.6237870604 7534.8095474243
119236159.1204339713 6865.6534924507
111916143.5789354146 3938.7449172116
123239683.8051902205 7657.0005302429
111748946.9108002037 3846.0697288252
119785878.6973386854 7027.7516994476
123374019.7884458750 7670.1160774231
111791858.7095703483 3852.3761071898
111841879.9128162861 3910.3084449507
111210152.2037178278 3386.5187119432
120559484.8185397387 7233.3271446228
111905519.6300233305 3919.4887351729
123085589.7882983834 7636.6252708435
112128410.2744732052 4073.8577605523
124919683.4724089652 7763.5412025452
123685776.0320820510 7703.4760093689
124696114.1839958429 7740.7901954651
120772570.7921068072 7274.2338199615
115103267.9173287749 5452.1149203620
123109186.5354793668 7643.1038780212
118396169.3561636209 6618.7372233421
119141702.2218831778 6841.4935090095
120512416.0725682676 7222.0882835388
119346023.4930026531 6889.7476501465
113449415.1374008954 4760.1747758221
113617667.8263225108 4824.9432695154
118914499.1072372347 6766.9223918915
120367927.3614574075 7167.4510765076
113399422.1210854799 4735.1245243791
113305287.4978554100 4692.1736284178
111518642.1037959158 3603.4264674820
120319385.8877814114 7165.8598232269
113650864.6295029968 4827.8299682699
123249444.7182751745 7664.7331886292
111111583.8788200468 3294.4293487258
111820974.9944671243 3892.1906330027
113398460.4729124010 4728.6653601006
113307236.2461451888 4693.5748222992
111695085.6107643992 3782.7304889597
113496619.9795749038 4801.3511522058
113250489.3771819025 4681.6954878494
118109931.2633158565 6526.4534558058
119375454.6688523889 6890.2258529663
111996363.8483976126 4018.7439962253
113545690.2936199754 4802.4728486780
111960217.4835780114 3989.5049924478
118770925.8487606943 6700.6393297911
111545101.1203200221 3662.0592120290
120676589.3265606314 7252.7501697540
120901298.8708806783 7308.9786300659
113495050.5061035752 4779.7218415979
113326797.8171819597 4714.9533479046
111278991.0388052016 3464.1952068247
119653241.2507181168 6970.6830844879
113147156.0703607500 4618.7542345356
111655489.7726533413 3765.1709798016
118781056.0070296824 6702.9515089989
112044003.6947078258 4018.8515308500
124812582.1094560027 7744.4972190857
116033112.6781992167 5817.2198329717
111532890.8790658116 3641.1682855450
120172611.5040173531 7126.0318584442
119506475.2050042152 6944.3848571777
111222605.8450143188 3423.2490001358
111406433.4465432465 3529.4677959122
119047961.0219469666 6799.8062777519
118949681.8008905202 6781.7828159332
120148129.0331034660 7119.5261898041
120441591.5474159271 7183.7665271759
114502657.9919316918 5232.0317597606
120216899.7069571614 7144.2305126190
120797637.1733081937 7276.3422870636
120178133.3946353644 7132.0001916885
114692954.4925342202 5272.9737740867
120558140.1448456347 7231.1208591461
114799575.3419168741 5334.9876651981
115997806.1912021190 5805.2568798587
114109810.1424202472 5032.4030923725
114447158.1614653766 5203.9567180009
115187006.7584114075 5502.4238206819
114133149.7775873542 5058.0146531941
114328996.4356078207 5148.9143085213
122798816.9969700277 7587.5752067566
115105699.3328512609 5477.1929972321
114722896.9956717342 5318.0258330442
122861377.6144062728 7599.5673027039
114714033.0947988182 5296.3965224363
121872963.0471950173 7473.2674636841
121259330.2010442913 7364.1302337646
121637143.7783783227 7456.7157287598
119920456.7933080196 7056.6062345505
113883257.4813253433 4940.3034671444
114134145.3786209673 5062.4658359188
119678072.8038649559 7002.6994686127
113804230.7713262588 4898.3233874935
119392053.7933278829 6922.7299146652
114403580.3836068064 5161.5929746408
120315428.8215678632 7151.3396997452
121532241.0001507998 7423.2622680664
114196254.4289289415 5083.3056205857
114230207.0350309610 5097.9528869431
114658275.6322626919 5271.6081140015
119993321.6805360019 7080.2219629288
119594660.0143918842 6969.7158880234
113701139.7247098237 4850.9690555233
121313572.6211911291 7378.8579578400
119388669.1094461977 6912.6589918137
113935863.8717863560 4949.0120654228
113687374.7188093215 4842.3441003460
113864735.5007914305 4937.6781924862
119119386.7183609307 6821.8009862900
121047992.2194806486 7318.2955570221
114530056.3879375905 5234.6635318592
114014141.5387484580 5007.7835315365
118045087.8149829656 6511.2792038918
119954554.8769728541 7067.8146104813
113839380.7879368514 4912.4494393963
119319381.8059763461 6885.4214982986
118860833.4515542537 6756.8121552467
119686942.3803121895 7005.7440690994
119177606.3002343774 6862.6704912186
119997059.7650298774 7083.6018400192
119576359.4660375565 6955.6484365463
119481156.4947637171 6929.4375524521
115348905.8718411773 5553.3008122724
118581472.6609315723 6687.2428789139
115071108.2821485847 5442.1868446648
114224437.3079569638 5087.6577691318
115056820.2519835681 5440.2638211926
124444894.3566827625 7736.5563621521
118816725.8599797040 6730.9868402481
118782015.6732811183 6727.2323312759
118300580.7536171079 6600.5858049393
115601896.8099002242 5657.1246271518
115358364.9653373361 5579.9640606673
115454960.8727197349 5607.7855995291
117585154.0460156202 6373.9646822512
116634783.7513837516 6061.9692215078
116416997.8552267700 5973.1326700874
115886686.5422030389 5761.2549912162
115483112.4895777851 5614.8517187673
114921298.7501381040 5396.6570840557
115877925.4844175726 5756.8566088458
116238780.9833561182 5909.1249600257
116409368.0350850374 5954.2613512703
115524310.5648135543 5619.0370321805
115130050.3873202503 5478.4664011975
116401107.3468514085 5952.5204343051
116084115.7805173546 5844.8012072273
115124939.1368837357 5477.6630135286
115706643.2965036929 5711.8308609505
116157535.5026165992 5867.5522143074
114822149.1106968522 5345.9278745960
116081327.1763789952 5828.5294366308
114574607.4470728785 5249.3270581078
116049816.0244540423 5822.3363050589
114292047.0865815282 5131.4388785671
115738645.0268827081 5712.6654925205
