256555633.3984296918 1019508.8229064941
262663814.1743171811 1284230.0146484375
256534894.2941381931 1011864.1159362793
252834802.0342932045 726709.1393165588
256248893.8114763498 1006655.7419128418
256119684.4566389322 1001007.5949401855
286162648.6369791627 1640042.4785156250
260166616.4310953319 1189897.8422851562
258726825.5955844223 1130654.9681396484
258428241.1451286674 1113352.7025146484
258496145.8511653244 1128113.7087402344
258116664.7036628127 1100595.3774108887
255466411.7059595585 969925.2679901123
256387639.4182554781 1010853.8765106201
258823387.6879135966 1138202.9104003906
258708237.5826787651 1130097.4437255859
258231668.9465181828 1108946.9754638672
262888394.8203090131 1287123.3247070312
258900262.3054837584 1144073.5888671875
255691825.3931052685 981446.0060272217
254909521.6802760959 911775.3640136719
253160514.9537602365 758345.2598419189
253040562.7373394668 745607.5001983643
252849892.8542104661 728646.7329444885
255529762.7240345776 971870.8310394287
255979797.6828642786 997519.9526977539
255923945.9186450839 996360.0745239258
259427149.0064139664 1158738.5011596680
252951344.6242246628 744210.3952465057
255101168.1045196950 939257.5014343262
252887330.8489637375 736082.4362182617
255920932.5017878413 992766.9718475342
255236692.6878225207 946547.8174743652
263356699.6338480115 1306384.6982421875
255376638.8133378625 963377.8527526855
255005856.9878871143 932814.5250854492
259313943.4476879239 1151155.9939575195
253919098.6909729242 840361.5285644531
259133458.0774803758 1150754.5482177734
256101366.6968880892 999832.0852050781
262766264.1047959626 1286194.8643798828
253967544.9911315143 844599.5233078003
255289413.0199509859 956202.4269714355
253910647.5870878696 840206.3605880737
258049988.0732496679 1092763.6857299805
257059192.3364212513 1043459.4738159180
258026336.6818294823 1092174.0800170898
256880463.3337364793 1036874.9591674805
255728740.3225838840 984200.1209716797
260359166.3781141341 1200478.2189941406
258110079.5861308873 1099024.5162963867
260904412.3082220554 1214956.8441162109
255421935.7019137442 967142.5382995605
253098534.6461081207 756830.2782554626
256704696.2935831845 1025634.4158935547
253040890.7317664623 751869.1096801758
256651038.7934692204 1024441.6999511719
254200643.3891107738 862597.2144699097
257006415.7548950016 1037037.5264282227
256306527.0465795100 1008772.8717041016
255895530.8962718248 992590.0077819824
257258167.3002116680 1047957.0948486328
259242694.1949371994 1150881.0621337891
259766426.4475128353 1174602.1356201172
257344894.3722340167 1056927.5928955078
257055601.8578041494 1039553.7166900635
257122467.6093111038 1046103.8143615723
256802696.3534469604 1027083.2052917480
252888413.5563446879 737867.4738159180
257066977.1321054399 1044100.5172271729
268165200.9138749540 1446554.3820800781
259381447.1726121306 1152168.3220825195
269346831.2865657210 1475717.7407226562
268055284.6483218670 1446038.9650878906
267710525.2122023106 1437745.9309082031
269669733.6273672581 1483687.8239746094
254205080.9762943387 876757.4638252258
254122995.3929487467 859236.7809371948
269078445.7640151381 1473143.8361816406
254533576.7798848152 892048.3733711243
255855970.7536518276 987302.5657653809
255610257.7813191712 978049.8318786621
264302165.8331864774 1341671.7163085938
254479995.4534662366 888683.9023475647
254821532.1410734057 911354.5112609863
254388072.0356801450 888632.7317085266
254290371.9004997015 880100.8321723938
264413009.3571144342 1350203.1141357422
268940109.9100346565 1470436.1452636719
268490878.4808464050 1454924.7131347656
268659601.8674229980 1464377.0793457031
253856246.3491074145 834649.0280456543
253843125.1555508375 819740.2226257324
264945324.1230550706 1364222.5888671875
264785671.0437830091 1363396.2949218750
268738868.4477124214 1464993.3127441406
253656641.6795487106 811146.1913299561
266897738.7738188207 1411057.1967773438
253397034.8267006874 779576.6936187744
254175335.8687114120 860099.5409317017
254514698.3775476515 890732.4241981506
267899545.4936699867 1444150.3994140625
265016869.2461681664 1364317.8784179688
265076621.6006930470 1370220.4616699219
265115587.1425442100 1370666.2534179688
265442171.5258369446 1378932.6638183594
265765984.4652378559 1384617.4182128906
267612806.5390938520 1437374.5673828125
267985639.6805191636 1445551.5732421875
265293412.2975979745 1375303.3132324219
254111227.6087859571 854207.4606094360
254071406.1608331203 852465.2222061157
265417939.7928689122 1377641.6345214844
266457993.3254118264 1402196.2446289062
254902737.8816786408 911527.3847198486
266386282.1346401274 1399333.2211914062
264001626.4509243369 1338029.0161132812
264609993.3767251372 1354684.9587402344
254626175.7006570995 894509.7889442444
271957478.2579814792 1520602.6826171875
285618075.3446070552 1639986.4541015625
271552456.2768651843 1513626.4653320312
253239133.8415954113 762169.9765701294
264356474.4722861946 1346323.4675292969
253245999.7577789724 768095.2180252075
259389756.3996292055 1154509.9210205078
268166218.8508218825 1447942.9565429688
269776955.5058459640 1485467.1333007812
270015637.1283354163 1489973.0117187500
254966589.7844353020 930884.9518737793
254911157.5392994583 913261.6642150879
272014871.1633269191 1523767.6914062500
269989133.9746253490 1486771.2858886719
253277653.0702245533 771241.2556228638
271742253.6229406595 1519467.2368164062
253294788.2621943653 773365.9183425903
269529818.5307368040 1479273.3649902344
253540246.8709842265 793633.7258529663
255191629.7252398431 943154.0626678467
253501603.3085252047 790612.2389755249
253493261.2972460389 790476.2062606812
254676750.7991781533 908174.2327423096
267232909.7608805001 1426715.5798339844
254918584.6440817416 918136.3601989746
267198322.0626265407 1420887.4167480469
267544340.1943090260 1430263.1477050781
267328228.9912160933 1427855.2170410156
256841581.2849068344 1027314.0629272461
263885632.3180093467 1327596.4450683594
264115168.8677030206 1341285.2551269531
263990121.3136382103 1337956.8974609375
285098170.0958291292 1636303.9365234375
263926659.3749769628 1332452.4262695312
263549171.7854524851 1322913.0546875000
263905066.7861769497 1327964.3254394531
263741218.6431831717 1326123.9680175781
285104883.8579225540 1638324.0048828125
261199363.0590700507 1238514.6043701172
260630538.6584424078 1210375.7800292969
260534933.7511580586 1205731.0783691406
261861510.1374291182 1260567.2489013672
261656878.3483821750 1258082.4063720703
261594976.0969859958 1251861.8297119141
260474393.7378957570 1202150.7526855469
261108756.3988184929 1232047.5247802734
261319113.5334003568 1242132.4615478516
261538146.7200074196 1250739.1231689453
285414795.6471957564 1638748.8964843750
284592527.5370798111 1635306.8369140625
285089888.0380642414 1635918.7412109375
285070602.7622639537 1635676.9169921875
263472665.1941172183 1316330.7772216797
262491057.3580983579 1284148.8160400391
260127291.7301310897 1187514.4530029297
260695221.1151210368 1211971.8748779297
259919532.8116737306 1179723.9114990234
260066216.9466058612 1183797.4227294922
259649068.2289706767 1166365.0284423828
262106482.6358932257 1271012.9908447266
262313143.6777617633 1276136.3929443359
262312394.7309334576 1275112.7745361328
261880037.2229412794 1263980.0528564453
262175183.8244455457 1274867.4290771484
262442863.3238884211 1283696.9630126953
275434242.0579005480 1575495.2812500000
259466586.4738329649 1159044.1887207031
261014653.9504671097 1224066.7589111328
263095204.5089882314 1302278.2864990234
262926811.2388142347 1297633.5848388672
275542480.6372199059 1576072.5849609375
261404480.5734232068 1244074.3126220703
275984023.5294533968 1579997.9492187500
280655214.5396550894 1619459.2949218750
281298133.7298879027 1623964.4667968750
257499101.7367723584 1065271.6085815430
258774515.1556364894 1131184.2451171875
258269357.9717660248 1109103.9824829102
261037019.9450556040 1225338.6790161133
257697558.2408767045 1077781.7469482422
257721409.5104636848 1079648.0192871094
268535305.1164685488 1460159.3774414062
258095718.2927654088 1096566.4879760742
257944982.8651475310 1090342.7875366211
257806855.6109893918 1084741.9193725586
268743823.5805938244 1466726.9433593750
258358143.8848497570 1110693.5719604492
257622807.5475466549 1070927.4315795898
257548027.8131635785 1067806.3173217773
266639342.5967278779 1409540.5139160156
271555152.0502417684 1519417.1123046875
274756157.5336766243 1567972.9091796875
274428483.3157114983 1565581.4501953125
284356474.4952429533 1633199.9785156250
274202955.1292143464 1563538.2944335938
270831705.0690485835 1505648.4418945312
273604218.6194531322 1554584.5024414062
284177462.0623824596 1633073.8242187500
270827544.3762867451 1504676.6362304688
270673119.5031767488 1501900.5825195312
270490326.5200641155 1499228.0576171875
273985421.0754521489 1562486.1669921875
272351335.7303956151 1533465.6899414062
274422075.5025559068 1564940.0493164062
273948038.1202814579 1560180.8417968750
272898223.7673902512 1541138.5551757812
270910737.4363458753 1506570.0429687500
266922403.1506721675 1419448.4450683594
272778028.8160329461 1540932.0092773438
283454365.6798958182 1632691.1445312500
270494487.2128259540 1500199.8632812500
272945007.4266542196 1544259.2397460938
271091345.2394561172 1511145.5283203125
272591485.8628005385 1540358.3540039062
272552129.0261834860 1538890.3081054688
272290060.1694123149 1531357.8862304688
282469212.2589068413 1629894.3691406250
276399533.0892158151 1585260.9580078125
266909572.3696942925 1415267.1806640625
278847648.0261459947 1604544.2446289062
277016661.0452988744 1589129.3325195312
283344556.8003736734 1632536.2480468750
276770248.3906928301 1586478.0834960938
279311468.0024111867 1607158.8637695312
277941113.1513078213 1595960.6611328125
282276410.3789690137 1627207.7597656250
282191987.1023746133 1627146.6269531250
277346486.1867485642 1592200.6162109375
274883653.0753600597 1569184.1401367188
282873579.7300315499 1631409.0585937500
273686145.6687169075 1559378.3295898438
273661382.9558343291 1556385.0512695312
276380248.7966235876 1583055.1909179688
276145248.9215597510 1582083.3852539062
281953532.8909742832 1624417.3066406250
282293025.8743531108 1627935.9843750000
276506220.8914068341 1585453.3061523438
281980370.1888065934 1626591.9179687500
281188701.1838668585 1621239.2695312500
276824692.4487652183 1588716.8212890625
266061345.3684482872 1396676.1396484375
266217389.3869563937 1397223.6179199219
281158618.7012858987 1621018.0849609375
280462602.8230254650 1616698.8457031250
265888429.6943108737 1388819.2321777344
278332544.8307907581 1598668.7485351562
281059389.7376424670 1620762.7197265625
278326797.7825892568 1598153.7744140625
278941307.0359730124 1605676.7368164062
277744953.7360199094 1594695.8691406250
280567209.8825770617 1618232.9150390625
279354435.6203964353 1607957.7500000000
272037627.4199411273 1526634.3964843750
279051085.7184469104 1607020.8032226562
277313962.6624655128 1590447.6005859375
280470388.6028102636 1617479.4707031250
272101802.5415792465 1528982.9335937500
265825335.4571803510 1385555.0793457031
272053056.0192621350 1527623.3750000000
279033256.2223092318 1606137.1694335938
265753852.8398074210 1383851.8525390625
261002409.0567874610 1220652.3875732422
270285471.9701237082 1494199.7687988281
278401728.0446047187 1600267.2543945312
265953510.7702505589 1391878.8383789062
266505736.6552296281 1407596.7519531250
279925901.7114229202 1615602.7412109375
265685761.9214269817 1383695.1677246094
267555655.9624357522 1430429.6345214844
260031834.1287398338 1181886.3168334961
280288589.6126725674 1616592.7587890625
279698533.4177483320 1615015.9804687500
279511116.4331387281 1611388.2900390625
278474136.6683329344 1604414.3120117188
274763351.5465116501 1568045.8579101562
275198233.3895355463 1574006.3535156250
275633759.8498227596 1576190.9291992188
277754173.3711761832 1595946.7573242188
277116007.3865975738 1590262.8281250000
275857870.2976859808 1578786.6279296875
273300518.6333057880 1548111.8588867188
